Link,Node_Start,Longitude_Start,Latitude_Start,Node_End,Longitude_End,Latitude_End,Length,,Data1,Data2,Data3,Data4,Data5,Data6,Data7,Data8,Data9,Data10,Data11,Data12,Data13,Data14,Data15,Data16,Data17,Data18,Data19,Data20,Data21,Data22,Data23,Data24,Data25,Data26,Data27,Data28,Data29,Data30,Data31,Data32,Data33,Data34,Data35,Data36,Data37,Data38,Data39,Data40,Data41,Data42,Data43,Data44,Data45,Data46,Data47,Data48,Data49,Data50
0,0,103.9460064,30.75066046,16,103.9525507,30.75675243,921.0410139,,78.79940548,74.65097898,83.43602542,78.79940548,81.05145912,79.90956831,80.47646332,80.19201394,80.26293761,80.2984465,80.28068814,80.28956633,80.28512698,80.28623678,80.28679169,80.28651424,80.28679169,91.07262748,105.2061655,123.9145805,83.73100126,301.8890122,362.3767924,329.3789055,345.0908222,337.0518577,341.0239709,339.0262801,340.0221913,339.5235054,339.7726654,339.6480397,339.7103411,339.6791876,339.6947636,339.6869754,339.6908695,339.6889224,339.6898959,339.6894092,339.6896526,339.6895917,339.6895613,339.6895765,339.6895689,339.6895727,339.6895717,339.6895713,339.6895715,339.6895714
1,0,103.9460064,30.75066046,48,103.9564943,30.7450801,1179.207157,,173.9813838,173.9813838,173.9813838,170.0183535,205.5760661,406.8829808,406.8829808,406.8829808,406.8829808,406.8829808,406.8829808,406.8829808,406.8829808,406.8829808,406.8829808,406.8829808,406.8829808,406.8829808,406.8829808,406.8829808,406.8829808,350.838493,350.838493,350.838493,137.3833581,197.4486402,162.0284643,177.9935331,169.6361944,173.7144047,171.6510797,172.6765787,172.1623021,172.4190569,172.2905838,172.3547964,172.3226842,172.3387388,172.3387388,172.3387388,175.4192465,174.6388412,174.2512366,174.4448236,174.3479764,174.3963865,174.3842815,174.3782296,174.3812555,174.380499
2,0,103.9460064,30.75066046,64,103.9412759,30.75449343,620.9053755,,35.49439225,29.63224947,30.58019498,30.0987603,30.33756776,53.86978405,31.84680664,30.24757221,117.4391954,117.4391954,117.4391954,117.4391954,117.4391954,117.4391954,117.4391954,117.4391954,117.4391954,117.4391954,117.4391954,117.4391954,117.4391954,117.4391954,117.4391954,117.4391954,117.4391954,117.4391954,117.4391954,117.4391954,117.4391954,51.91034259,71.99675816,60.3254593,65.64638331,62.87354606,62.87354606,62.87354606,39.70265279,48.67106789,43.73179027,46.06941767,44.87017842,45.16409659,45.3125044,45.23817878,45.27531108,45.25673732,45.26137933,45.26370069,45.26137933,41.08932632
3,1,104.0625393,30.7390774,311,104.0600238,30.74269338,467.5522935,,51.16073728,51.16073728,87.66605503,80.89010446,74.05139712,87.21182677,80.82536646,99.01107392,92.1453425,50.69844146,87.66605503,97.10701482,94.35683072,81.57616754,73.90508262,48.20586892,91.421015,96.92062896,101.7032179,72.97058915,74.89157983,91.66443875,42.93847593,88.73936954,100.090481,95.56782152,97.34934606,104.3298506,99.01107392,99.01107392,102.7378387,99.41387678,98.8165591,99.99776296,99.03828743,100.7494966,45.78027896,60.72837967,82.69840764,104.4647483,110.2123995,110.2123995,66.13706313,107.8966831,107.0872371,108.8092384,62.80553196,174.4236535,102.3776411,64.48997152
4,1,104.0625393,30.7390774,1288,104.0620712,30.73250066,730.2875808,,129.8289033,129.8289033,128.2456239,129.0324069,130.3115386,128.2456239,122.5657478,120.69022,265.5591203,265.5591203,265.5591203,265.5591203,265.5591203,101.3115719,101.3115719,101.3115719,101.3115719,101.3115719,101.3115719,101.3115719,101.3115719,101.3115719,101.3115719,101.3115719,101.3115719,101.3115719,100.5367224,100.9226599,100.7293215,100.825898,100.7775866,100.7775866,100.7775866,89.88154841,101.2465452,95.22615,98.14410792,96.66311294,98.14410792,103.8944762,139.8423027,123.364534,116.5008253,119.8344777,119.8344777,119.8344777,115.210311,95.42777825,110.9297591,122.3620148
5,2,104.0732399,30.76099259,18,104.0730086,30.74887448,1343.253385,,92.2845837,93.7759312,81.96122349,81.96122349,81.96122349,81.96122349,104.5842052,90.05050626,90.05050626,90.05050626,86.04470082,88.0020416,87.01236502,87.25769141,87.50440508,87.50440508,95.41657826,87.50440508,87.50440508,78.86188459,75.15069203,76.96157459,76.96157459,81.08657932,85.67881265,140.1655706,85.67881265,81.47788013,92.00073918,99.32993193,167.3256812,99.32993193,99.32993193,79.46938679,98.42019375,98.42019375,98.42019375,98.42019375,92.10880354,94.04341085,94.04341085,110.2533558,110.2533558,110.2533558,199.0005015,84.94883067,83.05216292,83.98979046,83.51834518,83.98979046
6,2,104.0732399,30.76099259,34,104.1146272,30.76027681,3962.074577,,471.7795528,471.7795528,471.7795528,444.6086359,420.3969656,337.7967668,374.5974932,355.2466075,359.8944472,362.2642745,361.0754724,361.6688966,361.3719409,361.6688966,512.1532667,423.9533275,463.8981991,443.0271936,453.2225449,364.9005718,255.0083757,310.1980096,251.941154,562.6614784,348.0410609,430.0620442,384.7285768,406.1341746,395.1416924,406.1341746,406.1341746,460.8552012,460.8552012,511.2354293,484.7397953,497.6351846,491.1028527,494.3474399,492.7198049,493.5322805,492.7198049,451.852222,322.8855343,376.6346611,347.6951332,376.6346611,557.1667374,449.4495417,497.5447745,484.5811159
7,2,104.0732399,30.76099259,49,104.0507089,30.76141245,2157.007237,,205.4292607,205.4292607,205.4292607,205.4292607,205.4292607,205.4292607,205.4292607,205.4292607,205.4292607,205.4292607,205.4292607,205.4292607,205.4292607,205.4292607,205.4292607,205.4292607,205.4292607,205.4292607,205.4292607,205.4292607,205.4292607,205.4292607,205.4292607,205.4292607,205.4292607,205.4292607,205.4292607,205.4292607,205.4292607,230.0807719,217.057332,223.3793902,220.1729875,221.7645995,220.9659274,221.3645431,221.1650556,221.2647544,221.2148938,221.2398213,221.2273568,221.2304728,221.2320308,221.2312518,221.2316413,221.2314466,221.2314953,221.2315196,221.2315075,221.2315105
8,2,104.0732399,30.76099259,66,104.0737873,30.78668402,2847.913944,,271.2298994,224.8969608,224.8969608,224.8969608,216.6972829,154.5601538,180.4287917,166.4956541,166.4956541,169.7732265,141.64811,222.1416433,172.9897208,183.1191334,188.6421023,185.8395926,188.6421023,188.6421023,192.9232027,191.8348135,191.2952111,191.5646323,191.4298269,191.4972059,191.4635105,191.4803567,191.4719332,191.4761448,191.474039,191.474039,191.474039,187.0892372,373.3608958,249.2703671,298.9499985,271.8592031,298.9499985,298.9499985,360.8216762,326.9847545,343.0709046,338.902789,336.856482,336.856482,286.739706,249.6041436,226.9924029,197.9245212,176.5387895,119.7161396
9,3,104.1508278,30.73841386,19,104.1588451,30.73807002,768.4620807,,56.18943644,61.24107491,87.37350148,100.7513259,94.17748053,37.49018846,59.2932721,65.21073382,91.75666635,75.6590318,43.6264694,69.60933481,36.02508038,46.705942,91.75666635,91.75666635,91.75666635,91.75666635,91.75666635,91.75666635,91.75666635,100.0830928,91.75666635,91.75666635,91.75666635,49.7565376,91.75666635,91.75666635,91.75666635,102.4299966,46.80767207,91.75666635,77.38359414,35.665623,91.75666635,91.75666635,110.0714917,53.22396629,110.0714917,110.0714917,110.0714917,117.6912019,110.0714917,110.0714917,117.7491708,126.555887,65.16189422,110.0714917,110.0714917,110.0714917
10,3,104.1508278,30.73841386,51,104.1374701,30.77433248,4181.143453,,330.6340787,330.6340787,475.3925442,548.1802646,417.5344364,215.2865282,339.2026238,331.9328274,331.0279432,350.2140488,237.3682859,305.097584,236.6684973,254.123461,267.4105742,276.8971164,297.4162131,273.1813038,302.0598633,255.3344052,338.2498074,255.3273314,255.9883747,255.3255631,255.3246789,265.1526278,255.3248999,255.3250105,281.1144161,255.3249828,254.6769666,255.3249759,261.9910985,194.0539291,283.2658241,255.3249738,929.1429896,929.1429896,929.1429896,929.1429896,929.1429896,929.1429896,929.1429896,929.1429896,929.1429896,929.1429896,929.1429896,929.1429896,929.1429896,929.1429896
11,3,104.1508278,30.73841386,127,104.1462028,30.72511547,1538.935186,,170.4535549,227.2422752,136.3733334,171.9658563,79.23957096,79.23957096,79.23957096,79.23957096,79.23957096,79.23957096,57.30712873,66.51193041,61.56738363,62.73329366,63.3329662,63.03170367,63.18197582,63.10675028,63.14434065,63.13493886,63.13023902,63.13258885,63.13141391,63.13200137,63.13170764,63.13185451,63.13178108,63.13181779,63.13179944,63.13180862,63.13180403,63.13180632,63.13180517,63.13180574,63.13180546,63.1318056,63.13180553,63.1318056,63.1318056,93.64717156,75.41974233,79.27736711,81.35804793,80.30423218,80.82770534,80.56511845,80.63060509,80.66338835,80.64699339,80.6510915
12,3,104.1508278,30.73841386,742,104.129349,30.7231598,2662.134322,,203.8358786,203.8358786,422.188703,422.188703,422.188703,341.4614094,579.2203613,461.2622189,317.8667847,317.8667847,317.8667847,317.8667847,317.8667847,317.8667847,317.8667847,317.8667847,317.8667847,317.8667847,317.8667847,317.8667847,317.8667847,317.8667847,317.8667847,317.8667847,317.8667847,317.8667847,317.8667847,317.8667847,317.8667847,317.8667847,317.8667847,317.8667847,317.8667847,317.8667847,317.8667847,317.8667847,317.8667847,365.7894488,340.1484848,352.5033033,346.2157077,347.766484,348.5470935,348.1563511,348.3516127,348.2539546,348.278364,348.2905701,348.2844669,348.2859926
13,4,103.9812278,30.70951601,408,103.9804376,30.7055703,443.815225,,87.07001689,87.07001689,74.8353541,73.7699797,72.73451334,74.8353541,72.73451334,72.02410865,73.87149055,74.35029864,73.7983746,73.7983746,73.7983746,73.7983746,73.7983746,73.7983746,73.7983746,102.0916812,85.66942681,89.25892793,91.16889073,90.20380014,90.68377779,90.44315217,90.56330515,90.50318878,90.53323696,90.5182104,90.52572305,90.52196657,90.52384477,90.52290564,90.52337523,90.52314043,90.52325783,90.52319916,58.63247009,58.63247009,58.63247009,58.63247009,58.63247009,58.63247009,58.63247009,58.63247009,58.63247009,58.63247009,58.63247009,58.63247009,58.63247009,58.63247009
14,4,103.9812278,30.70951601,655,103.9802912,30.71025208,121.2443022,,21.00984298,29.19595237,32.57309611,26.05847689,27.38694826,27.05451372,22.91230908,19.52928358,25.675264,25.675264,25.675264,25.675264,25.675264,25.675264,25.675264,25.675264,25.675264,25.675264,25.675264,25.675264,25.675264,25.675264,25.675264,25.675264,25.675264,25.675264,25.675264,25.675264,25.675264,25.675264,25.675264,25.675264,25.675264,25.675264,25.675264,25.675264,25.675264,25.675264,25.675264,25.675264,25.675264,25.675264,25.675264,25.675264,25.675264,25.675264,25.675264,25.675264,25.675264,25.675264
15,5,104.0439712,30.6867731,195,104.0444437,30.68572405,124.7648613,,16.57392991,16.57392991,16.57392991,16.57392991,16.57392991,16.57392991,16.57392991,27.98464179,28.2931339,28.60850323,61.52787681,19.96237781,30.14453025,26.73532742,26.73532742,26.73532742,37.74399165,20.8908605,25.02247915,25.02247915,25.02247915,25.02247915,21.38826194,28.56302071,28.56302071,28.56302071,34.28652677,33.64445698,42.17403762,33.0259927,33.0259927,23.1522423,23.1522423,22.87708832,22.87708832,22.87708832,22.01732846,22.43897588,22.43897588,24.35536379,30.9761035,30.43634564,26.42079416,26.76187691,25.37590399,27.11188132,22.62738039,31.40933571,32.97749638,20.60337159
16,5,104.0439712,30.6867731,620,104.0428231,30.68723173,121.1557126,,19.71347188,16.3560212,19.71347188,19.2565371,19.2565371,23.13849153,23.13849153,23.13849153,23.13849153,23.13849153,23.13849153,23.13849153,23.13849153,23.13849153,23.13849153,23.13849153,23.13849153,23.13849153,23.13849153,23.13849153,23.13849153,23.13849153,35.46020857,28.00388863,28.00388863,28.00388863,20.52520308,23.68828597,21.99359926,22.80950824,22.80950824,22.80950824,36.80679876,28.16494419,31.91114739,29.92124359,30.88417573,30.39508503,30.63767859,30.51589967,30.57666787,30.56145314,30.55385145,30.55765182,30.55575152,30.55670164,30.5564641,30.55634534,30.55640472,30.55638989
17,6,104.1012878,30.71733224,726,104.1018715,30.7188824,180.6695447,,19.359852,21.27841966,17.71028893,21.89933875,22.86152411,24.45151733,18.06695447,18.06695447,18.06695447,18.06695447,18.06695447,18.06695447,18.06695447,18.06695447,18.06695447,15.50441862,20.517677,37.06041943,21.89933875,21.89933875,21.89933875,21.89933875,21.89933875,21.89933875,33.18420209,21.89933875,21.89933875,15.21427745,17.95473736,16.47129752,17.18105626,16.81869216,17.18105626,17.18105626,18.60973851,17.86688261,18.23074633,18.23074633,18.23074633,20.46924818,19.28525706,19.5682255,19.71284669,19.64026987,19.67649135,19.67649135,23.48051844,21.41085401,21.41085401,17.62629704
18,6,104.1012878,30.71733224,901,104.1007402,30.71605867,150.5741881,,14.63069034,14.63069034,14.63069034,14.63069034,15.44717389,22.12518682,16.36017336,14.17168829,14.66201944,14.66201944,14.66201944,13.45079596,14.03031529,13.8808038,13.80723665,13.8808038,13.8808038,17.57105599,17.57105599,24.6394126,18.72425137,21.27839361,19.91978235,20.5766862,20.24290637,20.40843164,20.32533201,20.36679705,20.34604341,20.35641495,20.34604341,20.34604341,15.03653473,20.34604341,23.16525971,21.66431919,22.38966293,22.02101971,22.20381131,22.02101971,22.02101971,17.59504069,15.98830529,16.7532373,16.36183584,16.5552235,16.50644927,16.48216977,16.49430059,16.49430059
19,7,104.1642292,30.69574474,211,104.158776,30.69530501,524.5509497,,80.35674123,52.5280506,52.5280506,50.66085631,56.85047924,56.85047924,57.39767231,57.39767231,63.5819333,72.21351506,68.91910288,70.52785878,224.8075499,77.07687424,77.07687424,77.07687424,150.4687983,77.07687424,69.04509758,48.00974794,51.52478633,49.70520076,51.52478633,51.52478633,59.19697238,59.19697238,59.19697238,74.44349876,81.20914933,152.2889854,89.32750326,89.32750326,89.32750326,65.45523116,215.8152479,77.87148119,99.388601,59.40981542,137.3369759,98.35330307,98.35330307,74.34580389,55.97974563,63.86866129,59.664563,63.86866129,101.1633974,102.6295336,101.8911917,68.94007005
20,7,104.1642292,30.69574474,341,104.1638951,30.70182076,674.1569701,,97.73013796,69.93967751,70.70350345,63.81152741,63.87450622,80.76422936,80.76422936,80.76422936,81.99206393,81.99206393,84.78480672,81.99206393,70.24500991,72.85448683,74.2333043,74.2333043,74.2333043,101.8307032,74.2333043,74.2333043,92.80937256,82.48845773,87.34508571,84.84733068,86.07809246,85.45828049,85.76706669,85.61239514,85.68966113,85.65101073,85.65101073,85.65101073,79.09104117,182.7533955,79.09104117,59.43587982,67.86905512,63.37314426,67.86905512,67.86905512,92.80937256,71.80370096,109.3931464,90.727667,90.727667,90.727667,60.67412731,72.7180552,66.15237049,69.28000264
21,7,104.1642292,30.69574474,366,104.1696646,30.69594523,521.0576293,,56.31927938,56.31927938,52.43591499,49.05354251,40.14569215,44.15482765,42.05492734,44.15482765,64.65116819,73.45305787,47.1071689,63.01263793,55.17080781,93.09218191,100.5794888,96.69110647,98.59697585,97.63474121,97.63474121,57.5401063,57.5401063,57.5401063,48.19030098,52.4517991,52.4517991,52.4517991,54.2140886,53.31838594,53.76250685,53.76250685,54.97626862,56.24610091,62.42287739,64.96302911,63.66762717,64.30880533,63.66762717,63.98661006,51.04238001,103.0663443,92.86175572,92.86175572,92.86175572,92.86175572,92.86175572,92.86175572,61.53551008,61.53551008,61.53551008,61.66314213
22,7,104.1642292,30.69574474,422,104.1645632,30.69122648,501.773329,,86.63712155,86.63712155,86.63712155,71.14081986,60.34690372,50.52822334,68.55347189,68.55347189,234.5953226,68.55347189,68.55347189,42.10685278,68.55347189,71.51635703,73.09596295,71.51635703,71.51635703,55.64953741,62.59307502,60.69966135,59.79527069,60.24407202,60.01883236,60.13124127,60.13124127,60.13124127,66.65623559,63.22583718,64.89573515,63.22583718,64.04990369,60.21279948,144.5107188,85.00630515,107.0449769,94.76112705,100.5291957,97.5599789,99.02233405,98.28571732,98.65265064,98.28571732,59.03215635,75.79233502,75.79233502,75.79233502,75.79233502,75.79233502,75.79233502,75.79233502
23,8,103.9777074,30.66252283,487,103.9776502,30.66449919,219.1141492,,47.31513762,47.31513762,47.31513762,55.74635598,40.06658728,37.96923885,38.98972812,38.47271756,38.60068049,38.66498169,38.63280434,38.66498169,42.01258696,49.71497502,45.99480683,47.78259085,43.62088132,50.34963427,45.20406516,45.20406516,45.20406516,45.20406516,45.20406516,38.4785823,42.88958425,40.80056572,50.56480366,54.02814638,54.02814638,54.02814638,64.65663419,64.65663419,64.65663419,66.00928344,53.90507544,59.34627739,56.49496416,56.49496416,53.99182604,51.70109137,47.37603226,47.37603226,32.41688783,40.66035758,40.66035758,40.66035758,40.66035758,40.66035758,41.95802857,41.62590697
24,8,103.9777074,30.66252283,888,103.9778687,30.6589357,397.8707718,,72.51563061,68.64224177,76.852302,46.05578066,45.80722857,56.41889822,70.79813548,79.12768737,51.62947624,59.55508868,45.65707834,70.20845601,76.62045096,82.04304222,66.27344261,75.98592989,51.43033316,65.52808747,75.18817735,57.59576893,57.4369836,52.27499192,52.27499192,52.27499192,52.27499192,50.61253634,51.43033316,51.01815774,51.22341631,51.12058099,51.17194698,51.14625109,51.15909581,51.15267263,51.15588403,51.15427828,51.15508113,51.15467971,51.15488042,51.15478007,51.15483025,51.1548177,51.15481143,51.1548177,61.04783583,137.2844836,97.57602803,85.24745118,85.24745118,81.94134888
25,8,103.9777074,30.66252283,916,103.9749723,30.66252693,262.0547376,,27.62610799,29.91350156,77.96669879,77.96669879,77.96669879,77.96669879,77.96669879,77.96669879,53.83150102,46.61628439,46.61628439,46.61628439,27.82882169,30.94690494,32.7835215,31.83874894,32.30422896,32.06979997,32.18658761,32.15731103,32.14269271,32.15000021,32.14634604,32.14817303,32.1472595,32.14817303,38.78678901,49.2635538,48.88067644,49.07136829,48.97583675,49.02355598,48.99968475,49.01161746,49.00565037,49.00863372,49.00714201,49.00863372,49.00863372,57.87711996,53.07496042,54.19920974,54.77938623,54.48775364,54.63318074,54.56037028,54.57855471,54.58765144,54.58310271,54.58423983
26,9,104.0404044,30.6386652,1472,104.0411563,30.63977679,142.7229606,,22.86107489,24.10804261,27.47607798,27.11359674,36.28549846,27.11359674,31.03610137,21.81752264,53.17491934,52.9693462,37.36746605,35.49226001,31.10527925,21.91056112,20.99295845,50.1270886,30.98307487,24.17894862,25.65348507,22.0043965,30.9312637,21.75286444,37.36746605,31.42523903,31.42523903,31.42523903,31.42523903,33.19138619,28.33470542,29.47242782,28.89237066,29.1795168,29.1795168,32.98011178,37.91901536,47.79559611,23.67754185,60.44737155,27.18532583,25.5623213,22.93761867,42.28828462,27.92405751,27.92405751,27.92405751,22.1466663,53.66085203,36.80974268,26.41658911,26.41658911
27,9,104.0404044,30.6386652,1673,104.0377035,30.63995675,295.7785775,,56.33877667,56.33877667,56.33877667,56.33877667,56.33877667,56.33877667,56.33877667,56.33877667,56.33877667,77.25292957,65.15876872,70.69230732,67.81284092,68.51048985,68.86472516,68.68715079,68.77582335,68.73145847,68.75363373,68.75363373,79.26572302,73.6364028,76.34743697,74.96741825,75.6511346,75.3077246,75.47903899,75.47903899,75.47903899,104.3924391,87.61190007,95.26888797,91.28009985,93.2318498,92.24565211,92.73612911,92.49024032,92.49024032,92.49024032,90.23753212,91.35000032,91.06931961,90.92962516,90.99941874,90.9645086,90.98196032,90.97759678,90.97541513,90.9765059,90.97541513
28,9,104.0404044,30.6386652,1767,104.0392578,30.63682457,231.7111229,,36.58596677,34.32757376,42.20033941,29.89820941,32.4575892,31.68699117,30.95213516,32.58437666,37.91636557,27.87968056,27.87968056,27.87968056,22.19986806,32.36762914,30.49945311,31.40578349,37.13980599,27.5300344,39.49621413,29.52778911,32.52085935,26.28655596,34.19007161,36.03990756,38.87045864,26.65048059,36.90973639,22.74981934,45.08973202,29.66781419,34.70846224,25.90559138,25.90559138,25.82538831,25.90559138,30.18673254,31.32015179,32.54200426,35.27103774,35.27103774,35.27103774,21.0380843,33.53888741,41.27234955,30.38834399,38.39631956,21.66649461,30.26705524,27.40791991,29.14605319
29,10,104.1181679,30.65058201,792,104.1214109,30.65013097,314.7466556,,57.84750275,85.71013314,38.40976136,38.40976136,38.40976136,49.19339915,68.3956515,96.0244034,48.68261913,51.03999821,46.53338645,46.56525864,46.56525864,48.96663613,48.96663613,51.59781239,89.21952442,54.52781329,85.19458347,62.60154476,76.04617182,40.97967306,52.04813781,71.08456463,41.0539116,67.31215606,67.31215606,67.31215606,64.07660473,61.13783959,55.20525993,70.37813417,58.25645039,63.7461581,63.7461581,63.7461581,68.81100971,42.59729174,41.96622075,78.96083346,41.96622075,48.7979311,73.2205467,58.2864177,68.25831085,76.35363613,70.67076676,43.74856989,58.50712358,53.95656953
30,10,104.1181679,30.65058201,1065,104.1178297,30.65328507,301.3254122,,61.70235555,63.45018081,56.89858295,68.88279054,51.60118053,50.67545618,47.45913932,68.24823977,45.01306082,48.56837421,54.04341742,54.27540394,53.48092773,76.66229568,51.61993778,64.14022078,61.8313121,74.16033585,61.18775493,61.18775493,61.18775493,61.18775493,61.18775493,61.18775493,61.18775493,61.18775493,61.18775493,61.18775493,61.18775493,61.18775493,61.18775493,61.18775493,61.18775493,61.18775493,61.18775493,61.18775493,61.18775493,61.18775493,61.18775493,61.18775493,61.18775493,61.18775493,61.18775493,61.18775493,61.18775493,61.18775493,61.18775493,61.18775493,61.18775493,61.18775493
31,10,104.1181679,30.65058201,1653,104.1140751,30.65030184,393.3975505,,99.93163857,91.66544866,91.36975366,86.61964415,87.18249412,92.41312769,81.95782302,71.75745277,102.7495416,93.70149599,80.99361332,67.64666169,111.5142663,84.29947511,82.2991486,139.5301657,80.3915524,97.97679073,87.78292451,101.2444495,88.10147321,121.3645706,167.7999031,112.9596157,134.5587821,108.5612752,127.780257,76.62206576,68.4996944,81.6663824,87.42167789,101.9435513,90.53532671,84.80426238,75.5323297,79.48912151,79.48912151,79.48912151,123.1505375,56.19965007,77.07380581,75.33144584,101.1593701,189.4623655,79.80265861,73.33235893,66.80335763,71.79879249,83.12435403,69.6364441
32,11,104.1472874,30.64296083,215,104.1463315,30.64059106,278.1529173,,21.9755048,29.26214209,29.26214209,29.26214209,29.26214209,28.85736318,29.05834307,28.9575044,28.9826484,28.99523678,28.98894123,28.99208866,28.99051486,28.99090829,28.99110501,28.99100666,28.99105583,28.99103124,28.99104354,28.99103739,28.99103739,15.51278857,31.34117378,20.75337829,24.97133422,22.6678099,23.76388021,23.20290809,23.48004402,23.34065344,23.41014124,23.37534569,23.41014124,23.41014124,26.80991974,26.80991974,26.80991974,27.61076752,27.20445105,27.40610338,27.40610338,69.05865533,39.23979436,50.04406696,43.98821618,46.82113764,45.36048848,45.36048848,20.83976071,17.61390505
33,11,104.1472874,30.64296083,580,104.1496059,30.64216205,239.1655126,,29.19725765,21.1287324,29.72196693,26.99046537,27.62701253,25.9336098,31.17855678,28.31524609,33.01153474,36.12569981,36.12569981,36.12569981,36.12569981,36.12569981,36.12569981,36.12569981,31.19550164,33.48007175,32.29743715,32.58519323,32.58519323,32.58519323,29.68951191,31.07003013,30.36408763,30.71300287,30.53754863,30.62502446,30.58122399,30.60310855,30.59216235,30.59763448,30.59216235,30.59216235,27.86394322,29.16438809,28.49933832,28.82802812,28.66274093,28.74514692,28.70388478,28.71418921,28.7193442,28.71676647,28.71805527,28.71741086,28.71757196,28.71765251,28.71761223,28.71762231
34,12,103.9826185,30.61386248,28,103.9776869,30.61166959,531.5645307,,53.18107394,69.96827461,45.23953453,80.18012473,66.58428359,66.58428359,64.08323861,61.7632806,61.7632806,58.71538666,135.2390325,55.95416113,79.15748958,52.16626017,48.85869729,41.40780889,44.04217055,50.49161769,56.92510591,53.515702,53.515702,41.96562084,41.96562084,41.1091796,37.35131381,40.28699601,35.54734942,42.43087163,54.48839153,47.70960635,47.70960635,47.70960635,36.9070841,47.70960635,49.69828102,51.85995421,68.42546997,57.81366497,49.15151483,65.31168295,70.83779046,59.52200033,47.27352546,54.67520887,44.80000727,42.5724652,71.2977761,47.65020694,131.0707062,37.15790894
35,12,103.9826185,30.61386248,90,103.9851381,30.61499377,272.1300849,,25.99164198,29.35335747,23.16000723,35.07165772,28.9842694,30.51926186,25.73559472,30.42448154,21.55485821,21.55485821,44.68270493,105.340678,62.74897074,62.74897074,31.96307686,42.35258819,31.96307686,32.76482628,31.19962757,32.35898615,32.97158791,32.66241486,32.81627319,32.73916326,32.77767288,32.75840675,32.76803698,32.76322116,32.76562889,32.76442498,32.76502693,32.76442498,32.76472595,22.67750708,54.73007294,32.06770231,45.40756921,45.40756921,45.40756921,45.40756921,45.40756921,45.40756921,45.40756921,45.40756921,36.28401132,56.79236554,49.76092981,46.86006843,48.2669527,47.90737082
36,12,103.9826185,30.61386248,383,103.9816494,30.60279961,1229.628076,,110.1616194,99.14134543,179.2775325,161.7045141,124.3444122,152.1189372,137.0483305,214.8864599,123.9093373,113.649835,260.4556651,475.9850617,283.5331352,233.3147376,163.6473595,144.0604037,179.5805709,135.8392351,93.09487011,146.2150644,135.0964722,147.5861162,210.8613705,217.7576321,132.083383,140.9016787,148.063373,134.6327239,156.7884678,148.0470521,175.7777281,184.4428042,139.2907827,102.4690063,207.8244635,144.8988895,205.1754843,205.1754843,139.9181691,169.6851394,104.9593616,152.5120094,233.1355404,205.1754843,122.6221904,155.7312603,268.7915642,211.7386463,178.6745136,216.470914
37,13,104.0612402,30.59666547,203,104.0612128,30.60054761,430.2623322,,54.60438528,59.58826596,50.67932289,38.9881725,44.07158188,44.07158188,44.07158188,51.04540302,31.39752154,36.70484351,81.52338926,39.98307682,62.40710701,44.60144291,44.60144291,44.60144291,61.34433251,48.55987506,43.75549141,48.06654448,48.06654448,41.03163963,44.7510118,41.86336205,50.18178388,46.6901099,68.84197315,77.73874007,49.27059709,51.63147986,49.17283797,31.59499023,71.7103887,57.70415526,63.59366813,52.15300996,59.60025465,62.12982767,39.87842255,36.0219627,39.87842255,49.74530376,54.51630078,38.1513398,117.3442724,50.02646414,50.29040246,55.48457537,45.57953103,41.67563397
38,13,104.0612402,30.59666547,738,104.0578933,30.59668669,320.8957553,,51.5725321,46.64433589,42.5758496,40.18172936,36.57703596,38.04252642,62.78395212,39.36029707,41.33183253,62.44457941,41.84838685,35.00680967,42.37801611,56.76779946,45.21427472,52.27261172,44.64636595,44.09254653,33.10099482,44.09254653,81.44945142,57.21294522,42.1614861,151.207424,47.73655864,58.05149342,47.73655864,74.05286661,63.82457011,63.82457011,63.82457011,57.04813428,53.8148161,45.57099484,49.3510026,49.3510026,49.3510026,57.90600096,49.3510026,33.92730453,49.3510026,50.0007092,38.06341743,77.14355386,106.9652518,77.14355386,47.98441201,119.0953319,60.801301,60.801301
39,13,104.0612402,30.59666547,793,104.0613987,30.59376339,321.9945508,,39.21828265,34.30796546,35.34086533,33.5023232,34.88880009,33.5023232,32.96247534,35.97146262,43.90834784,26.3450087,47.18509021,30.10858137,27.95451084,28.62173785,35.06292749,32.11025991,33.52169991,33.52169991,33.52169991,33.52169991,33.52169991,30.89499954,32.15479564,32.15479564,32.24423874,38.44711054,32.33418083,28.94333041,32.33418083,35.77717231,35.86018199,35.94357776,42.841936,26.86397179,36.65972115,30.6661477,34.02682141,32.25919433,45.28048371,26.00225175,54.29416313,46.09067129,46.09067129,46.09067129,46.09067129,36.82275676,37.57472878,32.74520856,36.07407831,38.26730287
40,14,104.1323295,30.59740351,609,104.1246492,30.60216894,906.1380717,,72.62014822,84.92280008,89.03204572,93.55918904,96.41666183,67.53824137,97.96087262,77.0270852,100.3915232,100.3915232,100.3915232,100.3915232,100.3915232,100.3915232,100.7856969,100.3915232,100.3915232,92.04562805,96.03759716,95.00749128,94.50068086,94.75340839,94.62687588,94.75340839,94.75340839,109.6503213,94.75340839,76.03955846,93.6039328,93.6039328,93.6039328,93.6039328,93.6039328,92.38887114,74.54517957,91.20495036,82.03781688,97.66757659,73.49430127,74.07123202,103.8884413,87.06664745,86.77328582,87.06664745,57.31020833,67.88963701,67.88963701,80.34721818,80.19906719,80.19906719
41,14,104.1323295,30.59740351,763,104.1354405,30.60123549,518.9610531,,88.12546185,88.12546185,88.12546185,72.86504646,51.82412736,62.1097005,62.1097005,74.1372933,70.71384524,69.11800929,69.906821,69.11800929,69.11800929,56.6740419,56.6740419,70.116712,91.91930092,276.7792283,82.10490494,82.10490494,76.15189367,76.15189367,76.15189367,62.12002631,90.91288521,73.80779422,90.91288521,90.29044499,108.439623,89.67646999,78.06099407,60.24215369,69.10948673,58.45618871,66.2503472,80.61530922,57.48491665,63.43836303,53.6547901,51.43179053,84.7283352,83.94315265,83.17238914,72.6007691,72.6007691,68.43442458,72.6007691,90.03661644,80.38407132,80.38407132
42,14,104.1323295,30.59740351,1216,104.1360359,30.59511501,436.5838356,,27.71960861,32.74378767,34.93964746,33.80609732,34.36352683,34.36352683,36.11550902,38.05573385,36.99088984,36.67915538,39.77034167,43.00141746,43.24991217,34.74141928,48.58429082,44.02526073,41.42598335,49.40516489,35.98218425,31.84806096,30.22503477,45.82221015,37.46607409,33.074533,51.96935597,39.78991919,39.78991919,39.78991919,39.78991919,42.56882437,45.7650277,57.7124287,70.47990171,37.2971478,57.2221532,47.41181925,50.70005833,201.5002318,55.6026583,39.4333787,65.81164785,32.81214631,32.81214631,29.10558904,32.81214631,32.81214631,36.6744005,37.20493497,44.02526073,39.48999518
43,15,104.149224,30.61054808,163,104.1381502,30.61375537,1119.4482,,95.35672334,123.5726645,94.02646622,131.3573923,115.6003366,115.6003366,114.0766846,145.7948816,88.72610264,141.0306408,108.5756187,122.5695956,146.7237932,133.3337806,123.5568785,109.7971671,105.6360031,112.4916544,123.8575035,88.18410328,117.8366526,108.7722947,138.2170242,122.1216218,133.5863367,133.5863367,141.9822316,100.4990903,121.5323739,128.6722069,104.6756758,136.6106278,98.29301268,141.4039832,146.5459462,123.1142639,127.6150058,124.15322,128.6174528,134.333784,134.333784,101.0661698,120.4037402,87.04132873,111.0100995,76.2538036,130.9863549,109.8096327,155.294497,107.9950028
44,15,104.149224,30.61054808,310,104.1526212,30.6089618,370.0824554,,35.10663609,31.17699313,33.02532963,32.90782595,32.90782595,32.90782595,32.90782595,29.77199641,30.49855824,30.87530179,30.87530179,38.42190877,55.8615027,50.85102441,37.93916011,30.256552,26.69933546,74.84813705,31.23267875,34.66943448,38.95604794,38.95604794,51.0179315,44.17848354,47.35251523,47.35251523,54.22926517,63.44270664,67.35575528,65.34069835,66.33292703,65.83307422,66.0820554,65.83307422,65.83307422,32.31116022,32.31116022,32.31116022,31.28681424,49.162245,91.25320818,29.44302408,39.9289762,34.33754741,34.33754741,34.33754741,34.33754741,34.33754741,37.71540947,32.77483
45,15,104.149224,30.61054808,336,104.1463549,30.60674406,503.3719165,,54.33699848,59.20410236,59.20410236,65.02890787,61.97995381,61.97995381,60.06675449,44.46966624,37.62226088,129.4384928,58.29937479,58.29937479,58.29937479,59.22022547,60.17063307,61.68983487,61.95346665,50.58308163,55.69385784,39.65292996,54.87173049,48.91063156,62.48754826,54.91329998,64.22228822,74.42048868,66.05609598,51.23861167,54.64833834,57.85884098,51.77539713,61.42843727,44.19850974,63.58382103,65.89595998,79.82990746,57.8342202,55.82682993,57.8342202,60.40462998,60.40462998,61.42843727,60.40462998,39.1390691,55.22007819,55.22007819,64.10287263,56.45292521,105.0515304,48.56111387
46,16,103.9525507,30.75675243,0,103.9460064,30.75066046,921.0410139,,52.65180865,43.95600067,45.36216773,44.6480153,70.30133141,134.6040995,82.25498344,78.6354486,225.0507455,225.0507455,225.0507455,225.0507455,225.0507455,225.0507455,225.0507455,225.0507455,225.0507455,225.0507455,225.0507455,225.0507455,225.0507455,98.97754179,213.003061,213.003061,132.806982,163.6059695,146.606381,174.2074072,150.5162542,98.24801363,118.891054,107.5882845,112.9576289,110.2075965,110.1739812,80.18736759,98.19588301,93.98590586,87.5497107,90.65371329,89.59525283,89.85754395,89.98926627,89.92335687,89.95629949,89.93982516,89.94394319,89.94600232,89.94342785,84.2157156
47,16,103.9525507,30.75675243,80,103.9613727,30.75254195,964.822029,,82.54507794,78.19945901,65.1051416,65.1051416,65.1051416,94.74520743,77.17718708,85.06359651,85.06359651,92.13256481,108.4859751,100.4829114,104.3311931,103.3417508,102.8540341,103.0973157,102.9755312,103.0363875,102.9755312,85.95060143,95.88293456,90.64549998,93.19068767,91.90047493,92.54108448,92.21966722,92.38009626,92.29981203,92.38009626,93.81300442,95.29106459,132.0668937,110.704679,120.445923,110.704679,104.8482169,99.58025529,81.15325478,89.42737653,85.08964489,87.20460217,86.6660671,86.3992862,86.53247103,86.46582733,86.49913634,86.49080668,86.48664246,86.48872453,86.488204
48,16,103.9525507,30.75675243,178,103.9619529,30.76609451,1371.854501,,94.02226558,82.41428792,87.5380193,84.89891834,112.1483875,149.3692434,121.1765809,118.2722803,176.2415553,176.2990217,176.2702839,176.2846517,176.2774674,176.2792634,176.2801614,176.2797124,176.2801614,193.1393625,213.5643764,238.0562942,181.7917621,222.0461388,399.6231589,385.3323435,285.6790284,328.105824,305.4260874,259.4751071,310.7969096,226.9892029,262.3628283,243.3974949,252.5245743,247.877046,247.8227392,240.1621246,226.9208624,219.3001755,207.3599675,135.0251539,211.1936119,211.6825386,211.9278518,211.8051242,211.8664702,133.9618455,211.8434613,211.8472957,133.9672115,201.0321895
49,17,104.0530243,30.75790039,49,104.0507089,30.76141245,447.9160573,,47.58886807,38.5059051,35.37149013,56.72102836,30.27596332,32.67472758,35.49802545,44.80197655,27.08129713,30.46472334,27.69533277,29.14733646,33.80659622,28.4281471,29.66937497,29.22860004,30.06007935,27.88298813,31.30557139,34.41119708,48.62413287,40.03718948,40.03718948,34.37663612,36.84021904,43.12932949,53.06451028,41.18768343,57.04591295,53.59113832,120.9805428,124.9998299,49.43979122,66.41259499,49.5238884,69.02815952,41.44572675,68.76323268,44.46544858,51.4277204,87.16204358,102.0454702,47.03378242,44.59398284,68.35031322,80.07787399,84.52915279,41.35775458,65.41573251,82.65660559
50,17,104.0530243,30.75790039,65,104.0666187,30.74499537,1933.671041,,195.5397682,164.7625029,195.5397682,150.0262015,157.1824047,162.1527078,164.3734533,247.1437543,247.1437543,236.5434749,236.7749972,287.6535433,252.4106028,247.1437543,169.7857499,100.0174676,289.2471917,96.41573058,292.4880566,327.5866234,324.9108867,134.2424292,106.7671127,374.1489043,324.9108867,387.2720861,179.1818725,379.2716865,319.3218233,570.5914547,570.5914547,570.5914547,395.523622,467.1956878,428.3825075,446.9480416,437.4683895,442.1574115,439.8004026,440.9757575,440.3872958,440.5342641,440.6813301,440.6813301,786.5780506,564.8850879,607.7046958,631.6447693,619.4435119,622.4494205
51,17,104.0530243,30.75790039,220,104.0481228,30.7539247,643.6417399,,68.38375482,50.54463025,50.54463025,112.8233847,32.84817499,33.22498227,54.71334743,69.40919412,35.43756138,44.42312622,38.46116327,35.9288321,38.46116327,37.01454095,38.46116327,46.96276675,38.77359879,37.24553185,33.46007601,85.50222375,85.50222375,85.50222375,85.50222375,85.50222375,85.50222375,85.50222375,85.50222375,85.50222375,85.50222375,85.50222375,51.20685666,64.05280618,56.91397639,64.05280618,64.05280618,101.1838543,78.44639064,78.44639064,78.44639064,69.79247782,73.86683447,72.8042893,72.28439808,72.54341222,72.54341222,72.54341222,76.16934859,78.12172717,77.13318531,77.37796792
52,18,104.0730086,30.74887448,2,104.0732399,30.76099259,1343.253385,,127.9288938,115.9817044,121.5919584,259.2875167,75.35615606,99.29084105,126.99896,243.0006124,163.0931597,105.7679831,122.4146192,112.9959952,97.95157086,66.83776346,104.954315,107.076909,104.954315,386.8569749,134.6995038,457.2777481,75.91384907,258.5942345,162.272221,367.8619227,91.8463853,253.1786485,124.4713561,420.4967118,458.7962226,130.260115,247.1403161,147.1778485,146.0526569,127.0122134,139.283066,132.86492,141.003417,141.003417,150.9955062,145.5371036,219.8050994,261.3898479,121.9985421,132.5381453,81.15556293,122.5070908,120.4911636,111.2937228,111.2937204,93.11655836
53,18,104.0730086,30.74887448,65,104.0666187,30.74499537,747.6592605,,67.60290226,56.31327315,58.71303635,45.61988708,38.15669603,45.61988708,60.7664363,50.12240853,50.12240853,51.60224957,46.22891204,41.73521133,44.67678695,50.35684449,50.35684449,50.35684449,50.35684449,50.35684449,50.35684449,50.35684449,50.35684449,50.35684449,50.35684449,50.35684449,50.35684449,50.35684449,50.35684449,50.35684449,50.35684449,50.35684449,50.35684449,50.35684449,50.35684449,50.35684449,50.35684449,50.35684449,50.35684449,50.35684449,50.35684449,50.35684449,50.35684449,50.35684449,50.35684449,50.35684449,50.35684449,50.35684449,50.35684449,50.35684449,50.35684449,50.35684449
54,18,104.0730086,30.74887448,459,104.0726375,30.72578859,2558.887309,,251.0080194,220.9442497,159.4460288,159.4460288,159.4460288,159.4460288,165.441586,189.1579941,184.2398862,221.8688418,201.3110645,211.0906121,206.0848839,207.3139262,207.3139262,207.3139262,141.832091,165.0895038,152.5796159,127.472246,143.8624828,135.1723303,135.1723303,134.9742756,132.9931806,134.7768005,171.7854417,236.8121931,248.9728193,155.9152775,189.4872248,194.4484288,191.9357725,194.4484288,194.4484288,242.491807,194.7052959,194.9628426,145.1850955,170.1199319,185.2898621,235.0664837,292.3282606,213.9836077,213.9836077,211.6753656,185.7881206,191.7168431,191.7168431,191.7168431
55,19,104.1588451,30.73807002,3,104.1508278,30.73841386,768.4620807,,60.76800638,60.76800638,87.37350148,100.7513259,59.74007898,56.46804199,62.34283922,61.00670643,55.29240821,55.29240821,43.6264694,48.77153103,46.05575221,46.705942,47.03797011,46.87136806,46.9545213,46.91290783,46.93370535,46.92850424,46.92590412,46.92720414,47.04869882,46.92687913,46.92671663,46.92679788,46.92675725,46.92677757,46.92676741,46.92677249,46.92676995,46.92677122,46.92677059,46.9267709,46.92677075,46.92677083,91.75666635,105.5902096,98.18858884,101.754979,99.93997708,100.3876302,100.612964,100.5001708,100.5565358,100.5283454,100.5353915,100.5389149,100.5371532,100.5375936
56,19,104.1588451,30.73807002,35,104.1675722,30.75834783,2397.625728,,189.5980806,191.0740692,272.6080575,314.3472882,293.836685,145.1782626,194.5116084,203.4595292,286.283669,236.0585457,136.1159491,217.1833019,115.0452897,145.7239999,343.4264969,343.4264969,343.4264969,343.4264969,343.4264969,343.4264969,343.4264969,343.4264969,343.4264969,343.4264969,343.4264969,343.4264969,343.4264969,343.4264969,343.4264969,343.4264969,343.4264969,343.4264969,343.4264969,343.4264969,343.4264969,343.4264969,343.4264969,343.4264969,343.4264969,343.4264969,343.4264969,343.4264969,343.4264969,343.4264969,343.4264969,343.4264969,343.4264969,343.4264969,343.4264969,343.4264969
57,19,104.1588451,30.73807002,127,104.1462028,30.72511547,1877.861688,,137.3079982,148.4964762,248.7119642,269.5584812,259.6371417,89.26946346,152.3448355,177.4660749,224.2222911,223.8510621,223.8510621,223.8510621,106.2940578,223.8510621,224.2222911,224.2222911,224.2222911,224.2222911,224.2222911,224.2222911,224.2222911,244.5692641,224.2222911,224.2222911,224.2222911,121.5881668,224.2222911,224.2222911,224.2222911,250.304304,114.3821358,224.2222911,189.0993588,87.1547324,224.2222911,224.2222911,272.9597034,130.0613911,272.9597061,272.9597074,272.9597067,287.5975336,268.9775362,268.9775362,287.73919,309.259829,159.2336535,268.9775362,268.9775362,268.9775362
58,19,104.1588451,30.73807002,432,104.1609358,30.72308424,1672.884115,,127.1086808,150.3231246,177.6350355,210.2206203,137.6741321,90.39506397,132.3131101,135.0712271,133.645111,124.7646621,83.96124692,109.7452118,79.33621049,90.55957648,135.3901051,135.0727063,135.2312195,135.1519164,135.1915563,135.1816442,135.1766886,139.0948511,199.747357,135.1785469,135.1782372,105.1460247,135.1783146,135.1783533,135.178334,140.118779,102.0262482,135.1783412,140.2161917,88.2274733,135.1783403,135.1783405,239.6173534,154.068918,225.9452673,230.2097436,228.0575717,235.8761867,228.859904,228.7257901,236.1437649,243.9255636,172.135597,228.7718741,228.7697789,228.7703027
59,20,103.9717958,30.70900484,82,103.979059,30.71243403,792.6168708,,79.7044898,91.01820526,91.01820526,91.01820526,123.7926566,92.12012058,92.68114445,98.08729565,92.54024883,92.54024883,107.3723701,153.8232202,99.40608951,85.75268925,89.48399012,76.13959996,93.55477819,95.6988508,79.23030789,111.2444731,91.7762317,282.5169044,282.5169044,282.5169044,111.0280442,159.4089796,130.8908594,143.7491554,137.0190029,140.3034166,138.6417606,139.4676394,139.0534737,139.2602486,139.0534737,139.0534737,120.2284018,128.9575438,124.440079,126.6585437,125.5395113,125.8174115,125.9568235,125.8870789,125.9219416,125.9045079,125.9088658,125.9110449,125.9099554,125.9102278
60,20,103.9717958,30.70900484,457,103.966997,30.71641552,941.1702069,,74.71251918,83.02408098,93.11931375,86.61075524,116.5001517,84.87329703,98.20313494,79.31248287,121.3325961,87.70179668,92.5820236,113.1323458,92.19626517,70.66137111,119.9632749,87.13791886,104.101362,110.3451785,74.04917896,90.61285181,92.62684345,94.72963858,97.50252503,86.40644552,94.41675641,80.8711592,92.11569749,94.47372079,82.87757216,78.99289425,242.882634,242.882634,242.882634,242.882634,242.882634,242.882634,242.882634,242.882634,242.882634,242.882634,242.882634,242.882634,242.882634,242.882634,242.882634,242.882634,242.882634,242.882634,242.882634,242.882634
61,20,103.9717958,30.70900484,466,103.9754957,30.69767357,1304.912095,,143.2766616,158.171163,177.9425584,120.0839351,136.9587038,142.3540467,164.8310015,127.9441727,168.2250149,121.5966404,127.8281236,127.8281236,127.8281236,127.8281236,127.8281236,155.2953237,140.2293595,147.3783072,143.7149841,144.6136348,145.0671878,144.6136348,144.6136348,137.3591679,140.8930815,139.1036837,139.9926648,139.5467584,139.7693559,139.7693559,139.7693559,355.8851168,200.7117309,256.6680644,225.2670188,239.9445556,232.3742473,236.0987332,232.3742473,232.3742473,111.5839321,128.2503685,138.6012732,133.2250703,135.8600063,134.5296374,134.859781,134.859781,134.859781,114.6002371
62,21,104.040111,30.71551717,1163,104.0404398,30.71284378,297.9644774,,50.75735578,50.75735578,50.75735578,43.70820177,34.36216076,50.75735578,50.75735578,53.54436533,52.81930827,39.0092141,50.47951276,50.58407141,52.59673796,34.37420458,33.15833442,40.66120052,36.52847952,39.72859699,89.38934322,89.38934322,48.10188873,72.80579992,72.80579992,72.80579992,43.34028762,50.43912783,50.43912783,50.43912783,50.43912783,50.43912783,50.43912783,50.43912783,50.43912783,50.43912783,50.43912783,50.43912783,50.43912783,50.43912783,50.43912783,50.43912783,50.43912783,50.43912783,50.43912783,28.68107269,36.56836769,36.56836769,87.20911534,62.18389094,62.18389094,61.55937553
63,21,104.040111,30.71551717,1654,104.045209,30.71599628,491.0600093,,57.89790503,49.03789275,49.03789275,49.03789275,63.24923197,55.24425105,55.24425105,55.24425105,55.0007581,54.87981478,54.94021989,54.91000071,54.94021989,61.17010496,57.88803056,51.12989251,212.9898836,82.46372168,82.46372168,73.45495983,77.69908398,75.51743835,76.59272896,76.05128297,76.32104566,76.32104566,79.19809891,82.30056022,100.4440928,90.47164962,94.28352179,94.28352179,94.28352179,94.28352179,94.28352179,94.28352179,94.28352179,94.28352179,53.57018283,81.59150922,81.59150922,81.59150922,81.59150922,81.59150922,81.59150922,72.33289826,99.0373128,184.1475035,99.0373128,82.30056022
64,22,104.0773952,30.69705062,1230,104.0773157,30.70282784,640.3378561,,98.93632111,99.73894135,76.40066015,94.65240428,178.1465442,115.0035693,90.6878852,91.85237539,116.7937318,115.0339865,116.3932893,97.63861831,109.817677,108.8471859,100.0962346,107.8936976,107.5946923,118.2580438,127.0991964,108.5537435,119.7826075,93.8605978,104.8447192,109.0515522,82.79115715,90.9714397,100.8295804,83.25419959,101.7007183,71.22192426,65.41405001,92.04856682,71.68951809,101.4072723,106.9904521,83.52232906,81.30318418,133.0572169,84.07061568,99.48528961,132.515427,72.71975653,77.66029025,89.90703128,60.04731133,88.08140816,76.26474392,75.86691729,72.32213148,57.12265015
65,22,104.0773952,30.69705062,1366,104.0787152,30.69703746,126.4330825,,21.50357938,26.78982325,21.50357938,15.2201671,36.12373786,17.0791406,14.60013142,17.52577945,16.65724051,16.22622371,20.49573779,21.36145005,30.0874252,33.75716419,27.65523628,16.84521913,16.98513283,25.66717967,32.88325805,20.59543425,39.40771403,21.66134905,20.70132338,22.88956988,33.34498879,16.87336782,27.23562057,25.4583594,12.72579022,27.61608435,19.46163964,15.22271227,12.78536789,20.02260822,11.73846801,11.92730183,15.70943641,13.06051928,34.14912839,28.99102529,16.92460698,13.51177329,12.38471988,19.42012147,14.23113383,12.9681554,15.32522212,20.73617754,20.73617754,20.73617754
66,22,104.0773952,30.69705062,1370,104.0742895,30.69705339,297.4541047,,26.57757795,20.33487993,21.8760935,20.15794393,26.02271633,36.14293265,16.24938963,23.56590618,25.39529115,20.91474174,23.23860193,31.98431233,47.52225342,25.56563246,22.67116677,32.38411623,27.01285962,21.83149392,21.96021075,24.00302106,19.42263803,25.7756432,29.64248517,16.79082363,34.27454705,22.37565205,22.08882699,21.80926226,20.33230589,21.75861666,23.10946376,35.72426278,46.53274424,33.44514276,25.26404933,22.17049228,24.42969073,31.39859402,28.52102311,20.88754441,20.23306144,19.83027365,27.90769769,22.88108498,28.56731398,25.22248885,31.80247534,23.98286175,32.55399,25.17457265
67,23,104.1847307,30.69654394,155,104.1857165,30.70246353,662.8173793,,58.77198437,58.34089402,57.91608169,58.1277117,57.91608169,57.91608169,44.68431771,50.4469887,48.87132751,48.11983999,48.49267249,48.30553685,48.39892378,48.35218522,48.35218522,46.5135003,47.41502408,46.95993579,47.18638269,47.12956646,47.10120964,47.11538379,47.10829565,47.11183945,47.11006748,47.11095345,47.11051046,47.11073195,47.11062121,47.11067658,47.11064889,47.11066274,47.11065582,47.11065928,47.11065755,47.11065755,47.11065755,44.89449794,47.91450935,46.35536795,47.12204523,46.92800817,46.92800817,46.92800817,57.70598707,51.76189682,53.13008243,53.84166171,53.48350535,53.57259698
68,23,104.1847307,30.69654394,289,104.184379,30.69224823,477.2751353,,27.16506699,47.13828497,27.16506699,50.00554386,50.00554386,50.00554386,50.00554386,50.00554386,50.00554386,50.00554386,50.00554386,50.00554386,50.00554386,50.00554386,50.00554386,50.00554386,24.1149542,32.53840521,27.7004633,28.76986845,29.33614461,29.05024719,29.19249593,29.12119785,29.1568033,29.1389897,29.14789378,29.14344106,29.14566724,29.14566724,29.14566724,31.23982704,30.15643457,30.68857208,30.42017635,30.5537848,30.48683419,30.52027278,30.52027278,30.52027278,36.51839505,34.80818937,34.80818937,34.80818937,46.06408813,39.65283413,41.08230502,41.83639884,41.45592292,41.55039164
69,23,104.1847307,30.69654394,389,104.1769595,30.69629187,744.8007551,,76.48788242,66.80937006,57.95801607,65.317484,65.07967763,64.60922213,61.03071438,56.68673823,74.40257283,86.07649176,74.06858338,54.28041183,54.38534972,54.33283011,54.33283011,55.81645003,56.3887007,52.76837441,53.02283035,66.39351263,52.92712231,52.94304965,56.94765881,52.93906692,52.93707578,52.93807133,52.93757354,52.93782243,72.86116194,52.88526072,77.1040223,51.71243163,46.71224248,52.93774077,52.93773883,52.93773883,52.93773883,66.24540379,85.1200863,85.1200863,85.1200863,85.1200863,85.1200863,85.1200863,85.1200863,85.1200863,85.1200863,85.1200863,85.1200863,85.1200863
70,24,103.963491,30.66467205,743,103.9625424,30.65991764,534.7262649,,78.41199811,85.55620238,96.01070093,83.33396336,85.65137057,36.92011035,101.3165555,101.3165555,101.3165555,101.3165555,101.3165555,101.3165555,101.3165555,113.9061866,107.2431506,110.4742929,108.8347451,109.6483904,109.2400527,109.3418517,109.3928224,109.3673311,109.3673311,109.3673311,84.43046288,95.29452531,89.53413725,92.32456685,92.32456685,92.32456685,129.6306097,107.8424038,117.7369702,112.5726848,115.0969275,113.8208126,114.4553132,114.1371811,114.2960258,114.2165482,114.2562732,114.2463393,114.2413731,114.2438562,114.2426146,114.2432354,114.2430802,114.2430026,114.2430414,114.2430317
71,24,103.963491,30.66467205,1021,103.9748388,30.66471229,1087.243613,,107.1982747,104.7945651,109.7148425,81.45841846,101.4535253,130.7962241,172.1734754,51.97977433,51.97977433,51.97977433,59.73410159,79.98794974,70.20765931,70.93932047,71.31089969,71.31089969,71.31089969,80.77399483,80.77399483,174.7355807,110.47798,135.3682759,135.3682759,135.3682759,214.7641705,135.3682759,113.1411306,97.18378664,67.86436076,79.91989805,73.40041269,76.52154461,74.9284902,75.71663899,75.71663899,75.71663899,145.2347683,99.53942956,145.2347683,153.1179269,161.9059775,181.2072688,181.2072688,181.2072688,181.2072688,181.2072688,181.2072688,181.2072688,181.2072688,181.2072688
72,25,104.0120406,30.64390586,712,104.0085096,30.64330149,344.9470654,,49.87186488,49.87186488,49.87186488,41.95302147,51.2614834,62.61224045,52.73076159,52.73076159,36.16481792,43.48072253,43.48072253,43.48072253,43.48072253,43.48072253,49.37612069,42.61163028,40.44981874,41.77660001,43.88019207,22.11592939,47.48793252,47.48793252,48.57142511,45.97165888,42.41876808,44.54921741,44.54921741,44.54921741,53.20520289,56.01305527,78.59553389,59.13378264,48.41362321,29.92311893,36.98613359,30.94852176,30.94852176,30.94852176,30.94852176,30.94852176,30.94852176,30.94852176,29.99539699,51.91511018,40.05836889,40.05836889,40.05836889,32.31774718,34.6753071,31.18557096
73,25,104.0120406,30.64390586,812,104.0143642,30.64454912,233.7971718,,42.94233768,20.91105139,35.39402096,30.68055232,29.38791266,29.44703292,29.50639153,25.78645277,25.78645277,23.87715797,24.79510439,24.32747506,24.79510439,26.01761417,27.415955,42.43713371,28.97314349,25.58266925,22.39145246,21.74857412,21.25428835,20.20815891,20.78197083,27.45428112,30.14576714,23.41223417,36.91534292,19.7343451,20.36708575,23.65348436,21.04174546,22.27130721,14.97633129,27.86986154,22.93378252,37.46304829,19.48309765,26.6984875,26.27139504,26.6984875,25.85775172,21.45748422,63.52225045,28.31521677,20.70528459,41.61531859,26.42605396,35.36427809,29.6101959,21.30809667
74,25,104.0120406,30.64390586,1300,104.0114083,30.64760226,414.1344437,,231.7436265,231.7436265,231.7436265,71.41959269,68.49390492,60.23773727,70.74182668,70.99447606,74.22608804,77.09807355,36.2158056,100.3962288,54.11557159,59.99533188,100.7354052,81.32094532,81.32094532,81.32094532,67.61109703,44.20240568,53.09415945,53.09415945,53.09415945,53.96865149,81.38013086,103.8943552,87.95775795,91.65270473,91.65270473,91.65270473,91.65270473,91.65270473,89.00799984,97.60288035,93.10750959,58.811992,104.9918308,92.02987638,52.4959154,92.79360977,61.01844465,92.79360977,93.18024983,92.98652792,93.08328805,92.98652792,84.58916297,92.50572887,92.02987638,76.06551007
75,25,104.0120406,30.64390586,1861,104.0136529,30.64204591,257.6165547,,26.91293085,21.95075969,28.5359876,19.30113625,32.72970596,47.23699136,38.36842304,38.50496546,38.50496546,25.27028874,25.27028874,25.27028874,23.17100804,23.59846303,23.59846303,26.76535633,38.64248321,30.91398656,30.91398656,30.91398656,36.94898793,30.84544114,30.77719902,24.0888207,32.88721975,21.70671965,19.71136231,23.46412642,24.57205594,25.20161948,27.82258791,25.20161948,25.20161948,25.20161948,32.27678412,28.30375168,30.15998689,28.30375168,26.51980261,24.94740005,23.96433067,34.47656494,33.78577767,22.84284721,25.03156807,23.88717571,24.61631312,24.61631312,24.61631312,24.05757709
76,26,104.0860338,30.64221009,1079,104.0850152,30.64157585,120.2890328,,21.92610218,21.92610218,21.92610218,21.92610218,21.92610218,21.92610218,19.89161773,18.20262791,17.23887413,16.11313556,22.37935494,27.86817778,15.02308822,28.86936787,15.76125635,37.33107914,30.4529197,33.54303006,30.4529197,16.41686884,21.33321289,21.33321289,22.91287024,24.74517246,27.49463607,18.93073303,20.81925568,20.74445596,24.46556599,20.74445596,20.74445596,18.19497975,18.19497975,16.84386739,17.49337385,21.12392771,15.71834911,25.54811316,19.38987395,22.24523209,17.18414754,21.08963562,19.73599019,18.54563247,18.40767346,18.54563247,18.54563247,17.32162072,17.32162072,14.97115015
77,26,104.0860338,30.64221009,1695,104.0875368,30.6431534,177.9770438,,17.88714008,18.63905041,19.89805459,16.61876626,18.16092284,20.84481034,16.9851435,18.45915752,16.25269509,19.50433357,22.64552395,22.49709823,35.82285545,32.52372374,46.0120185,53.6913987,32.35946251,35.31744736,57.72228448,66.09592342,36.91831505,44.28921826,31.59702038,41.0109584,22.80501839,22.30521698,32.50309995,36.69629769,33.50781848,22.54793443,27.89034798,25.86144733,24.83400611,20.12724684,17.04035526,20.33377841,18.73442566,18.54464132,25.49273307,24.53512858,35.96427309,48.88398678,41.29854056,21.52836818,20.77360586,17.85722847,28.46367649,30.28373736,16.15641752,15.14698245
78,26,104.0860338,30.64221009,1798,104.0857848,30.64258043,47.47870099,,5.549458557,5.549458557,5.549458557,5.549458557,5.549458557,5.549458557,5.549458557,5.549458557,5.549458557,5.549458557,5.549458557,5.549458557,5.549458557,5.549458557,5.549458557,5.549458557,5.549458557,5.549458557,5.549458557,5.549458557,5.549458557,5.549458557,7.24251371,6.238077502,6.238077502,6.238077502,6.238077502,6.238077502,6.238077502,6.238077502,6.238077502,6.238077502,6.238077502,6.238077502,6.238077502,6.238077502,6.238077502,6.238077502,6.238077502,6.238077502,6.238077502,5.687964179,5.950333283,5.816191359,5.882497692,5.849156619,5.857456404,5.861615135,5.859535032,5.860054919
79,26,104.0860338,30.64221009,1816,104.0863831,30.64181519,55.09816775,,5.699810457,5.242243909,12.05795768,12.05795768,12.05795768,13.87086741,12.05795768,10.83898382,11.41602325,14.49157289,19.83534039,23.19922853,21.38581174,21.81205816,21.81205816,21.81205816,11.30218826,11.30218826,10.7800763,11.30218826,19.51017087,14.31293354,16.51225006,15.33413333,15.90140023,15.90140023,15.90140023,18.71258527,17.19283714,17.19283714,17.19283714,14.218882,15.56507758,14.86155666,15.20518375,15.03140658,15.11779579,15.11779579,15.11779579,16.52945033,15.79213899,15.9702307,16.06079137,16.01538301,16.03805505,16.02671102,16.02954552,16.03096314,16.0302543,16.0302543
80,27,104.1747682,30.65471347,43,104.1749113,30.65114609,395.6032631,,63.45319667,53.25428542,53.25428542,53.25428542,53.25428542,53.25428542,53.25428542,53.25428542,53.25428542,53.25428542,53.25428542,53.25428542,53.25428542,53.25428542,53.25428542,53.25428542,53.25428542,53.25428542,53.25428542,53.25428542,53.25428542,53.25428542,53.25428542,53.25428542,53.25428542,53.25428542,53.25428542,53.25428542,53.25428542,53.25428542,53.25428542,53.25428542,53.25428542,53.25428542,53.25428542,53.25428542,53.25428542,53.25428542,53.25428542,53.25428542,53.25428542,53.25428542,53.25428542,53.25428542,53.25428542,53.25428542,53.25428542,53.25428542,53.25428542,53.25428542
81,27,104.1747682,30.65471347,332,104.1831593,30.65487167,804.1917262,,136.2395395,148.4661648,142.0903173,145.2082866,143.6323827,144.4160356,144.0231432,144.2193218,144.1702271,144.1456922,144.1579586,144.1518252,144.1548918,144.1533585,144.1533585,83.43199465,149.1545705,143.0851836,149.1545705,151.774061,150.4529149,151.1106003,150.7810404,150.9456405,150.8632956,150.9044568,150.8838734,150.8941644,150.8941644,150.8941644,151.236056,151.0649167,151.1504379,151.1076652,151.1290485,151.1183562,151.1237021,151.1210291,151.1223656,151.1216973,151.1220315,151.1219479,151.1219062,151.121927,151.1219166,151.1219218,151.1219206,151.1219198,151.1219202,151.1219202
82,27,104.1747682,30.65471347,358,104.1571519,30.65730466,1712.154667,,303.1355804,303.1355804,303.1355804,303.1355804,303.1355804,303.1355804,303.1355804,303.1355804,303.1355804,303.1355804,303.1355804,428.0386668,354.9188177,370.7522888,379.2108772,370.7522888,370.7522888,263.4084103,348.2348475,348.2348475,348.2348475,199.7976273,253.9137714,223.6283647,237.8107278,230.5015983,234.0991248,232.2864333,233.1892563,232.7369693,232.9628933,232.9628933,232.9628933,261.7306497,246.5103105,253.8925776,250.14699,252.0058668,251.0729879,251.5385624,251.3055595,251.3637697,251.392885,251.3783265,251.3856055,251.381966,251.3828759,251.3833308,251.3831033,251.3831602
83,27,104.1747682,30.65471347,634,104.1748633,30.65937538,516.7491094,,82.88451063,69.56238012,91.39636243,79.03344663,79.03344663,79.51730898,79.03344663,79.03344663,92.06111412,79.03344663,79.03344663,90.43109415,84.3489856,83.42138089,83.42138089,83.42138089,83.42138089,83.42138089,83.42138089,83.42138089,83.42138089,83.42138089,83.42138089,83.42138089,83.42138089,83.42138089,83.42138089,83.42138089,83.42138089,83.42138089,83.42138089,83.42138089,83.42138089,171.6536834,82.31401743,111.2700886,94.62644636,102.2755732,98.30243554,100.2496535,99.26649627,100.2496535,124.573446,111.0957444,117.4492066,111.0957444,86.72712326,86.72712326,71.93723101,75.1407369
84,28,103.9776869,30.61166959,12,103.9826185,30.61386248,531.5645307,,48.56934798,48.56934798,58.13566512,153.7054065,53.75371659,66.21565088,68.12099592,75.04440433,59.89459501,49.13048294,112.5942031,205.7669151,122.5705243,122.5705243,62.43498566,93.77964706,87.78129865,57.16601376,40.24463324,63.20833396,64.40495786,63.80103557,64.10157431,63.95095184,64.02617449,63.98854105,64.00735225,65.25437398,64.00264841,64.00029675,93.50036829,64.00029675,60.21498774,44.29704423,106.906833,62.6393555,88.69674672,88.69674672,88.69674672,88.69674672,41.1091796,88.69674672,88.69674672,88.69674672,40.41462113,110.9352064,116.1977874,91.53398197,114.2467051,93.57972712
85,28,103.9776869,30.61166959,118,103.9721097,30.60924975,598.1445228,,50.96616052,54.14887549,46.70976751,44.53609684,45.59704144,45.59704144,49.60138859,54.3767748,56.54727632,57.69882857,57.11724886,57.40656577,57.26154187,57.40656577,207.0500271,60.31709474,60.31709474,60.31709474,60.31709474,46.06032689,46.06032689,46.06032689,46.06032689,46.06032689,45.54881612,49.90956101,71.77734274,50.10634746,52.59330766,51.31971562,51.94870686,51.6322957,51.94870686,51.94870686,58.09317307,54.84939408,54.84939408,52.90142632,51.08707668,41.01562442,51.92894571,56.77838582,55.76142292,56.77838582,63.82099236,56.77838582,52.07546027,54.23980559,63.74961361,69.64917354
86,28,103.9776869,30.61166959,229,103.972055,30.62091828,1158.521852,,156.9891593,120.784207,98.59760443,174.7491061,145.1175597,127.2259495,148.3259558,279.9113199,279.9113199,279.9113199,279.9113199,281.8026126,279.9113199,195.8065102,195.8065102,195.8065102,241.9187162,193.4227788,214.9695853,209.145029,209.145029,209.145029,262.3068344,232.7286187,246.6340819,239.4796639,243.0042251,241.229071,242.1133942,241.6704237,241.8917061,241.7810142,241.8363475,241.8086777,241.8363475,241.8225118,261.4845559,140.6636987,182.9245029,159.0344582,170.1449737,167.2243044,165.8012514,166.5097375,166.1547392,166.332049,166.332049,166.332049,195.5005626,187.2896369
87,29,104.064657,30.61877337,456,104.0695764,30.61879884,471.5487556,,50.97824385,61.69262944,54.95550405,53.57832092,65.41716841,73.38222711,103.6687341,97.5618115,77.69224349,60.94056164,54.65031856,48.74588715,46.50891836,57.20557776,111.9280562,70.73231334,73.00192446,45.33584476,111.3894698,105.1455881,164.8131573,99.56454664,66.31154376,103.0394853,58.06985816,73.57912472,221.9052968,56.11819901,62.41086471,54.58442187,98.80069166,134.1956933,65.54345638,117.8190066,138.3893087,105.0046713,99.18883139,93.9834198,70.24450427,113.3606357,88.87829948,88.87829948,88.87829948,65.41716841,51.75535122,34.59732717,76.74392044,75.4478009,237.4231497,98.9221947
88,29,104.064657,30.61877337,563,104.0645381,30.62255535,419.311019,,61.13395709,66.67093283,51.24736708,70.56152244,47.26961898,53.38545169,63.90705548,59.09546047,73.8737223,75.6057545,70.52024562,78.16104519,83.54264178,57.36574966,44.06771856,51.84895225,65.66432265,46.64246167,39.03846042,56.07130634,52.68829558,79.50818417,55.10685648,77.31456142,71.8197074,64.57985108,63.97659974,53.38707934,41.40882839,40.83796447,53.91708029,53.67004351,57.90102556,42.2678855,40.13612519,45.17478398,54.3737788,45.28797363,66.13793666,54.07781,41.20488553,49.08141672,49.38572787,48.45451536,47.01598263,48.10962504,64.7096384,41.44556807,56.63128831,47.06463319
89,29,104.064657,30.61877337,762,104.0600781,30.61857201,439.4701222,,46.21232213,49.19441666,55.67480726,63.64008206,51.80677095,44.59739084,48.4412872,64.24740873,46.89070658,42.07692659,56.54001573,51.26676733,50.8893208,79.57483695,89.52827066,60.84970923,81.13294564,59.58916911,87.4084221,87.57590681,87.74403464,104.0850289,55.94825917,70.50322816,84.66855563,70.00409026,53.06067433,67.13263535,67.13263535,67.13263535,106.8981378,50.59997142,67.75556488,71.58789321,64.31270081,63.32591488,71.49084681,40.35950102,61.71282566,52.32940816,62.6985115,86.75481972,61.35538547,40.25680509,61.35538547,61.97182646,62.60078,68.87737535,76.55285998,77.40178277
90,29,104.064657,30.61877337,1059,104.0646499,30.61653136,248.4815623,,16.751566,16.751566,16.751566,16.751566,16.751566,20.16986751,14.91510837,26.72909236,16.32360628,21.44062787,15.72115333,25.60312002,20.44181043,18.33060705,22.22443787,25.60199268,20.47768694,28.58696003,18.37768103,23.40543996,27.67847223,19.39368291,24.0951818,23.14446635,20.22001863,20.56828986,18.06408773,32.01623566,23.9821347,16.50154262,19.95242285,21.38327389,22.1145519,23.26485369,22.52602859,21.11962911,19.87852498,15.61140706,23.46317703,27.82375192,25.79765319,23.17444622,22.14192139,23.41200325,23.65448103,30.01790686,22.62732608,22.62732608,23.15730536,22.56786186
91,30,104.0705271,30.5936291,483,104.0720858,30.59244763,198.6988912,,55.88406315,22.699437,55.88406315,24.49712357,25.18718339,20.02284138,33.27051201,23.01901877,30.35823908,33.6619298,65.62532186,41.05113391,19.30156525,25.90551411,26.87263708,25.90551411,25.90551411,39.30307738,31.49210606,26.86212517,31.10069601,31.10069601,31.10069601,31.10069601,31.10069601,31.10069601,31.10069601,31.10069601,31.10069601,31.10069601,31.10069601,31.10069601,31.10069601,31.10069601,31.10069601,31.10069601,31.10069601,31.10069601,31.10069601,31.10069601,31.10069601,39.90605346,46.48682426,42.94580163,44.64621078,43.77950132,44.2086085,44.2086085,64.73448039,58.00196319
92,30,104.0705271,30.5936291,654,104.0684365,30.59321293,205.6812406,,42.07116285,42.07116285,42.07116285,42.07116285,42.07116285,42.07116285,42.07116285,42.07116285,42.07116285,42.07116285,44.33847103,43.17507091,44.33847103,65.52676692,44.33847103,44.33847103,27.78433269,44.33847103,44.33847103,44.33847103,40.4618834,42.31156949,41.36605956,41.83347266,41.59845316,41.7156319,41.65696012,41.68627536,41.67161259,41.67894269,41.67527731,41.67894269,41.67894269,55.05222797,47.44114309,50.96408865,49.13955445,50.03519417,49.5833301,49.80823732,49.69552925,49.75181945,49.75181945,55.53393498,52.48410519,53.96596495,52.48410519,50.54283045,50.54283045,31.17694594
93,30,104.0705271,30.5936291,1126,104.070717,30.59686374,358.9538853,,100.9557802,52.62342528,85.01539389,55.22367466,56.18408639,48.46634738,66.09892517,53.09641447,62.78695352,66.52427218,77.37928066,74.1597697,48.07418107,62.27633673,50.39177137,48.51183433,40.87731078,56.36789475,59.44274573,51.55188778,56.18408639,83.36993465,63.18992602,66.73900514,49.91729549,77.26361657,63.3836413,63.40307818,63.39335825,56.68858398,61.38802852,54.48369183,61.04711987,69.54839336,64.15808167,74.74117182,67.77498626,64.38395727,57.2296406,64.27598332,59.55025481,75.54385053,76.27641874,74.88724321,67.90843693,78.60328791,85.27309862,62.0222696,71.69120594,58.97574347
94,31,104.1427297,30.60890084,63,104.1392625,30.60626466,442.5338513,,50.27603518,53.82168462,51.44080932,54.55896797,61.23711672,102.1231965,48.99400916,55.31673141,82.33187931,82.33187931,68.96631449,82.33187931,68.96631449,82.33187931,82.33187931,82.33187931,104.4670075,82.33187931,82.33187931,81.38553587,67.64848682,67.64848682,81.38553587,81.38553587,51.04796363,81.38553587,81.38553587,81.38553587,42.2019037,42.2019037,42.2019037,42.2019037,42.2019037,42.2019037,42.2019037,42.2019037,42.2019037,42.2019037,42.2019037,42.2019037,42.2019037,42.2019037,42.2019037,42.2019037,42.2019037,42.2019037,42.2019037,42.2019037,88.75330722,69.56864038
95,31,104.1427297,30.60890084,284,104.1369858,30.61186495,641.1616517,,85.52781644,60.50280331,60.50280331,60.50280331,60.50280331,60.50280331,60.50280331,60.50280331,60.50280331,60.50280331,60.50280331,60.50280331,60.50280331,60.50280331,60.50280331,60.50280331,60.50280331,60.50280331,60.50280331,60.50280331,60.50280331,60.50280331,130.5902091,62.38329584,62.38329584,62.38329584,62.38329584,62.38329584,62.38329584,62.38329584,62.38329584,62.38329584,62.38329584,62.38329584,62.38329584,62.38329584,62.38329584,62.38329584,62.38329584,62.38329584,62.38329584,78.46510864,90.07539302,83.87035082,86.86219788,85.3400604,85.71557151,85.90456903,85.80996622,85.83359739
96,31,104.1427297,30.60890084,336,104.1463549,30.60674406,421.783258,,57.29885769,46.21110004,42.43124351,42.38858665,40.27066295,38.61908657,38.61908657,40.45523256,37.57302144,37.35308864,33.55590604,43.78947887,48.98128157,42.47327913,41.44912818,39.80130351,37.36498871,50.21644411,51.34132642,39.80130351,41.97428414,41.97428414,47.1558922,47.1558922,47.1558922,47.1558922,47.1558922,47.1558922,47.1558922,47.1558922,47.1558922,47.1558922,47.1558922,47.1558922,47.1558922,47.1558922,47.1558922,46.29328441,46.72060704,46.50596413,46.50596413,44.01216605,45.2247127,44.61020136,44.91535526,44.91535526,66.7926567,53.71174102,59.5422233,57.96906808
97,32,103.9354466,30.74137286,64,103.9412759,30.75449343,1557.607396,,52.67624824,52.67624824,52.67624824,52.67624824,52.67624824,70.66649812,106.9431651,91.81148793,83.56760992,82.2046784,80.88549045,75.03193523,101.9872525,100.1878124,108.6176586,78.38387735,78.38387735,78.38387735,108.6439647,99.22821847,95.03944451,97.08867259,120.3796302,101.6514284,128.7269412,100.176451,99.45489825,99.81437061,99.6343102,99.72425913,99.67926437,99.70175666,99.69158696,112.9490976,116.6630052,153.9878949,80.39263979,71.61413315,134.7588169,125.5523099,85.87204828,82.38931323,85.887599,74.86822873,66.8903804,81.35463304,80.04709033,80.79629218,83.43290702,140.6708331
98,32,103.9354466,30.74137286,439,103.9540216,30.72742297,2356.527401,,75.61050484,75.61050484,75.61050484,75.61050484,75.61050484,75.61050484,385.6135747,385.6135747,385.6135747,350.1960224,320.7371888,227.6430763,274.7691868,274.7691868,274.7691868,274.7691868,274.7691868,274.7691868,274.7691868,276.2679685,276.2679685,276.2679685,275.6620193,340.7027568,304.7507371,321.7254759,313.0081363,317.3069448,315.1428814,316.2212106,315.6811252,315.9509372,315.8159736,315.8834409,315.8497036,315.8665714,315.8581372,315.8581372,315.8581372,254.9784908,282.1719111,204.5448739,277.5030223,235.5028251,254.7836289,244.7641125,247.1943786,248.4276997,247.8095047,247.9637648
99,32,103.9354466,30.74137286,732,103.9313093,30.70607506,3932.226913,,329.4012074,208.4935473,183.8443752,193.3089838,183.5662445,183.2494095,374.8283377,173.3956013,174.1207489,164.7964713,170.6743722,165.6269762,368.4064252,219.1333883,339.472827,162.9313281,163.4643982,165.6643287,165.6643287,160.9824499,160.3577276,159.7203756,166.2551656,165.682582,167.4642356,166.605363,164.1696667,164.8844481,164.167386,162.7961777,163.9279246,164.0827373,162.6136486,164.4256045,164.3322815,440.3115672,165.5631448,164.6154903,164.6140699,165.9102291,145.1402962,145.1402962,145.1402962,145.1402962,145.1402962,145.1402962,145.1402962,145.1402962,145.1402962,145.1402962
100,33,104.0422933,30.7410774,81,104.0489107,30.74097516,633.6067313,,62.8370312,62.8370312,48.08398909,53.34387822,30.97760389,49.51933205,54.0677744,54.25532367,46.84547457,56.68609461,36.11056833,34.70497121,56.1287745,66.89103322,61.5442626,56.10127238,39.7788269,120.0518017,41.54798238,64.52572087,64.52572087,64.52572087,64.52572087,64.52572087,40.04068284,49.41652066,44.23726997,46.68368361,45.42756392,46.04705892,45.73521371,45.89060654,45.81277836,45.85165942,45.85165942,45.85165942,47.42170962,46.62347037,47.01920233,46.82050017,47.01920233,53.29402413,49.960361,49.960361,49.960361,46.40863139,46.40863139,43.8650814,45.10102289,44.78555372
101,33,104.0422933,30.7410774,151,104.0434242,30.733702,824.5702416,,71.87537215,71.87537215,64.11345291,53.10291359,49.50171545,65.8193541,86.94213427,67.6185164,91.57181088,77.8100359,52.35751369,42.83739335,47.64771862,45.70952706,48.11106758,56.70848434,51.76781636,76.30984241,54.07017978,61.08975207,66.55723923,66.55723923,53.09104171,77.06692662,109.1342967,64.10768368,56.86555149,65.73606481,77.42443583,71.10310049,59.51940589,66.05940738,63.9064127,59.87466568,55.78381081,64.15482946,61.71419688,76.27062872,87.8457076,75.96484354,105.6790467,77.8780814,74.087842,83.95871078,85.03547313,131.6387082,45.56335947,45.56335947,45.56335947,45.56335947
102,33,104.0422933,30.7410774,165,104.0400009,30.74081135,221.4271661,,21.95971895,21.95971895,21.00494856,16.70710606,10.82577363,20.49197424,20.90853241,21.75000813,16.37113396,22.72666566,12.61959575,12.12838034,22.97227083,23.37647501,64.15595959,40.63574161,13.90154567,48.82926787,14.51981417,13.53949551,14.89281267,17.95355401,9.997547634,29.00887412,20.9727112,28.54167617,26.13566551,26.13566551,26.13566551,26.13566551,26.13566551,26.13566551,26.13566551,26.13566551,26.13566551,26.13566551,26.13566551,26.13566551,26.13566551,26.13566551,26.13566551,21.0604438,23.32517331,22.13503084,22.71452318,22.42103326,22.49369241,22.53019887,22.51193084,22.51649507
103,33,104.0422933,30.7410774,193,104.042756,30.74664014,618.1188471,,59.26039546,59.26039546,48.06107666,39.80729606,33.31179416,49.33986363,54.38676095,50.68856149,40.00259795,58.328384,37.12967525,33.40294804,35.71794301,65.25594867,36.06528119,36.06528119,36.06528119,36.15317384,36.15317384,35.98751239,35.82336221,31.66832803,35.82336221,35.82336221,43.15244698,39.14782905,41.05270842,40.07764691,40.75508882,40.75508882,40.75508882,40.75508882,40.75508882,40.75508882,40.75508882,40.75508882,40.75508882,78.49128217,78.49128217,104.7576861,157.4453668,169.2383476,175.8231031,172.4678974,172.4678974,172.4678974,150.8512833,134.0498705,134.0498705,38.29996299
104,34,104.1146272,30.76027681,2,104.0732399,30.76099259,3962.074577,,377.3404359,342.1008779,312.8811292,312.8811292,301.4735742,234.211305,1320.691526,269.6307841,368.2478953,265.6139381,256.1021772,333.6369084,444.3448124,257.3762215,262.4426483,258.543741,306.8072376,262.4426483,268.3986004,290.5314414,266.1337061,266.5085302,319.399486,1273.523971,266.3678475,325.2168378,266.3795654,312.3006187,271.366366,304.666468,398.6993285,292.9846315,385.4882953,356.453042,405.8787882,378.2159358,406.2445545,633.2283453,902.7511694,329.7199681,362.2437863,406.3647155,406.3675773,475.6754613,579.2723843,574.2137068,340.8236195,318.3809928,390.7799583,1048.784447
105,34,104.1146272,30.76027681,50,104.127086,30.77857558,2352.605615,,203.9585843,186.4988762,171.7927021,178.8439797,175.2474406,175.2474406,175.2474406,160.709302,263.8436204,213.7652755,263.8436204,321.4186039,289.7991519,196.7335706,261.4006239,261.4006239,261.4006239,509.1811753,243.3729947,243.3729947,196.5053414,198.3461408,189.8964174,200.2217545,200.2217545,200.2217545,262.3259358,227.1046217,234.6088702,234.6088702,234.6088702,216.7467745,184.7193067,201.4121335,192.7048968,196.9623306,194.8103557,196.9623306,195.8804328,264.5303554,134.7340155,311.9477059,339.1143229,324.9642288,339.1143229,331.8885217,181.4543163,199.8673797,221.7115239,272.3273381
106,34,104.1146272,30.76027681,750,104.1054866,30.72778795,3705.554474,,400.6004837,482.5561293,971.35894,553.5268094,553.5268094,553.5268094,553.5268094,596.2961223,684.1023644,587.9240241,515.4558001,700.6300476,687.083793,360.5404353,592.8155287,578.6022406,937.2362606,652.322548,867.6420232,803.6142233,766.6664429,1392.483936,707.9603697,646.4315293,426.0742078,505.941698,466.8415085,507.438567,627.469243,616.5525915,609.6890359,623.5724391,604.0101729,569.2743716,493.7082201,504.4839155,683.6015576,751.1259069,429.7679158,535.9273,711.7375972,550.3731203,448.6545776,1121.008076,516.2537193,378.1713992,312.2658265,532.8893252,517.7230054,355.7332295
107,35,104.1675722,30.75834783,19,104.1588451,30.73807002,2397.625728,,182.1758247,189.5980806,272.6080575,314.3472882,197.318534,129.556811,194.5116084,193.5879756,191.5440249,178.8163096,136.1159491,157.2900005,135.7146638,145.7239999,194.0450007,193.5900956,193.8172813,193.7036219,193.7604349,193.7462285,193.7391261,199.3547494,286.283669,193.7417894,193.7413456,150.6983131,193.7414565,193.741512,193.7414842,200.8222724,146.2269594,166.7846419,200.9618871,126.4501575,193.7414934,193.7414936,343.4264969,189.5633812,323.8312691,329.9432394,326.8586847,338.064549,328.0086104,327.8163945,338.4480497,349.601148,246.7096988,327.8824434,327.8794405,327.8801912
108,35,104.1675722,30.75834783,51,104.1374701,30.77433248,3382.064279,,258.9599022,269.5269644,384.5379046,443.4148008,414.4827712,182.7514017,274.375919,286.9977569,403.8285706,332.9815683,192.0036492,306.3563586,162.2816107,205.5566593,403.8285706,403.8285706,403.8285706,325.9380331,403.8285706,403.8285706,403.8285706,484.4336103,403.8285706,403.8285706,403.8285706,218.9825792,403.8285706,403.8285706,403.8285706,484.4336103,206.2661283,403.8285706,340.5715078,196.9979576,403.8285706,403.8285706,403.8285706,234.2430156,432.135986,447.8319597,461.063238,484.4336103,462.6853105,462.4141729,484.4336103,442.4334453,348.0059669,462.5073407,462.5031049,462.5041638
109,35,104.1675722,30.75834783,67,104.190672,30.73707999,3231.919547,,255.5718917,257.5614751,307.0403528,325.0731651,316.5962005,228.1261786,206.5215952,237.8149446,262.0659758,240.3460029,190.6483342,247.2367589,188.0745756,214.1988973,310.7165417,311.4495149,311.0825965,311.2659476,311.1742451,311.1742451,305.8464938,394.5629677,363.590949,363.590949,363.590949,261.5076314,387.4389931,312.2545047,345.8073321,328.1755336,336.7608036,332.4127446,334.5726481,333.4891991,334.030045,333.7594029,333.8946691,333.8270224,333.8270224,331.5429476,329.2899161,251.6789985,361.4823022,296.7490078,325.9325799,310.6569123,310.6569123,260.6581368,312.2767266,301.8507848
110,36,103.9945272,30.71275996,386,103.9917914,30.7107053,347.1260675,,50.38926786,51.32048637,52.28677167,52.28677167,57.85434458,57.5877347,57.5877347,57.5877347,57.5877347,57.5877347,57.5877347,57.5877347,57.5877347,56.16421766,50.73019661,54.80937908,52.69095613,53.72929458,53.20505984,53.33515714,53.40044465,53.36778091,53.38410779,53.3759431,53.38002514,53.38002514,53.38002514,56.16421766,54.73673968,56.16421766,56.16421766,72.83577768,64.08481246,64.08481246,64.08481246,53.71005055,58.44055385,53.71005055,53.71005055,52.39638755,53.71005055,100.239613,57.72073178,53.48019299,55.51960799,54.48082149,54.73685675,54.86577893,54.80124201,54.86577893
111,36,103.9945272,30.71275996,565,103.9980882,30.70975652,476.5458367,,44.44468943,44.16274739,55.87022226,52.66508096,57.70646151,47.72086265,63.69531306,47.72086265,52.59780313,60.40721874,60.40721874,60.40721874,60.40721874,60.40721874,60.40721874,60.40721874,60.40721874,60.40721874,60.40721874,60.40721874,60.40721874,60.40721874,60.40721874,60.40721874,60.40721874,60.40721874,60.40721874,60.40721874,60.40721874,60.40721874,60.40721874,60.40721874,60.40721874,60.40721874,60.40721874,60.40721874,60.40721874,60.40721874,87.75268604,160.3331787,163.9074852,114.8815857,99.93582593,106.8887858,103.2954348,105.0613939,104.6142674,104.3921282,104.5030798,104.4753198
112,36,103.9945272,30.71275996,673,103.9922205,30.71446713,290.8539716,,16.42469487,16.42469487,16.42469487,16.42469487,18.08418476,20.11670121,39.09911493,25.55917732,24.73403853,15.93720392,49.6243743,53.18955067,51.34514946,27.26755984,22.13687733,24.43580625,23.22960173,23.81744209,23.22960173,21.70852034,22.44331798,22.44331798,22.44331798,23.74318136,26.07906097,119.4381328,28.92470436,22.95376612,28.92470436,68.88646696,28.92470436,25.43912288,27.07017316,19.6265098,31.53838246,24.19582433,27.38344028,24.19582433,25.69113443,21.63376648,38.26093658,19.01466642,18.48321797,18.74517615,18.61327542,18.74517615,39.89698849,57.29544721,25.21045661,16.71307738
113,37,104.0557493,30.71706744,802,104.0496414,30.7228819,870.2509514,,106.3262659,104.5469375,151.4943629,66.23474472,98.29230575,103.9536599,67.76437478,96.99391409,89.38914842,81.12827168,108.2551287,132.688384,114.9408129,98.85811152,117.3372069,112.6943678,114.5136799,152.8245573,93.97535583,121.7843897,151.6410177,110.1196283,165.2157376,102.132141,146.6257453,191.4197612,99.12944257,124.3215645,52.87600717,52.87600717,52.87600717,52.87600717,52.87600717,52.87600717,52.87600717,52.87600717,52.87600717,52.87600717,52.87600717,52.87600717,52.87600717,52.87600717,52.87600717,65.88650736,65.88650736,83.99204893,78.5927482,76.14530579,77.34967179,77.04502265
114,37,104.0557493,30.71706744,907,104.0579489,30.71528136,289.0479444,,22.63207684,25.7355136,25.7355136,52.35115048,29.64594302,45.04643289,22.09283651,34.0445804,52.20809532,26.17792704,37.5234654,27.24012041,31.28365576,23.6463543,29.94453525,36.82139419,31.3582903,29.27067791,33.56685806,64.9140736,29.45711535,42.33411716,56.23956762,42.33411716,41.96327277,38.65904395,58.56194723,42.97913446,35.52368469,27.73473529,32.6454149,29.82651666,30.3030364,88.18411863,32.6881445,42.71644499,20.31872296,77.9455131,40.02202307,47.10604798,34.1768973,24.85938921,56.24716756,34.25753415,25.05391493,33.13925477,24.59982506,47.86992984,29.43498183,41.18361213
115,37,104.0557493,30.71706744,1211,104.0517543,30.71381514,525.6174909,,35.56810089,41.33747607,41.24174837,58.71909906,41.146463,39.58625454,39.83627299,44.4880008,38.96135142,38.12403561,37.72374337,46.81788785,39.81112912,35.67539531,42.1430505,44.99935713,48.27099406,52.27135269,39.27131721,38.44679242,57.47070516,37.85707837,40.40333738,46.36538716,36.38890322,46.00217911,59.1782007,40.34590548,35.13580797,37.71515026,39.48529262,39.93904011,44.68058955,40.40333738,42.43445264,39.23448095,44.95659224,45.02315057,37.21185776,43.07888588,56.34011386,39.75258335,39.47417902,39.19964715,36.80344755,38.98811059,39.92967574,50.69100945,53.93374794,51.46105432
116,38,104.0894112,30.69807885,314,104.1056755,30.69638434,1568.99986,,238.1616091,238.1616091,238.1616091,238.1616091,289.0438974,367.5748044,508.8648195,432.2754715,449.1768983,458.1331121,453.6108012,455.8607412,453.6108012,362.0768908,402.7080219,402.7080219,402.7080219,412.291934,323.3816505,341.8093492,351.8338642,346.7491698,349.2730123,346.7491698,307.9020791,276.8823282,264.5620373,303.5413971,437.860426,335.8810403,668.4496445,213.5500755,296.5039106,296.5039106,296.5039106,296.5039106,296.5039106,251.0399776,293.169524,293.169524,293.169524,296.3742631,298.003051,297.1864253,297.594178,297.3901618,297.3901618,231.4917826,275.0397417,266.0156749
117,38,104.0894112,30.69807885,594,104.0869352,30.69443168,468.6458284,,64.51720773,95.31779561,76.94982815,56.67833086,97.8043468,134.1650085,134.1650085,193.3667601,95.58781769,71.79255244,70.59100344,137.1646327,106.0926026,111.0994814,75.6558288,86.96520527,72.40879752,65.58308969,71.58946175,79.31413618,134.9699986,110.2696067,82.45967655,89.50265158,112.869145,104.1435174,115.3984256,94.85843271,98.39266569,88.1465508,102.2004472,198.1938305,93.00578733,127.4263582,79.20774565,107.5972565,83.10960504,84.06385309,149.9666651,116.1531829,94.78230237,180.4411746,98.87530744,127.2768218,107.1190465,107.1190465,48.42494208,137.1646327,66.4222434,75.20616564
118,38,104.0894112,30.69807885,824,104.0921312,30.70228545,534.061291,,37.38688668,42.23992634,42.6011052,40.9213334,48.68763598,42.19357675,42.46401326,41.09920153,47.5778433,46.14751029,40.8995706,36.09425496,39.31739566,42.07047369,42.88748329,45.68709954,41.03292821,37.99645549,47.74255186,43.91367758,45.6340756,34.36933585,42.56410555,43.72076515,50.24039652,46.82466263,48.47242948,50.44041926,36.78483382,41.44216947,39.07765544,42.11984832,42.82005897,43.37741829,43.43269535,39.55105332,53.62958571,39.75642365,39.82230007,124.4414659,39.94640863,44.63137949,42.03598027,43.35806873,39.22714915,39.9990426,41.16960701,39.09354712,47.02061366,47.17508643
119,39,104.1766587,30.70212293,155,104.1857165,30.70246353,868.2777382,,82.23384601,80.88946027,82.98828495,83.756695,98.295593,61.17946123,98.295593,98.295593,105.0689028,122.9016982,105.0689028,72.35647818,85.69704887,78.53768486,78.53768486,78.53768486,78.53768486,87.31284518,57.24908164,78.55961663,99.91901517,106.9563681,103.3179956,105.1057045,104.2041832,104.6530024,104.4281105,104.5404355,104.4842428,104.4842428,104.4842428,73.03270695,73.03270695,73.03270695,66.52997214,118.3268085,66.01478052,73.11812532,73.11812532,85.97484873,85.97484873,86.69875781,87.43496105,79.8416311,100.6293717,83.633441,63.79183383,73.89597772,68.47316227,69.75285596
120,39,104.1766587,30.70212293,389,104.1769595,30.69629187,646.8891553,,61.52710592,59.70555506,60.70514067,57.21518234,66.88462284,61.90532538,66.46714238,72.84189656,74.04772525,74.52163069,85.35986117,68.34589557,59.09740499,69.27830238,65.04122215,69.19963121,76.35412981,65.16754271,58.51365654,64.02201949,79.21091698,52.05963396,53.94307658,58.80810503,62.14957155,62.02792511,62.08868874,62.05829206,62.07348669,62.06256363,74.38302099,59.52053885,59.90200089,62.27196783,66.43577535,68.39258225,72.43450029,83.17146282,83.98560903,64.48976876,63.1111371,58.29421435,54.6366397,54.92291752,56.2116293,59.35924877,58.01113948,63.06682234,93.15203836,60.96311324
121,39,104.1766587,30.70212293,411,104.1692364,30.7015895,713.2862675,,67.78855763,54.21939533,90.41656912,87.34117561,98.38431276,92.5344347,95.36975164,92.5344347,56.25039568,72.74307544,72.74307544,80.70708945,110.8735131,90.629314,71.92802697,80.20293272,75.84043012,77.9607002,76.88595035,76.88595035,76.88595035,68.53640292,72.47147847,55.88314609,119.0647865,76.06508704,92.82713287,83.61431857,87.98020417,85.74172068,86.84654049,86.29059435,86.56767486,86.42891253,86.49823804,86.46356138,86.48089625,86.47222796,86.47656189,86.47439487,86.47547836,86.47547836,225.248295,123.8503487,123.8503487,123.8503487,123.8503487,123.8503487,123.8503487,123.8503487
122,40,103.9895242,30.6706359,86,103.9894492,30.66832512,256.210622,,31.49772018,32.73869756,73.20303486,73.20303486,73.20303486,73.20303486,73.20303486,73.20303486,73.20303486,73.20303486,73.20303486,73.20303486,73.20303486,73.20303486,67.08059921,41.08499952,61.90323753,49.38999942,54.94315647,53.44099883,52.72030661,53.07820645,52.89865116,52.9882767,52.94342601,52.9882767,52.9882767,55.01142579,53.98090152,53.98090152,53.98090152,42.90038322,47.80699116,45.22098131,46.47804303,45.84089593,46.15727082,45.84089593,45.99853938,39.67132212,57.24488684,53.08536628,53.08536628,53.08536628,53.08536628,53.08536628,53.08536628,74.68487767,53.08536628,52.63099796
123,40,103.9895242,30.6706359,142,103.9917117,30.6703629,211.7407755,,35.64770656,33.82840793,37.67381179,35.64770656,35.64770656,35.64770656,17.93568922,25.69438624,25.69438624,19.54530235,22.20194539,20.78909432,22.20194539,25.49387264,25.53657594,25.51520642,25.53657594,27.99878023,31.24044229,63.78801605,20.94139538,30.32087477,36.70626605,37.98671719,30.28874669,22.32113592,22.23432548,28.57071933,20.11258026,31.18566653,51.15884509,16.55302479,33.07014281,26.51362754,43.93468541,33.07014281,33.07014281,33.07014281,15.4461356,33.07014281,35.4778427,31.54207414,33.07014281,32.28803919,93.33879083,25.73052462,27.53522427,37.92372099,36.01260433,36.01260433
124,40,103.9895242,30.6706359,832,103.9882345,30.67074127,124.1066729,,13.70503136,13.30638407,22.08158266,15.942338,16.6529221,23.57699327,12.95026152,20.76857745,59.17669171,59.17669171,59.17669171,59.17669171,59.17669171,59.17669171,59.17669171,59.17669171,59.17669171,59.17669171,59.17669171,59.17669171,59.17669171,59.17669171,59.17669171,59.17669171,59.17669171,59.17669171,59.17669171,59.17669171,59.17669171,59.17669171,59.17669171,59.17669171,59.17669171,59.17669171,59.17669171,59.17669171,59.17669171,59.17669171,59.17669171,59.17669171,59.17669171,59.17669171,59.17669171,59.17669171,59.17669171,59.17669171,59.17669171,59.17669171,59.17669171,59.17669171
125,41,104.0136726,30.6339832,798,104.0191596,30.62797015,848.9314547,,99.87428879,78.49708657,75.69419782,121.9615525,150.8838922,382.0191546,382.0191546,382.0191546,382.0191546,382.0191546,382.0191546,394.3423532,388.0829507,389.6290979,390.4068007,390.0175616,390.2120841,390.1147986,390.1147986,158.3499086,328.6186276,328.6186276,328.6186276,328.6186276,154.3511736,210.044896,177.9419643,192.6652947,185.0111683,188.7606709,186.867113,187.8091192,187.8091192,187.8091192,212.2328637,187.8091192,199.2754205,147.8783824,399.4971552,280.3810309,280.3810309,280.3810309,280.3810309,280.3810309,280.3810309,280.3810309,280.3810309,280.3810309,280.3810309,280.3810309
126,41,104.0136726,30.6339832,952,104.0160584,30.63558542,289.5094766,,21.9648918,37.26701248,27.63935777,31.73914323,27.63935777,27.63935777,25.57629732,26.56783726,26.31281397,26.18712952,26.2498213,26.2498213,26.2498213,27.25825052,27.7920895,27.52258162,27.656679,27.58946737,27.6230323,27.6230323,35.61164404,31.40948793,29.26449583,33.89379238,31.40948793,28.99121323,48.54051105,43.12692892,23.47374135,33.03436183,33.03436183,33.03436183,33.03436183,33.03436183,33.03436183,37.89942239,31.58285199,34.45402036,32.95601947,32.95601947,32.95601947,35.03307952,38.31743073,35.69294917,35.69294917,35.69294917,35.69294917,26.80988079,30.62017233,26.80988079
127,41,104.0136726,30.6339832,1111,104.0122447,30.63565466,230.317022,,23.22524592,23.22524592,23.22524592,24.95534324,29.14380595,26.96394404,28.0115297,27.47775573,27.47775573,27.47775573,26.15587632,26.15587632,22.62322726,23.52173842,23.52173842,23.52173842,23.52173842,23.52173842,28.83969667,27.29683224,25.91066498,25.91066498,25.59078022,25.59078022,25.59078022,22.87286287,25.59078022,25.59078022,27.09612024,25.59078022,25.51203936,25.55134913,25.53167911,25.54151033,25.54151033,25.54151033,36.65522897,28.78962775,28.78962775,28.78962775,19.97930793,28.78962775,47.37950167,35.81603798,35.81603798,35.81603798,27.43230039,24.55805344,25.91572664,26.38739029
128,42,104.110012,30.64971387,642,104.1133584,30.64805452,369.6500203,,31.12842276,28.86637903,33.77512876,39.053267,32.46838798,44.9574349,37.33373023,30.73302709,27.22741838,27.22741838,27.70210925,28.19364562,39.02463557,39.02463557,36.66960797,73.93000406,34.58264223,29.21493025,33.02904128,31.60902786,41.07222448,35.72456572,30.52156131,56.99100955,40.10669298,36.72020069,44.18127733,114.2266157,51.45939958,41.00893908,61.60833672,41.00893908,38.7218256,36.67634561,32.20181665,34.29374181,33.6896221,33.6896221,33.6896221,33.6896221,33.35188153,33.43568023,33.47773769,33.45669574,33.46721341,33.45669574,31.59401883,32.49868913,38.34985801,33.16486163
129,42,104.110012,30.64971387,1172,104.1061061,30.65160594,429.010321,,65.69277565,74.34113866,54.42193241,46.2406334,60.80461243,50.0400841,56.3109887,54.12747041,68.48222186,56.2841529,56.36631955,102.0553187,96.30843939,64.89231746,77.83999895,62.37000124,60.03642976,52.67520995,70.89219729,59.93934626,81.01482458,78.05819557,52.66214727,75.25681864,94.50227352,60.21197488,67.38916585,56.32520626,70.27112676,73.32639314,78.47749774,80.57932984,71.78292105,52.65126667,57.20137613,51.09800349,137.2833027,78.39782516,82.70078477,79.69231969,67.92179642,124.8030025,97.44083001,53.16479021,68.79452809,101.0261426,74.25178633,59.23057164,67.73847174,96.64813239
130,42,104.110012,30.64971387,1726,104.1119814,30.653166,426.6043255,,122.163966,109.758562,108.5058828,109.8885383,113.2449372,93.12072032,52.0014302,138.4413076,98.19536904,83.83054431,163.9618048,115.4718475,130.1504722,118.4620276,113.2449372,65.56139047,63.77238025,134.9802748,117.9304104,153.5775572,116.2665608,152.4763392,106.2207889,93.43974031,140.2534769,86.84875997,162.5941414,131.9678257,176.1210518,129.1402486,125.3353296,131.9394821,106.4047741,123.6534277,161.5795942,109.5417669,138.3581596,110.9171246,93.52479445,190.4837919,124.0635028,132.1665724,120.2172659,118.1365824,123.6866232,135.0963733,125.7687002,101.3537196,118.4022285,119.0523699
131,42,104.110012,30.64971387,1876,104.1079039,30.64564358,494.2698699,,25.17503582,27.56151691,27.56151691,27.56151691,31.38221396,29.3480378,29.3480378,29.3480378,28.77379579,32.27006768,28.22159447,27.8679958,26.09814508,29.28738805,29.8302017,29.55630284,24.82555328,34.02240022,26.13839929,29.90540389,29.50864895,28.7111179,27.62999273,27.95556216,26.5445778,123.9980161,24.82555328,25.96674982,25.93836052,31.29941129,26.55117928,26.5776181,40.92077114,30.45565309,107.7318788,25.51070296,56.22026956,38.03430421,129.8811337,41.53366734,26.22507784,27.96325041,29.93559104,26.23474429,29.65619219,47.07332094,25.59019461,25.72275434,26.83818298,29.63149928
132,43,104.1749113,30.65114609,27,104.1747682,30.65471347,395.6032631,,37.37983588,37.37983588,69.96954335,70.72968841,70.34756249,70.53810793,70.44270636,70.49037489,70.47845171,70.47249165,70.47547155,82.5999024,82.00605068,67.20421649,70.91286462,63.86420391,74.8382421,70.29790989,73.37309362,74.66169055,74.01178366,63.86420391,61.15606,63.86420391,61.2546988,63.86420391,63.86420391,63.86420391,63.86420391,63.86420391,66.51123162,63.86420391,63.86420391,74.33387275,63.01644899,74.3391319,72.4423715,65.30469843,74.34110427,74.34077551,74.34093989,74.34089879,74.34087826,74.34088851,74.34088339,74.34088595,66.39495325,66.39495325,58.08352356,58.08353671
133,43,104.1749113,30.65114609,201,104.1720131,30.64867986,389.6542203,,54.86656556,54.86656556,54.86656556,53.81413784,44.04254923,48.4404671,46.13693933,47.26065085,46.97462231,46.83290245,46.90365533,46.90365533,46.90365533,52.23717489,55.38622041,53.76562732,54.56389327,54.16181915,54.36211277,54.31190061,54.2868293,54.29936205,54.29309495,54.29309495,54.29309495,39.79447356,45.9266865,42.64124076,44.22302649,43.41773157,43.81667926,43.61629317,43.71625658,43.66621766,43.6912228,43.67871666,43.68496884,43.68184252,43.68340561,43.68262405,43.68301483,43.68291714,43.68286829,43.68286829,43.68286829,39.40323576,40.3925555,40.90608177,40.64769677,40.77647996
134,43,104.1749113,30.65114609,571,104.1827765,30.65238351,766.0010004,,117.9863676,86.76662984,108.595701,104.7934436,106.6606972,105.1007945,105.0734188,105.0871049,105.0836831,101.9026598,136.3567972,120.4160541,126.4679529,86.79507739,114.1048407,103.1155193,121.4994506,93.91998554,107.5134033,114.0361116,117.1849959,111.9054579,90.30044539,111.9054579,98.01701154,104.9742038,101.8208883,101.8208883,101.8208883,98.19151885,116.6798653,108.9577377,101.8208883,104.8611482,96.01206273,101.8351297,120.9475264,120.9475264,120.9475264,120.9475264,120.9475264,120.9475264,120.9475264,120.9475264,120.9475264,120.9475264,120.9475264,120.9475264,120.9475264,120.9475264
135,44,103.9967302,30.59844508,146,103.9938473,30.60135673,424.8850094,,48.84125597,49.39459743,49.39459743,80.08303842,80.08303842,80.08303842,80.08303842,98.05038678,63.16253408,53.62264799,58.00294646,55.7268536,58.00294646,68.69398355,62.89739538,65.66801989,64.25285371,64.25285371,64.25285371,58.04249588,55.36675955,56.67306254,56.01229578,56.34074185,56.34074185,56.34074185,57.89500507,31.86637571,61.18344135,48.71293101,48.71293101,48.71293101,48.71293101,48.71293101,48.71293101,48.71293101,54.99635178,71.69934535,63.14080635,64.88169815,64.88169815,73.71498958,81.90554398,66.07283084,37.48985377,66.07283084,67.68079796,50.64854417,107.1782006,72.83743018
136,44,103.9967302,30.59844508,268,103.9910119,30.59474494,684.6502382,,73.90296477,69.99242587,59.84801759,56.90051998,68.91167355,55.20136299,95.84215906,91.72835346,53.6980579,67.71266092,51.30601285,71.2352849,96.27893975,204.5428098,60.93302491,66.5741335,65.08998743,70.02104709,100.4991175,69.58970593,49.07118147,113.9325512,76.26483666,91.58957399,93.05298188,62.60851864,81.58016905,67.80580076,97.01100075,41.46603058,41.46603058,41.46603058,41.46603058,41.46603058,41.46603058,48.74240324,41.46603058,38.79445211,40.0857778,39.42954499,39.75495348,39.67309885,39.63229781,39.65268783,39.65268783,45.68922352,59.46298812,56.54156048,57.96548808,57.60282453
137,44,103.9967302,30.59844508,714,103.9997597,30.58962127,1020.176889,,126.9052108,126.9052108,126.9052108,126.9052108,126.9052108,126.9052108,126.9052108,117.3866439,109.196337,90.68239013,109.196337,110.1928781,156.6156418,109.0882218,110.1378023,109.6104995,109.6104995,105.3368985,101.3840387,97.44973268,97.44973268,97.44973268,240.8286426,138.7536926,176.0664833,155.198914,164.975438,155.198914,148.8281456,121.409481,142.959782,243.5435544,141.4365905,333.8760728,223.9412683,223.9412683,192.6208112,172.375216,94.17017437,155.9807135,124.5263144,140.2534512,130.5720905,227.0797692,131.7537866,192.7893334,118.3607939,125.2391066,112.1986803,115.1973903
138,44,103.9967302,30.59844508,1251,103.9992457,30.60127686,395.8115907,,43.76631272,43.76631272,49.23710181,56.32101686,56.32101686,56.32101686,56.32101686,56.32101686,56.26541862,56.23766064,56.25153621,56.23766064,56.23766064,54.03827358,53.00185429,53.51504636,53.25721406,53.38581889,53.32143893,53.33751936,53.34556321,53.34154098,53.34154098,53.34154098,39.63620936,45.47876193,42.35696028,43.86238456,43.09652976,43.47608469,43.2854752,43.38057056,43.33297071,43.35675757,43.34486087,43.3508084,43.34783444,43.34932137,43.34857789,43.34894962,43.34857789,39.95107644,43.34857789,46.87242521,45.04168442,45.93882252,45.71120413,45.59749525,45.65427889,53.06971048
139,45,104.0579082,30.60063219,203,104.0612128,30.60054761,316.9564225,,15.01372528,17.98688664,16.79393794,22.42836601,15.74938745,19.17029124,21.03582262,17.60869014,20.72739548,18.34966156,17.87068318,18.13698583,21.45321967,21.0459844,18.22388694,17.01145167,15.95864505,18.33000998,16.65756381,19.51334965,18.24209626,17.04321316,18.15502181,17.00511358,17.56126389,17.56126389,17.56126389,27.03893652,17.56126389,17.04957969,17.30163944,17.30163944,17.90222586,19.71280946,18.54600766,18.54600766,18.1730937,16.82334126,17.81488089,20.33944957,17.81488089,17.80098473,16.17353821,18.25084966,15.440367,19.4883539,18.42373177,18.27862429,18.27862429,14.49403774
140,45,104.0579082,30.60063219,738,104.0578933,30.59668669,437.27896,,32.17038671,35.68275608,35.68275608,40.05608794,40.05608794,42.61187082,41.29447177,97.47394774,37.96312514,37.96312514,38.67823725,44.46904678,39.42080775,80.79748107,34.29638902,37.60042012,37.60042012,42.36477029,48.5116874,25.73070049,72.95488312,157.4204256,66.14303597,30.05353677,59.29206237,71.94717806,29.26030216,59.76477813,65.41014913,59.76477813,35.40189481,54.03447104,51.60197517,54.03447104,49.37905445,51.06315937,51.06315937,51.06315937,67.14615311,33.81749207,36.33477798,29.31479061,32.19780309,28.44090797,35.70973738,41.89499018,109.1302777,60.19901553,44.00906503,27.28256943
141,45,104.0579082,30.60063219,1045,104.0551975,30.60075578,260.2348094,,26.50511321,25.93826585,21.60808138,14.22695997,14.22695997,14.22695997,14.22695997,14.22695997,14.22695997,14.74186174,14.47983484,14.74186174,14.74186174,14.74766334,14.75056585,14.74911446,14.75056585,14.75056585,15.56221452,15.30792996,15.30792996,15.34554159,15.3267127,15.33612136,15.33612136,15.33612136,15.38333849,15.35969364,15.37150697,15.36559803,15.36855193,15.36855193,15.36855193,15.53640653,15.4520234,15.49410007,15.4520234,14.87300433,14.33581199,13.8381878,11.28729294,11.83259001,12.12548538,11.97724732,12.0509105,12.01396599,12.02318087,12.02779361,12.02779361,14.52473355
142,45,104.0579082,30.60063219,1245,104.0578993,30.60270356,229.5704148,,22.35672209,16.96449182,15.41721649,21.83031552,17.11083837,17.8950594,17.8950594,17.8950594,17.30792656,14.88211573,20.31959863,19.93375526,18.89036556,23.73891856,16.46868469,18.69804283,18.69804283,19.46395644,20.29529715,16.72499119,18.00027055,15.79914917,19.48608295,17.50960791,20.81746834,18.37146539,21.64199,25.54421164,22.53451924,20.86418356,15.63032611,18.29111383,17.94155995,22.67362121,20.25000902,19.30321806,13.18458112,16.51382633,16.03066201,17.21765569,18.65583506,15.55238038,18.89345021,26.67543552,14.8109945,18.00552273,18.00552273,19.23705535,17.72744516,16.90088943
143,46,104.0737429,30.60663216,913,104.0716051,30.60650411,205.4299773,,21.5611638,21.5611638,21.5611638,21.5611638,21.5611638,21.5611638,21.5611638,21.5611638,21.5611638,22.27553971,22.27553971,31.25730846,29.46406049,29.46406049,29.46406049,29.46406049,29.46406049,29.46406049,29.46406049,29.46406049,36.25234894,36.25234894,55.39684781,36.25234894,26.17868737,26.17868737,23.51503715,26.17868737,43.82506182,32.77774707,43.82506182,43.82506182,49.52329811,46.50026208,47.96419413,47.22088472,47.58963712,47.40454381,47.49691014,47.40454381,47.40454381,29.40548383,28.26297777,28.82291335,28.54019945,28.68085972,28.64556483,28.62794994,28.63675468,28.63455298
144,46,104.0737429,30.60663216,1025,104.0736856,30.60409951,280.7455374,,27.82337053,26.95157159,29.38034694,40.69185444,64.17040855,45.01932894,38.15701499,28.75345476,49.78738594,42.91651527,36.13887728,36.13887728,36.13887728,36.13887728,36.13887728,37.67694071,36.89188507,37.28028038,37.08506583,37.13367754,37.15803122,37.14585039,37.15193982,37.14889486,37.15041727,37.14965606,37.15003665,37.14984635,37.1499415,37.14989393,37.14991772,37.14990582,37.14991178,37.1499088,37.14991029,37.14990954,37.14990992,37.14990973,37.14990982,37.14990977,37.1499098,37.1499098,37.1499098,46.7909229,41.41675772,43.94012638,43.28089055,42.95863531,43.11916084,43.07891708
145,46,104.0737429,30.60663216,1120,104.0749288,30.6065838,113.8159393,,9.945082075,10.82052944,10.43473807,7.511226058,9.080052775,18.18519403,13.51153772,21.12048358,14.73875473,16.30975866,14.33483551,14.525402,15.39677017,15.44236363,18.01043435,15.71380178,16.19515342,15.1136512,15.65283377,14.07610248,15.95096825,13.35769221,16.20986755,24.87025077,14.60305488,14.77709508,12.94477173,18.36082797,13.51030535,16.55318401,18.39379186,18.01043435,18.30529338,17.37513954,15.15518939,17.15977859,16.49672396,17.20501287,16.5531879,17.12839519,15.71024535,16.29174479,14.2668979,15.67622693,16.28679795,15.89027576,16.3802245,17.53522103,16.63419994,15.06067989
146,47,104.1450214,30.58450522,232,104.1409451,30.59204616,922.6154733,,114.1379967,79.60253335,70.73291733,51.33563685,73.62517493,70.52533213,41.22568106,34.70653818,89.11767384,76.58913998,121.5152087,68.21656254,68.02943543,69.21418502,81.75792502,68.20155449,65.94471946,125.3364417,117.9001518,85.64764579,67.6735066,68.6242914,60.27977684,114.531576,68.58564434,52.08021488,131.541216,95.92536329,89.767992,99.99244466,274.4971656,77.66365636,70.70345795,126.6909995,68.45927249,65.94471946,85.21913288,72.92135287,73.15893621,78.89916371,60.33452686,92.77697497,72.57941992,72.41031089,73.89133935,256.4799771,123.0153964,68.194553,67.50844927,75.78197499
147,48,103.9564943,30.7450801,0,103.9460064,30.75066046,1179.207157,,217.6997828,95.57551441,106.8229936,100.8867374,103.7700376,102.3080769,125.1305681,102.6696915,99.88578271,140.7398607,140.7185542,140.7292067,140.7238802,140.7252118,140.7258776,140.7255447,140.7258776,153.1408488,167.9582894,185.41128,144.8031529,282.8525774,301.2522127,291.7625955,296.4314763,294.0785058,295.2503032,294.6632396,85.32956312,160.7221812,208.0678901,78.75966169,193.7957511,187.3695685,119.4077849,223.4287245,76.4202658,152.4646175,95.39653405,145.6798221,142.5089421,143.2886505,143.681713,143.4849126,143.5832454,129.0317862,143.5463548,143.5525019,143.5463548,132.3276886
148,48,103.9564943,30.7450801,80,103.9613727,30.75254195,949.7687465,,82.91403425,57.0574466,60.60473235,58.77761759,83.57949491,138.8024691,100.7839056,89.79057682,232.0701915,232.0701915,232.0701915,232.0701915,232.0701915,232.0701915,232.0701915,232.0701915,232.0701915,232.0701915,232.0701915,232.0701915,232.0701915,227.8179337,219.6467336,219.6467336,117.9277426,159.0310459,130.5025759,143.3613202,136.6300694,116.6030554,138.2529184,110.9440172,116.4808342,113.6450269,113.6103631,115.7078676,101.258662,122.7995673,90.28043022,110.4739091,114.7809683,115.4089688,110.2148702,119.853022,115.6462443,103.9260634,140.4543209,115.6214826,95.61725969,95.17883592
149,48,103.9564943,30.7450801,150,103.9650646,30.73928236,1042.151102,,115.1430374,114.150425,116.153064,115.1430374,181.6825166,181.6825166,181.6825166,181.6825166,181.6825166,181.6825166,181.6825166,181.6825166,181.6825166,181.6825166,181.6825166,181.6825166,181.6825166,181.6825166,181.6825166,181.6825166,181.6825166,181.6825166,153.7599987,166.5591106,159.9038452,163.1636409,161.5172971,162.336295,161.9257605,162.1307678,162.0281993,162.0794674,162.0538293,162.0666473,162.060238,162.0634426,162.0618403,162.0618403,162.0618403,88.90388548,162.0618403,193.4715902,214.2321132,203.3232824,208.6351986,205.9449937,206.6110199,206.945651,206.7782001,206.7782001
150,49,104.0507089,30.76141245,2,104.0732399,30.76099259,2157.007237,,256.8431991,204.830934,170.3367382,273.1486551,215.820624,268.1362587,160.1077537,201.1716594,144.6038371,144.6038371,138.1712821,168.2498635,220.9168152,140.1191123,142.8773439,140.7547258,153.2207193,226.0618938,186.3654253,145.2955002,298.0892919,311.2315051,390.2123645,145.0397965,164.2909849,225.079016,378.7915148,204.2137029,274.7131858,258.0761982,582.6000254,601.955508,238.084761,319.8198539,238.4897436,332.4154989,226.4244366,331.1397038,268.2433569,247.6579334,419.7419488,575.2019299,177.0457376,205.0450273,202.5711144,277.8256191,398.2167207,149.9078389,284.4405148,281.0941558
151,49,104.0507089,30.76141245,17,104.0530243,30.75790039,447.9160573,,45.2948822,38.55673662,42.65867212,97.13842207,29.76735843,29.98880056,38.075509,45.30548741,31.25428394,35.84921757,32.89286207,31.52745202,32.89286207,32.12147024,39.32921479,32.68181042,33.05653559,32.24616246,30.12606831,49.69176599,49.69176599,42.65867212,42.65867212,49.69176599,44.29939028,49.69176599,42.65867212,49.69176599,65.95083052,68.76323268,45.07331394,63.74633946,109.6937283,46.0508075,45.88495825,70.41475137,54.59154655,54.59154655,54.59154655,48.56921103,51.40459235,50.66515764,50.30336068,50.48361095,50.48361095,50.48361095,53.00693257,54.36561033,53.67767519,53.8480216
152,49,104.0507089,30.76141245,324,104.0479925,30.76138863,260.003546,,26.29249342,23.495288,24.76224248,24.76224248,20.55815431,21.4804995,22.49354799,25.36906423,19.23125729,20.63292771,19.4956505,20.10286959,21.89561747,19.80520944,22.82957965,16.96643719,20.47216044,16.18534471,20.96137573,22.11236155,26.38049013,23.24054042,23.24054042,22.10006343,22.94991599,24.89809518,27.45408662,24.32781717,33.11365916,29.32421858,38.12401984,39.27669617,27.57677536,31.57105657,27.65088693,32.03389062,24.05815944,31.97598898,25.81102891,28.1705324,34.92541995,36.77710852,138.6685579,138.6685579,138.6685579,138.6685579,138.6685579,138.6685579,138.6685579,138.6685579
153,50,104.127086,30.77857558,34,104.1146272,30.76027681,2352.605615,,238.2385433,244.2919168,285.5448832,243.0674142,237.1960151,199.2795344,485.3513017,225.035724,290.8773971,221.7405476,207.6478797,274.1278087,328.809744,183.2827259,220.4084747,216.5415984,278.9497792,155.8335251,247.2167277,257.8417481,238.5904823,268.4441994,266.7521327,532.0570094,199.6151178,241.2069837,206.2667461,235.3876453,229.4551342,247.4506137,293.7951683,241.7191961,286.6760944,266.9693519,272.4929915,264.0272174,310.0926745,420.4731396,361.6302397,248.5483374,291.4536977,285.4610232,261.2665597,404.4042395,335.6664211,281.7726096,200.2927803,592.2643506,272.0357671,331.4825915
154,50,104.127086,30.77857558,51,104.1374701,30.77433248,1099.377533,,86.93594989,87.15131558,124.9983141,144.1369027,107.6941257,59.40537155,84.82616494,87.27743905,123.2946766,99.8929611,62.41291731,99.58453475,62.22891696,66.81847366,122.1530592,122.1530592,122.1530592,131.2689592,113.7287103,113.7287103,91.82735774,92.68756719,123.6799725,93.56404536,93.56404536,71.18271796,122.5854594,106.1264656,109.6332166,109.6332166,67.04909445,101.2862219,92.14656862,57.98088527,90.05140202,92.04090974,131.2689592,92.04090974,140.4705987,145.5727492,142.9761705,155.011921,150.4009957,150.3128595,158.4688336,155.0922016,93.22193549,143.8330232,143.8305028,143.8311329
155,50,104.127086,30.77857558,66,104.0737873,30.78668402,5178.755161,,448.9709471,412.7107124,493.2147772,493.2147772,493.2147772,385.7695406,420.13563,439.4627045,580.7949713,473.5090026,471.9551411,472.730795,472.3426497,433.0666337,485.181842,476.6697456,575.4172401,493.2147772,535.7332925,535.7332925,432.5642362,436.6163602,418.0161117,493.2147772,440.7451201,440.7451201,493.2147772,499.9219692,505.0961167,530.8505461,516.4409579,532.0928108,521.4970232,443.3654835,530.5167352,531.4737708,530.9948217,531.2341884,531.114478,582.3066708,531.1444006,686.6857672,708.4826727,715.3388424,741.784559,677.4721884,531.1543366,531.154395,531.1543658,599.4700508
156,51,104.1374701,30.77433248,3,104.1508278,30.73841386,4181.143453,,320.14427,333.2080084,475.3925442,548.1802646,512.4124742,215.2865282,322.6101621,354.8066191,1127.499358,411.6550099,237.3682859,378.739071,196.0097092,254.123461,499.2410093,499.2410093,499.2410093,499.2410093,499.2410093,499.2410093,499.2410093,1254.343036,499.2410093,499.2410093,499.2410093,270.7215185,499.2410093,499.2410093,499.2410093,1380.928113,254.6769666,499.2410093,421.0382218,194.0539291,499.2410093,499.2410093,499.2410093,289.5875331,534.236608,553.6410641,543.7657776,1000.140627,547.427448,546.8137487,1406.739853,546.9670446,354.5408866,547.0245527,547.0149671,547.0173634
157,51,104.1374701,30.77433248,35,104.1675722,30.75834783,3382.064279,,267.4449512,267.4449512,384.5379046,443.4148008,331.3042559,182.7514017,274.375919,268.4954896,270.1898786,252.2363045,192.0036492,246.7888634,191.4376007,205.5566593,273.7177274,273.0760433,273.3965089,273.2361822,273.316322,273.2962826,273.6052001,281.2076,380.4822314,273.2900209,273.2893948,214.477987,273.2895513,273.2896296,273.2895904,283.2776717,206.2661283,235.2645674,283.4746107,178.3691908,273.2896033,273.2896036,484.4336103,349.3355671,456.7927992,465.4142768,461.063238,476.870106,462.6853105,462.4141729,477.4110679,493.1435048,348.0059669,462.5073407,462.5031049,462.5041638
158,51,104.1374701,30.77433248,50,104.127086,30.77857558,1099.377533,,86.93594989,87.61273138,124.9983141,144.1369027,110.8421948,59.40537155,89.18893789,93.29180642,131.2689592,103.6198225,62.41291731,99.58453475,62.22891696,66.81847366,102.997342,101.1903426,130.3538163,40.55081064,115.5248948,120.4899891,111.4938323,125.4445368,124.6538305,131.2689592,93.28056278,71.18271796,96.38888263,109.9971398,107.2248649,115.6341902,67.04909445,112.9558868,110.7065488,64.0363727,127.3365458,123.3804719,144.9069565,196.4879791,168.9905687,145.5727492,149.8737231,157.470522,150.4009957,188.9789484,157.470522,143.8179022,113.1232022,244.3061184,150.3417678,154.9025095
159,52,103.9691811,30.72962272,448,103.9709046,30.73015438,175.2258277,,26.2824075,26.94342679,25.65304591,16.57852772,16.57852772,16.57852772,16.57852772,16.57852772,16.57852772,16.57852772,16.57852772,16.57852772,16.57852772,16.57852772,16.57852772,16.57852772,16.57852772,16.57852772,16.57852772,16.57852772,16.57852772,16.57852772,16.57852772,16.57852772,16.57852772,17.94631521,17.23532731,17.58363707,17.40774004,17.49524645,17.45138355,17.47328747,17.46232864,17.46780633,17.46506706,17.46643659,17.4657518,17.46609419,17.46592299,17.46600859,17.46596579,17.46597649,17.46598184,17.46597917,17.46598184,17.46598184,19.84728945,21.29925716,20.54765499,20.73053833
160,52,103.9691811,30.72962272,664,103.9780511,30.71972036,1387.754926,,149.2061046,191.0484793,190.1999137,175.0321528,119.998024,156.2200667,119.9596062,125.5706432,152.7803588,195.6625744,169.6612451,119.2343135,164.0358788,309.0258391,165.3935107,166.6416856,158.7013257,244.4984209,185.7218488,130.2473897,204.9840876,601.9177992,163.2652854,167.9300079,198.414737,136.8744585,193.2656763,201.1778953,163.0284975,184.8628209,124.7420158,191.8739408,234.4400626,237.3357593,194.3936861,147.1551615,148.356874,174.5625464,142.9674391,170.7033394,156.5226291,219.3597249,458.3410765,458.3410765,458.3410765,458.3410765,458.3410765,458.3410765,458.3410765,458.3410765
161,53,104.0008574,30.72248966,222,104.0017918,30.72113711,174.577126,,20.63966022,17.641478,20.63966022,20.63966022,17.641478,15.91082667,20.63966022,20.63966022,17.36126115,17.641478,20.63966022,20.63966022,20.63966022,20.63966022,15.95120948,20.63966022,20.63966022,20.63966022,23.75348612,15.40386406,15.40386406,15.40386406,15.40386406,15.40386406,15.40386406,15.40386406,16.55522301,15.40386406,15.40386406,15.40386406,15.40386406,17.70671326,15.40386406,15.40386406,15.40386406,15.40386406,18.64227374,18.46653243,15.95458397,17.11890102,18.54543225,16.90544838,17.31293717,15.40386406,15.40386406,15.40386406,15.40386406,15.40386406,18.09870853,15.40386406
162,53,104.0008574,30.72248966,299,103.9944727,30.71680117,878.2173475,,83.76902055,90.25571407,86.89147302,88.54164803,86.89147302,71.31975498,81.43161496,93.07081808,87.3365318,86.30343361,84.14058419,91.4633303,118.2636827,104.5919576,81.23980601,85.96123124,83.53385679,84.73016255,114.8473127,75.38327607,81.23110891,91.14471931,99.57086652,136.717079,103.8570748,110.7384396,94.5166652,117.8046558,110.8354935,112.3119876,170.550638,123.6200372,138.9961144,130.4642002,128.9674154,115.3204587,126.9499395,103.1441295,85.11748143,90.74956354,99.18365912,98.06999219,76.43596134,84.0008622,74.43993463,80.84596327,77.73903361,83.00783286,99.26475513,92.45449127
163,53,104.0008574,30.72248966,942,104.0068158,30.72585148,681.411241,,69.79305461,70.02965531,81.60924744,85.45535282,78.24168143,62.10330298,71.00088184,77.72136135,67.7646538,68.85839909,73.88796589,73.88796589,91.76111476,78.62437396,78.62437396,120.5444947,132.4199983,126.2034967,129.2370348,127.7022531,127.7022531,70.49081803,70.49081803,70.49081803,69.19832067,69.83858982,69.83858982,69.83858982,100.5360847,69.83858982,53.85467547,81.26146477,136.4717924,97.15170169,106.6556725,106.6556725,106.6556725,255.5292154,150.4957342,189.4270631,167.7319978,172.6761438,175.2591537,172.6761438,172.6761438,91.53285327,172.6761438,231.4226856,197.7792264,197.7792264
164,53,104.0008574,30.72248966,1417,103.9990459,30.72573991,399.819279,,47.94169135,41.090027,48.48930318,54.41024703,39.55841478,34.33984898,42.11189285,42.37163783,39.76103327,39.29070258,50.57891257,40.36165311,64.20889535,49.87878767,38.66187544,50.3893016,59.58111499,60.2074238,64.06599722,44.54143166,48.27078752,40.19827277,44.63098928,45.14720735,38.31453605,45.2092471,41.9788379,40.97791899,58.98972969,49.66484898,44.91825721,49.57397583,67.49916606,41.30127416,61.56684245,59.71436287,47.58179849,47.58179849,47.58179849,47.58179849,47.58179849,47.58179849,47.58179849,47.58179849,47.58179849,47.58179849,47.58179849,47.58179849,47.58179849,47.58179849
165,54,104.115936,30.68478406,880,104.1143105,30.68613383,215.9173046,,30.36337096,30.36337096,30.36337096,30.36337096,30.36337096,40.80327016,39.01140761,39.01140761,30.482443,34.22354635,32.24484507,33.20474368,33.20474368,33.73707884,33.46879464,33.73707884,33.73707884,55.32400687,29.95961829,26.94288723,22.53050135,30.82086822,26.03155715,30.82086822,30.82086822,38.96252113,34.4167499,36.54883256,35.4507632,35.4507632,35.4507632,31.64052767,31.64052767,28.45176781,29.96154298,29.18714424,29.56927424,29.37696663,29.47280674,29.42480864,29.47280674,31.15440066,29.47280674,29.47280674,28.4726116,28.96407699,20.9233458,35.71067212,26.38649946,28.22918229
166,54,104.115936,30.68478406,1110,104.1157328,30.68282827,217.6304248,,40.69971581,44.01514209,42.27353576,34.91462019,36.16708733,51.47349769,36.37875445,38.42400817,42.23644354,45.50594238,50.27674967,50.24893355,50.26283776,26.09390605,50.25762279,50.25849187,45.76483213,37.17042446,27.92011226,26.63101288,36.96580182,29.01738997,51.56290358,52.24098109,35.53485704,28.18235717,51.98462234,39.2138154,40.36940445,36.59197322,52.01120893,52.0138691,31.25543334,34.98967613,34.61854702,52.01303777,52.01295462,37.0321331,52.01297541,30.92869142,32.19982834,50.22240572,51.10201038,40.2908,41.12700941,41.12700941,41.12700941,41.12700941,41.12700941,41.12700941
167,54,104.115936,30.68478406,1242,104.1188763,30.68269678,364.468426,,60.53454826,36.09039426,44.34432482,40.28924258,49.3070418,44.86860936,44.86860936,44.86860936,44.86860936,55.27747862,49.53211143,52.24732259,49.53211143,35.21434068,52.48345334,35.21434068,34.21346372,34.70668783,34.45831091,34.45831091,34.45831091,33.16140691,33.79742201,33.47639383,33.79742201,33.79742201,39.5206727,37.94899013,42.3253656,36.49753362,23.68386884,39.91137136,44.02974274,54.95649565,37.41691065,44.52152129,44.52152129,44.52152129,53.22865451,48.92684787,45.26837139,52.92312237,52.92312237,46.29965153,41.14966099,36.04632785,36.78746729,40.87071956,45.97359263,55.25737349
168,55,104.153472,30.68495031,169,104.1476634,30.68782026,640.8767311,,38.15057845,38.40992617,49.78194797,50.98687805,50.98687805,50.98687805,57.87181183,41.08915818,71.13534118,57.87181183,48.3934186,52.70989964,50.45951571,51.00390284,51.00390284,51.00390284,48.40187899,49.66883591,49.02717366,49.18602991,49.2658447,49.22590495,49.24586673,49.23588381,49.24087477,49.23837916,49.23962693,49.23900303,49.23931498,49.23915901,49.239237,49.239198,49.2392175,49.23920775,49.23921263,49.23921019,49.23921263,49.23921263,56.96682054,52.82188414,54.81610887,54.3035679,54.05087496,54.17692678,54.11382747,54.14535873,54.13747248,54.13353021,54.13550126,54.13500849
169,55,104.153472,30.68495031,197,104.1595999,30.6846658,587.8169162,,38.48695178,28.11524665,28.11524665,28.73889858,29.99490997,29.39084581,29.68980566,29.53956934,27.59040428,29.59572944,27.83537509,28.33386002,27.191017,26.96150213,27.16193259,27.6018378,55.76128849,55.76128849,55.76128849,61.96605852,65.61677204,63.73918368,64.66435136,64.19843453,64.43055066,64.31428317,64.37236441,64.34331068,64.34331068,64.34331068,47.66083104,54.7596832,50.96424341,52.79383604,51.86290889,52.32423215,52.09254918,52.20813364,52.15027737,52.17918946,52.16472941,52.16834367,52.16834367,52.16834367,50.42432641,51.28151139,51.06449452,50.95667342,51.01052699,51.01052699
170,56,103.9971186,30.64328713,818,103.9898616,30.65121392,1120.459658,,135.3197015,150.3692365,131.5322207,131.5322207,132.250976,131.8906192,126.6769993,152.8313038,135.1025252,128.5285641,72.61304714,72.61304714,72.61304714,79.99315357,79.99315357,79.99315357,69.57576143,200.6793417,114.1869715,114.1869715,119.3388985,103.4270454,110.8146915,106.9934952,108.8705741,107.9238734,108.8705741,108.8705741,113.624078,113.624078,113.624078,120.9491685,117.1722518,80.03283271,207.1196287,131.1047054,131.1047054,131.1047054,120.7681069,211.9258198,120.7681069,110.7006455,106.2711614,108.4406894,107.3449645,107.890045,107.1120252,106.8800946,83.91792168,125.855063
171,56,103.9971186,30.64328713,860,103.9966501,30.64288317,63.4009281,,26.53992339,26.53992339,26.53992339,26.53992339,23.29013685,24.80905882,24.02561486,24.41105253,24.02561486,13.42607889,17.22591254,15.09046884,16.08763638,16.08763638,17.65905928,16.83676099,17.65905928,17.65905928,25.93674331,26.53992339,26.2348668,26.38651343,26.3104716,26.34843765,26.32944094,26.33893587,26.33418755,26.3365615,26.33537447,26.33537447,26.33537447,23.53024136,24.85390814,23.53024136,23.53024136,16.53937255,23.29013685,23.29013685,23.29013685,23.29013685,23.29013685,23.29013685,23.29013685,23.29013685,23.29013685,19.34265603,20.19852577,20.65550599,20.42446006,20.48173561
172,56,103.9971186,30.64328713,896,104.0043112,30.63573997,1083.884355,,101.4820202,82.45079087,81.31855382,74.50088168,80.21699192,91.30359595,75.25523005,60.23438836,63.3979232,65.10766383,64.24141964,64.67164114,64.4558125,72.39168907,82.20471231,84.53984858,84.53984858,97.54959195,84.53984858,61.61837628,61.55762063,61.49698468,55.0156317,58.07603614,56.5044247,57.27945213,57.27945213,64.31565148,79.57818514,73.32258712,76.32241913,74.79243533,75.54968195,75.16915158,75.54968195,75.3589364,88.98480452,57.28102874,69.69694879,69.69694879,69.69694879,70.17851072,70.4217958,70.17851072,70.29994277,66.00479861,72.56354472,65.91188645,80.56955767,67.29381297
173,56,103.9971186,30.64328713,1628,103.9995359,30.6447123,280.3753136,,33.48875677,36.78010361,29.59973985,31.74060154,28.67474798,38.86876393,28.3724843,30.64831364,28.13898151,31.07061522,30.89850394,31.05496711,19.90830629,19.16641118,27.83457095,31.55146637,27.27976024,25.23377822,28.14830014,26.85945083,68.54676597,39.42777848,25.10823704,43.54170413,42.05629704,32.2476399,33.69637194,39.1981021,44.17291593,30.12988445,33.40378805,30.67936562,32.90468228,31.99211185,31.94149142,28.83543496,39.81661258,38.95855114,30.22009368,37.25688572,47.9501724,34.98617431,26.59248817,31.64110122,40.6996423,53.40482164,53.40482164,53.40482164,53.40482164,53.40482164
174,57,104.0442801,30.63824024,1371,104.0424412,30.63531088,369.4097262,,57.72026972,70.07538131,70.07538131,101.5171767,83.1171884,91.40034463,83.1171884,75.34702631,65.35012355,128.4903395,72.41471892,74.36801067,72.41471892,68.61456454,51.94824275,62.65114702,62.65114702,62.65114702,62.65114702,62.65114702,62.65114702,73.3117428,62.25035175,61.85465183,56.23150166,130.5932911,73.4737577,66.21784305,117.1696048,84.61558944,98.2666267,88.80634486,88.80634486,88.80634486,87.06219406,71.75584611,97.14996045,118.2695171,151.1221607,151.7689032,151.1221607,111.9894749,102.4951841,111.9894749,142.423027,125.3859766,200.4836705,54.72736684,114.9747851,92.03287296
175,57,104.0442801,30.63824024,1472,104.0411563,30.63977679,344.4107303,,66.66014135,71.23180634,76.47670804,76.47670804,76.47670804,101.3524765,76.47670804,61.62418634,61.62418634,61.62418634,61.62418634,61.62418634,149.3829674,110.1624726,97.37904018,103.3770613,100.2884488,101.8093355,101.0431694,101.0431694,75.8335553,86.64184376,75.8335553,75.8335553,41.67659257,53.7908299,46.96509959,50.14675952,50.14675952,59.00671643,71.66928492,122.15553,90.33724073,103.8641784,96.62960577,100.1163667,98.3420898,99.22129698,98.3420898,98.3420898,88.24758926,90.57181593,91.78045281,90.57181593,90.57181593,77.01109497,80.00577948,81.59219294,80.79119927,80.98996965
176,57,104.0442801,30.63824024,1664,104.0450327,30.63930565,138.3653967,,25.06241148,26.07934179,25.90977519,27.18228803,25.74239939,27.18228803,28.96019931,32.50345371,30.68472864,33.70199108,30.66898479,22.53915964,30.65325712,19.19519954,23.71978229,23.71978229,41.85843934,41.85843934,42.57396822,42.21317187,42.21317187,34.71187652,42.21317187,43.6943358,42.94098518,43.31438505,42.94098518,42.94098518,31.72709733,36.49197276,31.72709733,31.72709733,31.18093447,31.72709733,31.72709733,31.97146522,31.72709733,31.72709733,30.90685179,25.99993536,18.82048217,22.4376319,22.4376319,32.24048078,32.24048078,33.31875773,28.70982295,20.41456673,25.87612614,38.76384655
177,58,104.0919899,30.64973175,116,104.0894982,30.65024457,245.4249467,,40.34382685,32.91839822,40.34382685,43.68503378,56.45557879,47.62963925,42.62376745,47.78706895,73.62748401,36.8307933,46.5949924,40.98547817,53.98349132,41.04668098,31.56872919,38.15794225,38.73586245,37.59701311,51.3680121,42.88979651,42.88979651,42.88979651,27.5672327,45.30922093,56.1863153,48.01792435,41.79421987,44.69043036,56.03783137,31.78164777,35.5903246,35.53664387,55.08290574,35.48312482,55.08290574,82.26534526,56.38352317,57.74704628,42.91294265,45.77874653,44.39848282,43.31028471,39.2244088,32.48271353,35.84299424,35.84299424,39.0251682,39.0251682,48.32432862,37.25728107
178,58,104.0919899,30.64973175,471,104.0934433,30.65227021,313.9204424,,31.12188895,34.03224413,30.92973471,33.80200178,25.49402239,40.24143357,26.86675928,26.48793705,27.34513331,31.88358281,22.66175897,30.93376622,36.60879795,31.12648101,21.99139964,27.55534514,26.46636048,21.83091293,52.95043607,22.51222296,47.73447065,24.08981812,22.9590197,28.09321925,25.16710397,22.52446008,27.84510788,29.592733,19.82655426,24.06886822,26.9181483,29.52615526,32.05996007,27.86104389,31.68542783,19.42252676,57.75708309,32.0015985,31.45182109,26.35065212,30.6679401,42.07869759,31.46853025,38.24999851,35.20603092,19.15214901,28.19175767,28.792703,23.56188309,54.83326505
179,58,104.0919899,30.64973175,1037,104.0909857,30.64806866,207.9239017,,40.48661402,66.68383484,77.40703683,71.646427,64.86360885,125.4512926,70.56811207,37.28647801,40.02813081,36.69245324,36.49728062,36.59460671,76.64089209,67.63789571,46.26242559,58.25105417,42.85454462,49.38049783,45.88665417,49.38049783,73.20548128,49.38049783,49.38049783,45.78140955,47.51289369,46.631084,47.06785906,46.84845351,46.95790001,46.84845351,46.84845351,32.26405371,38.21193573,34.9870064,38.21193573,38.21193573,51.8369838,43.99367597,50.74752855,50.74752855,50.74752855,50.74752855,39.39610769,44.35709903,41.72967505,44.35709903,54.08425189,48.74009742,51.27329711,51.27329711
180,59,104.1731426,30.67412276,306,104.2033612,30.67494723,2896.260247,,137.4667016,129.8447931,130.3154217,137.1161016,130.7033989,137.3569466,129.7236316,129.4016369,136.9660018,157.3322134,134.189664,141.0420952,132.2535201,135.6665141,135.8174633,131.2232776,139.9016781,162.4636029,168.9860017,203.8327271,186.1169405,184.4977141,156.2648097,167.4817568,164.1743472,164.6442302,160.5714781,159.7947621,162.2424013,163.1747214,175.1360466,191.310514,196.05444,192.587793,198.7936926,197.0875612,191.958348,180.6050076,187.8176007,180.227886,170.1279897,190.4949482,191.9856857,191.2374118,191.9856857,191.9856857,248.7161637,193.7996567,193.7996567,196.0928485
181,59,104.1731426,30.67412276,463,104.1604886,30.67205697,1233.652182,,57.94404745,57.49058712,56.85033097,64.6141783,56.85033097,64.86584014,57.37917126,57.08416266,63.08448658,52.18229146,59.29436389,64.64552919,59.29436389,59.56608278,59.70287824,59.63440206,59.66862051,61.32064695,60.21895397,64.5760105,71.32464435,70.41058827,70.41058827,61.42666466,70.41058827,70.41058827,65.26301036,63.41099918,67.18831854,57.67724487,62.28818871,66.81767084,77.08095785,65.98213974,77.08095785,71.1010263,67.4741394,61.01176218,62.89686808,55.03849454,65.83379566,117.3354783,117.3354783,117.3354783,117.3354783,117.3354783,117.3354783,117.3354783,117.3354783,117.3354783
182,59,104.1731426,30.67412276,598,104.174737,30.66454521,1072.394654,,51.44064963,46.31818542,47.13822655,46.31818542,47.4132116,46.31818542,46.31818542,46.31818542,47.16702205,81.39045864,47.95802179,48.77600448,46.63993663,48.77600448,48.77600448,45.72028369,79.8129883,79.64148024,51.14534009,67.87904623,55.25697644,54.80268416,42.4866554,49.93258143,45.72163736,45.91877198,45.52618814,45.72163736,45.72163736,49.3350362,53.34191025,59.6465161,58.043537,60.71948498,59.35136399,60.76652483,59.68758157,56.75411022,59.68758157,60.02653635,49.62237474,48.56126735,49.08608715,48.82226689,49.08608715,49.08608715,71.65885391,49.72890624,49.72890624,50.54822592
183,60,103.9582174,30.57340291,255,103.966243,30.57342223,769.663418,,165.9154674,165.9154674,165.9154674,165.9154674,165.9154674,165.9154674,165.9154674,165.9154674,187.215426,175.923067,181.3936697,178.6164902,179.9943682,179.6479095,179.3027821,179.3027821,95.70944058,124.8015001,108.3364093,112.0314945,113.9751997,112.994989,113.9751997,113.9751997,132.8915254,122.7086246,131.9423002,131.9423002,131.9423002,131.9423002,131.9423002,131.9423002,131.9423002,64.7380445,64.7380445,57.84526732,61.0978678,59.42709501,60.25090089,59.83616261,60.04281557,60.04281557,60.04281557,110.3899723,77.77992522,91.25927052,87.46962531,85.69042896,86.57088663,86.34908034
184,61,104.0377793,30.62313997,189,104.040157,30.62176571,274.1133533,,27.71932786,27.71932786,27.71932786,27.71932786,27.71932786,27.71932786,27.18479537,31.17877004,31.17877004,31.96139504,20.73126201,35.84048688,30.23926676,39.76392499,44.65194895,73.09689421,40.98891264,34.05722422,37.88130794,24.6702018,24.6702018,24.6702018,21.90472968,35.84668657,36.05876023,35.95241067,35.95241067,31.40319671,25.1736753,27.87593423,26.45598048,27.87593423,27.87593423,38.74900805,32.42523785,38.74900805,38.74900805,39.63084626,31.87536168,25.78205283,27.07292378,25.78205283,25.76522381,25.78205283,25.9771786,57.04092901,27.56447128,32.85709452,30.01241095,30.6763817
185,61,104.0377793,30.62313997,343,104.0353868,30.62436116,266.2771936,,25.1864923,25.1864923,25.1864923,28.29113321,35.61905795,27.00275766,27.15574779,25.78609003,24.67433454,27.5063959,22.58181147,27.40808855,36.3105264,34.44064301,30.10156113,30.18526891,17.78474762,22.67529029,24.26830119,25.63095981,26.78894915,39.4716781,28.05652381,32.79927631,28.05652381,26.32907934,19.95000826,24.80201545,24.80201545,46.30907715,30.39951048,27.86621793,33.43946152,17.397421,22.88733538,22.88733538,23.77671509,36.65766336,24.73801024,24.83414241,24.83414241,24.83414241,20.05434931,25.08871268,28.75793691,25.34855611,54.06643525,28.75793691,28.75793691,26.56972987
186,62,104.1041006,30.59388005,361,104.1072423,30.59430952,304.9521499,,64.73040918,64.73040918,64.73040918,58.35075307,71.75344704,73.18851598,133.8814317,94.64032238,94.64032238,87.12918569,78.27648767,60.82148142,71.05681163,65.54195461,50.90391373,73.84491521,60.26501772,66.36742002,63.16918184,63.93949098,64.33173385,64.13501269,64.23322267,64.23322267,64.23322267,87.82621917,39.56135999,54.55044669,45.86225544,49.83047896,46.81568186,46.81568186,46.81568186,46.81568186,54.75450073,46.81568186,46.81568186,37.13058871,41.41443847,41.41443847,41.41443847,50.42653733,56.5829824,50.42653733,50.42653733,40.88743909,42.91707579,44.0093801,43.45636508,43.45636508
187,62,104.1041006,30.59388005,1039,104.1040346,30.59590093,224.0604964,,36.25248481,36.25248481,36.25248481,36.25248481,36.25248481,36.25248481,36.25248481,36.25248481,36.25248481,21.62514174,27.09043785,24.05121989,25.48052239,25.48052239,25.68846456,25.58407095,25.63616148,25.61008973,25.62311897,25.61986042,25.61823146,25.61904591,25.61863867,25.61884229,25.61874049,25.61879139,25.61876594,25.61877866,25.61877866,25.61877866,45.31560601,32.73251711,38.00972503,35.17428732,36.53707814,35.8427336,36.18657543,36.01383382,36.09999798,36.05686443,36.07841831,36.07302742,36.07033258,36.07167995,36.07100626,36.0713431,36.07125888,36.07121678,36.07123783,36.07123257
188,63,104.1392625,30.60626466,31,104.1427297,30.60890084,442.5338513,,66.24207338,51.22578343,41.75941978,41.75941978,45.61551509,41.75941978,41.75941978,48.42315698,41.75941978,41.75941978,41.75941978,41.75941978,41.75941978,41.75941978,41.75941978,41.75941978,46.54848399,41.75941978,41.75941978,41.75941978,41.75941978,41.75941978,63.88458605,46.04398453,46.04398453,46.04398453,46.04398453,46.04398453,46.04398453,46.04398453,46.04398453,46.04398453,46.04398453,46.04398453,46.04398453,46.04398453,46.17744535,45.64819097,45.84523352,45.74650006,45.74650006,49.84996709,53.82168462,51.75974651,52.7705814,52.35957446,64.15894997,59.2918801,60.8058003,60.021571
189,63,104.1392625,30.60626466,297,104.1441733,30.60359371,556.1092987,,83.89705502,78.12657465,85.92246675,78.08086877,44.58782796,45.40697381,43.42012634,60.36161232,51.68101905,52.81143483,51.54518416,48.37777987,47.81831549,48.02191157,55.21598222,49.31018412,51.76453718,49.29121429,72.56064244,49.50694819,58.19748475,65.46027713,59.65711871,53.32428101,52.36822169,59.75542506,61.78992208,101.3133229,60.68945738,60.68945738,60.63201894,55.49531463,60.57468912,52.93778196,60.30100829,56.38000232,61.16792678,57.31165904,63.14325278,61.36294501,66.46902018,68.53391587,67.72160435,63.07146679,63.07146679,65.29781794,66.17704485,57.45975054,83.48069766,65.11430196
190,63,104.1392625,30.60626466,672,104.1346143,30.60842985,506.0911374,,73.03536709,66.52407466,49.24129986,51.56400268,50.52432176,116.7902625,116.7902625,116.7902625,116.7902625,116.7902625,116.7902625,116.7902625,116.7902625,116.7902625,116.7902625,116.7902625,116.7902625,116.7902625,116.7902625,116.7902625,116.7902625,116.7902625,116.7902625,116.7902625,116.7902625,116.7902625,116.7902625,116.7902625,116.7902625,116.7902625,116.7902625,116.7902625,116.7902625,116.7902625,116.7902625,116.7902625,116.7902625,116.7902625,116.7902625,116.7902625,116.7902625,116.7902625,116.7902625,116.7902625,116.7902625,116.7902625,123.1032496,126.5227844,124.7895955,125.2184257
191,63,104.1392625,30.60626466,763,104.1354405,30.60123549,667.0150371,,92.92179813,99.84424672,66.9805895,67.96002265,64.55707316,69.66888201,62.94244125,67.07413781,103.9503954,103.9503954,103.9503954,103.9503954,103.9503954,103.9503954,103.9503954,103.9503954,161.1579955,103.9503954,103.9503954,101.9640821,101.9640821,101.9640821,101.9640821,101.9640821,101.9640821,101.9640821,101.9640821,101.9640821,101.9640821,101.9640821,101.9640821,105.3181638,103.6139863,104.4591249,104.0348393,104.2465504,104.1405872,104.1935418,104.1670578,104.1802981,104.1736776,104.1753326,104.1761602,104.1757464,104.1759533,104.1758498,104.1758757,104.1758886,104.1758821,104.1758838
192,64,103.9412759,30.75449343,0,103.9460064,30.75066046,620.9053755,,53.12138516,50.3247884,56.24708988,53.12138516,72.62149483,86.09223581,86.57958248,86.3352214,86.39618227,86.42669498,86.41143595,86.4190648,86.41525019,86.4162038,86.41668062,86.41644221,86.41668062,95.44016224,106.5677879,120.202161,89.35080686,193.6686802,210.3773508,201.6775356,110.3604699,142.6571585,124.4475427,132.9316387,128.5497583,130.7039829,129.6179205,130.1586862,129.8877405,130.0230722,129.9553711,129.9892129,129.9722898,129.9807508,129.9808565,129.9808036,131.6364178,131.2185728,131.0106434,131.1145257,131.062564,131.0885397,131.0820448,131.0787976,131.0804211,131.0800153
193,64,103.9412759,30.75449343,32,103.9354466,30.74137286,1557.607396,,64.02039818,59.76962116,60.52388489,60.14438834,60.33353986,72.96831037,148.4744914,116.9438305,273.3088525,259.2511635,246.5688512,199.196683,181.6157612,181.6157612,181.6157612,224.7074286,224.7074286,224.7074286,224.7074286,225.4641207,225.4641207,225.4641207,225.1585729,255.2679799,239.2697644,247.0101023,243.0783301,245.0284447,244.0494919,160.4684048,193.6242276,175.4940267,184.1138712,179.7006396,179.6923798,174.4132698,134.8600984,154.0820886,143.8317183,137.1153328,112.561631,113.2989561,113.6712529,113.4847992,113.5779495,113.5313553,113.5430002,113.5488236,113.5430002,103.07696
194,64,103.9412759,30.75449343,108,103.9552436,30.7700213,2179.281715,,73.70046194,73.70046194,73.70046194,73.70046194,73.70046194,73.70046194,73.70046194,73.70046194,91.1727388,91.1727388,91.1727388,103.2291339,96.82708021,98.35197586,99.13257791,98.74073413,98.93626804,98.83840437,98.887312,98.87508055,98.86896597,98.87202317,98.87049454,98.87125886,98.8708767,98.87106778,98.87097224,98.87102001,98.87099612,98.87100806,98.87100209,98.87100508,98.87100358,98.87100433,98.87100358,98.87100358,86.07146653,92.02831854,88.95027398,90.4631209,89.70031915,89.88981102,89.9848575,89.93730915,89.96107704,89.94919152,89.9521626,89.95364822,89.95290541,89.95309111
195,65,104.0666187,30.74499537,17,104.0530243,30.75790039,1933.671041,,205.4429944,151.8495177,151.8495177,338.9514667,98.68465761,99.81668695,164.3734533,208.5236869,106.4638633,133.4588909,115.5475679,107.9397712,115.5475679,119.9692503,122.4537212,135.4463046,122.9788137,120.3719443,113.4672493,172.8421042,172.8421042,172.8421042,172.8421042,172.8421042,172.8421042,172.8421042,172.8421042,172.8421042,172.8421042,172.8421042,141.0580699,155.3409372,147.8553723,155.3409372,155.3409372,182.3501178,167.7654044,167.7654044,167.7654044,160.6743392,372.2575266,163.2621096,162.8250415,163.0432826,163.0432826,163.0432826,165.999132,167.5176148,166.7549166,166.9449393
196,65,104.0666187,30.74499537,18,104.0730086,30.74887448,747.6592605,,73.33987296,64.55579884,67.67848473,58.00804607,44.14353695,50.55665916,63.55545072,78.47152588,67.5850179,61.70502838,63.13598449,62.2793996,57.22587777,46.09450422,60.57327192,59.59936042,48.48613749,48.23608132,55.91427344,64.98114889,42.14363264,51.90520685,41.28179966,66.13571613,44.15431313,61.55685164,69.281167,106.8084658,123.4666669,72.50320928,137.5591143,81.91967549,81.2933901,70.69541652,77.52541353,73.95305232,78.48296655,78.48296655,84.0445963,81.00643145,122.3442426,145.4904507,85.41287863,73.77116842,62.52202875,68.18785043,67.06577869,61.94645288,61.94645151,56.01609444
197,65,104.0666187,30.74499537,311,104.0600238,30.74269338,680.9342629,,65.01042923,51.28758403,60.19836318,46.51543352,34.75139419,41.5485313,56.58488573,45.64922433,77.08689769,78.99978558,71.96903132,65.90424591,69.89371906,61.74718757,59.78934991,53.49401738,61.74718757,45.86273801,61.74718757,61.74718757,61.74718757,47.27291647,52.91663997,58.5924911,58.5924911,58.5924911,63.09815564,58.55750006,80.90308074,80.93647037,80.91977211,80.91977211,80.91977211,76.90551675,81.08147784,78.93830714,79.99554057,79.46340749,79.99554057,81.97873218,95.1369992,87.84499349,85.91226682,92.85467221,92.85467221,92.85467221,92.85467221,92.85467221,92.85467221,92.85467221
198,66,104.0737873,30.78668402,2,104.0732399,30.76099259,2847.913944,,301.3960862,301.3960862,271.2298994,271.2298994,271.2298994,242.8061622,269.2582897,255.3489965,258.689834,260.3932507,259.5387474,259.9652969,259.751847,259.9652969,220.3355852,169.8838475,271.2298994,271.2298994,271.2298994,262.2882044,183.2983945,222.9683515,181.0936952,271.2298994,265.6085544,297.1736289,271.2298994,271.2298994,223.8534978,291.9266552,291.9266552,294.9295994,290.6961602,292.7975782,291.7430851,292.2693805,292.0059956,292.1376287,292.0717973,292.1047093,292.0882524,292.0923665,233.7549065,270.722593,292.0939093,270.722593,292.0937165,292.0937486,292.0937325,292.0937365
199,66,104.0737873,30.78668402,50,104.127086,30.77857558,5178.755161,,493.2147772,410.5371556,588.8201683,535.0606229,507.306628,281.0580691,399.5842432,411.131276,580.7949713,470.558268,294.0038412,469.1053872,314.5710955,332.9908051,401.9093923,476.6697456,575.4172401,343.0339821,535.7332925,535.7332925,432.5642362,436.6163602,582.6099556,440.7451201,439.40974,348.195172,454.0518688,499.9219692,505.0961167,516.4409579,348.1836837,477.1213968,631.055751,453.2827274,543.6220609,494.3591271,618.3588252,543.6220609,661.7042974,594.6015288,641.572617,628.3810333,612.5526539,708.0674957,738.8974164,620.2617842,439.1335688,677.5434178,598.82822,677.5345132
200,66,104.0737873,30.78668402,137,104.0475071,30.78634412,2514.976447,,239.5215664,200.4261041,239.5215664,198.6052144,191.364126,136.4911841,163.6348312,177.5625654,258.1914983,229.9517842,229.1971771,229.5738606,229.3853642,210.3116193,235.6205048,164.1138769,214.1924582,214.1924582,260.1699773,260.1699773,210.0676383,212.035485,203.0025832,239.5215664,214.0405487,214.0405487,239.5215664,242.7788028,245.2915416,257.7987526,250.8009753,258.4020378,329.7128627,220.1292295,264.0010267,258.1014113,257.8688176,257.985062,257.9269267,282.7875651,302.9639455,299.2831065,297.4760245,297.4760245,253.2181875,229.2311786,257.9462834,186.9098928,252.937986,252.937986
201,67,104.190672,30.73707999,35,104.1675722,30.75834783,3231.919547,,245.5669381,255.5718917,367.4665731,423.7296645,265.9788054,174.6382619,262.1951632,260.9501371,258.1949596,241.0384238,183.4797614,212.0216768,182.9388423,196.4310936,261.5661917,260.9529948,261.2592335,261.1060244,261.1826065,261.1634567,261.1538829,268.7235559,385.9008414,261.157473,261.1568747,203.1363019,261.1570242,261.157099,261.1570616,250.8049328,197.1090662,149.6451494,270.8899239,188.2523505,261.1570739,261.1570742,361.5197422,141.9757214,301.8251496,361.4144622,440.5946098,455.6997413,442.1446713,441.8855708,300.1735725,351.5640063,332.556449,441.9746024,441.9705547,441.9715666
202,67,104.190672,30.73707999,250,104.200667,30.70612702,3561.461404,,281.6312148,282.7231898,368.6587777,405.4153693,318.5653807,218.0023134,254.6111169,274.2194955,286.6387353,265.2337851,206.0623057,251.5555254,204.3826835,225.8262883,312.9918561,312.9292156,312.9605328,312.9448734,312.9527029,312.9402276,310.4662119,352.3048178,431.5106792,287.7863285,334.9712015,251.9702893,343.8178798,313.4308696,327.9219234,300.7803543,274.0251495,227.4253166,329.9086329,284.1641382,336.3720332,336.2474508,346.1492377,265.236068,300.6299427,349.7428238,374.5683801,324.7661996,392.5336616,354.4493718,292.3374986,324.7837406,342.2629446,329.7047785,364.2619904,357.7224285
203,67,104.190672,30.73707999,400,104.1722518,30.72037834,2556.670043,,202.1748963,203.7487933,208.5895106,208.5895106,208.5895106,216.3105089,134.7585967,166.0624656,156.9478786,152.7557642,156.9478786,169.2633524,188.9940894,186.2971795,184.9773834,185.6349357,185.3055762,185.4701097,185.3878065,185.3878065,180.6479324,271.9632127,236.8099182,236.8099182,236.8099182,144.1505428,263.5193485,186.3589043,218.3220759,201.0782065,209.3456457,205.1286578,207.2156993,206.1668969,206.6899676,206.4281009,206.5589513,206.4935054,206.4935054,204.292487,202.1378951,136.7101694,234.5568847,172.7398706,198.9572732,184.9239587,184.9239587,143.4987863,186.3789164,177.1462334
204,68,103.9731061,30.68598032,260,103.9706768,30.68583598,233.2483219,,22.63326035,22.63326035,22.63326035,24.2967002,22.63326035,19.37010286,19.37010286,19.3033094,20.01654252,21.89554,20.01654252,20.01654252,17.27765347,17.27765347,15.99417064,17.77130072,22.36202287,18.70142447,18.70142447,18.70142447,18.70142447,18.70142447,19.89796111,18.0288558,20.93999897,26.03702198,20.93999897,21.68817801,19.3033094,22.49180247,19.68801779,19.42611819,18.4143412,19.17109495,19.17109495,26.11800805,20.58794295,16.48074502,22.23092932,22.23092932,25.19711804,23.19444017,22.2141259,24.24525387,29.18137129,25.0157088,25.8367372,23.17995746,24.43634657,21.63462696
205,68,103.9731061,30.68598032,390,103.9733365,30.67656097,1044.207014,,100.9618241,100.9618241,114.3031623,66.33785736,97.51349547,113.5069936,90.675454,98.89595807,109.2774782,137.1950821,97.17738692,121.0674799,88.38930742,80.87661898,77.91580175,75.07029956,161.7706401,113.5693429,90.8143198,108.6772261,69.4690737,140.6164059,119.1406101,125.8210305,105.4705237,136.3773867,95.50067324,97.24322524,158.2798,141.3876916,121.9182244,150.0656787,107.4687929,131.0313991,82.25700767,202.1045834,138.5034011,178.2993795,97.89440756,132.8284319,105.8372095,121.26275,183.0638257,109.8289449,239.5631598,115.8442296,204.1626748,102.9902808,522.103507,73.1351216
206,68,103.9731061,30.68598032,475,103.9769843,30.6953588,1103.828643,,108.1260664,105.2283845,96.95276681,141.2936547,88.40451868,126.5719249,109.7008616,88.93763887,167.3171838,167.3171838,167.3171838,167.3171838,167.3171838,167.3171838,167.3171838,167.3171838,167.3171838,69.6543929,98.36096819,98.36096819,144.2389515,83.36607933,90.2107404,86.65345699,88.39632473,87.5162145,87.95406798,87.73459494,87.84419438,87.78936045,87.81676886,87.80306251,87.80991514,87.80648869,87.80991514,87.80991514,134.0230393,106.1028262,118.4397459,111.9323757,115.0941533,114.2870805,113.8877738,114.0870777,113.9873386,114.0371863,113.9873386,93.50077917,93.50077917,93.50077917
207,69,104.0104187,30.68940234,991,104.0121158,30.69204887,335.3540978,,41.1687895,49.88738645,33.69138843,37.80609871,25.71405223,43.06568676,31.35778577,30.03171025,33.15676768,35.71818793,35.1747257,37.98167759,40.52228849,92.86728862,37.03296786,96.58198017,47.90772826,39.47922669,28.22933949,49.32685402,31.95539312,31.90472389,31.85421509,31.7147483,38.36678237,34.15204391,55.04292184,32.32328653,30.82928376,34.49356435,32.76186573,37.37692731,43.19408773,43.19408773,46.27051109,49.81876557,74.2938309,33.20337602,39.95674051,35.69706541,45.3707628,33.91221214,33.4054995,33.4054995,26.97820675,33.61009889,37.59028807,30.04665884,36.86335121,32.58501355
208,69,104.0104187,30.68940234,1409,104.0093726,30.68765838,217.7158719,,39.4518694,36.92086118,35.81227135,36.16876506,24.69885942,47.04544651,69.98010168,28.37202313,21.77158719,31.83732838,55.02948819,27.21448399,31.89327116,31.2084185,43.72536339,35.13570267,29.44948992,40.19369943,71.46903999,52.33488048,82.93937977,41.2824678,20.95660799,37.38205749,35.65324362,43.54317438,28.27478856,52.10294371,35.41161772,45.90202863,43.62395948,41.95060512,24.22804139,40.40088345,35.51323692,35.51323692,35.51323692,25.06749911,27.42397267,30.15687337,33.49474952,33.52032975,23.20829091,94.43098058,25.23371264,27.64645992,34.99005084,22.71817794,38.25635821,38.29529994
209,69,104.0104187,30.68940234,1627,104.0065398,30.69141036,433.0946594,,44.41996507,38.76531014,43.52102649,43.52102649,43.52102649,43.52102649,49.78099533,50.20925343,50.64494392,38.40248211,44.23094394,44.23094394,44.23094394,41.60482385,41.60482385,38.9096169,36.11909128,36.54236188,57.11138366,57.11138366,45.1924862,57.11138366,51.77003122,62.36563095,47.34233119,34.36754093,47.61946878,87.521936,47.89987016,39.09580677,47.89987016,58.06855768,51.2634355,43.38981746,55.13506146,54.38863164,44.21004084,36.87157235,46.12842526,42.95153647,44.48333164,45.92461779,47.46242843,190.1391188,43.95040941,38.73641674,39.93246149,41.94370637,37.93529863,53.07713273
210,69,104.0104187,30.68940234,1672,104.0155067,30.68723514,543.3340304,,59.40782109,88.41457798,88.41457798,88.41457798,55.42653753,61.04332397,62.0473153,63.08488458,68.58083779,82.82297145,61.06147273,99.03810174,64.76829501,87.12706055,118.9782548,87.12706055,87.12706055,56.12632739,73.65259583,73.65259583,72.56932591,71.51745921,65.30893187,68.8733278,70.2875645,79.25054482,87.67380141,71.80625952,113.2273522,124.3970664,174.6430812,138.011723,121.9452936,126.1937103,87.75684239,98.53916924,60.95839531,143.9749481,61.80102715,61.80102715,61.80102715,61.80102715,52.76985187,98.29158339,135.5198044,102.7447149,91.17155866,87.80398004,94.80775568,82.78124284
211,70,104.1033786,30.70633756,1378,104.1060918,30.7062197,260.1592847,,106.0271802,33.78692009,39.1503156,31.12401301,46.53780993,53.98117723,46.53780993,46.53780993,38.24142311,32.45551472,84.9224608,118.5535981,23.98054288,15.70114711,33.56893996,68.2385009,14.22283105,19.10074966,19.10074966,77.7700353,83.72942493,112.8401717,50.76278726,49.03525785,14.26616032,58.53583906,70.55167043,55.83150074,53.36600712,41.90485123,53.36600712,71.49415457,55.05207494,56.84815933,52.1975635,52.1975635,52.1975635,24.32658247,47.26190537,44.3173545,50.62559054,41.87362555,59.84494728,38.25350953,19.36069095,35.20952725,29.22795943,26.93964009,28.03718565,28.03718565
212,70,104.1033786,30.70633756,1418,104.1031337,30.70349434,315.986651,,46.24194893,46.24194893,46.24194893,46.24194893,46.24194893,46.24194893,63.1973302,54.22077901,54.22077901,38.05935871,35.10962789,36.52503565,35.80334846,36.16059159,40.45057181,75.08593687,45.89546746,64.81777456,45.89546746,45.09621184,37.48111841,40.93754183,88.77216954,36.97351929,60.42772609,53.34358469,60.42772609,47.74614664,52.78663311,33.88933297,41.27796591,37.22051349,41.27796591,41.27796591,51.12593005,41.06068077,32.16452244,40.84567122,48.09944793,48.09944793,48.09944793,65.25154553,65.25154553,65.25154553,101.2657517,65.25154553,47.72945219,47.72945219,47.72945219,57.11557875
213,70,104.1033786,30.70633756,1422,104.1015938,30.70628948,171.0052479,,19.16323401,28.66518124,33.09080069,22.94944613,16.3438644,17.24422668,41.6662533,27.73058074,27.58561131,47.72239476,47.72239476,47.72239476,50.73782082,49.94879452,49.56341302,49.75535752,49.75535752,49.75535752,58.63037071,42.16567756,42.75131198,42.45647534,42.75131198,42.75131198,47.72239476,45.10028516,46.37430452,45.10028516,45.10028516,14.76304298,22.24458509,17.74757167,19.74323969,18.69229012,19.20339675,18.94439674,19.20339675,19.20339675,34.58533104,24.69498205,28.81510183,24.69498205,12.5893434,24.69498205,24.69498205,43.35344313,36.46550354,33.78189168,34.87925736,34.87925736
214,71,104.1649449,30.68504344,197,104.1595999,30.6846658,513.6855656,,24.56954875,127.2432135,127.2432135,127.2432135,48.5372188,63.54872976,83.6772867,55.31210478,73.8230753,73.8230753,73.8230753,73.8230753,60.23674385,41.12911951,59.27141142,59.27141142,59.27141142,62.86463578,43.07301327,43.07301327,43.07301327,34.04082901,38.02796064,35.92410285,38.02796064,38.02796064,49.71150635,49.71150635,49.71150635,95.71780725,65.43765167,67.98779545,67.98779545,67.98779545,67.98779545,67.98779545,67.98779545,67.98779545,72.94942943,51.8002251,60.58208145,55.84803431,55.84803431,46.93573696,51.0054966,48.88606126,48.88606126,48.88606126,41.83864335,48.88606126
215,71,104.1649449,30.68504344,276,104.1703327,30.68548169,518.3521345,,53.77716669,81.13337757,40.13048783,40.13048783,40.13048783,40.13048783,40.13048783,40.13048783,40.13048783,40.13048783,40.13048783,40.13048783,40.13048783,40.13048783,40.13048783,40.13048783,40.13048783,40.13048783,40.13048783,40.13048783,40.13048783,40.13048783,40.13048783,40.13048783,40.13048783,40.13048783,40.13048783,40.13048783,40.13048783,40.13048783,40.13048783,40.13048783,40.13048783,40.13048783,40.13048783,40.13048783,40.13048783,40.13048783,40.13048783,40.13048783,40.13048783,40.13048783,40.13048783,40.13048783,40.13048783,40.13048783,40.13048783,40.13048783,40.13048783,40.13048783
216,71,104.1649449,30.68504344,422,104.1645632,30.69122648,686.2321224,,54.80722442,106.2552964,150.1784584,83.42040274,83.42040274,83.42040274,111.1140468,95.29601113,98.81272024,100.6702374,99.73283055,100.1993416,99.96554179,100.0238894,100.0530887,100.0384869,100.0384869,100.0384869,73.68935543,78.88364515,81.76542715,80.29868892,81.02542078,80.66041796,80.66041796,80.66041796,71.81498955,75.98113255,73.8393425,73.8393425,73.8393425,65.11427624,69.20288062,67.09635003,68.13333692,67.61086749,67.87109672,67.74073218,67.8058518,67.77327635,67.8058518,85.38372031,75.58629226,80.18684641,77.81863369,78.98499247,78.69013721,78.54353358,78.61676705,78.58013325
217,72,103.998373,30.6369159,367,103.9977251,30.63671174,66.08638951,,13.40343675,14.9160503,12.20056422,15.86073348,18.7700988,17.36576659,15.97909716,24.97753304,25.85989155,16.63713302,13.67304611,15.72965304,15.65203962,14.73133141,15.54973871,15.49908809,15.54973871,20.16194934,15.54973871,15.86073348,15.82118053,15.84752721,16.57916392,23.49738294,18.37150596,16.12955947,16.43909864,16.03443991,15.48899754,32.29561116,26.14406618,26.14406618,26.14406618,26.14406618,26.14406618,26.14406618,26.14406618,26.14406618,26.14406618,26.14406618,26.14406618,26.14406618,26.14406618,26.14406618,26.14406618,26.14406618,26.14406618,26.14406618,26.14406618,26.14406618
218,72,103.998373,30.6369159,1171,103.9992384,30.63572543,155.8463457,,41.8171561,74.31084033,34.99252669,34.99252669,20.58887503,34.99252669,53.09591587,34.00283906,23.62302503,33.06759397,33.06759397,34.00283906,33.52869589,33.64598768,33.64598768,31.52391316,29.65363872,29.03969175,34.45175588,41.10233293,45.42889429,91.97489254,60.81808613,73.21981658,66.44522215,69.66821507,68.01856043,68.01856043,68.01856043,51.23715475,58.44713608,51.23715475,47.64729041,44.52752734,33.19803814,36.19657061,36.19657061,36.19657061,36.19657061,36.19657061,36.19657061,64.86090688,46.46350679,54.14203566,50.00974659,51.99391551,41.58148467,35.58436645,23.87433381,27.46863376
219,73,104.0135237,30.65990556,101,104.0139977,30.66431216,490.4980126,,76.36778284,76.0025615,76.0025615,66.30010684,62.42859627,63.29006614,65.56161555,65.56161555,78.09951506,78.09951506,78.09951506,53.28282575,56.33910809,49.28940252,69.45104603,61.61175315,74.98058791,74.3268185,94.73137582,74.66354526,101.8014743,98.99329196,77.44705462,87.41548739,94.83312811,90.78626454,94.42742489,67.44816063,85.30400219,75.54193991,67.78475414,112.1138315,84.48769595,186.2650681,58.79443437,115.160403,44.42246152,70.91537532,71.20132441,82.80388489,98.92396893,83.03101152,79.77979724,58.2769916,58.24495366,58.26096823,58.26096823,60.09017946,53.32420155,70.40641329
220,73,104.0135237,30.65990556,1395,104.0118326,30.65796024,269.7031656,,34.06976067,31.23974891,38.86835053,35.35802608,61.64643785,37.48769869,49.49522834,35.37090696,31.03433686,30.05049199,43.36666285,49.96216448,41.78295411,32.25685702,38.11310682,36.63892061,31.09468042,56.20442235,37.43349961,42.88566237,49.3933123,40.00541393,39.36474341,52.88777465,54.41932159,40.58229451,43.53952449,33.36534007,39.35875941,52.24274394,41.67981954,45.37062599,45.39272136,45.58363362,46.34517404,45.79865076,41.16452148,42.00135816,43.47454013,45.88367778,38.88910799,39.79227033,54.04640575,33.13759031,45.09048649,48.8723857,32.44549361,57.11361154,40.3154905,40.22691283
221,73,104.0135237,30.65990556,1873,104.0163373,30.66013517,270.7760379,,35.90400503,35.90400503,35.90400503,35.90400503,35.90400503,35.90400503,35.90400503,35.90400503,38.02836424,38.02836424,38.02836424,48.98460987,42.81670877,49.67101842,50.37693728,57.68010275,39.22711213,19.65309953,26.18653422,24.1771815,23.2838692,23.72211838,23.72211838,25.99720768,31.59785207,28.75497748,30.10945904,30.10945904,30.10945904,32.17141044,31.10630192,31.62989208,31.36591208,31.49734898,31.43149313,31.46438659,31.44793126,31.45615678,31.45204348,31.45409999,31.45307171,31.45332877,31.45332877,31.45332877,30.05530534,30.05530534,21.65005522,24.27879792,24.27879792,42.61393383
222,74,104.1179738,30.65793984,534,104.1203144,30.65880798,244.0320835,,43.27662565,27.68067745,23.48971927,25.41357442,35.38833839,23.11882896,19.30803298,57.54468343,19.6316313,38.44706786,54.39724462,36.99012634,34.532842,25.42736615,38.61606596,33.2456197,78.0209148,43.04104249,47.35932618,33.05174946,44.74612058,30.53449192,22.26908747,28.37353252,36.13802964,31.78852053,33.82402004,33.82402004,37.69930314,56.67841939,42.57748792,42.57748792,28.66282221,34.26124799,57.79707241,22.35408398,24.38627344,26.2243433,26.34229387,40.36058961,31.62023398,37.19896262,81.79846374,37.19896262,32.20955089,28.40028558,29.98346418,25.17236391,39.04513336,33.85416187
223,74,104.1179738,30.65793984,729,104.1164633,30.66075295,343.7264565,,62.91941915,54.59184897,45.2712894,49.92933061,74.24491459,64.5607953,68.87283357,60.75688592,42.66949115,48.12504593,45.94718936,42.56465211,48.52608798,55.9599884,55.9599884,58.6452722,39.05571521,79.44881178,60.2637294,56.67550734,95.92366228,53.74224727,78.5660472,53.03208187,60.2637294,72.66700254,48.48135317,40.94012385,60.12707694,63.6530475,67.61831931,71.83833053,62.49571936,51.72059534,49.49660974,61.08178907,55.4894728,48.89036916,43.69404108,42.96580706,51.29713933,62.10365086,61.76781582,55.99163997,56.58048667,30.25465143,45.05699394,40.48250523,50.79701328,51.16004195
224,74,104.1179738,30.65793984,777,104.1121511,30.65500441,645.8292508,,197.0326528,109.4110731,122.852592,75.73242029,140.0593556,98.30804663,115.52722,115.52722,117.1277231,117.1277231,102.572881,109.3681836,94.12895963,111.5100865,122.852592,116.9068663,119.8060059,119.8060059,119.8060059,117.1092865,90.11570941,114.5312957,118.6216991,123.0150954,256.9044534,166.3674635,201.9531208,182.4412204,191.7019575,186.9569787,189.2997384,186.9569787,127.7958169,74.9995259,97.0766306,82.97592087,85.66637078,80.44931844,117.1277231,167.6672093,117.1277231,101.6757421,96.07377285,71.10046798,126.8173802,131.7272126,127.0483772,128.80805,130.6171518,111.548301
225,75,104.1426242,30.63145711,254,104.1462001,30.63025162,367.8425915,,51.27718604,43.89723743,29.23252383,43.04116997,30.09621203,42.91858169,30.26819039,26.94269236,34.94019339,39.33366325,39.4312654,45.29874559,39.52935312,39.29475755,33.21655508,44.05951927,66.04655009,33.46136019,34.45533381,53.43960167,47.95273894,31.90923685,33.0026998,58.20805844,38.49515492,40.27065371,39.36289312,40.27065371,28.91339147,40.27065371,79.6531326,53.49537098,69.81898045,60.57676527,69.81898045,32.54786975,38.00490273,39.76676665,36.39253396,57.07902282,35.540347,36.5305746,27.53083845,36.48025701,34.70213127,42.85544755,42.85544755,34.6204792,52.37888035,32.49652342
226,75,104.1426242,30.63145711,393,104.1417226,30.6285471,333.8853966,,75.83516894,91.05965362,48.07949711,83.16559327,64.44972803,96.54517492,83.58744282,129.5943318,51.36698409,89.03610576,63.75053861,99.23528815,74.836382,81.10576436,68.06270825,56.36517832,58.63353306,73.06914454,106.7755329,89.78430833,89.03610576,89.03610576,57.64927711,88.27325049,93.32200526,87.52335641,100.6689638,67.90889422,86.91159998,89.45022718,47.88794533,104.5206459,67.33823125,66.04326526,53.90078151,74.85686826,76.2682378,75.55596259,71.90353505,157.6376954,81.86066479,55.28194478,79.2519183,72.32174656,58.72902741,52.44273245,88.38142851,94.64467935,74.84355092,115.8542099
227,75,104.1426242,30.63145711,508,104.1377241,30.63284921,494.3112084,,63.42687816,69.62583699,42.99916275,56.03023773,55.49079245,64.29536492,55.87191053,50.78298264,49.02018772,62.76967726,55.47277361,61.9682072,51.17590791,53.62693171,55.63898959,54.18483685,71.32346093,54.79099965,63.196044,53.22593271,58.99739758,57.67130971,57.63110166,51.84507125,97.24154919,97.24154919,97.24154919,97.24154919,97.24154919,97.24154919,97.24154919,97.24154919,97.24154919,97.24154919,154.7409,119.430896,134.8121477,126.6562527,130.6069982,128.60129,129.5963842,129.0969195,129.0969195,127.1085964,128.0950426,127.5999131,127.5999131,127.5999131,74.76976262,87.76919113
228,75,104.1426242,30.63145711,688,104.1445578,30.63469503,403.8793365,,42.38966797,60.72358885,30.29095024,52.67991346,40.38793365,43.311457,44.49401735,43.12305323,36.07855115,35.22203516,48.80717057,62.46382335,47.99320628,44.50915136,45.0609177,52.35977894,58.27517481,39.25393119,59.61590206,43.48850284,43.45384374,44.92748123,65.43499601,48.60439007,45.38187983,45.57045611,38.7724163,61.26259599,51.68124212,51.20198185,42.74797828,50.73152866,55.33061523,43.79414492,59.58875457,41.44168593,46.59150645,61.24109278,41.98168272,53.5859562,45.40804533,47.88031651,46.67626361,51.08803975,61.44303391,58.29579102,59.99858095,46.04070967,50.61348567,43.90750337
229,76,103.9487338,30.61070341,281,103.9604905,30.60401625,1348.923914,,103.0769326,120.126805,113.1355541,114.4927,112.4103262,120.6865757,122.4674527,129.6617197,143.8141981,130.0167628,132.1187447,136.9852212,120.126805,133.3346419,120.4994067,130.0167628,121.6674894,119.3884718,131.2910062,111.9955279,130.0167628,106.5524101,130.0167628,111.2514568,100.1779493,124.8094091,130.0167628,130.0167628,130.0167628,130.0167628,130.0167628,136.9162527,127.0405779,150.5775532,126.8331986,182.0905026,125.4391785,127.5373276,177.922507,142.099652,133.3456627,124.8361463,133.3494174,133.3487916,136.3488166,133.1751663,147.8272782,141.034095,127.7927919,177.5075888
230,76,103.9487338,30.61070341,394,103.9642428,30.61742585,1662.937701,,130.9256583,84.25863087,130.9256583,84.25863087,84.25863087,84.25863087,139.0609924,178.7037529,158.0614052,139.0609924,255.2910756,255.2910756,255.2910756,255.2910756,255.2910756,255.2910756,255.2910756,255.2910756,255.2910756,255.2910756,205.0197166,227.4102839,215.6353255,221.3663314,218.4632491,218.4632491,218.4632491,176.0757566,194.9925423,185.0519676,189.8922504,187.4408666,188.6585956,188.0477597,188.3526825,188.2000976,188.2763591,188.2763591,188.2763591,556.890765,281.4116787,321.1246384,321.1246384,321.1246384,223.2131142,263.3630691,252.0297487,246.7211645,249.3472049,248.6854679
231,76,103.9487338,30.61070341,909,103.9425616,30.630378,2259.420999,,114.4815707,114.4815707,114.4815707,114.4815707,114.4815707,114.4815707,114.4815707,114.4815707,114.4815707,114.4815707,114.4815707,114.4815707,114.4815707,114.4815707,114.4815707,114.4815707,114.4815707,114.4815707,114.4815707,114.4815707,114.4815707,103.5508033,108.7421871,106.0830205,107.3961459,106.7355446,107.0648262,106.8999319,106.9823155,106.9411078,106.9617077,106.9514068,106.956557,106.9539818,106.9552694,106.9546256,106.9549475,106.9547865,106.954867,106.954867,106.954867,109.9921115,111.5763529,110.7785685,111.1760295,110.9769431,111.0266478,111.0515169,111.039081,111.0421897
232,77,104.0422154,30.60430027,473,104.0410529,30.60553353,176.3622819,,18.32335396,18.32335396,18.32335396,18.32335396,18.32335396,18.32335396,18.32335396,21.55871697,34.50566385,30.01911181,38.24724186,26.56502991,26.56502991,26.56502991,30.45104148,28.37560737,28.37560737,28.37560737,24.8982045,24.8982045,23.88653931,22.95387617,22.43477791,22.69135864,22.69135864,22.69135864,24.27931988,21.40246805,20.25212807,18.7287379,19.46066559,19.46066559,19.46066559,21.93106096,20.62214259,21.25647089,21.25647089,22.3680886,25.96745255,23.60238717,25.96745255,34.69421939,25.96745255,20.85071313,29.98367012,40.35408146,37.75446272,35.46950921,35.46950921,34.98094848
233,77,104.0422154,30.60430027,926,104.0434786,30.60525631,160.9066087,,17.34322729,8.689499964,11.52190535,8.478065003,22.97526193,8.507779831,13.39338246,8.97967381,10.68259643,14.95195848,8.419531851,15.68757729,13.80432032,8.079931995,8.687870886,9.048640322,16.31154639,11.18809834,18.50683039,18.38932671,10.9813041,23.90688367,14.93910487,17.2590727,15.10466209,9.123461734,11.30546555,9.996786458,8.416364354,14.93717873,11.18269867,12.82502859,11.33266052,19.90597221,22.20110347,16.29434012,8.571104188,8.441002424,7.88382159,9.723463985,8.243401043,10.90708864,8.115779913,13.45365171,8.474189139,11.32332947,9.78486134,11.11830694,7.392104531,8.062407061
234,77,104.0422154,30.60430027,1031,104.0400367,30.60236365,299.4921877,,11.48824588,12.08225241,10.88146552,11.87276321,12.37422811,12.71118969,15.68864382,14.67492093,14.53099488,14.74578195,14.87739911,14.7185412,14.89273382,14.69718153,16.03144417,15.03323257,15.56007693,14.95859469,16.72465913,28.48538641,28.48538641,28.48538641,28.48538641,28.48538641,28.48538641,28.48538641,28.48538641,28.48538641,28.48538641,28.48538641,28.48538641,28.48538641,28.48538641,28.48538641,28.48538641,28.48538641,28.48538641,28.48538641,28.48538641,28.48538641,32.34515627,31.28536455,30.78109204,31.03117975,30.90562998,30.96827762,30.95259191,30.94475501,30.94867296,30.94769338
235,78,104.0701368,30.57443762,204,104.0696326,30.56814664,698.8963881,,36.83450632,36.83450632,34.14455637,34.08994049,34.67034583,41.53725633,41.19569377,35.14004186,35.14004186,35.29305236,47.00657631,36.21485422,35.08491542,42.58137503,58.03983846,37.31723336,38.25622893,49.17667011,37.86602105,37.8325479,37.8325479,34.10646743,35.7585634,42.81384567,43.0090085,39.63287473,43.90972072,71.57971542,40.6466397,46.18681959,41.21256343,44.84896608,41.35651526,42.12466065,47.11661043,41.4107568,40.39503742,45.41564977,71.57971542,45.25250932,42.16795246,71.57971542,41.29148323,71.57971542,47.56194702,49.19880714,42.69880352,39.42585782,39.53426989,71.57971542
236,78,104.0701368,30.57443762,739,104.0723172,30.57817949,464.4351601,,40.63102251,40.63102251,40.63102251,40.63102251,40.63102251,40.63102251,40.63102251,40.63102251,40.63102251,40.63102251,40.63102251,40.63102251,40.63102251,40.63102251,40.63102251,40.63102251,40.63102251,40.63102251,40.63102251,47.23069425,51.40558267,49.2297851,50.29416285,49.75628238,50.02377677,49.88967102,49.95663389,49.92313001,49.93987634,49.93150176,49.93987634,49.93987634,75.99848074,60.27321331,67.22852714,63.56116148,67.22852714,67.22852714,77.76588727,72.11430984,74.83354568,74.13469094,73.79013568,73.96201205,73.87597388,73.91896791,73.90821473,73.90283929,73.90552691,73.904855
237,78,104.0701368,30.57443762,1066,104.065939,30.57440927,402.5694056,,136.4642053,33.99335091,39.0107634,30.60717762,43.97496257,31.36904459,29.71804224,39.68735354,22.38223722,39.84192055,27.68385597,21.17238656,22.59158005,26.03053184,29.45629797,24.68909472,26.2902469,29.30737837,25.74156057,28.76351811,29.30737837,29.30737837,27.37446611,23.38820076,34.34241375,33.06902134,26.57650173,35.33678416,35.33678416,33.3480313,37.02617985,43.58236587,30.24110563,31.94947592,39.27700431,32.22345437,30.08359689,36.83058271,31.68053905,35.71830456,42.9407366,42.9407366,42.9407366,42.9407366,42.9407366,42.9407366,42.9407366,42.9407366,42.9407366,42.9407366
238,78,104.0701368,30.57443762,1267,104.0765396,30.56871008,883.1558153,,61.24461228,61.24461228,61.24461228,60.78438325,54.34805017,54.34805017,54.34805017,54.34805017,54.34805017,54.34805017,54.34805017,54.34805017,54.34805017,54.34805017,54.34805017,54.34805017,54.34805017,54.34805017,54.34805017,54.34805017,54.34805017,54.34805017,54.34805017,54.34805017,54.34805017,54.34805017,54.34805017,54.34805017,51.3628584,52.81330457,52.07798419,52.44306697,52.25988798,52.35131724,52.30556266,52.32842995,52.3169938,52.32271124,52.31985237,52.32128177,52.32056706,52.32074574,52.32083507,52.32079041,52.32081274,52.32079041,49.21611355,50.72098638,49.95721963,50.14599674
239,79,104.1645673,30.60893296,135,104.165091,30.61782895,987.1946311,,236.9267115,236.9267115,236.9267115,236.9267115,236.9267115,236.9267115,236.9267115,135.5157549,236.9267115,236.9267115,236.9267115,138.149686,172.7290728,102.1235825,102.1235825,102.1235825,102.1235825,102.1235825,102.1235825,102.1235825,102.1235825,102.1235825,102.1235825,102.1235825,84.81863179,92.67016094,88.57073326,90.5740853,89.56120767,90.06479885,89.81229734,89.93837087,89.87528988,89.90681931,89.89105184,89.89893489,89.89499319,89.896964,89.89597859,89.89647128,89.89622492,89.89628652,89.8963481,89.8963481,100.5346725,94.91835821,96.26277498,96.9493669,96.604851,96.69075022
240,79,104.1645673,30.60893296,323,104.1589946,30.60397265,766.5512676,,48.49884997,48.49884997,48.49884997,48.49884997,48.49884997,48.49884997,48.49884997,48.49884997,48.49884997,48.49884997,48.49884997,48.49884997,48.49884997,48.49884997,48.49884997,48.49884997,48.49884997,48.49884997,48.49884997,48.49884997,48.49884997,48.49884997,48.49884997,48.49884997,48.49884997,48.49884997,48.49884997,48.49884997,50.54184182,49.49927468,50.01512575,49.75586321,50.01512575,50.01512575,60.71693209,54.84888573,57.63392901,56.20692892,57.63392901,57.63392901,79.07119093,72.34400199,69.39214272,70.83733399,70.83733399,70.83733399,71.43941391,71.74430826,71.59153647,71.6296684
241,80,103.9613727,30.75254195,16,103.9525507,30.75675243,964.822029,,55.15457411,46.04541721,47.5184254,46.77032626,73.6430541,141.0024075,86.16491429,82.37332749,235.7483691,235.7483691,235.7483691,235.7483691,235.7483691,235.7483691,235.7483691,235.7483691,235.7483691,235.7483691,235.7483691,235.7483691,235.7483691,103.6823673,223.1280067,223.1280067,139.1198653,171.3828604,153.5752087,182.4882297,157.6709349,102.9181615,124.5424538,112.7024154,118.3269877,115.4462345,115.4110213,110.7340905,102.8635529,98.45345758,91.71132256,94.96287166,93.85409805,94.12885699,94.26684063,94.19779828,94.23230679,94.21504938,94.21936315,94.22152016,94.21882331,88.21884842
242,80,103.9613727,30.75254195,48,103.9564943,30.7450801,949.7687465,,104.9360866,76.97938057,86.03843703,81.25719858,83.57949491,93.26698002,128.2989676,83.73642288,83.73642288,113.3560972,113.3389363,113.3475161,113.343226,113.3442985,113.3448348,113.3445666,113.3448348,123.3442243,135.2786345,149.3357956,116.6287943,165.577118,140.1298151,151.7943391,145.7290352,148.6998635,147.1994613,147.9458584,90.93876963,129.4504564,147.6650742,130.0063683,147.6884321,147.7001139,67.3064466,179.9561835,172.6852266,122.7995673,76.83522444,83.76206486,114.7809683,115.4089688,115.7255531,115.5670441,115.6462443,103.9260634,115.6165315,115.6214826,115.6165315,106.5806819
243,80,103.9613727,30.75254195,122,103.9719399,30.74616094,1234.279989,,106.6641905,85.17034666,80.9603564,79.68719792,94.28065445,144.9882954,112.5900649,112.6169905,159.9330989,169.4892538,190.0923192,180.2599578,185.0456204,183.8255394,183.2215124,183.5230289,183.3721467,183.4475568,183.3721467,161.1552353,174.3937711,115.9612067,168.1892429,166.5399747,133.5822746,150.2065373,139.2949127,144.5450895,141.9084898,133.943651,145.2539123,155.5846323,146.3358468,150.8185797,144.5702778,141.7863814,129.4573554,125.7981023,115.8453684,123.8235463,127.6499734,127.4935709,124.7727861,129.4183068,127.4350187,121.6458138,137.7750995,127.4411154,117.0572059,116.8034114
244,81,104.0489107,30.74097516,33,104.0422933,30.7410774,633.6067313,,58.78825342,58.78825342,49.2653182,40.80472688,34.14647055,50.57614707,95.5195551,51.95863856,56.24537304,59.78988814,38.06001431,33.78714494,36.61290903,46.06110357,36.96895029,50.38297509,38.57357778,58.6371268,41.54798238,38.74283198,42.61530561,51.14314423,38.65119609,45.33204206,60.01274018,44.22833495,43.69596959,50.51214688,59.49358979,54.63622238,45.73521371,56.18187765,49.10622675,46.00819833,42.86475093,49.29711229,47.42170962,74.78636828,74.78636828,74.78636828,81.20467123,70.40074792,66.74423505,64.5145818,65.34197508,101.1522941,64.36497912,64.46944118,64.41716781,39.25962535
245,81,104.0489107,30.74097516,95,104.0492907,30.73539337,619.7093779,,61.45878128,61.45878128,60.0323918,64.92014581,30.29814976,86.13721083,86.13721083,71.7348476,61.45878128,71.7348476,61.45878128,61.45878128,71.7348476,65.42386394,61.45878128,59.89137612,61.45878128,86.13721083,86.13721083,81.71991796,77.46367224,79.53489342,69.55428715,77.46367224,74.36512535,75.88278097,75.11628823,75.49758919,75.30645605,75.40190149,75.35414855,75.37801746,75.36608111,75.37204881,75.36906483,75.37055679,75.3698108,75.37018381,75.36999732,75.37009056,75.37004394,75.37005558,75.37006141,75.37005851,75.37005996,75.37005922,75.37005996,86.13721083,81.45883226,83.13790674
246,81,104.0489107,30.74097516,207,104.0490336,30.74739145,711.2274612,,69.19374732,68.18692038,57.01811595,46.46858186,36.29740375,56.77203681,102.8698717,67.497861,63.13577791,72.84264183,42.72260065,38.95654409,52.59006155,69.388045,66.24628358,62.97402403,44.65197838,65.82053626,46.63786631,72.43051939,72.43051939,57.40849463,65.31680766,61.19913619,67.36467074,59.49418144,59.06302067,61.16258848,70.30254971,67.15978575,60.69234663,68.18692038,63.2592677,60.90595941,74.21503943,152.1040907,152.1040907,152.1040907,152.1040907,152.1040907,152.1040907,152.1040907,144.8610388,148.3942348,146.6063525,147.4948758,147.2717369,147.1604203,147.2160576,147.2021443
247,81,104.0489107,30.74097516,311,104.0600238,30.74269338,1080.785337,,107.1853227,100.2790519,87.32988798,87.07355117,58.24591637,73.00591102,162.9340874,118.2472497,87.19347599,101.9876072,69.87230065,65.07505057,72.53616274,93.05880025,99.23997356,90.67472386,68.62112253,119.9946712,75.5225469,102.8979098,102.8979098,97.33151253,102.8979098,112.7776004,112.7776004,112.7776004,112.7776004,112.7776004,112.7776004,112.7776004,112.7776004,112.7776004,112.7776004,112.7776004,112.7776004,112.7776004,112.7776004,112.7776004,112.7776004,112.7776004,112.7776004,112.7776004,112.7776004,112.7776004,112.7776004,112.7776004,112.7776004,112.7776004,112.7776004,112.7776004
248,82,103.979059,30.71243403,20,103.9717958,30.70900484,792.6168708,,62.9199721,62.9199721,143.3879766,72.94020283,84.75297349,103.1046336,85.90328353,61.85160553,102.1815841,73.85903542,77.64410163,77.64410163,77.64410163,59.50825307,115.9927128,94.32795818,85.17673835,106.7863678,74.22326737,87.83979174,88.11528445,87.83979174,87.83979174,84.35833658,82.98273844,65.52056797,80.37804887,84.76211954,65.29566899,84.89732754,95.91330201,216.1682375,152.7726429,176.9422599,80.75719062,170.2101733,167.0326445,82.90810851,84.83907042,167.0326445,89.87151921,72.60612557,58.13815678,55.19189042,117.6004362,81.0055567,116.9822198,88.89161168,54.14460597,298.7875115
249,82,103.979059,30.71243403,493,103.9810702,30.71328192,214.3025008,,31.36134158,24.60889961,24.60889961,24.60889961,25.21205892,24.90682818,25.0585141,24.98244089,25.02041967,25.02041967,29.0306304,26.87676021,26.87676021,19.09626245,22.32812363,20.58612084,21.42176598,21.42176598,21.42176598,23.56977773,24.81384978,24.17581955,24.81384978,26.34593975,28.07967253,39.31154155,32.75961796,35.73776504,35.73776504,35.73776504,57.57380619,35.73776504,35.71708347,35.71708347,30.5419241,29.75275753,26.10791888,29.00334597,26.10791888,23.34308632,24.64821095,29.55896563,31.44656262,30.47356166,30.47356166,30.47356166,25.30855122,23.33132065,24.27974832,24.03548526
250,82,103.979059,30.71243403,655,103.9802912,30.71025208,269.0872958,,55.99504421,55.99504421,55.99504421,55.99504421,55.99504421,68.94763451,61.7999531,65.17841984,64.29964007,63.86907691,64.08363528,63.97617618,64.08363528,99.86744999,78.07047118,78.07047118,78.07047118,65.16015233,71.03346575,69.46806234,68.71095189,69.08743296,68.8986781,68.99292643,68.94577008,68.96934017,68.95755311,68.96344614,68.9604995,68.9604995,68.9604995,31.65732892,43.39400382,36.60796423,39.71317652,38.09740083,39.71317652,48.29352855,68.70313935,61.60345087,68.70313935,89.48861569,77.73033219,83.19607213,80.37038236,81.75881967,81.40723228,81.23257018,81.31980748,81.29798054
251,83,104.0467513,30.72074964,802,104.0496414,30.7228819,363.9071631,,63.21185945,63.21185945,63.21185945,63.21185945,63.21185945,63.21185945,63.21185945,63.21185945,63.21185945,56.46835289,59.65012121,58.01564516,58.82153106,58.61796789,58.51671374,58.56729705,58.54199447,58.55464304,58.54831808,58.54989917,58.55068978,58.55029449,58.55049213,58.5503933,58.5504427,58.550418,58.55043035,58.55042417,58.55042726,58.55042572,58.5504265,58.55042611,58.5504265,58.5504265,71.13479386,64.23203059,67.50741583,65.82900591,66.65764716,66.24073514,66.44853721,66.39646456,66.37045883,66.38345915,66.37695835,66.38020859,66.37939599,66.37898973,66.37919284,66.37914206
252,83,104.0467513,30.72074964,1447,104.0486006,30.71633647,520.1873761,,56.74771376,78.68380479,49.4109381,52.40082697,63.30880845,63.13272833,61.91683101,51.84950658,69.48699644,107.239774,87.44431012,101.6175888,83.50485031,93.1696989,74.60854797,86.06597354,82.75442953,77.01624193,70.8329464,83.88042091,83.96595784,57.79859734,83.69504632,87.91324948,88.89277945,88.95875096,59.9575631,87.56569684,72.74508933,89.2905889,82.34253511,83.69495195,89.31557658,90.62138435,89.31349374,60.4478552,89.31297304,91.64355861,64.90969759,76.98559317,80.60495487,83.85109944,80.41943073,37.67956849,37.67956849,37.67956849,37.67956849,37.67956849,37.67956849,37.67956849
253,83,104.0467513,30.72074964,1486,104.0429071,30.71895045,418.6414886,,45.46332908,64.0836174,49.72200076,54.60541156,54.60541156,54.60541156,55.85334253,55.22232765,55.3787409,55.45728025,55.41798275,55.45728025,55.45728025,60.71825689,63.74169746,62.19325376,62.19325376,62.19325376,50.15338965,52.70410971,54.07930251,53.382851,53.72881994,53.55527674,53.55527674,53.55527674,44.92129237,57.96574458,57.96574458,57.96574458,117.7429187,77.68604943,93.60927695,84.90756952,89.04634322,86.92772078,86.92772078,86.92772078,59.2184424,74.41749742,93.03144191,65.05508023,64.01427265,40.65942515,63.0062441,73.27922328,153.7866693,97.07628721,47.69333414,66.46568286
254,84,104.0946566,30.68181985,1020,104.0927207,30.68269427,209.2367022,,29.77281138,58.61884264,39.48897132,48.01182118,48.01182118,48.01182118,51.06794088,48.01182118,34.277685,48.01182118,48.01182118,52.5372016,48.01182118,33.80338645,33.71333054,37.36678601,49.7196124,41.76998862,37.91537556,44.83643619,44.83643619,44.83643619,46.54493067,45.67471214,46.10571556,45.67471214,45.67471214,40.00580345,40.00580345,37.75699889,40.00580345,40.00580345,56.21284537,40.00580345,30.74498481,40.00580345,54.06115752,45.98341479,54.06115752,60.66460089,69.10569981,44.3089487,60.62391372,51.19810555,53.80372342,53.80372342,53.80372342,68.32218847,60.19997026,60.19997026
255,84,104.0946566,30.68181985,1200,104.0968239,30.68454342,366.3525489,,44.68070146,42.1363954,70.15261575,70.52776342,67.03274084,50.56829048,49.75691303,52.3301453,43.003008,51.63292441,47.4754923,50.94473073,51.64320846,39.80490471,35.41539141,53.55209828,41.94654151,40.85418366,42.1363954,50.07991063,46.09416081,57.36382573,54.48264521,62.90019916,60.65033835,55.62087817,37.4856232,49.34964176,49.53857062,62.35788066,43.98848949,50.3625461,41.72436277,61.30710871,45.07332375,42.10807317,48.48783735,49.31978881,41.21466175,35.49927799,41.17681542,43.42963481,42.34609652,53.3955132,38.60104905,39.00056706,39.9020929,49.8815876,45.73451846,50.8888428
256,84,104.0946566,30.68181985,1406,104.0925699,30.67906708,364.7385995,,46.5623744,48.2742264,29.8083759,41.06517461,33.14131646,33.14131646,33.14131646,56.29406037,63.74072613,59.78640675,74.81817426,48.22989745,41.95076544,60.2320623,44.43515933,75.46315852,124.1663317,60.88372294,52.5573966,46.23447036,47.704231,95.99943641,49.270505,62.17135219,47.3601067,45.59232494,29.57339996,36.69812628,49.17823813,53.96132706,49.17823813,39.60962167,43.87832776,41.63484608,43.40690771,43.40690771,43.40690771,45.27789511,34.32833878,57.59030518,50.79531753,50.79531753,50.79531753,50.79531753,46.23447036,48.40770353,47.8454642,47.56921393,47.8454642,78.39157959
257,85,104.1583536,30.69959817,169,104.1476634,30.68782026,1658.984337,,116.6473362,127.3420813,134.1346123,182.0836467,141.6926124,146.8127732,202.2809014,153.7942561,148.3197917,127.8874435,169.620665,174.1842833,166.8252406,193.9072602,181.3097636,182.9902294,98.71642336,121.7189595,128.3454931,188.2535418,155.5297816,145.9211354,150.3947748,162.291946,162.291946,162.291946,297.131523,197.677902,252.7976133,161.8521304,166.7088238,171.8660033,115.0740581,133.9841528,124.294352,145.3124967,171.0048279,237.9419766,237.9419766,237.9419766,182.2688793,147.7084158,199.9110833,142.765186,189.7488042,152.2262603,187.2208029,187.2208029,187.2208029,175.048707
258,85,104.1583536,30.69959817,211,104.158776,30.69530501,477.5222472,,21.36830441,19.12213671,33.51033314,77.61083927,98.51461833,20.93885615,20.08271133,29.55650273,50.22878276,49.35158153,15.81490423,22.61947487,22.61947487,22.61947487,31.93620125,63.24022404,54.30307143,22.70911612,51.39252885,27.73029296,17.83278102,35.60225038,35.60225038,68.43471696,65.32286598,66.8425931,65.32286598,95.41610118,62.6639158,53.14003369,18.88061603,19.34811581,71.27197719,30.30016903,18.67550342,69.82453655,17.46145343,67.15156601,66.63101124,67.15156601,66.118465,67.02066627,67.48106339,67.02066627,63.8469857,60.96028688,67.15156601,57.88148451,72.35185564,23.06458081
259,85,104.1583536,30.69959817,315,104.1454657,30.71104408,1769.885404,,132.4654356,99.1944077,130.5653167,194.2557151,148.5346756,153.6000833,148.4274926,136.2906407,147.7755111,174.0870889,212.2683216,165.8691632,174.2457827,180.2065138,143.7227193,186.4594991,144.4851216,166.5411663,185.9927545,140.2506594,149.6028987,150.323515,157.0968758,173.4945529,177.1223046,191.8710374,184.3288946,202.8511862,197.3300061,185.6252718,140.8734214,223.9901844,185.9412681,195.8228953,145.7264963,161.8866175,172.7231484,149.7686776,170.9450293,162.5404963,161.1700031,196.3887484,145.1937893,158.7852125,127.8472527,149.6556067,164.0048251,157.5648289,142.4813407,159.2067662
260,85,104.1583536,30.69959817,328,104.1612313,30.70292569,460.3875534,,35.15154172,82.04926694,82.04926694,82.04926694,82.04926694,84.23863747,72.37533591,61.49889396,73.20650142,69.05813301,59.51149703,73.12037612,62.78012092,75.73778488,77.327925,66.56205591,79.04905526,62.0747263,58.64809597,47.31359384,43.14447982,47.31359384,47.31359384,72.16524784,47.31359384,53.0961138,45.22224263,60.48887563,100.8556912,57.49853225,94.7082967,68.58187001,76.26051499,60.90166062,85.87539856,73.69840281,68.91456101,42.11931874,132.0633619,42.643101,48.29240071,76.61302893,48.81870964,99.54325479,56.08782376,92.67820275,92.67820275,109.3088338,44.61359871,69.5862429
261,86,103.9894492,30.66832512,40,103.9895242,30.6706359,256.210622,,28.29319752,35.23012554,45.58607443,49.58915265,43.13444611,43.13444611,25.40931788,32.29734132,58.599634,36.3133165,26.86480309,31.81917168,42.57038026,73.59241272,65.88273137,49.29102147,35.92437154,53.04720283,57.73760496,94.60084505,49.14875164,38.59239495,44.41532451,49.50044218,56.38460964,44.23780524,30.79660231,53.8918048,48.80202324,41.83030563,61.90323753,26.31549898,40.01554183,32.08202571,38.83613639,62.32150265,60.28485224,60.28485224,32.42032475,60.28485224,42.9289074,58.16236927,53.34119937,39.06918063,32.70773898,46.08910627,52.3571375,66.71669,54.25636701,64.23853089
262,86,103.9894492,30.66832512,212,103.9848234,30.66853964,443.8111945,,54.5918098,54.5918098,54.5918098,54.5918098,54.5918098,77.93757562,64.20845146,70.4100022,57.85348099,52.64317299,46.17688729,160.3063846,65.08025663,67.70001272,67.70001272,67.70001272,71.1679421,69.39067536,69.39067536,62.81993317,65.94202442,64.34312812,65.13276523,64.73553878,64.93354451,64.93354451,64.93354451,81.51634185,43.65356011,48.78535268,48.78535268,48.78535268,48.78535268,48.78535268,48.78535268,48.78535268,41.93491602,45.10149048,43.4605998,45.10149048,45.5677804,46.04381269,55.09380346,50.16390268,44.07504276,68.86725432,60.6345465,54.16001018,132.6695386,92.64064694
263,86,103.9894492,30.66832512,355,103.9894097,30.66622431,232.8683491,,28.61181081,30.95738762,29.73841989,30.33566335,30.15561355,30.15561355,30.15561355,30.15561355,30.15561355,30.15561355,30.15561355,30.15561355,30.15561355,30.15561355,30.15561355,30.15561355,30.15561355,40.35263811,40.35263811,40.35263811,43.38974631,32.94012011,86.57411946,47.72254592,61.52851793,47.72254592,47.72254592,41.44999045,44.36565682,44.36565682,44.36565682,61.04315949,51.38507308,55.79927995,53.50128068,54.62612307,54.05785103,54.05785103,54.05785103,33.33304401,61.73240477,50.89246057,49.75228824,49.75228824,49.75228824,49.75228824,42.26854068,34.49901468,37.9906068,33.735455
264,86,103.9894492,30.66832512,972,103.991266,30.66818088,174.7956832,,21.48882617,22.33546354,38.33083001,21.36721425,21.36721425,21.36721425,21.36721425,21.36721425,21.36721425,17.60180306,24.20247921,23.30609109,23.30609109,19.30259078,21.11625703,20.16873268,20.63162162,20.39755136,20.51391881,20.48470265,20.45556959,20.45556959,19.78819055,19.78819055,17.62645545,18.64487287,18.12136672,18.37939276,18.24946774,18.37939276,18.37939276,22.92402403,22.92402403,22.92402403,64.87262469,22.59477413,33.51608306,26.99257735,29.90267702,28.37320375,29.90267702,33.56077117,29.90267702,23.39273084,22.13771186,21.01049948,19.36198337,19.36198337,19.36198337,19.36198337
265,87,104.0184715,30.63982391,569,104.0195149,30.64076755,144.6887032,,51.95803806,28.67225678,28.67225678,18.92386309,22.79975188,20.68178336,21.68918492,21.17350828,21.17350828,21.17350828,20.42664045,20.79336992,20.60837381,20.65431355,20.67736031,20.6658305,20.6715938,20.66871175,20.67015268,20.66979242,20.6696123,20.66979242,20.66979242,24.86297525,22.5733055,23.66288112,23.10525515,23.38074379,23.24218316,23.31125757,23.27666912,23.29395051,23.28530661,23.28962776,23.28746699,23.28854732,23.28800714,23.28827723,23.28814218,23.2882097,23.28817594,23.28818438,23.2881886,23.2881865,23.28818755,23.28818755,33.60511816,27.31884605,30.13766625,29.37979778
266,87,104.0184715,30.63982391,1189,104.0196137,30.63832934,198.5438166,,21.69219241,25.34976468,23.13131844,28.59388383,21.99254584,33.49167696,27.59682393,27.59682393,27.59682393,27.59682393,27.59682393,27.59682393,27.59682393,27.59682393,27.59682393,27.59682393,27.59682393,27.59682393,27.59682393,27.59682393,27.59682393,27.59682393,27.59682393,27.59682393,27.59682393,27.59682393,27.59682393,27.59682393,27.59682393,27.59682393,27.59682393,27.59682393,27.59682393,27.59682393,27.59682393,27.59682393,27.59682393,27.59682393,27.59682393,27.59682393,27.59682393,27.59682393,27.59682393,27.59682393,27.59682393,27.59682393,27.59682393,27.59682393,27.59682393,27.59682393
267,87,104.0184715,30.63982391,1761,104.0167328,30.63860797,214.3053235,,32.48417535,32.48417535,25.18495641,40.67658161,24.68797327,29.2234532,25.63120148,25.63120148,29.5310685,27.44327842,28.44892057,27.93705247,27.93705247,23.77501278,25.68854198,24.69476433,25.18185234,24.93592992,25.05828778,24.93592992,23.9968636,24.93592992,29.50283612,27.02782254,28.21114907,27.60681122,27.60681122,27.60681122,24.10934889,24.10934889,17.65444313,20.38306908,18.92088693,18.92088693,18.92088693,14.474656,18.92088693,20.0129485,20.0129485,20.0129485,28.46860386,28.46860386,28.46860386,43.3426497,27.70194487,18.11030903,26.97549527,27.9023206,27.43108141,27.43108141
268,88,104.0997464,30.62619552,403,104.1012867,30.62466428,224.9325864,,79.13498256,110.925659,61.50732548,61.50732548,55.42531714,50.43788462,33.39205406,47.28509845,52.58164357,46.5377765,52.75291929,41.52601595,51.84105704,44.00854951,44.00854951,46.5377765,49.3754458,60.97570113,86.45095847,63.01613315,52.34371759,51.44582662,42.76887207,47.40967863,74.21401018,47.40967863,47.40967863,46.80678098,46.80678098,46.80678098,32.86352723,63.38609088,64.13919295,57.29414938,73.7260071,48.73861719,38.55987195,39.84045811,40.8143806,47.35422872,40.55545798,54.99200754,106.5470146,32.06959648,43.0721974,90.72911048,37.08812112,21.47897377,46.5377765,52.41147644
269,88,104.0997464,30.62619552,1002,104.0995887,30.62730653,124.055725,,22.75671898,24.32134023,26.11699474,25.18720395,26.11699474,26.11699474,29.09450228,29.09450228,30.16552584,30.73116188,30.44571692,30.58777347,30.51657987,30.53434717,30.54323861,30.53879224,30.54101525,30.53990372,30.54045947,30.54032053,30.54025107,30.5402858,30.54026842,30.54027711,30.54027276,30.54027494,30.54027385,30.54027439,30.54027412,30.54027439,30.54027439,37.52946303,33.67605466,35.49849195,34.56326679,35.02463741,34.79242266,34.90814385,34.85018719,34.87914145,34.86465831,34.86827796,34.87008808,34.86827796,34.86827796,33.83337955,34.08630184,34.21418637,34.15012438,34.16611736
270,88,104.0997464,30.62619552,1452,104.095579,30.62458258,437.604509,,95.84037916,132.943142,97.32053945,101.5716462,132.2990376,127.8714474,76.47457439,90.02149899,101.2561049,151.0427835,103.5296538,79.56445618,136.5326068,133.2805611,131.9042338,133.2805611,118.6475823,121.1827871,81.44485693,109.4856069,91.19399319,119.196184,125.278428,119.1210762,120.9759906,120.5924743,116.6945357,105.5086635,180.7808791,130.9290263,103.567466,172.4864488,148.3954062,138.7123726,159.5317704,116.210326,147.0024478,156.4203352,109.4011273,165.8290771,228.315396,112.259589,102.5635568,103.9852299,69.95453963,99.97099309,97.54651594,146.5466263,132.0147681,91.52512607
271,88,104.0997464,30.62619552,1844,104.1007334,30.62658897,104.1724733,,18.11695188,18.11695188,18.11695188,18.11695188,18.11695188,18.11695188,18.11695188,18.11695188,18.11695188,18.11695188,18.11695188,18.11695188,18.11695188,18.11695188,18.11695188,18.11695188,18.11695188,18.11695188,18.11695188,18.11695188,18.11695188,18.11695188,18.11695188,18.11695188,18.11695188,18.11695188,18.11695188,18.11695188,18.11695188,18.11695188,18.11695188,18.11695188,18.11695188,18.11695188,18.11695188,18.11695188,18.11695188,18.11695188,18.11695188,18.11695188,18.11695188,18.11695188,18.11695188,18.11695188,18.11695188,18.11695188,18.11695188,18.11695188,18.11695188,18.11695188
272,89,104.1485968,30.65835293,499,104.1480248,30.65670291,190.9052235,,37.35102199,37.6408291,37.45279589,41.56807287,49.2070743,36.49161795,37.59792867,37.9700997,35.90381216,31.23903657,45.5893071,39.40327594,36.28291093,38.82818105,44.91887612,46.2281707,35.83205446,47.89259962,46.95192516,40.131901,32.26567158,50.53373563,41.23552827,55.6484862,39.34687812,41.52621176,36.07657767,45.94487831,51.80342747,52.41249225,37.35102199,41.27680508,41.07124331,49.98245852,45.28888333,35.15390305,41.27680508,49.22175861,37.14912457,43.36017695,39.38445872,38.67211923,35.01955692,42.423383,45.43859865,38.5378769,41.19433395,40.66620146,40.87784711,44.9923931
273,89,104.1485968,30.65835293,526,104.1458357,30.65918716,280.2382615,,47.92673356,66.08238479,63.41693504,65.05262171,39.43931749,56.12560453,67.86038618,67.86038618,68.51325918,70.38542383,67.93654824,69.73671022,67.89844588,67.7349561,67.86038618,69.0998453,68.39713501,33.96827412,69.18870065,54.97862351,42.74820938,54.97862351,54.97862351,36.88693753,44.15132347,40.19353551,37.0166424,41.11493597,41.59166159,41.35192484,41.47144675,41.41159956,41.44150154,41.42654515,41.434022,41.43028325,41.43215254,41.43121786,45.18968915,41.43145153,41.43156837,41.43153915,79.28155139,79.28155139,79.28155139,79.28155139,79.28155139,79.28155139,45.44404241,50.87212059
274,90,103.9851381,30.61499377,12,103.9826185,30.61386248,272.1300849,,23.91379102,19.63263138,30.58277749,23.16000723,30.45285377,35.69569341,30.3302881,31.91101973,29.37169186,27.38734926,70.73417369,28.64527209,49.2450295,35.2042513,29.58978019,23.86524496,35.62430202,27.79693721,29.14233928,29.67193253,29.89832062,25.91929374,29.77715215,48.19213555,26.37771421,22.96994855,29.28754277,26.8893405,34.69899548,27.98637855,30.00823951,30.56201865,22.94305165,23.51862455,41.49378677,29.04872663,35.02985598,35.83606056,23.49324474,32.01530411,25.91715094,33.23726228,59.7358723,45.40756921,27.1376262,24.73909863,45.2411259,27.15266923,32.91158921,32.65561019
275,90,103.9851381,30.61499377,307,103.9828708,30.62025518,622.3122248,,63.64556845,99.34918001,70.01012529,70.01012529,70.01012529,69.79202521,46.81274049,69.57527979,42.83602312,61.26683708,56.78894827,70.30974067,62.83017172,66.3598616,147.0672216,60.80211298,65.39182747,60.80211298,63.01350553,83.38674971,61.6037766,61.6037766,61.6037766,79.90455673,27.86472648,64.69860565,54.35480815,93.54171229,68.75674709,124.462445,43.48033012,85.44332606,67.27699728,91.4417963,56.47875653,80.78091381,56.98498571,65.50654998,61.12753095,61.12753095,57.40740575,51.67990794,59.05950816,64.99972947,67.47963883,68.93304644,67.47963883,45.51191487,62.892593,92.95950246
276,90,103.9851381,30.61499377,320,103.9872194,30.61048908,537.6519444,,44.55679097,44.55679097,44.55679097,41.78191041,47.49420088,55.77945244,50.84624342,45.51550852,46.56955188,47.67357142,44.52945551,49.92812553,48.00364576,46.22201791,120.2203105,41.1490194,45.86604265,38.81444518,44.45445567,44.45445567,52.12424596,52.12424596,52.12424596,59.43337768,50.19572095,118.2615275,46.08445238,48.87744949,47.43987745,48.87744949,54.36929775,61.25148734,64.41088186,47.82080296,61.11334686,49.25055979,49.75699228,49.75699228,53.34534681,57.49149504,129.0364667,44.25793445,54.76671539,49.88523195,52.21212544,49.88523195,44.41874928,68.1130909,54.98973436,46.10640781
277,91,104.0292501,30.58423404,282,104.0317101,30.58346893,250.6598557,,43.96470063,43.96470063,43.96470063,43.96470063,43.96470063,43.96470063,39.53933459,41.63475463,37.54682999,37.54682999,34.90814238,36.1794379,36.1794379,55.47390248,52.23591783,52.23591783,52.23591783,52.23591783,52.23591783,52.23591783,52.23591783,52.23591783,63.72708196,50.98166557,69.4134985,69.4134985,72.96836768,76.9070012,120.3167307,76.9070012,50.41203802,50.41203802,47.49344634,50.41203802,48.90924014,62.66496393,44.01831612,51.49075495,51.49075495,51.49075495,50.31833535,37.288243,50.87388192,43.03430011,46.62686158,43.03430011,40.28461967,46.51420003,46.51420003,46.51420003
278,91,104.0292501,30.58423404,509,104.0301944,30.58666704,284.4441927,,51.71712595,51.38193235,53.612518,90.08789678,49.22480922,62.34393265,44.69443183,43.25360637,51.45724089,54.17984623,72.11261223,60.23524081,46.02530417,67.75841811,54.50427645,46.98141513,50.46402104,48.66048559,80.94854496,49.32149915,49.21008591,74.7444594,78.01897857,55.51802317,66.8734102,78.76916106,75.29405101,67.9645416,87.52129006,73.14279241,74.90849259,59.94141038,63.01532884,50.13459455,49.46855525,81.26976934,69.81812001,83.25195884,55.91803925,96.90843155,59.68906633,61.93542907,57.73074524,62.60256467,54.03689149,48.83453204,40.79677664,53.47253753,52.78345844,65.43125199
279,91,104.0292501,30.58423404,877,104.0283682,30.5816609,297.4542591,,50.89521544,42.12155896,48.58599513,101.9843174,15.87598714,15.87598714,15.87598714,15.87598714,15.87598714,15.87598714,15.87598714,15.87598714,15.87598714,15.87598714,15.87598714,15.87598714,15.70139784,15.53060671,15.42990393,24.00976082,33.25575568,27.88633679,27.88633679,21.4381448,17.41195663,14.08067499,19.29433032,16.28027872,16.28027872,16.28027872,14.90376246,15.14618575,15.14618575,15.14618575,15.30858231,15.22695105,15.26765757,15.24727714,15.25746055,15.25236715,15.25491342,15.25427677,15.25395847,15.25411762,15.25403804,15.25407783,15.25406789,15.25406291,15.2540654,15.25406478
280,91,104.0292501,30.58423404,1179,104.0258455,30.58528944,346.78701,,64.57413291,64.57413291,64.57413291,115.0629711,59.22358805,74.16435067,54.27970591,48.62446878,51.29669177,51.29669177,63.84033592,63.84033592,63.84033592,35.97790305,61.49917419,47.43888167,53.56166905,50.31468961,51.88743209,51.48510027,51.28626505,51.48510027,57.48204782,65.06021496,70.8330914,68.07160502,50.23876201,67.84963239,82.13376553,71.56209272,132.2492835,76.74794482,92.476536,54.39796235,54.39796235,54.39796235,52.67650785,59.37851301,65.36299665,79.85713665,74.98097514,66.67200192,105.5014003,56.87622943,77.88105028,77.88105028,85.50912575,85.50912575,85.50912575,85.46731198
281,92,104.0925349,30.60819686,270,104.0957775,30.60819498,310.8469857,,62.89737602,49.51544905,77.41308481,57.51823149,51.03986994,95.97334035,52.93515367,57.95179433,64.01883001,62.66842346,95.54315035,61.37381072,111.348174,92.43846224,106.5761094,60.59832933,101.1188989,60.59832933,70.67678834,84.77645065,95.64522637,29.29448033,38.90089739,34.2216865,45.06238183,38.90089739,48.02786045,28.99091058,55.29581957,75.27236423,37.99827329,43.6560136,63.34240462,60.48914316,60.48914316,52.78533719,56.37527197,54.52127398,56.37527197,56.37527197,69.36255054,30.57511335,107.0860429,49.44252498,42.79346648,30.38142485,39.77662851,39.0593071,48.65431081,28.45040208
282,92,104.0925349,30.60819686,573,104.0836116,30.6089152,859.1051817,,47.55682195,47.55682195,47.55682195,47.55682195,55.84312948,77.0306016,67.62635542,57.27367878,59.07886636,55.09046409,61.34437,62.70840742,69.30041798,65.11112956,58.08814215,81.81954111,63.44161342,56.40325813,56.40325813,49.26768067,74.46497563,69.17248481,64.09903946,50.84716242,54.75155838,66.79867503,60.12066254,60.12066254,60.12066254,54.7879301,57.48659208,61.29708849,57.6619749,60.6968157,50.95187239,158.6040335,45.48203903,50.37098785,60.17512694,59.66775539,53.00391867,53.39281233,47.31086228,63.70295889,57.37993792,60.55037608,60.55037608,59.44385112,59.44385112,54.31221052
283,92,104.0925349,30.60819686,663,104.0925346,30.60710553,120.950215,,15.27792189,20.44228986,20.44228986,20.44228986,20.44228986,14.98866692,20.44228986,21.11642939,20.94376017,20.85848019,20.90103319,20.90103319,20.90103319,27.1861874,31.99711746,29.39611546,30.64151909,30.00590012,30.32037879,30.00590012,17.77227649,22.32287588,16.97546877,39.58370673,12.0950215,15.70498734,13.41820567,18.931338,15.80474679,15.80474679,15.80474679,15.80474679,15.80474679,15.80474679,18.01120058,18.01120058,30.34291108,24.32518291,24.190043,24.46184124,24.32518291,24.32518291,21.60897141,29.10566671,21.60897141,21.08575177,21.21416682,21.27896269,21.24651535,21.25461791
284,92,104.0925349,30.60819686,1210,104.0910757,30.61650609,931.4646503,,127.6019435,154.5286977,154.5286977,154.5286977,156.3297315,257.944057,158.1732425,196.0978211,185.0081512,179.9207373,185.0081512,185.0081512,228.1137919,215.5579102,209.7844139,212.631978,211.1985981,211.9128642,211.5551282,211.5551282,193.4580428,193.4580428,190.9971183,138.374391,188.5980169,159.6289784,172.9085291,166.003601,169.3857252,167.6776102,168.5273397,167.6776102,167.6776102,138.7561134,138.7561134,137.994763,159.4265963,187.3336727,209.14383,197.6388649,197.6388649,196.0978211,197.6388649,290.7461915,235.3173853,260.1116541,253.4358236,250.2247828,250.2247828,128.9720285
285,93,104.1494061,30.60476611,219,104.1430664,30.59666843,1083.881004,,180.3129212,79.0272732,105.9358809,189.1100944,135.7994762,155.25086,155.25086,155.25086,104.3307918,155.25086,155.25086,357.9790472,195.5875496,195.5875496,122.0753349,150.3254978,134.7355315,144.5174672,139.4551739,87.11702644,140.3082206,107.492331,140.3082206,140.3082206,275.7577113,185.985301,222.1446977,222.1446977,222.1446977,225.0596461,222.1446977,180.2296358,199.0040349,189.1521112,190.9221585,190.9221585,190.9221585,160.2315318,137.635683,138.0414486,216.7762008,188.5010442,153.9239296,162.5821506,152.4207662,157.3375651,156.0788646,154.8401434,154.8401434,121.1040228
286,93,104.1494061,30.60476611,258,104.1559375,30.60084119,762.4217694,,87.1339165,147.7243471,103.5742781,153.3362218,86.91547812,118.3068263,100.0504874,103.5742781,134.2160572,77.75406147,77.75406147,77.75406147,77.75406147,77.75406147,77.75406147,77.75406147,77.75406147,77.75406147,77.75406147,77.75406147,77.75406147,77.75406147,77.75406147,77.75406147,77.75406147,77.75406147,65.91542675,71.34698128,68.5237391,69.90686711,69.20839335,69.55587677,69.38169999,69.4686792,69.42516235,69.44691397,69.43603645,69.44147477,69.43875551,69.44011512,69.43943532,69.43960527,69.43969024,69.43964775,69.43966899,69.43965837,69.43966103,69.43966236,69.4396617,69.43966185
287,93,104.1494061,30.60476611,310,104.1526212,30.6089618,557.8703401,,75.78615941,65.61393601,63.42104918,85.21923157,68.69031977,77.79211972,73.20777246,77.79211972,62.85862987,77.79211972,82.00321258,86.94083222,73.91342046,65.63180472,66.68510982,88.12093299,72.97722472,78.94391605,67.90644884,62.30341445,60.81251247,71.7541269,84.58353384,84.58297759,90.3840335,82.47775049,78.87415707,62.37059703,99.66914265,64.1230276,76.21757967,78.14526165,62.37059703,70.46783243,73.03029907,98.26706908,94.58398232,82.47069448,90.05978585,71.04952444,62.53880532,68.07909235,66.94444081,50.80956691,59.78665019,59.40715768,71.04308004,62.56489796,79.69576287,53.81866612
288,93,104.1494061,30.60476611,336,104.1463549,30.60674406,365.5265608,,49.65643845,49.65643845,49.65643845,49.65643845,49.65643845,49.65643845,49.65643845,49.65643845,49.65643845,49.65643845,80.89522246,61.53837657,69.9014937,67.60461278,66.51186196,67.05378561,66.78172441,66.91747847,66.84953253,66.86650607,66.87499607,66.87075082,66.87287338,66.87181206,66.87234272,66.87207741,66.87221004,66.87221004,66.87221004,118.5491549,101.5351558,101.5351558,101.5351558,101.5351558,101.5351558,101.5351558,101.5351558,91.70004313,96.36731006,93.97576282,95.15651226,94.85855197,94.71027047,94.78435319,94.74729739,94.76582167,94.76118992,94.75887418,94.76003203,94.76003203
289,94,103.9772319,30.75266673,122,103.9719399,30.74616094,881.2258787,,71.10708935,52.93972738,56.23101278,54.53575715,72.03975439,143.8844885,94.75462324,76.44500987,114.1857495,141.3214949,141.3071205,141.3143074,129.2227623,141.3116122,141.3120614,141.3118368,141.3120614,149.4522657,158.5876191,168.6145852,144.03692,117.171308,158.7529523,166.5673068,81.55303762,81.55303762,81.55303762,81.55303762,81.55303762,81.55303762,81.55303762,81.55303762,81.55303762,81.55303762,81.55303762,81.55303762,81.55303762,81.55303762,81.55303762,81.55303762,124.2459464,109.8671225,103.8574764,106.7778079,105.2973978,106.0324358,105.8477159,105.7555971,105.8016365,105.7901228
290,94,103.9772319,30.75266673,136,103.9946657,30.76457468,2127.548928,,184.9244908,143.9497464,144.8090353,144.5860734,197.3351289,264.8134083,208.3973213,193.1678375,265.2629012,247.5567358,234.2177768,256.914788,260.0371985,253.8787773,259.468073,291.429335,250.7107674,278.5725036,314.0513733,298.7434564,264.1474744,209.5670078,281.5316527,299.7506739,214.8545955,240.013109,225.6871294,211.4423369,210.6119855,207.9503351,217.4284541,231.4436983,235.6789971,217.1092293,233.6791755,216.1491093,215.9491405,213.1790576,207.1358002,214.9868746,233.4021346,221.0241108,224.392494,225.881259,211.5850709,228.9979435,215.7170277,211.778429,227.1317877,210.776894
291,94,103.9772319,30.75266673,164,103.9721281,30.75869493,827.6900126,,80.29847553,53.16315436,53.54268789,52.30641636,74.0311895,135.1432782,81.69598793,73.41633396,107.2487846,98.00427657,96.92618048,104.5801104,105.9051387,103.8728479,127.6061496,127.7150137,100.230742,115.8993454,128.2090738,128.4711896,102.7624904,80.23833614,109.5255362,116.6133647,82.81582878,120.6789834,87.80008792,85.573143,84.87703578,82.68435208,89.31058042,87.92728763,86.03789999,90.51708785,89.14595079,87.52937823,82.64465166,82.93401602,80.58298018,83.63731926,94.76162421,82.43153804,86.71404566,90.44137817,90.44454792,85.8770594,82.59558657,79.70654175,76.54023552,76.4592394
292,94,103.9772319,30.75266673,206,103.9925196,30.73704047,2267.452804,,196.4392906,168.0891654,179.8723062,193.4319928,257.5025266,252.3285964,235.9199449,235.9199449,253.9229737,254.0835203,254.0032216,254.0433646,277.7220041,256.4911263,173.2267646,238.3134105,278.5948838,237.5888513,280.6474001,285.4849396,287.9667918,257.3524597,308.9746037,305.9447904,287.0310568,275.9392011,260.1728527,265.5387525,260.695147,246.0632188,274.5346445,285.3821973,268.8284903,277.0635629,265.585025,260.4708259,237.8216013,231.0993149,204.5822079,204.5822079,204.5822079,204.5822079,204.5822079,204.5822079,204.5822079,204.5822079,204.5822079,204.5822079,204.5822079,204.5822079
293,95,104.0492907,30.73539337,81,104.0489107,30.74097516,619.7093779,,57.49880826,57.49880826,48.18474645,39.90972738,33.39751138,49.46682396,93.42445581,69.79000293,55.01170271,58.47847341,37.22521657,33.04606712,35.80985169,45.05081216,53.95293254,49.27788896,37.72751568,57.35099641,40.63668052,37.8930575,41.68059338,50.02138476,37.80343153,52.60612546,61.53647885,51.83869322,51.4630126,56.0139036,61.25628118,58.51791631,52.882683,59.4128831,55.1193023,53.06880889,64.66532639,85.19736127,86.92027637,73.14602493,73.14602493,73.14602493,79.42355061,68.85659754,65.2802856,64.66532639,64.66532639,98.93364791,64.66532639,64.66532639,64.66532639,64.66532639
294,95,104.0492907,30.73539337,151,104.0434242,30.733702,592.1145424,,58.34039966,58.34039966,46.03914369,38.13260023,31.91036456,52.89360677,71.00302864,65.35347018,55.87450466,61.56281163,49.66984292,41.06740771,45.64480413,56.52582339,58.72210338,52.42744053,50.13592362,60.77298226,52.762682,49.47171111,51.78529858,58.68168899,48.54802634,59.86949402,68.59113289,58.85468179,61.56225601,61.44872427,65.89219019,66.58761839,62.6145103,63.49103671,60.83666997,59.5105712,66.50856046,72.01440601,72.01369324,70.93557684,70.9354904,70.93553362,72.01391599,65.79050471,66.84789896,70.58319048,66.50896597,81.74927511,66.50896597,70.58319048,68.88668491,69.50791804
295,95,104.0492907,30.73539337,272,104.0557475,30.73512754,618.8615534,,61.37469951,61.37469951,70.67094662,61.33245952,33.35182024,86.0193665,61.37469951,61.37469951,61.37469951,61.37469951,61.37469951,61.37469951,61.37469951,61.37469951,61.37469951,61.37469951,61.37469951,61.37469951,91.6831931,81.60811693,77.35769418,79.42608172,77.35769418,77.35769418,74.26338641,75.77896572,75.01352162,75.39430092,75.20342927,75.29874414,75.25105652,75.27489278,75.26297277,75.2689323,75.2659524,75.26744232,75.26669735,75.26706985,75.26688361,75.26697673,75.26693017,75.26694179,75.26694762,75.26694472,75.26694617,75.26694543,75.26694617,88.49658758,81.34738842,83.02416576
296,95,104.0492907,30.73539337,1019,104.0494214,30.73264506,304.8576438,,32.02005887,32.02005887,34.0306207,41.10440141,21.28804689,42.37403543,42.37403543,42.37403543,42.37403543,42.37403543,42.37403543,42.37403543,42.37403543,42.37403543,42.37403543,42.37403543,42.37403543,42.37403543,42.37403543,42.37403543,42.37403543,42.37403543,42.37403543,42.37403543,42.37403543,42.37403543,42.37403543,42.37403543,42.37403543,42.37403543,42.37403543,42.37403543,42.37403543,42.37403543,42.37403543,42.37403543,42.37403543,42.37403543,42.37403543,42.37403543,42.37403543,42.37403543,42.37403543,42.37403543,42.37403543,42.37403543,42.37403543,42.37403543,42.37403543,42.37403543
297,96,103.9579823,30.70105758,180,103.9578968,30.69981301,138.1830066,,24.32561485,26.04496459,26.04496459,24.32561485,26.04496459,28.02584923,24.32561485,26.04496459,26.04496459,24.32561485,26.11332408,24.32561485,24.32561485,24.32561485,25.34822032,24.32561485,24.32561485,24.32561485,24.32561485,24.32561485,24.93527939,26.39038853,26.39038853,24.93527939,28.02584923,28.7548453,28.7548453,29.52277886,30.77064889,29.52277886,29.52277886,30.77064889,30.13380054,29.52277886,30.77064889,30.13380054,30.51894624,30.13380054,33.48012275,30.13380054,29.98998184,29.52277886,29.52277886,29.52277886,29.52277886,30.14901962,29.69903425,29.69903425,30.14901962,29.92233526
298,96,103.9579823,30.70105758,740,103.9600779,30.70097319,200.9250985,,34.56775888,34.56775888,42.17669706,38.95854692,42.17669706,42.69534803,56.84324987,56.84324987,56.84324987,56.84324987,56.84324987,56.84324987,56.84324987,56.84324987,56.84324987,56.84324987,56.84324987,56.84324987,56.84324987,56.84324987,56.84324987,56.84324987,56.84324987,56.84324987,56.84324987,56.84324987,56.84324987,56.84324987,56.84324987,56.84324987,56.84324987,56.84324987,36.90460993,44.75361823,40.45188981,42.4941644,41.44788494,41.9645041,41.70459465,41.83414568,41.76926972,41.78546984,41.79357461,41.78952184,41.79154813,41.79053495,41.79078825,41.79091489,41.79085156,41.7908674
299,97,104.0016803,30.67972348,1012,104.0041934,30.67864559,268.7515305,,71.14011101,71.14011101,71.14011101,56.13376351,43.8778009,46.35550013,56.25032034,39.31237015,27.25367633,46.07169094,50.81436501,52.9559666,57.55846732,37.21175038,52.11649535,53.66512336,50.65473873,55.34352891,50.65473873,49.42556883,56.66210892,65.6677948,64.28608039,52.58182118,62.72320971,38.85564296,47.98539416,42.94060515,45.32305126,44.09967426,44.70299435,44.39928483,44.70299435,44.70299435,48.86391464,46.69093642,46.69093642,46.69093642,39.53035791,46.69093642,55.34928546,42.2491489,44.35912824,33.19058353,80.1246799,80.1246799,80.1246799,54.50735266,54.50735266,38.16589782
300,97,104.0016803,30.67972348,1377,104.0032686,30.68195435,290.3158797,,42.37042568,38.4524344,38.4524344,38.4524344,38.4524344,40.66505773,43.14786469,50.73481393,43.94409953,41.1876716,42.52126124,41.1876716,41.1876716,40.39177457,45.02475679,39.62605372,49.70925883,42.76338654,50.16658402,71.83073312,39.43913837,28.28517366,32.94364592,30.43719452,31.6408603,31.02735814,31.33110623,31.17849241,31.33110623,31.33110623,59.72212382,35.48852859,32.86594865,38.56594712,51.4845895,61.73806049,51.4845895,40.24918486,51.4845895,53.65180528,52.54586058,52.54586058,41.10667323,41.63893095,41.63893095,41.63893095,32.55879025,38.74465864,35.38339964,38.74465864
301,97,104.0016803,30.67972348,1477,103.9994992,30.68075283,238.0516,,36.85960258,26.12761463,62.55370511,36.85960258,46.3862387,41.07780755,43.57093155,42.28765508,42.28765508,42.28765508,28.85473939,34.30301372,31.34388013,31.34388013,31.34388013,30.3035983,30.81496199,30.55714093,30.81496199,57.70947879,40.17682304,47.37299241,43.47916265,45.34263475,44.39135098,44.86195052,44.62541009,44.86195052,44.86195052,77.5552724,60.24504464,61.70914563,60.24504464,63.24618155,61.70914563,61.70914563,61.70914563,52.68355081,56.96623249,52.90035556,102.0221143,82.80055652,75.67203179,79.07596401,77.33656041,78.19659059,77.97979475,77.87184697,77.87184697,37.9757353
302,97,104.0016803,30.67972348,1607,104.0001306,30.67735769,301.3132414,,38.19463623,38.19463623,38.19463623,38.19463623,39.15984365,40.17509885,49.1939986,49.75814996,68.76245129,53.30357096,45.70481752,57.85214235,55.89578971,55.20242591,43.11318239,97.72321343,57.69828027,57.69828027,57.69828027,42.28957774,48.80664428,45.31499401,48.80664428,53.93301027,60.26264828,88.18924139,65.3450403,65.3450403,65.3450403,65.3450403,65.3450403,32.54183007,43.44703614,37.2119269,40.08848793,38.59668503,39.32844483,38.95912913,39.14291586,39.05080625,39.09680681,39.08529652,39.0795439,39.08242001,39.08098189,39.08242001,48.49751128,43.28389112,45.74262199,45.74262199
303,98,104.1011692,30.69006594,275,104.099622,30.68819597,254.7836353,,30.12220319,38.70131169,28.68556957,33.83192534,37.18463866,74.36927735,42.86079846,31.09224024,32.47621452,31.92184758,30.27132301,30.27132301,29.65953394,29.07198374,42.66144591,36.83618824,37.28541004,36.39766219,36.83618824,27.75252911,36.83618824,32.01469763,31.24050024,45.44447996,53.95418159,35.39875551,33.08281649,31.18620999,36.56695364,44.12747497,34.22466743,36.13952274,36.13952274,36.13952274,36.96236498,41.03897481,37.82354998,26.50927997,35.90910297,29.10273147,31.25114436,31.49797689,21.58167264,26.58611847,57.32631794,28.13561617,23.51848941,32.99851011,38.59275261,30.59953585
304,98,104.1011692,30.69006594,922,104.1032345,30.69290878,372.02162,,25.64438166,33.95412029,30.33159595,27.79225383,26.86230608,28.67832617,26.6125749,23.49198092,28.46266441,29.97488433,29.56463205,28.71521938,29.81473357,28.81200069,25.11538363,26.74030382,25.95499674,33.45804719,29.11473548,25.84923973,47.53809666,26.9066365,24.64791058,25.65052108,30.0202372,25.54248885,27.30831583,28.39171661,28.67832617,24.48405543,25.42530293,27.33591983,24.70688412,25.89113559,29.80588647,27.45547011,29.17181076,29.07786138,34.76386326,26.43063102,28.29007422,30.73636123,24.30190223,26.39296134,27.85941027,58.74025579,23.9691782,34.664885,24.43442223,31.13485661
305,98,104.1011692,30.69006594,1236,104.1032213,30.68891742,234.1682854,,77.10419156,80.00688015,80.00688015,83.13666937,78.65083138,77.33998417,70.4461694,70.4461694,45.51867319,55.30324695,55.30324695,55.30324695,78.05609513,78.78559135,78.78559135,78.78559135,81.4498384,78.78559135,75.26837745,67.9061081,60.45460119,63.96406977,48.86990304,78.89091965,78.89091965,111.1656036,92.28787893,100.8509428,92.28787893,92.28787893,52.68786422,67.07951455,59.01901487,62.79164211,59.01901487,59.01901487,45.32289395,45.32289395,43.14809098,40.62678686,41.17244578,75.94647094,60.86684675,67.57561743,60.86684675,64.04602678,75.94647094,78.23719976,90.89011617,50.47939086
306,99,104.1409475,30.68134439,169,104.1476634,30.68782026,963.8123125,,63.10501956,52.69133371,63.10501956,80.06496239,70.58045198,88.25072466,63.07156237,63.07156237,62.91431233,47.56304764,79.67220034,87.61930114,67.11265619,98.2924738,71.87128142,62.80044027,69.41762571,60.00906823,62.91431233,62.91431233,59.31152692,59.75415025,97.84206768,89.88923122,93.69719696,91.75372151,91.75372151,91.75372151,58.11933543,58.6597519,58.6597519,58.6597519,155.2449362,112.4708047,112.4708047,112.4708047,112.4708047,59.45672038,64.25075466,68.59099202,60.42710423,67.14512482,66.98309508,67.30794035,58.31469454,102.1508633,61.4654442,59.4512628,113.3896838,83.74234092
307,99,104.1409475,30.68134439,210,104.1353846,30.6850185,670.6359917,,51.75325981,62.91308326,69.869709,80.20895582,78.55605977,78.9843916,61.74653632,79.41742007,64.57786392,64.57786392,64.10023513,58.10564549,63.6296197,62.06399923,48.18941258,62.06399923,66.78532697,72.28411887,78.7268338,74.2097204,72.14012659,72.14012659,72.14012659,70.46963135,111.9454205,60.13174521,79.50459615,79.50459615,79.50459615,135.6342455,79.50459615,77.48455428,69.65636382,75.56461878,82.18858111,75.56461878,62.66812641,62.66812641,62.66812641,53.21725724,78.74395206,68.3289501,68.3289501,91.22000894,54.31472599,55.74296083,55.74296083,55.74296083,55.74296083,130.1503811
308,99,104.1409475,30.68134439,426,104.1375902,30.67794134,495.6572492,,85.78683159,85.78683159,85.78683159,65.02114878,75.73067215,97.7199396,67.78476284,94.09972826,73.9033709,48.81986586,60.84449069,52.95926359,47.96683057,113.6538915,66.56012797,72.96362958,68.92401233,102.9441979,61.00396913,71.29316598,69.61116115,73.69063529,80.92363252,72.83126927,90.7085162,80.79277282,70.45868103,92.88198308,69.43058744,106.0544486,69.43058744,67.18245848,58.12267417,65.07535,61.81406802,71.48902633,79.30515987,82.45684367,79.30515987,65.9248558,61.71429896,58.00930095,63.11233733,69.19979323,73.63271378,60.69272439,104.7163203,53.71899941,71.01012525,71.01012525
309,100,103.9911436,30.62966155,401,103.9932544,30.63065031,230.078411,,29.42388205,20.45141431,24.13058353,22.13918556,23.0920308,22.60557181,22.84621208,22.72525492,22.75537398,22.77046346,22.75537398,22.75537398,18.97553905,23.91575398,23.0078411,23.0078411,23.0078411,23.0078411,22.97593009,35.9341553,28.05359118,28.05359118,28.05359118,27.33604883,27.33604883,26.44157317,25.60377989,24.43310559,25.01283847,19.74451203,22.0686115,20.84197154,22.0686115,22.0686115,30.34001024,25.55159349,27.7406822,26.6011772,27.15898245,26.87718598,27.01734943,27.01734943,27.55691995,27.01734943,23.53074658,27.01734943,27.9353214,27.9353214,32.70611173,24.43310559
310,100,103.9911436,30.62966155,412,103.9926702,30.62703779,325.53111,,39.69219292,47.52278978,36.54611214,35.64751319,35.17934697,35.91379417,35.17934697,39.39199987,38.77828196,32.21725243,40.0140673,26.6646643,26.6646643,26.6646643,26.6646643,27.06494217,26.86331223,26.96375027,26.91343754,26.92599811,26.9322828,26.92914008,26.93071135,26.9299257,26.93031852,26.93031852,26.93031852,49.86859557,34.97385812,41.11378468,37.79608934,39.38519224,38.57428159,38.97551949,38.77386254,38.8744295,38.8240809,38.84923889,38.84923889,38.84923889,46.50444429,39.24688533,39.24688533,34.98244764,36.99217159,35.95925118,36.21203541,36.33976498,36.27578776,36.29176094
311,100,103.9911436,30.62966155,1042,103.987755,30.62805485,370.3952835,,126.6379406,92.01308938,100.5861905,74.33318725,63.57201528,98.69084857,73.77167472,87.15183141,95.8148278,77.22527145,50.49373512,117.7704336,61.46093955,44.84606572,59.97404891,53.33692082,39.56744868,56.02617734,35.49484527,46.95151481,48.44406978,74.42361044,74.36826663,53.12442313,55.92547121,55.10012482,189.5862115,72.64411127,169.2638531,92.30502596,142.8667522,101.6771367,101.061932,118.832258,88.86195618,97.68666818,122.4929284,67.7208238,94.23484245,81.22807758,135.3728955,93.90302962,81.88882421,54.68049878,84.09815825,75.0050449,64.26135039,56.02617734,56.26257471,66.17483973
312,101,104.0139977,30.66431216,73,104.0135237,30.65990556,490.4980126,,62.99653391,56.81444161,70.68826443,64.30418228,112.1138315,68.17732994,119.3103274,91.02024976,56.4408672,54.65158915,78.86915934,90.86412585,74.08921031,58.66421413,75.94807937,66.63369228,56.55061154,52.80875799,47.4356708,77.99438363,108.9035235,72.7561947,54.91956851,78.88873473,91.57093409,78.27095946,98.28160547,60.68016651,74.0762599,82.82330419,69.6565225,151.5702013,72.93933193,78.65446973,74.2762807,69.00207878,56.96644321,70.35031256,70.15045701,82.19490789,70.72601516,72.36855924,74.9661185,58.57493979,54.44376708,88.88219019,59.00727971,94.73137582,83.03101152,69.86950108
313,101,104.0139977,30.66431216,1535,104.0055646,30.66356549,812.2037884,,166.764276,154.7054835,122.1899505,107.8942302,121.6134015,123.002016,132.7552163,124.422708,135.8705222,110.3371184,149.6383643,138.9042108,148.8764582,234.5401313,151.3423208,124.954429,126.8267746,80.99539164,163.2342575,166.3689126,138.1583764,155.528385,162.0976938,114.5143723,128.3678183,142.0764644,146.9840967,127.8390013,188.53662,127.2065598,161.2092978,135.099244,111.8566809,144.0361398,141.5948493,160.5087084,125.7305434,155.4532142,130.7611776,126.4745559,133.6001009,140.9690786,132.195931,143.7785875,182.3659234,250.2143699,105.6661614,116.2135786,110.6891756,127.3404935
314,101,104.0139977,30.66431216,1799,104.014074,30.66498919,75.3913012,,23.29688277,32.89802234,18.03379962,24.56187188,23.39730037,25.84844613,24.56187188,24.56187188,18.4631758,18.97962827,18.7178403,18.8478253,18.78260791,18.78260791,17.43524738,17.43524738,17.43524738,12.06260819,38.58891246,24.8998793,21.20380346,21.20380346,21.20380346,21.20380346,22.61739036,21.88779712,22.24661347,22.24661347,22.24661347,22.52354227,13.36988593,22.52354227,22.52354227,28.87326429,22.52354227,20.21666177,18.33842462,18.21534794,12.03586183,14.49445577,13.15123849,13.46314974,13.79021578,13.79021578,18.03379962,18.03379962,18.41619571,18.61354029,18.51434214,18.5638087
315,102,104.0742198,30.62620311,552,104.074146,30.62766337,161.9954584,,30.99043552,29.19567711,24.18415612,22.21652001,15.69103992,19.3748721,16.6981718,20.56096203,33.42026649,22.66257708,21.85117757,19.1260011,18.95131508,20.34834788,21.74705967,20.3058374,27.60632664,22.51674325,24.4863674,21.09799156,19.19269182,23.83990394,19.19946174,21.97376225,18.39051455,24.94369762,17.895822,15.89389403,17.42704611,15.04158273,16.14668467,11.96887943,17.4850185,22.36562417,26.07079592,17.87536093,17.00243878,31.8199922,32.20962331,24.90769641,17.19460394,18.05522137,15.12798055,15.22672716,17.38252311,22.52399035,31.05186779,28.65767323,26.10157003,29.32122084
316,102,104.0742198,30.62620311,761,104.0776053,30.62618671,324.4906359,,84.38765765,119.3528776,65.05876609,110.9235981,108.22249,113.7629908,87.17658875,120.6783357,83.61963416,73.37727947,127.4363225,176.9948923,97.89102985,112.8057575,128.9011078,112.1276543,102.281841,80.70233432,93.45330314,90.65592042,97.94862972,86.0754108,107.6942892,97.46321838,89.77878572,80.3616584,83.21754509,83.53990152,70.79795692,73.70134317,76.85304534,62.97392395,120.4295144,169.2994622,106.4388418,135.0481259,106.4388418,89.17299918,108.7931352,111.2539323,120.2229457,91.98159758,126.7777368,181.7147561,143.7743125,127.9997664,109.1744196,134.0793445,157.5055671,86.14795643
317,102,104.0742198,30.62620311,997,104.0743822,30.6227454,383.5315126,,53.94786247,57.54727178,80.54161766,81.57152226,77.72048455,69.94495671,52.55373398,82.17491697,71.46021529,80.27403752,109.0920266,70.1517224,71.13412908,89.8706951,80.43323242,60.42509608,66.72592859,92.2260651,68.58445871,85.24091787,72.23589019,55.94050792,50.51830709,91.94540145,45.40161128,84.40567303,94.1740744,92.74002185,56.60446166,111.6780894,97.55968524,72.76733025,100.3911861,95.38607567,66.45522985,65.13607812,90.04093647,65.69611952,41.61414255,72.86086783,114.0614164,61.54740471,151.4242064,62.46158993,54.10319143,80.78847131,68.76658563,46.00763847,75.35379846,142.7503849
318,103,104.1831282,30.66441799,332,104.1831593,30.65487167,1058.0009,,169.6991543,281.716216,212.1895955,161.8144205,161.8144205,161.8144205,161.8144205,161.8144205,161.8144205,161.8144205,161.8144205,185.1501575,172.6975452,170.7983516,170.7983516,223.4175186,209.4392983,240.3030435,206.252883,206.252883,193.6679613,208.7968884,195.7834177,184.1060376,187.8474755,184.1159702,185.9630057,185.0348788,207.0001761,207.0001761,207.0001761,207.0001761,207.0001761,207.0001761,207.0001761,207.0001761,207.0001761,207.0001761,207.0001761,207.0001761,207.0001761,207.0001761,227.3912382,216.7171118,221.9258989,219.2905788,219.9435237,220.2714565,219.9435237,169.3742408
319,103,104.1831282,30.66441799,598,104.174737,30.66454521,804.0456248,,59.13582531,59.83595347,58.7758617,65.28785487,58.90668904,65.40387369,59.37472539,59.14865602,63.98166466,55.033502,60.94925305,65.20491751,60.94897889,61.16887357,61.27948628,59.52448813,61.6913432,131.060477,131.060477,131.060477,131.060477,131.060477,131.060477,131.060477,131.060477,131.060477,131.060477,131.060477,131.060477,131.060477,131.060477,131.060477,131.060477,131.060477,131.060477,131.060477,131.060477,131.060477,131.060477,131.060477,131.060477,131.060477,131.060477,131.060477,131.060477,131.060477,131.060477,131.060477,131.060477,131.060477
320,104,103.9922157,30.61292033,320,103.9872194,30.61048908,549.5478994,,56.20376244,87.73270234,62.85535942,62.85535942,62.85535942,95.34325002,61.71393522,62.76277845,63.84788872,50.98898036,59.82119683,80.96233302,125.2134454,79.50592518,59.85998299,91.50658824,77.76621218,88.71625282,67.25345397,81.23898728,68.16097977,123.8030312,87.91789525,102.8193302,87.91789525,88.94393065,79.02952482,89.99419734,79.45270835,79.45270835,79.45270835,82.26080823,86.92321783,85.27467404,96.19314931,104.3602642,78.35138368,101.3250928,73.81986708,97.26511494,97.26511494,110.9367722,126.0109833,88.89341956,147.0908876,104.7866757,104.7866757,124.4971214,113.1576228,113.1576228
321,104,103.9922157,30.61292033,333,103.9855772,30.62085604,1085.589741,,147.4763422,225.9030675,482.4843293,307.7262258,375.7810642,338.3656336,356.093218,347.0031581,349.2318854,350.3570196,349.7935478,350.0750568,349.9342458,349.9694378,349.9870367,349.9782372,349.9870367,349.9870367,368.6908554,347.3887171,348.6830363,347.3887171,347.3887171,139.0791127,198.6339552,163.6053613,179.4260232,179.4260232,179.4260232,361.863247,239.9001308,288.5221783,261.9742093,288.5221783,288.5221783,335.4612075,310.2262032,322.3505831,316.1722013,319.231501,317.6944864,318.0773509,318.2691293,318.1732112,318.1732112,318.1732112,305.1273802,298.9975871,302.0313855,298.9975871
322,104,103.9922157,30.61292033,405,103.9983609,30.6065462,919.8431229,,119.2593725,91.56042144,107.9648193,117.7548727,129.4974676,146.5236833,128.9332346,92.84908317,105.4597211,106.6931146,105.4597211,145.2383878,165.7374996,123.2878741,108.0403015,98.01288243,131.630021,101.4610568,165.5717621,135.3184279,139.3031653,136.5540306,152.1799284,109.9361949,109.7649505,210.9194422,137.6635967,79.41091708,133.8597499,133.7159124,142.9396507,126.310308,112.1675468,170.2307078,127.8052969,139.3310761,116.7368475,111.2713455,242.1524857,144.1844082,142.8985289,157.6873925,122.0130893,136.2730552,133.2569514,146.9739097,154.6195444,146.7401141,108.108132,137.0232191
323,105,104.0186689,30.5856335,545,104.0313763,30.59554599,1640.565362,,111.8415991,109.748466,114.0161255,103.6146544,129.2702666,204.0786214,178.9978877,166.931467,178.0266859,141.5466819,144.0642822,126.8296772,175.9057425,159.6765205,162.9719428,148.667162,152.9421224,153.0723959,152.1683814,144.5177822,159.4421261,134.8693751,195.9859069,154.2897096,205.7732992,166.2137896,171.3609083,135.1148638,169.8085033,124.213372,195.0327197,168.0835376,174.507699,192.6404557,175.3090093,160.4226242,162.7380566,166.5947218,149.7357996,168.503147,158.1991168,182.4041313,130.9828223,178.9946965,125.5301215,152.3974274,131.9262371,135.2572341,136.9207857,114.4580485
324,105,104.0186689,30.5856335,714,103.9997597,30.58962127,1866.193322,,116.7989764,110.053309,116.1832418,168.3783448,148.4471961,235.3168462,210.8031365,189.4256379,181.5755665,153.0363544,145.5436733,171.4579998,177.7326973,173.8614438,166.0888989,176.1021221,173.8614438,183.861411,162.2776802,166.3974231,116.4349386,146.2618859,113.7467378,139.3451872,321.834537,162.3266919,168.1807641,128.3955272,196.9977823,166.0086117,218.5167006,182.5623902,177.0696599,168.5577943,172.4503103,165.443924,195.5981803,203.276731,192.4553629,169.8684187,70.38549983,70.38549983,70.38549983,70.38549983,70.38549983,70.38549983,70.38549983,70.38549983,70.38549983,70.38549983
325,105,104.0186689,30.5856335,821,104.0158469,30.58332268,372.5739333,,24.08436687,21.4031834,23.83943408,33.61569323,34.12890992,34.12890992,34.12890992,34.12890992,35.38960844,34.74782798,35.06578196,34.90608093,35.06578196,36.25043675,35.06578196,27.31702973,30.71015821,28.91438771,29.78523048,29.78523048,43.54760259,35.37502441,39.03817101,37.11643465,38.05305563,37.57890993,37.81449655,37.69633516,37.7553234,37.72580622,37.74055905,37.7331812,37.73686976,37.73502539,37.73594756,37.73502539,37.73502539,34.39144,35.98573296,35.17052828,35.98573296,38.10415227,27.18782757,31.73342649,29.28528733,30.46024587,30.15775514,30.0087516,30.08306886,30.08306886
326,106,104.0708672,30.61744157,1095,104.0715609,30.61755497,67.67788705,,14.74374544,14.64405069,15.54820634,16.25714368,16.46218874,17.08558158,17.34095327,16.46218874,20.95831341,20.38831744,14.14458017,18.18211891,17.98084084,19.90061557,15.96333454,17.67110741,18.01407714,24.36403934,16.49934944,14.9472634,9.719696543,17.69784939,21.00348219,13.09894588,21.46611395,17.90011054,20.78842947,16.13512539,22.08221089,21.09440635,22.01569819,21.00348219,13.3868348,17.73542445,16.91947176,21.70515754,15.71873506,22.08221089,17.88186373,22.14912667,22.01569819,19.49123147,22.08221089,15.22752459,21.3283099,10.82846193,22.08221089,13.3868348,16.49934944,22.14912667
327,106,104.0708672,30.61744157,1192,104.0707151,30.61665206,88.70577189,,15.57759897,21.79800538,15.57759897,21.7238625,21.61358909,19.83483098,20.11595457,19.83483098,21.39636709,21.65022229,21.79800538,20.9747638,21.79800538,25.18988087,25.27164343,25.04633559,26.61173157,25.7100929,25.90015187,25.16626617,12.28233765,12.28233765,12.28233765,12.28233765,12.28233765,12.28233765,12.28233765,12.28233765,12.28233765,12.28233765,12.28233765,21.36058721,15.59661923,18.02911948,16.72488531,17.35253001,17.03292761,17.35253001,17.35253001,18.35291832,17.83870982,17.96454158,18.02812552,17.99627738,18.01218737,18.00422887,18.00621783,18.00721248,18.00671514,21.36058721
328,107,104.1400423,30.59261383,219,104.1430664,30.59666843,534.7818544,,61.11792622,62.60860734,52.51779066,52.51779066,52.51779066,72.10541857,72.10541857,99.83827188,92.22585273,92.22585273,55.16374429,62.03223351,70.85437819,71.97064209,57.12803192,63.69610176,60.23354481,61.91645189,61.91645189,64.33465918,38.65892923,64.33465918,64.33465918,91.67688933,75.60980563,75.60980563,75.60980563,58.48161227,58.48161227,58.48161227,44.30873822,50.41808762,50.41808762,54.58118012,59.493655,65.21050232,62.22103915,66.46310733,58.5171634,77.49075172,58.5171634,58.5171634,94.18858492,59.26776837,59.26776837,59.26776837,54.34621527,78.18130663,67.78924915,67.78924915
329,107,104.1400423,30.59261383,232,104.1409451,30.59204616,107.0088861,,10.3228616,9.872680419,8.931189876,11.61503487,7.365812428,6.615317515,9.395902194,11.32202763,8.977150946,8.305023812,14.09385329,8.209707869,7.841074495,8.742357653,8.546466777,6.624797764,9.612775794,14.53705622,13.64210261,7.683031274,9.629031919,8.306895632,7.295736564,9.729835576,7.954856184,8.977441506,10.25462262,14.59212083,14.59212083,14.59212083,14.59212083,14.59212083,14.59212083,14.59212083,14.59212083,14.59212083,14.59212083,14.59212083,14.59212083,14.59212083,14.59212083,14.59212083,14.59212083,14.59212083,14.59212083,14.59212083,14.59212083,14.59212083,14.59212083,14.59212083
330,107,104.1400423,30.59261383,1216,104.1360359,30.59511501,473.6901755,,55.96339626,55.45641079,52.55114428,68.76147709,55.18720491,56.63045685,56.63045685,56.84282106,57.2243165,56.84282106,43.8376512,56.84282106,49.76027522,44.24713627,150.9101444,53.423704,53.423704,53.423704,53.423704,63.2993553,57.26274788,57.26274788,57.26274788,57.26274788,50.37768484,50.50450561,50.6319665,45.66911172,65.84110547,100.384673,89.98863492,89.98863492,89.98863492,38.37274149,40.21897717,40.21897717,42.30163428,66.71692613,44.61176277,64.45982354,67.93962676,67.93962676,70.71677977,69.30039141,69.30039141,62.3993331,56.74824066,77.68950487,77.68950487,84.00416905
331,108,103.9552436,30.7700213,64,103.9412759,30.75449343,2179.281715,,121.0097367,113.50973,118.5219779,115.9617178,126.8259587,152.6190522,246.7729763,212.49805,338.2455598,330.3872514,322.7947801,290.4883217,276.5318267,276.5332178,276.5339133,308.7511854,308.7516189,324.3602307,341.6310264,360.9887752,314.5268734,430.9236635,441.6323214,474.7603131,359.1434651,408.9370223,382.4262212,342.8245209,388.7263645,301.4825545,339.590562,319.4039104,329.1880523,324.2221834,324.1525897,317.9774315,266.9540865,292.7991406,279.2828037,191.8409853,234.9042437,235.8580357,236.3378422,236.0976952,236.2177076,158.8441396,236.1726886,236.1801906,158.8604323,219.5976238
332,108,103.9552436,30.7700213,178,103.9619529,30.76609451,775.7273466,,35.13243178,33.57016917,32.91774976,32.80472557,35.64118251,40.73940696,37.45771123,37.75102353,49.06521821,49.74982714,64.8943094,64.8943094,64.8943094,64.8943094,64.8943094,64.8943094,64.8943094,64.8943094,64.8943094,64.8943094,64.8943094,64.8943094,64.8943094,64.8943094,64.8943094,64.8943094,64.8943094,64.8943094,64.8943094,64.8943094,64.8943094,64.8943094,64.8943094,64.8943094,64.8943094,64.8943094,64.8943094,64.8943094,64.8943094,64.8943094,63.08626011,61.37622962,58.87459834,60.0993927,59.48069111,59.78844135,59.71120562,59.63416918,59.63416918,53.12737723
333,108,103.9552436,30.7700213,192,103.9849489,30.78236038,3154.6432,,137.5489596,132.8497417,135.395943,134.110758,142.4947838,152.76273,159.1423046,155.7972604,203.4190702,202.9260604,131.9781002,219.4290326,144.3038821,210.3832691,211.6146552,213.9389207,214.2559315,217.8639544,221.8504847,225.8105914,215.4836689,228.1082498,240.578136,241.5792291,229.6228525,235.4493491,232.4996032,212.8433966,233.2300888,220.0060151,226.4251325,506.3942797,224.7854904,223.9745423,223.9639832,222.7497142,194.5871753,206.6598085,198.9716517,166.0844386,400.0044847,196.5253674,196.762786,196.644005,401.8442831,163.8060568,188.5924297,188.5963376,158.3366539,184.7475909
334,109,104.0454649,30.75117149,193,104.042756,30.74664014,565.2138329,,69.89333786,56.05426442,43.94751185,53.24009285,37.37522973,45.11684697,90.04829202,62.96348009,76.25620732,53.33603666,32.21271449,30.10571183,32.66083144,59.67066858,150.1675128,63.24070858,36.62951932,107.0931473,37.06320216,34.8718046,58.850898,166.103657,25.51968811,75.36184439,74.37477181,44.08239318,49.59073385,50.74238899,162.7815839,55.48489463,48.56735472,76.90468531,54.26052796,45.82814861,83.05182851,64.47306079,30.09643484,51.75649924,63.29808836,49.31280941,82.66718182,54.61654692,39.68991804,67.44984989,90.83575113,126.5797697,66.6655236,48.79543881,40.25985751,32.58238268
335,109,104.0454649,30.75117149,207,104.0490336,30.74739145,540.5774824,,53.61098999,50.97783724,42.43215785,177.7241038,177.7241038,177.7241038,177.7241038,177.7241038,177.7241038,177.7241038,177.7241038,177.7241038,177.7241038,177.7241038,177.7241038,177.7241038,177.7241038,177.7241038,177.7241038,177.7241038,177.7241038,177.7241038,177.7241038,177.7241038,177.7241038,177.7241038,177.7241038,177.7241038,177.7241038,177.7241038,177.7241038,177.7241038,177.7241038,177.7241038,177.7241038,177.7241038,177.7241038,177.7241038,177.7241038,177.7241038,177.7241038,177.7241038,177.7241038,177.7241038,177.7241038,177.7241038,177.7241038,177.7241038,177.7241038,177.7241038
336,109,104.0454649,30.75117149,220,104.0481228,30.7539247,397.2930404,,39.10471484,38.08934608,31.28102283,27.38619324,22.88743595,31.71296997,24.68084462,40.71900201,42.54337075,39.02469155,23.74046235,24.02443917,25.77352566,40.2888717,36.99333839,29.29491317,25.33853893,31.37839532,26.05200265,30.52838731,40.90825729,35.63141624,23.82930836,41.55452901,43.76098763,55.22219867,51.69596188,48.38071697,61.83549267,72.47148461,70.71717901,71.34800274,61.25288846,74.81717237,67.35894564,71.92330951,35.25961705,69.97476036,57.43395091,77.25344255,94.72533089,98.8078036,70.90062031,52.81527137,87.11814698,98.50094928,73.83496871,58.5776972,49.23230458,123.2978401
337,110,103.9945152,30.68621014,124,103.9980009,30.68452005,382.8435085,,44.0565785,49.41392162,49.41392162,49.41392162,49.41392162,49.41392162,49.41392162,49.41392162,49.41392162,49.41392162,49.41392162,49.41392162,49.41392162,43.82891101,41.48451637,42.62450196,42.62450196,42.62450196,47.89701583,43.68420382,43.68420382,43.68420382,43.68420382,43.68420382,43.68420382,43.68420382,43.68420382,43.68420382,103.3677473,53.57576795,38.02032084,69.25812214,55.29535128,55.29535128,55.29535128,55.29535128,55.29535128,55.29535128,55.29535128,55.29535128,55.29535128,76.00569655,43.00270298,43.00270298,43.00270298,24.56749787,43.00270298,100.9697165,60.31670156,60.31670156
338,110,103.9945152,30.68621014,338,103.9906099,30.68806191,426.6868549,,54.95787755,54.95787755,54.95787755,54.95787755,54.95787755,54.95787755,50.65367445,53.89728693,53.89728693,53.89728693,53.89728693,44.01354377,44.01354377,27.28370653,41.77894862,49.0235961,39.76029364,55.44912116,72.57036271,73.32089153,62.52670329,62.61165806,62.69684399,57.74709314,60.12026136,58.90978629,58.90978629,58.90978629,42.51123647,49.38478802,46.72464419,46.72464419,46.72464419,46.72464419,46.72464419,40.55637433,122.2339,40.55637433,33.03382102,36.41061162,34.64011676,35.06639963,35.28349982,35.17461474,35.22897315,35.20177296,35.20856906,35.2119681,35.21026851,35.2119681
339,110,103.9945152,30.68621014,708,103.9929798,30.68390412,294.8788977,,30.83381005,26.22224862,25.61689266,19.35394771,22.59367951,18.23663345,21.32725327,22.19539302,19.67681245,16.66505544,24.09147396,17.56199457,17.92993192,26.01341307,24.18141302,20.76989231,19.73473026,23.12145999,19.83119805,29.81921437,16.83807404,21.41554354,17.60106167,35.16325549,17.20525173,18.16968818,19.86707483,18.32850384,17.91291342,26.42898004,22.08715801,23.79032678,24.42892515,24.41078544,24.315267,19.33632116,26.40109507,22.60450427,23.38246766,31.44443222,28.72379916,32.36475706,50.63103489,22.63118082,28.43475085,24.2089859,20.56696758,22.53851447,16.15774782,20.32349774
340,110,103.9945152,30.68621014,1298,103.9988879,30.69473327,1033.325213,,74.77328174,74.77328174,74.77328174,68.82462103,79.23260419,66.30963934,57.62929151,116.2490865,57.62929151,52.99103656,57.62929151,58.21550496,57.62929151,57.62929151,58.9069005,57.62929151,58.26109267,55.62573109,63.37258547,68.33994061,72.5494055,62.62577048,56.25664676,52.97217183,67.45187247,61.51253852,69.92426253,59.56718602,62.08142578,64.34080311,59.97534489,84.57224867,80.64977272,57.23031949,87.01686004,74.92388251,74.92388251,71.81410747,68.95219216,66.75159028,66.75159028,63.05035198,63.05035198,52.35708328,57.20831629,55.99554592,55.99554592,57.38481707,61.73200741,72.79786236
341,111,104.0217392,30.67914647,733,104.022412,30.67849209,97.02682425,,17.60947764,16.96643921,27.50366672,27.50366672,27.50366672,39.69279174,32.49270393,35.73366417,32.49270393,29.22983827,30.82028536,30.82028536,30.82028536,30.82028536,30.82028536,30.82028536,30.82028536,30.82028536,48.51341213,28.3213433,29.51801978,28.90730213,29.20946905,29.05760006,29.13333664,29.09541906,29.1143655,29.1143655,29.1143655,34.92965673,29.1143655,29.1143655,23.44272264,25.97251938,24.64286496,24.64286496,24.64286496,13.61779989,17.54185951,15.3327435,16.36307713,16.36307713,19.24498993,17.68741078,18.43335586,18.05268091,18.14636797,18.1935771,18.16994187,18.1935771
342,111,104.0217392,30.67914647,1096,104.0229629,30.68025139,169.5263733,,14.49631696,24.43623399,77.74457884,37.18476429,50.30767183,42.76207183,46.22899326,44.42800024,44.86496349,45.0866843,44.97555065,45.03104891,45.00328265,45.01022102,45.01369101,45.01195593,45.01282345,45.0123897,45.01260656,45.01255235,45.01252522,45.0125388,45.01253203,45.01253541,45.01253372,45.01253455,45.01253412,45.01253435,45.01253425,45.01253429,45.01253425,45.01253429,45.01253429,45.01253429,45.01253429,45.01253429,45.01253429,45.01253429,45.01253429,45.01253429,45.01253429,45.01253429,45.01253429,45.01253429,45.01253429,45.01253429,45.01253429,45.01253429,45.01253429,45.01253429
343,111,104.0217392,30.67914647,1869,104.0192811,30.67648682,377.2787873,,38.17128252,69.80488575,49.93395714,60.4653816,99.86791429,80.41466159,52.92561653,53.74767053,98.81837278,52.93666725,87.82841056,78.88888484,82.81729477,68.65393266,79.21331199,59.92074856,52.41331237,61.79270402,44.6483772,71.03575493,69.1549712,86.35263796,62.33866365,92.67061044,66.97990524,77.21054252,88.19504119,65.77257309,44.09752059,44.09752059,44.09752059,27.47175636,34.22399366,46.93170816,27.963016,27.963016,23.61066726,27.14468362,34.39941666,26.3728861,34.96998051,44.82520245,33.12691791,80.01199613,44.5312667,27.27316535,53.89696961,28.56369368,35.00524831,58.60641356
344,112,104.0980229,30.71968669,726,104.1018715,30.7188824,379.1506685,,44.06593726,47.10758953,31.92847735,31.92847735,31.92847735,31.92847735,42.84572576,36.59012674,42.84572576,67.2385422,59.43145456,59.43145456,59.43145456,59.43145456,59.43145456,59.43145456,59.43145456,59.43145456,59.43145456,59.43145456,59.43145456,59.43145456,59.43145456,59.43145456,59.43145456,59.43145456,59.43145456,59.43145456,59.43145456,59.43145456,46.05068848,59.43145456,59.43145456,71.46295323,64.89425072,64.89425072,64.89425072,58.83372442,58.83372442,58.83372442,48.57446287,61.85539606,60.30673373,61.07124862,60.68658346,60.68658346,57.59250661,59.09907589,57.59250661,43.9594978
345,112,104.0980229,30.71968669,1279,104.0964555,30.71894934,170.884252,,16.32146736,19.57104901,13.99734487,22.39065722,23.18530053,22.61703335,23.29294469,21.99701933,22.57553421,23.127192,20.01681043,31.54786191,22.49299112,14.89547959,22.17875826,22.55484169,14.62980517,14.62980517,14.62980517,14.62980517,14.62980517,14.62980517,14.62980517,21.39768025,20.28076837,20.28076837,20.28076837,20.28076837,20.28076837,20.28076837,24.07762455,22.01670052,23.00108954,22.49813238,22.74683106,22.62179821,22.68414234,22.65292738,22.66852411,22.66072307,22.66462292,22.66364783,22.66316032,22.66340407,22.6632822,22.66334313,22.66331266,22.66331266,22.32970262,22.49527084
346,112,104.0980229,30.71968669,1334,104.0982053,30.7212584,175.0677146,,17.74293319,24.08574927,14.34001758,19.80341783,31.20018676,31.20018676,31.20018676,31.20018676,31.20018676,31.20018676,34.56547199,32.7967271,34.69231775,34.06723095,34.06723095,34.06723095,34.06723095,34.06723095,34.06723095,34.06723095,34.06723095,34.06723095,34.06723095,34.06723095,34.06723095,34.06723095,34.06723095,34.06723095,34.06723095,34.06723095,34.06723095,20.13558379,26.99116799,26.99116799,26.99116799,26.99116799,26.99116799,26.99116799,26.99116799,38.96406631,26.99116799,20.86899909,23.42913653,23.42913653,23.42913653,23.42913653,23.42913653,23.17072693,23.29921525,26.33330526
347,113,104.1692351,30.70602859,224,104.1636044,30.70562279,541.0916099,,90.78083633,72.45864089,98.00904632,61.74103948,61.74103948,61.74103948,133.419849,133.419849,133.419849,133.419849,126.4889478,84.32596518,120.24258,45.40628894,72.07880835,62.93795786,116.7423679,74.99248491,85.24856874,141.9773904,90.98224174,110.8983658,99.95791126,99.95791126,99.95791126,84.9799717,91.86241709,88.28726706,90.03936686,89.15470957,89.5948545,89.37424016,89.48441133,89.42929181,89.42929181,89.42929181,76.01677251,76.01677251,39.95753427,76.01677251,101.6532183,153.3802989,153.3802989,97.39648978,37.24531158,71.35273977,59.09981176,59.09981176,59.09981176,60.84564289
348,113,104.1692351,30.70602859,411,104.1692364,30.7015895,491.9788734,,37.89851521,59.75451904,60.24231103,43.98746713,50.86778952,40.1797628,52.053606,39.7112992,39.7112992,40.18432091,161.0112677,40.66874728,64.93579997,56.50644688,53.06241571,54.73030391,53.8834561,54.30357862,54.09270164,54.14526719,54.17158829,54.15842454,54.16500562,54.16171488,54.16336021,54.16253753,54.16294886,54.16274319,54.16284602,54.16279461,54.16282031,54.16280746,54.16282031,54.16282031,57.97459719,68.84835546,107.5037295,84.74277245,94.77586324,89.47894887,92.05126883,92.05126883,91.39442244,112.5237576,39.53401661,56.46516293,56.46516293,56.46516293,56.46516293,58.14907615
349,114,103.9834118,30.64102237,640,103.9863516,30.64206014,304.3038699,,57.05697561,57.05697561,57.05697561,57.05697561,57.05697561,57.05697561,57.05697561,30.2622633,55.2721459,55.2721459,66.65615647,83.94589514,95.59283871,92.3882717,90.8652302,90.8652302,82.60735014,74.69276805,75.72538696,75.46456473,75.33482623,75.33482623,75.33482623,60.69218458,75.33482623,86.2593647,75.33482623,52.47875122,63.20157299,63.20157299,63.20157299,63.20157299,63.20157299,63.20157299,63.20157299,74.69276805,91.29116097,119.0754274,103.3484841,110.6559527,106.8774567,106.8774567,36.69996421,105.335955,105.335955,105.335955,105.335955,105.335955,105.335955,85.36316353
350,114,103.9834118,30.64102237,694,103.9819807,30.64440871,399.5874423,,57.48693722,61.2655363,54.14735729,83.51319549,60.95401662,74.66339751,52.01017629,40.47593676,47.76851778,43.10156681,49.03331205,68.35275469,50.0956129,52.96074797,52.58278614,56.58988168,47.72323956,40.98332742,53.08172665,65.79290133,93.95916344,53.76189826,74.8793125,57.82974039,56.64755957,51.41633491,45.99567681,55.69162959,40.80893028,64.70081525,63.93399077,63.29103423,64.54356892,73.54370104,36.20423135,49.65287745,39.00528179,55.28496511,75.39385704,42.12341998,89.34874486,67.79051802,69.62801512,110.654984,71.56790011,53.65368061,61.60662922,39.41136417,55.18598947,56.74614565
351,114,103.9834118,30.64102237,719,103.9845026,30.63716601,440.0064418,,44.84142082,37.00988763,94.357301,56.72842881,64.30405375,77.08142046,103.8703731,103.8703731,103.8703731,103.8703731,103.8703731,103.8703731,103.8703731,69.55096336,59.68999305,64.24428656,61.88346001,61.88346001,61.88346001,53.24447699,40.56397415,46.04718577,43.13201336,46.04718577,46.04718577,46.06950627,46.05834331,46.06392411,46.06113355,46.06252878,46.06183116,46.06217997,46.06200556,46.06209276,46.06209276,46.06209276,63.87190284,53.52436247,58.24210625,55.78366465,56.98638295,56.98638295,56.98638295,60.22901865,58.56284882,59.38424892,59.38424892,66.03655689,74.36728594,74.36728594
352,114,103.9834118,30.64102237,775,103.9784668,30.63921045,514.6940253,,92.72219306,98.55843038,87.53851138,57.01226126,69.05211769,62.4572525,65.58932712,63.98498387,64.37866636,64.57732988,64.57732988,64.57732988,83.46389599,77.77713631,75.21478056,75.21478056,75.21478056,61.15176538,75.21478056,77.6896642,77.6896642,77.6896642,176.466523,107.8834638,133.9041367,107.8834638,107.8834638,62.2474297,62.2474297,54.17831845,60.43702608,79.1836962,58.72895376,79.1836962,105.2783234,90.38529225,97.26501266,93.69903874,95.44873103,93.69903874,93.69903874,82.48852492,73.67389627,73.67389627,71.26532658,72.44959887,71.26532658,59.89973571,71.26532658,96.25446707
353,115,104.0377793,30.62313997,61,104.0388775,30.62491655,223.2688421,,18.95678848,21.82372608,21.82372608,23.72162809,29.12202288,22.64134737,48.86126636,23.35685671,24.88445299,26.0329662,17.85158982,25.71714165,27.23098243,33.6304532,29.79927923,35.52004306,20.61603928,27.74004596,35.72301474,20.76919461,22.46207261,33.09632247,20.29289707,28.32424292,29.37032271,24.61769775,25.80314066,22.94060611,20.64914147,28.65482465,25.48946612,23.36534394,25.09160765,31.56156406,36.78571311,31.56156406,24.43682285,31.48943512,25.96289093,20.99981271,22.05124366,20.99981271,18.67056519,21.01811719,24.11303495,39.72493402,39.8562561,25.36879006,24.2781262,24.98630636
354,116,104.0894982,30.65024457,58,104.0919899,30.64973175,245.4249467,,32.24518077,39.76984909,38.24134293,63.71609192,31.62886702,51.89602397,33.54914513,28.16470343,53.76449138,51.4677558,25.10818169,31.00763977,43.48436428,79.83703083,26.15197091,32.80686222,29.36941191,26.40358037,41.39697897,27.03648526,29.69848095,62.88468385,27.44673671,35.13040987,29.13124792,26.68274322,31.28157064,32.62274363,24.22608697,28.07934676,30.48707789,28.74436139,32.22279753,103.9446833,55.48067869,22.72029064,51.96215301,33.76846861,34.86591486,30.6581586,34.2453414,42.47010236,32.1795514,57.0019231,35.3147063,53.65565635,158.4806831,36.66098789,28.24476046,41.67593435
355,116,104.0894982,30.65024457,1202,104.0888813,30.64903065,146.9511223,,37.78743145,37.78743145,37.78743145,37.78743145,18.52973871,37.78743145,30.62367816,50.14445879,34.0208386,29.3088111,29.80417128,29.80417128,29.80417128,29.80417128,29.80417128,33.13302966,28.65397645,27.58925895,26.31960399,26.62593471,26.78178973,26.70363481,26.74265517,26.72313074,26.7328894,26.72800918,26.73044907,26.72922907,26.72983906,26.72983906,26.72983906,33.80345305,26.72983906,23.66997943,25.10702457,25.10702457,25.10702457,30.66806031,26.06029755,26.06029755,26.06029755,26.06029755,26.06029755,26.06029755,26.06029755,26.06029755,26.06029755,26.06029755,26.06029755,32.52196968
356,116,104.0894982,30.65024457,1611,104.0898351,30.6510373,93.60051923,,12.18113871,12.69605043,13.85191583,13.37150275,13.37150275,13.37150275,13.37150275,13.37150275,13.37150275,13.37150275,13.37150275,13.37150275,30.6328972,13.37150275,9.627481978,11.19474649,10.35213116,10.7569631,10.55066518,10.60149426,10.6270929,10.61427815,10.62068166,10.61747894,10.61908006,10.61827944,10.61867973,10.61847958,10.61867973,10.61867973,21.50820441,14.21792,14.97608308,14.97608308,14.97608308,14.97608308,14.97608308,14.97608308,14.97608308,14.97608308,14.97608308,14.97608308,14.97608308,36.62629013,21.25942393,26.90314325,25.22877823,24.46739237,24.84225277,24.65339769
357,117,104.1371922,30.63929681,293,104.1369623,30.6514217,1343.962194,,173.9444148,196.0575195,141.3699275,141.1601429,110.0439097,128.8056945,118.4397527,150.3500279,113.7077297,189.9220372,155.5711864,164.1480542,117.7193163,152.5664611,180.39053,320.4148277,137.5560878,111.160572,89.80536238,131.4490483,102.5055911,183.1684548,280.750323,172.5896753,263.3068788,131.3318105,146.5333229,198.289504,126.5456992,218.7060527,220.9252922,119.6849449,145.5546137,131.355581,163.1954093,137.5217129,218.0801499,210.5882001,111.2756186,171.8188955,267.5185409,160.0181776,147.059693,244.6038371,188.3640005,166.4676692,117.2628187,163.4548614,214.3986956,236.5176363
358,117,104.1371922,30.63929681,472,104.1412091,30.63877966,389.1891435,,33.15383144,27.82895632,27.10895034,24.79789233,25.45568526,24.68554346,20.54370845,34.63259612,24.88598431,29.41902187,24.32713711,20.687795,30.31822378,25.54386357,27.54779624,21.68016892,42.39276601,23.2159224,29.78488343,21.0293571,23.51793398,24.85067252,23.27860298,26.35261912,25.69443651,24.5051319,28.10593614,22.69875928,29.32007897,27.07603971,25.65228043,30.49142365,23.62699691,23.86341778,32.98213081,26.7774084,26.80819478,26.74669265,25.23712248,27.04789414,23.92964845,29.44994044,24.58652899,22.5565005,35.07423823,27.02181131,31.05625845,21.13244218,23.65691712,24.9549342
359,117,104.1371922,30.63929681,1016,104.123009,30.63877907,1360.418285,,190.4717871,219.9778036,198.0075996,248.1245412,171.2813882,191.8834724,203.0264619,180.4755862,197.8790233,240.9596962,220.3993622,211.25115,278.8265206,199.9455074,180.1425045,179.505406,158.1115682,184.7043102,199.3557324,209.7532713,241.2564446,160.4487088,165.9315519,198.8431111,141.3607034,149.2527103,201.3291785,215.9115472,229.1766882,226.6239681,199.9609791,194.7802466,209.8018886,202.4766755,150.4509603,184.421819,202.6693907,131.2710965,223.6114946,228.5720407,168.6800865,202.2882841,194.9171725,229.9956919,200.7860263,170.0304196,183.5277752,212.5429935,150.7891466,211.680016
360,117,104.1371922,30.63929681,1106,104.1364419,30.63755553,205.9431244,,20.78132027,21.8766437,22.19556383,21.1948327,15.90218596,17.07211163,21.27898343,20.68288498,23.1686015,17.91642015,20.33076548,21.74179612,22.75187872,18.36962416,30.59402674,23.05620251,18.68906599,19.05876363,18.48097834,28.62529914,17.73801434,17.82200115,17.82200115,17.82200115,17.82200115,17.82200115,17.82200115,17.82200115,17.82200115,17.82200115,17.82200115,17.82200115,17.82200115,17.82200115,17.82200115,20.25670076,18.96151529,20.25670076,20.25670076,24.34795559,22.11469792,22.63370343,22.90244998,22.76728365,22.83466679,22.80092544,22.80092544,22.80092544,12.65179604,14.23597212
361,118,103.9721097,30.60924975,28,103.9776869,30.61166959,598.1445228,,56.59186024,55.64135096,60.82825656,107.5315996,82.7669551,81.41097475,81.5651622,144.5181397,116.7111264,79.97475514,135.0220425,178.6987786,141.1434843,116.6716035,89.53514686,121.7941336,110.313539,58.11930586,64.32502103,98.92742489,86.7328945,86.24438996,94.12779049,90.01381307,92.02484582,91.00822122,72.02445791,74.89809677,91.38681224,72.01651869,105.2115594,91.33878414,87.84424221,89.90898881,120.2972225,90.10300447,114.7672369,84.07302224,94.44387202,82.10944832,66.25600868,99.80627032,85.60314184,85.968933,52.84221551,101.7531054,85.87719246,93.66199145,113.0846537,100.8160139
362,118,103.9721097,30.60924975,174,103.9663699,30.61838763,1152.580029,,94.05262042,94.05262042,94.05262042,94.05262042,94.05262042,94.05262042,94.05262042,94.05262042,107.4945105,102.1488947,104.7535497,103.4348275,104.090012,103.925439,103.8433474,103.884377,103.8638582,103.8741166,103.8689871,103.8741166,217.696123,214.766465,214.766465,214.766465,214.766465,214.766465,125.812253,163.8739378,176.5654513,152.8846022,163.8739378,158.1886429,160.9811098,158.1886429,158.1886429,139.8008121,148.4274049,148.4274049,148.4274049,155.4040489,151.8356273,151.8356273,124.8641612,106.0295086,91.09304291,97.99538919,97.99538919,116.8813551,116.8813551,235.4206017
363,118,103.9721097,30.60924975,188,103.9698331,30.60822849,245.8542348,,22.42115884,22.7623295,21.71963792,23.30678724,27.80705051,18.74166745,20.38756684,22.35038498,23.2425222,23.71584259,23.47679696,23.59571435,23.53610545,23.59571435,51.38317825,24.56268026,24.79202368,21.98944709,29.97714633,37.90472143,25.25179016,25.25179016,28.16468561,28.16468561,27.93136869,32.69311393,63.90434984,63.90434984,63.90434984,63.90434984,63.90434984,63.90434984,63.90434984,63.90434984,63.90434984,63.90434984,63.90434984,63.90434984,63.90434984,63.90434984,63.90434984,63.90434984,63.90434984,63.90434984,30.62544101,41.40702902,40.13946691,40.13946691,40.13946691,39.51228774
364,118,103.9721097,30.60924975,371,103.9718535,30.60676545,276.4329203,,24.78601527,24.51884233,23.72249137,24.74877396,24.18613095,21.07270541,22.55742757,29.48617817,28.84517429,28.84517429,28.84517429,26.53048555,26.46346265,26.53048555,35.50739378,27.61772007,27.8755886,26.82451984,27.8755886,36.70071899,23.55404765,30.3286404,26.51546413,27.07914321,27.07914321,27.07914321,31.49807194,29.76298619,32.10188752,29.7228602,32.11915589,23.8619025,27.07914321,30.75511127,27.5476405,25.57837142,25.81684023,25.81684023,28.24909148,31.00182284,26.572991,34.64358088,30.89712294,30.421898,29.4949174,26.24017174,27.91806249,30.65799486,30.25104407,32.18841551
365,119,104.0598999,30.62248789,563,104.0645381,30.62255535,444.6381518,,34.05739035,35.42236567,36.90132202,41.36991154,39.49088849,39.707221,42.56230481,43.94227804,39.19008738,35.84988458,42.26821617,44.63242657,37.64736115,53.73365651,104.6207416,98.80847818,118.058268,128.2399271,147.4447757,118.6250928,77.8549293,48.69570372,64.37737103,171.3968295,87.29753746,105.2595718,87.60277361,70.20602397,93.75564545,46.94127116,37.45781622,35.8632714,49.75864539,32.83481736,35.99672774,39.83249706,32.55340333,38.14590042,40.66812364,43.14548104,41.03183173,41.33498635,45.50667652,42.86006441,37.94920215,49.55719339,34.6021908,34.7761683,54.68730258,34.91705025
366,119,104.0598999,30.62248789,587,104.0599492,30.6251091,290.5469425,,40.3849032,42.98502712,43.58809527,80.66598916,44.20832599,38.42263792,40.09738746,38.20891299,43.04399148,36.99271416,35.94395165,33.03059978,36.22851535,36.51762071,41.4709306,41.4709306,42.07921236,41.76784042,42.06903233,34.87725885,29.97045825,31.84076082,43.68991772,31.93798452,37.93491238,40.61298597,33.12887683,43.41179902,58.61262822,40.63593601,33.85012922,40.63593601,43.00859346,37.68239189,26.38005026,35.12910136,35.12910136,38.65012445,57.52579348,42.95560546,73.40133284,45.12377019,46.10952654,52.99399585,47.13931365,47.73000621,43.60020813,33.74093526,61.34715501,35.31293022
367,119,104.0598999,30.62248789,905,104.0549769,30.62263487,472.1494252,,62.8465727,40.78777757,43.85236156,40.05792635,36.76301353,41.80754326,34.16558655,44.18033374,43.70041202,54.39673348,53.66181312,35.28973859,51.16972697,45.56938152,70.89626406,43.83849294,36.54368032,37.81597261,42.37479883,37.60482148,45.45766696,37.19339017,45.2516437,32.31079596,34.77587834,31.26433962,39.74727304,34.14310452,52.10368317,49.64464053,38.65067885,36.0572323,35.20948588,44.27842216,38.73770656,35.31005829,34.6885292,36.10318459,35.58514067,40.31353139,37.19745991,46.37991322,40.6554817,45.36667074,54.2574499,35.72545861,39.37616828,41.07936995,32.51919992,37.97005867
368,120,104.0758544,30.58360116,739,104.0723172,30.57817949,689.9948448,,56.70381375,41.32435982,39.55384461,47.48982043,42.46122122,42.46122122,42.46122122,38.18572546,77.38259942,77.38259942,77.38259942,77.38259942,77.38259942,77.38259942,77.38259942,77.38259942,77.38259942,77.38259942,77.38259942,77.38259942,77.38259942,77.38259942,77.38259942,77.38259942,77.38259942,77.38259942,77.38259942,77.38259942,77.38259942,77.38259942,77.38259942,77.38259942,77.38259942,77.38259942,77.38259942,77.38259942,77.38259942,77.38259942,77.38259942,77.38259942,77.38259942,58.44662215,52.07508263,55.07719382,53.53408279,54.29467631,54.10250893,54.00693445,54.05467944,54.05467944
369,120,104.0758544,30.58360116,1074,104.0750659,30.59133644,860.6192695,,65.84272384,79.05326906,82.0723012,67.02497285,75.29111471,64.41225302,66.44995968,75.29111471,72.00997955,84.59329338,93.24994342,75.29111471,66.80818049,70.77622776,73.87530066,70.96265163,57.48106438,74.63685998,85.16214831,94.38627175,69.83892635,86.04698824,80.73561877,103.2743123,78.26436411,85.57074935,87.89303178,92.5098084,92.54084011,92.52532164,78.3370258,92.54084011,92.92829545,111.6889789,123.6818112,95.53297443,75.4745279,132.2055109,123.6818112,105.262606,112.8681009,87.15131843,90.61349005,92.33871855,88.6474784,89.64925268,106.1037456,90.82540717,113.7660724,136.9490249
370,121,104.1526008,30.59079768,177,104.1497085,30.58671198,530.9788349,,50.97396815,74.18591741,74.18591741,54.09973035,42.57291327,39.93434134,48.70124346,43.88422741,44.99688229,49.21190843,44.99688229,40.73662738,34.97436292,39.82341262,46.00538642,35.9308986,40.34878745,38.01190764,39.14550223,38.12325446,39.14863392,40.59615352,39.14863392,42.02829033,43.15155089,47.12055396,44.76993982,48.49310498,45.17997822,44.74017099,50.0180673,51.38504854,56.1882365,53.67941044,54.90517896,53.67941044,49.95706436,45.39358361,46.15349229,51.47730177,60.09191467,43.80879616,46.10247346,42.83126817,44.40670926,50.12737253,50.17946003,49.82983604,41.19663374,41.19663374
371,121,104.1526008,30.59079768,219,104.1430664,30.59666843,1122.026642,,106.3532362,115.7889039,116.6022394,150.7199967,127.9101489,157.6618232,147.2404342,179.7906192,108.3792839,93.14287266,180.3257103,134.643197,148.6596813,117.978705,119.8604128,127.1151551,139.3819183,152.4262608,143.0423504,108.1254343,124.6503907,147.2851745,134.9806487,164.1990208,111.7529011,119.6296731,158.637051,122.7003618,118.3849915,165.5449144,153.2939625,105.7822682,139.786163,127.3439146,120.9460562,153.003633,134.867977,113.4633683,142.4795736,127.4225839,122.7749517,163.5342474,116.4062222,116.4062222,116.4062222,116.4062222,116.4062222,116.4062222,116.4062222,116.4062222
372,121,104.1526008,30.59079768,258,104.1559375,30.60084119,1158.153395,,148.8389905,109.9005528,131.6637544,141.5739294,114.1841375,161.4984721,161.4984721,150.2920597,111.8688549,161.4984721,191.4219429,241.0030186,215.0536285,155.8636345,123.7196505,157.2876057,152.1836605,157.3340461,147.9993182,129.3435155,141.3339736,145.0484504,155.3734536,172.4870642,162.2118798,136.9345035,190.0716137,160.8100463,189.8382497,192.4270154,183.5329405,134.9304926,191.542992,151.8801805,185.5074419,78.37128237,78.37128237,78.37128237,78.37128237,78.37128237,78.37128237,78.37128237,78.37128237,78.37128237,78.37128237,78.37128237,78.37128237,78.37128237,78.37128237,78.37128237
373,122,103.9719399,30.74616094,80,103.9613727,30.75254195,1234.279989,,92.9988585,74.1494862,78.75939133,76.38494893,100.9017431,144.9882954,132.7170912,107.071919,159.9330989,197.9405024,197.9203691,197.9304353,197.925402,197.9266603,197.9272894,197.9269748,197.9272894,209.3287831,222.1241221,236.1682894,201.7438348,164.1147908,222.3556945,233.3007899,177.9736165,193.2441625,191.2943021,192.2642887,118.1802454,131.6614085,159.3249883,144.1782337,151.373651,147.6883536,114.2264257,141.66019,131.5915487,125.9497906,114.2264257,114.2264257,149.1645759,149.9806993,145.4669091,149.5572415,147.4837203,135.0579927,148.2545177,148.1254924,148.189977,138.5078245
374,122,103.9719399,30.74616094,94,103.9772319,30.75266673,881.2258787,,76.15390823,60.80817501,57.80241261,56.89342907,67.31256547,103.5157656,80.38474235,80.4039661,114.1857495,121.0084567,135.7182102,128.6983028,132.1150719,131.2439835,130.8127327,131.0280033,130.9202795,130.9741192,130.9202795,115.0583053,124.5100833,81.76322586,120.0803016,118.902791,95.37232908,107.2413788,99.45092116,103.1993345,101.3169093,95.6303372,103.7054053,111.0811206,104.4778626,107.6783522,103.217318,101.2297288,92.42730398,89.81474565,81.07744104,83.72140036,84.92684534,84.87833069,84.0240844,85.47098186,84.86015199,83.01766788,87.93795654,84.86204524,81.49093897,81.40470393
375,122,103.9719399,30.74616094,150,103.9650646,30.73928236,1007.20024,,97.6794131,75.08054073,76.63870569,74.12018536,85.36987354,114.8185151,107.584468,93.52956646,120.3160269,123.5310447,129.8118334,132.2958211,132.5349506,133.4578174,133.2627359,133.3602054,133.3115403,139.6136499,146.4822019,143.6917204,132.3429408,115.5585665,156.281506,121.8281491,105.1774881,105.8941476,123.1281928,111.4970915,103.2852511,116.0353178,136.5936402,107.499308,108.7070661,112.0317982,106.7351999,119.0998621,99.03730679,114.8075074,93.86723204,108.5036542,131.0843225,112.4690611,113.3730753,113.2319922,111.5733971,104.4521247,116.5466495,111.8007995,99.8411044,99.64650157
376,123,104.0354305,30.74630622,165,104.0400009,30.74081135,749.885223,,88.36618012,67.34235866,71.16661168,71.41449149,76.58402277,74.57422107,75.61867795,83.40638937,70.94157705,84.65142351,81.6613099,85.18285993,89.38720831,84.67078316,43.75343278,43.75343278,62.58702016,43.86006178,43.86006178,77.08516749,102.0637733,86.44440729,154.5564963,154.5564963,154.5564963,154.5564963,149.7393631,152.109801,150.9152745,151.5101834,151.2121438,151.5101834,152.6576401,153.8226098,162.1373455,157.8705733,159.9755142,158.9160737,159.4440341,159.1796162,159.3117154,159.27867,159.2621525,159.2704109,159.2662816,159.2683462,159.26783,159.2675719,159.267701,159.2676687
377,123,104.0354305,30.74630622,193,104.042756,30.74664014,702.2276992,,69.64241645,69.64241645,54.60085782,56.60273646,34.33254482,69.14241961,54.90153733,70.88733872,75.94263943,80.63858747,40.02142032,38.46359402,51.10982496,74.13547558,186.5697208,119.2462131,119.2462131,119.2462131,119.2462131,119.2462131,124.8404799,119.953486,97.60693888,120.6691989,97.60693888,97.60693888,91.37420663,94.38779281,92.85655527,93.61591298,92.85655527,93.234688,86.8735298,108.3437022,96.42796123,102.039141,99.15422981,100.576002,99.86005548,100.576002,100.576002,89.35234081,70.32043719,80.38218496,78.63202853,149.8825919,108.266369,105.6459572,108.266369,108.266369
378,123,104.0354305,30.74630622,337,104.0257262,30.75797789,1592.572846,,164.674977,156.5930282,123.8285582,121.830395,105.3101897,127.1233314,257.6419683,150.446418,139.3083033,194.7329378,91.94136253,86.3263669,92.02668131,168.1308576,157.075678,154.8832664,120.9283244,142.7738458,115.1257479,186.4854563,181.0384763,270.5166497,99.76674441,239.1350259,193.9096588,193.9096588,193.9096588,313.8647214,239.718282,271.825946,254.7644767,263.0188165,258.8258526,260.9054896,259.8615104,260.9054896,260.9054896,338.2455602,294.5838901,314.9085204,304.4073243,309.5688926,343.3091165,297.831805,318.9575658,318.9575658,345.3772437,331.6420677,338.370328,336.6627982
379,124,103.9980009,30.68452005,110,103.9945152,30.68621014,382.8435085,,34.06658338,34.04454419,37.84285092,33.61552758,49.36377617,31.02389714,50.48485826,37.8636437,47.77250019,21.63636783,42.66986472,30.6786117,23.27856655,33.3175656,60.25078167,31.11143636,25.62174991,41.76474638,64.80736507,34.07259903,51.23556248,32.40368254,31.89901069,45.65272119,24.9906914,23.58984391,27.50971319,32.81759966,25.94633026,34.31294516,28.67592469,42.59074878,49.99649204,47.81393341,42.84673463,31.4935534,40.29931668,36.38908596,30.35763504,50.75042827,73.38853198,34.35727281,31.65801502,36.85124681,36.91705261,31.50750977,32.69837795,64.7059451,26.53371167,29.32418363
380,124,103.9980009,30.68452005,637,103.9964967,30.68224322,290.5871016,,33.85480795,60.0524435,40.35153581,37.43808055,25.39110597,34.9170082,34.48726041,34.52520019,34.52520019,41.28309257,37.60293191,37.60293191,37.60293191,34.14208766,34.14208766,34.14208766,40.04262453,36.85769632,41.63636083,27.45704897,27.80368281,54.84212665,28.15918077,28.36918144,42.39568656,32.70382386,38.6019766,27.33151054,32.00347429,29.48356007,32.00347429,33.85382974,35.93128048,64.87525989,37.61065722,41.98850322,32.02388466,43.00190827,44.06544085,48.54355294,36.07288158,36.07288158,36.07288158,29.63494521,32.5385246,29.63494521,28.43987945,29.02511627,28.72951777,28.87656056
381,124,103.9980009,30.68452005,886,103.9991279,30.68644492,239.0985736,,27.18173257,27.18173257,27.18173257,25.46612027,28.03761775,26.69007333,28.03761775,28.03761775,34.17954461,34.17954461,34.17954461,21.98607573,27.47089995,27.47089995,21.25320654,31.84050056,29.17813102,29.17813102,29.17813102,29.17813102,29.17813102,17.09542929,61.48249035,25.46612027,25.46612027,25.46612027,25.46612027,25.46612027,25.46612027,25.46612027,25.46612027,25.46612027,25.46612027,25.46612027,30.24909716,27.65230692,28.89247099,28.89247099,28.89247099,31.87980981,28.89247099,23.10751315,28.73972838,26.99348851,28.73972838,25.4472983,25.4472983,25.4472983,23.12303197,23.15413221
382,124,103.9980009,30.68452005,1241,104.0008267,30.68310339,312.9263622,,39.16112064,37.30248026,41.21469161,36.20635596,40.2813434,40.2813434,40.2813434,40.2813434,40.2813434,40.2813434,40.2813434,41.59513492,42.99751542,42.99751542,25.84783719,28.34050073,28.34050073,28.34050073,30.17504207,33.00395227,31.52616336,24.27876948,49.68180392,39.45831537,39.45831537,39.45831537,39.45831537,39.45831537,32.30979648,32.30979648,30.4468893,30.4468893,30.4468893,25.06195559,25.06195559,25.06195559,20.86175748,27.4788547,30.8217484,30.41166343,30.61533273,30.41166343,27.43463997,28.84654639,28.12288318,28.48011856,28.38996156,28.34509678,28.36751143,28.36751143
383,125,104.0229801,30.69537616,376,104.0213322,30.69724433,260.3460928,,34.77721462,31.08610063,39.4629867,44.15764118,41.67852959,41.67852959,41.42752347,41.17952259,41.87872806,33.29470459,29.53506095,33.29470459,59.98373978,30.28258268,38.1511235,35.58260949,35.58260949,32.73268688,35.54212871,35.50173993,39.13344192,21.54588354,48.24946894,46.78432284,38.90332483,29.65968146,33.29470459,33.01905704,32.7479362,37.39013034,37.39013034,63.75822681,47.13726409,54.20217449,47.13726409,47.13726409,44.41923858,38.8540461,32.51503674,34.52809418,64.76526692,35.40488314,19.04971411,36.32736179,40.05324505,33.62748098,42.18661368,45.71931386,42.18661368,22.85965693
384,125,104.0229801,30.69537616,584,104.020265,30.6931301,359.9913936,,68.46628768,146.1619192,50.00982977,73.9708343,48.40220418,73.84056349,73.71075071,90.83894977,97.07633086,99.2536446,98.15291445,98.70021075,98.15291445,83.07493698,128.3137641,154.6502407,100.4627145,82.54579726,57.28039854,124.1151492,148.7482372,89.22334024,84.36453291,89.9978484,89.9978484,96.03003827,102.9289472,170.2981625,170.5222391,98.55277696,167.8233259,125.4163565,108.5541058,187.8215967,124.2539805,149.8230077,139.1022201,89.58311175,186.0242608,120.9302348,146.5751951,146.5751951,146.5751951,158.6900837,152.3922411,152.3922411,131.4962926,159.3404529,150.6940717,136.2743446
385,125,104.0229801,30.69537616,1229,104.027045,30.69251558,502.0930578,,74.43520968,63.49654594,89.92711483,56.47286345,64.43975073,68.55812661,75.18496486,77.2010966,57.72566892,68.78568741,58.12009672,61.24271567,61.24271567,58.26059655,76.05336639,78.13551909,83.20069082,80.33488925,59.96896007,73.32799221,92.88463556,119.7043052,64.68082331,72.72657106,71.68655029,79.97942514,70.67585564,74.61444822,107.6829366,87.95790794,50.48980469,81.85064189,65.01924489,67.54615127,66.25861467,60.94184114,87.11012087,64.5932701,64.91916397,80.33488925,65.13639669,69.94243281,75.51418567,76.21652277,69.17470372,77.3977441,76.11616334,102.817691,69.14267195,67.31973959
386,125,104.0229801,30.69537616,1385,104.0250491,30.69704864,271.3491026,,29.42972837,29.78221858,32.84165456,30.24324363,33.45399895,29.89942014,33.10132125,36.63212885,31.21945572,28.5352513,29.17732286,27.91019341,27.63385486,26.96637044,32.34625064,62.02265202,27.39362786,50.98417377,25.84277168,27.53260342,25.68744322,27.35335721,63.74269294,41.79066393,32.1546007,28.6888919,31.06611634,30.95999903,30.85460421,56.79399822,50.83383014,50.83383014,43.39978243,36.24700443,37.86266548,32.94626541,34.47729775,28.70294132,36.59781839,41.21758521,38.99627822,41.99276816,39.15257593,45.27725466,28.77339527,29.26911668,33.22642073,43.35163178,24.59563834,47.14559698
387,126,104.0853272,30.68633229,399,104.0835475,30.68354394,352.9318802,,40.29243453,96.98891364,41.93250062,58.53016298,49.76469106,57.64020338,75.91066579,38.30268467,78.3325998,93.53777441,69.13538644,54.44262533,72.48478713,111.5745132,71.46870573,56.12610795,58.2425106,60.52477829,42.7508334,47.35574986,74.42580236,53.07246319,55.24151168,87.3233518,36.28428659,62.67712038,62.67712038,68.82478916,88.84998383,76.30959572,79.80871663,78.01994281,54.42244478,98.60181129,109.5305835,67.40343601,35.31280625,115.1560214,67.58270046,107.6741329,56.30984069,55.6447344,110.965482,57.1892619,62.76927634,45.35381633,43.43776987,74.65617444,65.97836335,49.32277829
388,126,104.0853272,30.68633229,758,104.0875661,30.68960162,421.0464061,,79.83724177,103.8196618,100.7712174,182.9899874,108.3658311,81.49285279,92.8778837,115.4137357,109.0479901,90.45498237,119.8234832,142.1920321,132.962023,181.3738365,87.54430228,67.41736377,160.8240915,87.83872869,96.23917854,99.5577709,99.5577709,99.5577709,90.31382695,123.4692863,113.8541481,105.6283667,135.1639419,106.8695931,130.6695743,59.61719024,130.6695743,130.6695743,183.3589188,174.4170318,166.3067309,303.1534124,150.8654832,116.4481737,138.048002,108.8522127,120.3586749,95.05950785,109.8784061,95.05950785,101.9331856,76.36106106,179.0276057,148.6219601,98.94040874,141.8067721
389,126,104.0853272,30.68633229,852,104.0882401,30.6850032,315.5116221,,76.06083749,82.3737031,87.03768886,51.51210157,49.78123474,67.87899441,66.42349939,57.83308755,96.78506237,74.2784854,109.9201781,68.35557709,68.54217998,74.23802873,87.3724492,84.82762058,55.35782115,54.08770665,61.0303078,81.86247492,64.56703966,59.24659372,61.79250317,40.31381862,106.8668397,70.60399935,88.59920745,71.84136024,68.07271297,73.12286522,45.43367358,63.57323728,80.17707101,77.90410422,73.33926325,61.88340881,59.03543865,71.88872402,69.37401575,100.0741709,75.42110488,74.12428303,72.87130352,121.1564629,72.42349669,50.42583084,59.46815914,81.77407052,83.70242001,80.15821027
390,126,104.0853272,30.68633229,1362,104.0825614,30.68754155,296.8924869,,34.47783719,75.26851781,75.26851781,80.42906835,60.72800868,60.72800868,57.25783675,58.94189079,67.13138075,139.7141115,77.96380955,91.7436011,79.91124881,112.1524609,91.44923661,67.46339649,96.7251541,71.01747195,71.01747195,46.98078914,48.80424442,55.49392279,65.63846181,64.30884193,36.77108782,86.39365671,62.02009399,66.31724628,62.02009399,71.25419686,66.31724628,68.69713678,67.48621644,68.08629293,68.08629293,68.08629293,78.12960182,68.08629293,68.08629293,63.36835688,65.64266103,73.94763684,84.65845171,97.16481389,90.48151982,108.5089292,79.17132984,69.74309643,74.15874781,73.00323264
391,127,104.1462028,30.72511547,3,104.1508278,30.73841386,1538.935186,,83.98433556,83.98433556,244.0602057,244.0602057,244.0602057,71.33261806,236.7803402,164.087249,183.753455,183.753455,183.753455,183.753455,87.10953883,183.753455,183.753455,183.753455,183.753455,183.753455,183.753455,183.753455,183.753455,183.753455,183.753455,183.753455,183.753455,99.64328542,183.753455,183.753455,183.753455,89.98646458,87.70712405,183.753455,154.9696971,71.42458104,183.753455,183.753455,239.057893,71.2103685,249.6976527,255.3807742,252.5072403,253.2195443,253.5772053,253.3982486,253.4876954,253.4429641,86.16122348,253.4597365,253.4569409,253.4576399
392,127,104.1462028,30.72511547,19,104.1588451,30.73807002,1877.861688,,148.4964762,193.4139783,187.0393104,226.5706603,116.3312898,113.706111,152.3448355,144.605392,112.7186674,112.7186674,84.45758822,96.56281143,90.10544868,91.63744693,114.9449064,114.5377873,114.7409857,114.6392965,114.6901186,114.6774088,114.671055,114.6742318,114.9711238,114.6734376,114.6730405,114.6732391,114.6731398,114.6731894,114.6731646,114.673177,114.6731708,114.6731739,134.7979031,114.6731731,114.6731727,114.6731729,224.2222911,258.0267968,239.9397365,248.654789,244.2195377,245.3134507,245.8640903,245.5884618,245.7261988,245.657311,245.6745293,245.6831394,245.6788343,245.6799105
393,127,104.1462028,30.72511547,315,104.1454657,30.71104408,1561.121132,,109.7663296,119.8301935,138.3393495,213.9437954,139.0882865,94.52720289,117.0536022,115.8820102,150.8903298,161.3407486,159.6147707,163.9091819,88.36534709,182.4687037,170.6143314,186.4025232,121.9663696,114.5387787,186.4025232,160.4349436,120.1375818,179.5538682,141.5230125,186.4025232,156.4815836,101.0797855,178.5082925,186.4025232,186.4025232,173.7259992,95.33114784,171.7352506,157.2038063,95.33114978,142.6555958,186.4025232,160.917282,108.1238237,223.9058197,206.7139706,171.516869,218.7848594,176.1076718,213.8166144,190.187346,199.2920594,132.3755754,189.2268039,176.1766795,164.7226134
394,127,104.1462028,30.72511547,1299,104.1329977,30.71471837,1710.720489,,128.0372923,176.1989489,181.6526872,214.9752749,128.3653222,84.56944657,107.7697778,131.7346259,203.9269457,203.9269457,203.9269457,203.9269457,203.9269457,203.9269457,279.3013043,235.7356463,255.6759216,245.3012202,250.3811464,249.0915415,248.4517078,248.7712132,248.6113579,248.6912599,248.6513025,248.6712796,248.6612907,248.6662851,248.6637878,248.6650364,248.6644121,248.6647243,248.6645682,248.6646462,248.6646072,248.6646267,248.664617,248.6646219,248.6646194,248.6646206,248.66462,248.66462,136.1015196,175.9179365,153.4692662,163.9286311,161.1823724,159.8434619,160.510125,160.3429384
395,128,103.9975143,30.66374322,252,103.9994246,30.6637374,183.0300287,,23.60368488,23.78014208,29.14601405,28.95662946,24.93502756,23.70173034,23.70173034,23.70173034,19.77218615,19.45594793,22.91854272,25.20930094,27.2726864,24.36790323,19.2381928,28.27931774,19.62039669,19.77172263,22.57315958,27.93633677,28.31618282,28.12497734,28.22025621,24.86445673,29.89458953,36.04530106,31.78013361,33.7786109,32.17586572,33.7786109,45.20810314,34.11085953,33.57030236,26.35632413,21.18675573,21.18675573,21.18675573,21.18675573,21.18675573,21.18675573,21.18675573,21.18675573,21.18675573,21.18675573,21.18675573,21.18675573,47.23355579,29.25230203,29.25230203,20.81858146
396,128,103.9975143,30.66374322,586,103.9975617,30.66511082,151.6410718,,23.87526169,18.31905565,25.74025266,18.59992704,18.45842294,14.47071858,14.47071858,14.47071858,14.47071858,14.47071858,22.79364754,22.79364754,22.79364754,22.79364754,14.75426645,17.91330134,16.18104064,17.00316476,16.58191881,16.68526132,16.73741712,16.71129853,16.73741712,16.73741712,23.03408686,23.03408686,23.03408686,24.37088654,24.37088654,54.05028302,27.09220141,27.09220141,27.09220141,27.09220141,24.20877421,25.56945473,24.87051747,25.56945473,25.56945473,31.19473477,28.10336466,28.10336466,27.72865313,19.74350302,27.36380243,22.93730498,27.36380243,28.48214913,27.36380243,14.71449753
397,128,103.9975143,30.66374322,1028,103.9950403,30.66375076,237.0402654,,85.7633121,32.60152647,85.7633121,52.35245125,31.87096005,31.46938987,30.04735759,32.49806241,34.0203969,32.77683716,31.2771517,38.78840707,38.96552308,26.4603087,28.44483185,37.10195458,30.86471092,53.87278759,33.35550315,32.00043582,33.27691759,27.0045872,33.5522263,33.87091275,33.61745511,24.77053572,38.09575694,54.70159971,46.06450502,39.78298161,40.25212054,54.70159971,54.70159971,54.70159971,54.70159971,41.32421092,54.70159971,54.70159971,38.61289391,54.70159971,54.70159971,54.70159971,54.70159971,35.93031391,54.70159971,63.36719965,56.79500535,54.70159971,54.70159971,40.70007736
398,129,104.0192612,30.66338368,443,104.0192041,30.66475911,152.5390573,,23.31807245,9.084211849,9.084211849,9.084211849,9.084211849,9.084211849,9.084211849,9.084211849,9.084211849,9.084211849,9.084211849,9.084211849,9.084211849,13.40511672,17.58797682,15.2142852,16.31524651,15.74554394,16.02533357,15.95445809,15.91925493,15.93683707,15.92804115,15.92804115,15.92804115,12.04255716,13.71542673,13.71542673,13.71542673,73.71014849,37.19624789,47.91802847,30.3952365,37.19624789,37.19624789,37.19624789,59.04737702,45.64127492,51.4859542,48.38776132,51.4859542,73.02401679,73.02401679,73.02401679,107.6746287,79.2982825,79.2982825,114.404293,93.67003945,98.11557454
399,129,104.0192612,30.66338368,744,104.0194321,30.65955788,424.3351096,,26.92608216,27.34845208,32.81966863,32.15449349,26.25573491,24.33047727,24.53986176,22.87692092,22.95426588,27.27327425,26.04614483,26.908014,31.14386126,31.45380359,25.41774367,34.60037134,28.58010093,41.3537194,23.58977446,56.47343418,26.67842114,20.68525924,30.26052646,30.10061861,22.99746172,31.22520452,26.18566779,23.86884992,37.50261198,25.76064746,27.80499444,26.74380943,25.69565003,33.57376691,26.77662392,24.18374239,27.95254153,25.93192352,23.85021693,28.62026032,33.13679815,32.67607261,29.64786792,27.25435137,26.4200345,29.98246113,37.9215489,33.04463771,29.85849215,31.98803525
400,129,104.0192612,30.66338368,1260,104.0215958,30.66356652,224.5953135,,30.66535253,44.02231189,61.64242402,63.16743192,41.89342635,55.00293392,48.70741739,63.27728831,64.81307644,47.84278867,34.82597825,44.67089108,44.67089108,26.95143762,44.67089108,50.53394554,43.39229671,35.00186704,42.18485888,50.27211163,53.01922155,53.01922155,53.01922155,64.68345029,64.76981005,68.32758835,61.24553428,58.08499487,51.49956233,54.59440436,51.49956233,51.49956233,41.04279841,51.91288145,69.90286412,52.33288858,56.59801899,71.30009952,50.53394554,46.4679959,50.53394554,67.94480072,107.0918051,80.98929502,80.98929502,80.98929502,43.19140644,41.23116413,42.18852745,41.23116413
401,130,104.0797902,30.66062591,1281,104.0814139,30.66323476,328.3305018,,46.08147394,39.83787686,36.87955714,35.19378559,35.0738815,39.9538589,35.55088995,35.31339584,34.99229708,30.82842412,28.55674911,34.41734046,41.87356998,44.37850594,42.87009661,37.80588281,46.38464153,33.60128468,27.33977964,30.24538911,37.39563758,33.68692003,34.45030039,33.2243593,31.84635748,36.73220264,35.1521132,38.8580032,36.60355529,30.18167396,38.61660136,41.67438718,32.59278287,26.95529775,33.34492401,38.56410462,28.85415395,35.63999062,34.92314765,39.49620649,29.57932449,39.66408747,33.11514213,34.27713311,40.46178199,33.29548751,39.04470833,34.8327055,34.56110545,34.86695594
402,130,104.0797902,30.66062591,1629,104.078706,30.65916798,192.0974179,,58.11350457,40.2064363,47.52925804,20.90856249,74.3602908,30.68444612,44.33017336,18.25876447,18.34352001,14.21189282,64.93433845,25.21606944,98.0922985,23.2219847,77.70232634,13.81029864,41.78554105,32.07563564,11.7610664,21.09994522,21.09994522,34.15065207,29.03641866,33.57042255,39.74429336,11.40702193,15.73238522,23.16752779,103.2165231,10.54193147,12.26516177,16.23358461,57.56070075,18.67793935,21.93895309,26.57951694,15.15608933,13.23542018,16.06123069,13.41254275,39.58504318,15.09386768,13.86799541,13.08515997,30.44243746,12.57746052,16.51406374,25.28521771,22.15217749,15.18223281
403,130,104.0797902,30.66062591,1812,104.0821018,30.65950096,254.1594452,,42.91455163,31.44240559,58.51861445,50.7895644,32.91273391,34.57624951,52.07670502,47.24478499,47.24478499,47.24478499,47.24478499,62.1374535,52.38400778,58.77777318,46.36692582,51.83988684,48.95090517,50.35399236,49.6425366,49.81850908,49.90696397,49.86269729,49.88482081,49.8737566,49.87928808,49.87652219,49.87652219,49.87652219,24.56306048,49.87652219,46.56974391,71.20420255,43.67417674,54.14047353,48.34737135,54.14047353,54.14047353,66.30246397,54.14047353,54.14047353,43.05760013,45.37998774,46.6377319,46.00026408,46.31680469,46.1579917,46.19759277,46.21741878,46.20750363,46.20998204
404,131,104.158009,30.63265017,535,104.1523394,30.63505025,604.9681706,,99.05911563,93.37129321,75.44637693,55.3113756,51.88529873,51.88529873,51.88529873,51.88529873,51.88529873,51.88529873,51.88529873,55.48752648,53.62598742,54.07956332,54.3092408,54.19415871,54.19415871,54.19415871,48.43333019,49.75558237,50.4441567,50.09750359,50.27023254,50.27023254,50.27023254,52.66953843,52.66953843,73.41186788,61.33448714,66.83192679,63.96530617,65.36720331,63.96530617,56.56998289,50.70746017,43.55770828,50.70746017,55.55830138,55.55830138,55.55830138,55.84321575,55.77171355,55.77171355,55.77171355,60.83478811,54.13136904,55.66480292,56.46456729,56.06183293,56.16197697
405,131,104.158009,30.63265017,562,104.1567215,30.62997401,321.2386193,,40.06209109,40.06209109,40.06209109,23.96806279,29.99245376,26.64396343,28.21922292,27.40897836,28.21922292,32.03487616,30.00623445,32.03487616,34.17684609,99.69474392,53.57077149,69.69244622,53.57077149,44.74811239,33.91375453,42.12965499,38.42056576,38.42056576,28.13768928,32.4848042,30.15538538,32.4848042,32.4848042,44.13965761,37.42585856,40.50644587,38.90526592,39.68971358,38.90526592,38.90526592,31.28383308,34.6807656,32.89483462,33.76420024,33.32384831,33.54257909,33.43285595,33.54257909,52.42334676,40.90956358,45.9562705,43.28631596,38.21962456,34.21476419,33.76522714,33.87650031
406,131,104.158009,30.63265017,589,104.1665373,30.62856108,934.5742395,,208.3261463,144.2429694,110.310402,110.310402,110.310402,78.42581031,81.20194519,81.20194519,105.4691932,99.10065573,114.0497377,105.8008573,123.3696744,138.2928411,87.90247582,138.2928411,138.2928411,207.0441392,165.8248255,184.1561594,184.1561594,192.2552721,120.5902245,107.5768909,120.5902245,124.6098986,122.5671134,122.5671134,122.5671134,109.7961344,109.7961344,109.7961344,78.60904818,112.1489087,112.1489087,112.1489087,368.372328,93.8222884,111.7232962,116.0161125,107.7368291,136.370995,137.3251944,135.4299646,135.4299646,113.0280155,96.12763606,113.0280155,120.1427184,128.2132783
407,132,103.9896589,30.62215352,333,103.9855772,30.62085604,416.8350472,,64.70454199,64.91447021,64.49596718,64.49596718,55.16934448,58.69385279,58.69385279,58.69385279,58.69385279,58.69385279,58.69385279,58.69385279,58.69385279,58.69385279,58.69385279,58.69385279,58.69385279,58.69385279,58.69385279,56.27273136,56.27273136,56.27273136,52.1043809,57.38455717,52.1043809,51.53180529,51.81651139,51.67376618,51.74504034,51.7093787,51.72720338,51.7182895,51.7182895,51.7182895,39.80387719,44.98557056,44.98557056,44.98557056,52.50212427,48.45407454,50.39694189,49.89676315,49.65037851,49.77326592,49.71174628,49.74248707,49.74248707,49.74248707,93.78788562,76.78926863
408,132,103.9896589,30.62215352,658,103.9880426,30.62480647,332.3477681,,42.32731008,42.32731008,42.32731008,42.32731008,42.32731008,42.32731008,42.32731008,42.32731008,42.32731008,42.32731008,70.79597427,52.97942282,52.97942282,49.9041487,51.39582452,51.39582452,57.15345263,93.71686409,64.36382359,96.48806171,95.0822754,95.78001053,95.42986761,95.42986761,95.42986761,58.1507638,72.26587936,64.44447548,68.13144032,66.23669026,67.17070615,66.70042859,66.93474137,66.81737954,66.87600895,66.84668139,66.84668139,66.84668139,50.41230191,57.47781516,53.71370518,54.60774384,55.06601745,55.06601745,55.06601745,58.52665099,57.6213451,57.17911418,57.39937788,57.344153
409,132,103.9896589,30.62215352,703,103.9943014,30.62444502,512.3599603,,51.26447629,51.26447629,51.26447629,51.26447629,51.26447629,51.26447629,51.26447629,51.26447629,51.26447629,87.62450627,51.26447629,51.26447629,50.39606167,50.82655985,50.82655985,61.00868326,61.17730869,72.809047,61.34686885,61.34686885,61.34686885,57.82118674,59.53187275,58.66406118,59.09478116,58.87863347,59.09478116,60.41337505,61.79215602,111.9572599,79.63284866,93.06822363,85.82792995,85.82792995,85.82792995,40.27283531,54.82177813,46.43435337,50.28068483,48.28103532,49.26057534,49.26057534,49.26057534,57.52066082,53.07113773,53.07113773,45.65583805,49.08500945,47.30836383,47.74035772
410,133,104.0520549,30.57791347,518,104.0573648,30.57797339,509.2293938,,67.02836628,53.40788981,88.08880064,53.75043629,66.76307019,53.75043629,104.755761,53.75043629,53.75043629,149.4477568,79.06450358,103.4168817,89.61576437,89.61576437,89.61576437,53.13698022,66.71551027,59.15706442,62.70935107,60.8814349,60.8814349,45.35816456,60.8814349,80.58135462,74.90197416,144.728354,69.97045106,62.38493302,72.17424479,70.00384984,67.9601786,99.09328744,99.09328744,99.09328744,127.3073485,111.4422989,118.8477029,115.0259337,115.0259337,77.94741717,58.94616777,58.94616777,60.10576451,60.10576451,72.45951849,65.70701855,65.70701855,63.47002255,61.38032871,56.23392079
411,133,104.0520549,30.57791347,1087,104.0521039,30.58111487,354.8405378,,41.55582095,48.37937844,39.66476944,48.33870981,32.83871301,30.83707752,43.07139993,36.64019178,35.61958548,45.57629251,45.68864419,50.4641331,38.82692139,33.15119212,33.00842212,33.10733778,32.92334887,40.34109341,36.85361796,42.42331916,39.49783878,32.20116123,39.83656765,38.64486263,34.93754648,35.78291613,48.44851843,35.70722393,38.99656368,39.82585404,48.67709066,44.17128357,40.73911696,30.65783924,44.90443518,36.87195314,40.83526336,40.68893501,44.88321154,39.72311084,28.87382037,46.96418883,37.97750101,32.70140634,38.20815363,49.64090426,49.6125392,28.64183713,38.53471904,38.53471904
412,133,104.0520549,30.57791347,1155,104.0479108,30.57775318,397.789706,,50.28240666,99.4474265,67.70888613,67.70888613,67.70888613,67.70888613,67.70888613,33.11081946,37.29278494,37.29278494,37.29278494,37.29278494,37.29278494,25.7330268,30.45280046,27.89467624,29.11766052,29.11766052,29.11766052,30.4548243,31.17054323,30.80852758,30.98847815,30.89824086,30.94329372,30.94329372,30.94329372,42.62032564,35.85503993,42.62032564,42.62032564,43.99517486,43.99517486,43.99517486,55.12097543,43.99517486,43.99517486,40.87658254,42.83278988,42.83278988,42.83278988,42.83278988,42.83278988,42.83278988,42.83278988,42.83278988,35.25028779,38.67337751,51.79178812,40.5505576
413,134,104.0783955,30.61080386,573,104.0836116,30.6089152,542.0671848,,88.43392137,59.81431005,88.43392137,88.43392137,150.1109127,62.43947948,36.03770758,48.255239,44.48491173,44.48491173,44.48491173,64.08676076,52.51634851,54.99875788,54.99875788,54.99875788,45.1722654,45.1722654,45.1722654,37.83697267,34.99559498,34.99559498,34.99559498,34.35637087,34.99559498,66.26288167,45.80177475,54.16440254,49.63330262,51.79995412,50.69348813,51.24074871,50.96564936,51.1028288,50.96564936,50.96564936,43.36537478,46.85933405,45.04470248,45.93410345,45.48505562,45.48505562,39.5829993,45.48505562,115.7438829,64.24190805,32.6601149,50.29489344,50.29489344,97.24793347
414,134,104.0783955,30.61080386,618,104.0748969,30.6108969,335.5366158,,21.84325166,20.67668293,18.58356641,27.98729882,43.2950472,48.77248251,41.55728727,41.55728727,21.70977385,19.11435742,17.07324123,16.50180078,23.03015857,80.35023174,35.79941171,49.5307767,41.56026609,45.19680961,41.56026609,17.60833552,59.70008981,31.63781605,22.12329335,46.16299937,28.59010217,21.04410831,40.39905742,142.1096255,113.9558318,36.87215558,36.87215558,27.21793188,21.57021102,18.20545316,19.74551397,18.6409231,19.17732593,18.6409231,76.29043056,18.6409231,16.68990421,35.95035169,20.54305811,21.11768911,19.99887114,30.86708221,44.90452851,30.86708221,19.15831589,37.9455021
415,134,104.0783955,30.61080386,771,104.0773184,30.60357397,807.9075937,,80.88437555,73.78775485,89.49130269,82.98052318,82.98052318,71.37343159,71.37343159,66.44128697,57.08473675,62.14673798,65.06638339,74.19559534,68.27388116,121.1861391,92.04010561,104.6211272,97.92819318,104.6211272,104.6211272,156.790692,208.8665951,179.1203903,192.853201,185.7332963,189.2262982,187.4635275,188.3407882,187.9011339,188.1207043,188.010855,188.0657636,188.010855,96.14289558,64.58476693,53.76094893,76.12958457,92.70015418,175.7382077,92.70015418,81.01580327,82.39284242,82.39284242,70.36614526,70.36614526,70.36614526,54.36387546,57.64097118,59.43228275,58.52292273,58.97409746
416,134,104.0783955,30.61080386,969,104.0790641,30.61458745,424.2016114,,69.34476393,35.87609556,47.64147423,37.87827534,44.11652196,41.07725101,60.53160026,78.40349234,52.87831721,83.54079874,72.99836525,67.15055889,62.17018436,30.12082448,44.06073975,47.14207121,99.53333901,50.87027985,50.97215624,75.60028718,67.27426436,52.88747363,60.73412378,55.35292875,71.31658474,50.33374427,56.45566732,41.34817151,58.38854298,59.30585635,54.54020718,69.10071498,80.30459951,51.88874912,56.73532387,46.32758912,65.78076676,83.79291089,58.45457612,52.72769274,73.4636585,74.00169079,71.17097607,81.15814707,169.6806446,63.49795431,84.25521661,52.94641213,53.96204244,57.6749978
417,135,104.165091,30.61782895,79,104.1645673,30.60893296,987.1946311,,91.59537814,62.45871128,62.45871128,62.45871128,62.45871128,62.45871128,62.45871128,62.45871128,62.45871128,62.45871128,62.45871128,62.45871128,62.45871128,112.1694058,86.68050419,100.7246294,94.51863489,62.45871128,62.45871128,96.4859911,313.1190019,70.37427073,62.45871128,62.45871128,62.45871128,62.45871128,62.45871128,71.79597317,158.7744157,81.5114833,64.41143039,86.20741472,82.22815067,83.44938472,121.0456632,74.50525518,74.22322249,72.3854761,74.22322249,72.67690536,101.8309648,85.63616077,92.79114026,91.22708258,70.06901956,124.4798834,92.0024646,64.26583494,85.92603172,92.24748175
418,135,104.165091,30.61782895,245,104.1414436,30.6184338,2267.648197,,828.7851278,828.7851278,828.7851278,828.7851278,828.7851278,828.7851278,828.7851278,828.7851278,828.7851278,828.7851278,828.7851278,260.8157671,396.7695509,396.7695509,632.832055,487.7391193,550.8921811,517.3956671,533.618777,529.4683635,527.4172743,528.4408288,527.9285553,528.1845679,527.9285553,527.9285553,438.899651,479.3150576,458.2179081,468.52911,463.3161467,465.9080472,464.6084821,465.257357,464.9326931,465.0949684,465.0138167,465.0543891,465.034102,465.0442452,465.0391734,569.4631175,762.9470569,734.3508402,610.5206685,503.1453627,503.1453627,618.6447877,802.9705088,689.667922
419,135,104.165091,30.61782895,589,104.1665373,30.62856108,1197.465221,,149.337464,149.337464,149.337464,89.34455535,107.0581489,100.9818897,103.9312842,102.435361,103.9312842,110.4290694,193.7471818,114.4226887,126.2540617,126.2540617,126.2540617,126.2540617,92.11270931,92.11270931,87.51268363,101.4323481,112.8501255,153.2301468,129.9761245,140.6484436,135.1018479,137.819362,136.4470756,137.1297858,136.7875788,136.9584685,136.8729703,136.9157061,136.8943349,136.9050197,136.8996771,136.9023483,136.9010127,136.9010127,136.9010127,118.7568814,127.1850993,124.9678463,123.8879597,124.4255599,124.1561779,124.290723,124.2570594,124.2402344,124.2486463,124.2465432
420,136,103.9946657,30.76457468,94,103.9772319,30.75266673,2127.548928,,184.3188098,136.6540738,137.6296518,134.451858,190.2946459,347.3811842,221.3634723,186.6148158,275.6793404,251.916648,249.1454388,268.8196044,272.2255444,267.0016103,328.0072523,328.2870837,261.405329,297.9153116,329.5570483,364.6533361,270.1989819,241.4735816,289.910593,299.7506739,212.8752613,258.9135044,225.6871294,233.6505404,218.1735236,221.3296766,229.5697988,245.1281587,221.1574854,213.2926567,238.7521398,224.9912793,212.4352564,213.1790576,196.8939882,196.8939882,268.8499568,211.8874551,222.8954948,232.4764758,254.2201395,220.7440502,212.3091363,204.8829452,255.4375259,196.5358653
421,136,103.9946657,30.76457468,192,103.9849489,30.78236038,2179.590363,,189.1737672,145.5284998,146.4414112,145.383217,197.3116075,262.0573773,216.6676497,167.8962182,250.351233,255.8259435,233.0490137,245.2996568,232.6883388,245.5815939,262.7811999,275.7797885,245.4297909,265.092626,286.3485664,340.6481481,253.1764683,240.3549907,272.4282673,283.6213618,230.4844363,249.0145961,238.8183953,230.2298439,230.8679771,223.3995075,229.7861912,234.6061469,255.6675275,208.593749,250.8220329,225.3633297,226.427803,225.0807641,219.9741321,218.9864859,247.0695693,226.7255291,231.3397282,234.6225853,266.8669772,234.9727051,218.7947014,211.6847403,305.1858794,210.1114821
422,136,103.9946657,30.76457468,259,104.0067642,30.74617568,2345.110412,,203.8347241,158.6699345,159.6170936,159.3713318,217.5144644,291.8930196,229.7078678,212.921029,605.1897837,382.970053,368.2528743,393.0158112,396.3180275,389.7813263,395.7179539,428.2066399,386.3810807,415.4276224,449.8019146,425.1707802,396.2791699,335.0731232,412.4932416,429.2261376,341.7613889,369.6080404,353.968543,613.1955644,336.8043611,229.2151732,344.6389503,425.3096969,364.9585286,239.3106487,527.6498427,238.2523476,342.9487471,339.7682258,332.7495185,341.8464834,386.3797475,348.7168036,352.5038132,354.1672109,559.71696,338.7359244,251.2618299,317.2880102,490.2432607,316.2667065
423,136,103.9946657,30.76457468,285,104.0154355,30.77055541,2095.434059,,182.274554,186.4663458,190.8554741,188.635382,189.7389341,189.1855488,189.4618373,189.3235922,189.3581346,189.3754105,189.3667722,189.3754105,191.9142004,194.5219859,203.6049288,198.9598474,201.2555889,200.1011337,200.676701,200.5324989,200.4604756,200.4964808,200.4784766,200.4874783,200.4829774,200.4852278,200.4841026,200.4846652,200.4843839,200.4845245,200.4845245,200.4845245,685.7784193,171.4446048,274.3113677,211.0087444,238.5316241,223.9276471,230.9990465,227.4083878,229.1896545,228.7417268,228.2955466,228.5184189,163.5840715,235.859175,207.4510589,195.6674519,201.3870314,199.9260158
424,137,104.0475071,30.78634412,66,104.0737873,30.78668402,2514.976447,,252.139667,227.9745738,260.6849799,249.268938,242.8951096,166.8027673,213.7018656,211.7930195,252.435984,229.2330571,142.7780833,228.6901624,152.7662288,189.7578138,115.1165316,182.0577309,257.9463023,196.5062089,249.4191518,245.0691944,182.8458137,204.1887592,204.3443703,226.0652986,223.4746912,205.6696012,229.6190102,241.1391856,218.9293674,254.2517231,204.2271308,245.2389425,279.3895368,237.8052635,260.7800095,248.7632998,277.4697928,260.9583769,286.164771,272.4894586,282.2303656,279.5743024,243.7262266,282.049143,300.1388173,266.5725704,233.4830133,289.1869644,273.394518,289.1852875
425,137,104.0475071,30.78634412,192,103.9849489,30.78236038,6002.490796,,520.8748716,395.5686359,398.1671526,393.1080796,456.7284939,360.2889346,406.3901019,423.7883284,616.2252908,548.8256041,612.3470826,617.0375724,605.2586103,605.25982,605.2604249,631.4397095,631.4400387,642.9261365,654.8378482,667.2888226,635.7740589,623.2495959,674.7858264,684.0669862,587.1475959,643.0425453,603.9070876,655.6320612,594.2032579,615.287925,608.7905161,639.3563073,748.1719026,540.8377858,642.7779837,616.0102801,615.4551491,618.9210748,607.6367343,599.6504702,723.0836282,625.2061399,641.1666108,655.2463768,604.3554967,547.105736,596.6140468,539.9064061,603.6867402,563.4477007
426,137,104.0475071,30.78634412,324,104.0479925,30.76138863,2766.271694,,305.8531357,305.8531357,305.8531357,127.5106031,179.9851455,149.2704504,179.9851455,195.3045322,283.9898697,420.5480616,529.711601,309.5931015,529.711601,648.7673028,341.74942,179.7577274,235.5944665,235.5944665,302.1413258,668.3609462,516.6577483,582.7990109,547.7389123,564.7253219,556.1024329,560.380708,556.1024329,556.1024329,466.8083484,556.1024329,1048.271379,726.6963096,858.3535881,787.0570961,787.0570961,787.0570961,282.112694,282.112694,147.0986425,193.3704485,829.8815082,211.5470653,154.1277322,178.3293224,178.3293224,252.1358487,430.1761598,205.5858402,278.2114289,278.2114289
427,138,103.9658007,30.70213225,234,103.9658337,30.698067,450.5765588,,55.05559989,115.4502215,61.44225802,54.50522889,69.23009769,68.2158563,65.11744728,67.53623365,58.08686165,41.98642654,74.35085009,96.17049079,63.23881527,85.41735712,67.23629478,60.00279699,63.6108083,49.35321333,99.1533615,86.54916557,51.72317176,104.5750753,104.5002184,102.1287363,79.02926244,42.99329527,49.19107238,54.67670601,47.40139134,53.00900692,84.15437674,108.1916073,61.91128289,117.541711,114.0700149,110.5474116,115.897576,52.24076044,111.0725404,107.7300708,97.32453668,97.32453668,101.1689571,99.20951753,100.1796569,99.69222711,99.81363931,99.87445644,99.84403861,99.85164133
428,138,103.9658007,30.70213225,247,103.9636875,30.70216665,202.4215131,,29.85017705,22.95173062,22.95173062,22.95173062,22.95173062,22.95173062,22.95173062,22.95173062,22.95173062,25.06336878,23.96111622,24.49985113,24.22748915,24.29501035,24.32891228,24.32891228,24.32891228,30.07087128,26.89685663,26.89685663,26.89685663,20.52725203,23.28429866,21.33872466,21.33872466,21.33872466,21.33872466,21.06119789,21.33872466,27.81364302,24.14970827,27.81364302,27.81364302,31.82172258,31.82172258,38.40408154,34.80441539,36.51575056,35.63955114,35.95645298,35.95645298,35.57611622,35.20374141,19.64197971,19.38078317,19.51050729,19.47791372,19.46165774,19.46165774,18.19519219
429,138,103.9658007,30.70213225,466,103.9754957,30.69767357,1051.848713,,132.4005373,92.78743854,109.109793,71.41937697,164.2800593,84.66529607,111.7419511,96.33723306,99.77600703,103.4693636,103.4693636,204.1323648,127.8735455,113.7988089,118.7504623,100.1760679,124.152635,126.9979441,129.9767289,147.6278895,119.4151803,143.6879092,120.0017546,120.59412,81.78521311,265.7302012,203.5836219,161.3631548,104.7967353,133.64666,107.8435135,172.1206985,156.4733623,156.4733623,156.4733623,156.4733623,156.4733623,156.4733623,156.4733623,313.5946474,156.4733623,134.1200248,109.2754744,89.12773223,92.19682633,172.2773142,141.542092,129.9501781,141.542092,178.7211973
430,139,104.0235682,30.68561226,725,104.022819,30.68524364,82.58190296,,13.94986395,22.35299629,10.78457741,13.90311071,11.91960644,18.10014311,31.13035085,31.13035085,24.67177184,27.52730099,26.02143113,26.75319241,26.38223855,26.47400924,26.52013442,26.49705175,26.50858807,26.49705175,26.49705175,26.46158293,26.44388411,26.45273057,26.44830659,26.45051841,26.44941244,26.44996541,26.44968894,26.44982716,26.44975805,26.44979262,26.44977532,26.44978398,26.44977965,26.44978182,26.44977965,26.44977965,19.24238516,22.2776421,20.64906977,20.64906977,20.64906977,18.46695609,17.54016762,17.99163453,17.76303291,17.87660293,17.84807449,17.83384439,17.84095661,17.83917802
431,139,104.0235682,30.68561226,1612,104.0209353,30.68733577,316.3795714,,55.53676346,93.10352512,80.30315798,64.71400324,38.82840195,38.82840195,38.82840195,106.4454633,74.15950888,64.3938633,68.93253048,66.58594476,67.73892134,67.44694997,67.30190612,67.37435,67.33810857,67.35622439,67.34716529,67.34942982,67.35056215,67.34999598,67.35027907,67.34999598,67.34999598,60.10377082,63.52089585,61.76510676,62.63069825,62.19489096,62.41203385,62.3032732,62.3576061,62.3304278,62.34401397,62.33722016,62.3406169,62.33891846,62.3406169,62.3406169,176.1288336,65.27028407,50.99849808,57.2584729,53.94749352,55.55369368,54.73881345,54.73881345,42.65791974,54.73881345
432,140,104.09164,30.71366187,734,104.0911229,30.71239601,148.7778925,,24.34547332,24.34547332,24.34547332,24.34547332,34.27842643,28.47045385,31.10565012,29.72977141,30.06220253,30.40215205,37.64254025,49.4096322,64.53017024,36.68495979,36.68495979,19.19714742,25.20472532,25.20472532,25.20472532,27.96868997,70.47373855,40.04489069,40.04489069,40.04489069,32.65856177,35.97651809,34.23734162,35.97651809,35.97651809,43.02011349,35.97651809,35.97651809,31.32166158,35.97651809,35.97651809,76.78858968,44.33778253,44.33778253,44.33778253,44.33778253,42.49351572,40.79654941,33.86813814,40.79654941,44.21229826,56.77742894,31.97614406,38.46322535,26.04215946,33.06175389
433,140,104.09164,30.71366187,1069,104.0921494,30.71527531,185.3524974,,19.31314011,19.31314011,19.31314011,23.29036617,23.29036617,28.03651221,25.44400346,26.67742092,26.67742092,26.67742092,29.45999959,29.45999959,31.09361559,31.09361559,33.30793631,22.89087446,34.69336174,24.81322556,27.08805104,24.58467266,23.4988346,24.58467266,25.74257479,31.85054848,27.01493889,29.52517658,28.21433364,29.52517658,20.22027244,28.05615939,26.72639482,37.09994387,25.51697861,20.62655303,25.51697861,27.91920463,25.51697861,25.13254202,25.13254202,22.89087446,23.95938925,23.41294704,23.41294704,18.87606763,31.40089368,22.98285846,24.63383445,25.55158481,25.55158481,40.93674789
434,141,104.1777228,30.6855431,276,104.1703327,30.68548169,707.9021962,,49.5726615,175.3519202,121.1143559,131.5651306,77.15888989,70.4639974,114.9675747,85.86828083,101.833658,102.7809649,102.3051185,55.58228803,55.58228803,55.58228803,55.58228803,55.58228803,108.7917996,42.71141742,61.34063761,55.30961024,52.71798718,53.9827117,53.34285405,53.90688326,53.90688326,53.90688326,53.90688326,53.90688326,53.90688326,53.90688326,53.90688326,53.90688326,52.15104856,53.01443162,52.579196,52.79591683,52.68733356,52.74156931,52.71443748,52.7279999,52.72121783,52.72291318,52.7237609,52.72333704,52.7237609,52.7237609,62.69244542,62.69244542,62.69244542,62.69244542
435,141,104.1777228,30.6855431,289,104.184379,30.69224823,979.1256531,,98.04874412,115.5689295,99.09621454,94.13412608,87.55221935,91.47936375,94.13412608,93.05926609,95.52768999,101.5368674,95.82308961,76.13072033,80.05456091,89.46645085,89.48721221,89.09324298,91.24548651,80.79413907,89.45813939,91.97067795,78.95238231,78.52699014,79.20354515,79.42658209,84.18562856,75.87921957,88.67831865,79.42658042,79.42658026,79.42658035,79.4265803,75.87896391,78.72074036,79.0720852,78.89602163,76.86132485,71.19546669,74.3486559,80.89162022,80.12166163,75.34418991,77.37575132,81.2521192,82.36037231,80.68100715,80.39845129,85.73676013,85.59709167,85.66686897,85.649414
436,141,104.1777228,30.6855431,302,104.1772935,30.69163092,675.9550383,,79.26508592,113.6456807,98.75966469,98.75966469,98.75966469,98.75966469,98.75966469,92.2805513,83.05249617,132.2520727,178.554161,151.9542103,164.183778,151.9542103,61.7339011,87.79829749,72.49450574,79.41584467,75.79750018,66.36245475,59.01628467,50.82014907,54.6124138,52.64808015,54.05237978,54.05237978,54.05237978,54.05237978,54.05237978,54.05237978,54.05237978,54.05237978,54.05237978,54.05237978,54.05237978,54.94860311,54.49680701,54.72177255,54.60905808,54.66535721,54.63719314,54.65127154,54.65127154,60.48313516,57.41950366,58.91151606,58.53129068,58.3430126,58.43699999,58.41347476
437,142,103.9917117,30.6703629,40,103.9895242,30.6706359,211.7407755,,26.00853427,23.95558742,44.18937923,20.35425345,19.00914693,44.51192945,22.09468962,60.49736443,60.49736443,75.65923492,18.10609957,75.65923492,60.49736443,73.471498,71.57434665,33.95397736,67.90795473,46.03060337,24.04627103,44.16537631,43.56977286,35.47295971,19.27349663,61.08681354,61.05074084,37.62422467,43.79123204,45.46322813,44.61156942,61.88046326,44.61156942,55.84372101,16.99591509,21.47230399,26.14980418,55.09527336,38.14586703,37.88440455,38.95315295,50.37005233,52.38947023,51.15884509,61.16483786,43.87147003,61.16483786,61.16483786,43.87147003,28.33705546,43.87147003,43.4959653
438,142,103.9917117,30.6703629,604,103.9956027,30.66942661,386.9552079,,47.51020316,59.53157045,59.53157045,59.53157045,59.53157045,59.53157045,64.56726528,87.6124999,91.34680318,132.670357,95.41361291,62.1198996,46.05086772,56.28439388,72.36564927,81.46425429,47.48995734,80.29041778,80.29041778,84.17152559,80.29041778,58.2861401,74.09780577,71.62152948,74.09780577,69.30541037,79.23997431,72.68028251,75.81850954,81.81220625,63.31994311,70.89255717,66.89261697,61.09819072,75.16396126,67.40510072,55.27931541,80.05969819,80.05969819,169.1949897,68.03608051,59.15238847,102.8072877,67.45950356,29.5448303,78.48105625,136.5724263,50.1093075,82.42832831,77.82339377
439,142,103.9917117,30.6703629,790,103.9918974,30.67315839,310.3407247,,29.58234622,29.58234622,29.58234622,29.58234622,29.58234622,29.58234622,29.58234622,33.65140388,31.48595422,31.48595422,24.47374828,27.54050802,25.9167201,26.30444755,26.50269452,26.40319891,26.50269452,26.50269452,45.97640366,26.95359732,31.15305985,36.90261301,77.76519318,52.3699973,52.3699973,52.3699973,50.57230971,48.8939435,40.42064432,47.70395427,40.42064432,37.4280271,38.86681541,38.13385473,38.49684658,38.49684658,38.83819774,40.65599014,39.18565659,39.9072848,39.9072848,40.04396448,39.9072848,35.60314241,39.9072848,64.70424375,44.57021046,44.57021046,44.57021046,44.57021046
440,142,103.9917117,30.6703629,972,103.991266,30.66818088,245.578267,,30.13915095,62.04082535,62.04082535,62.04082535,62.04082535,62.04082535,62.04082535,62.04082535,62.04082535,46.04592506,52.85989604,46.04592506,49.2181913,69.88788626,54.43294578,61.19977581,57.61836326,59.3550941,57.61836326,43.37987052,57.61836326,60.97115594,59.2473641,60.09690145,59.2473641,59.66910911,46.4084914,83.40393974,99.8962442,98.78008505,99.33502935,98.78008505,109.1458964,87.96833445,97.41947782,92.45299464,94.87128222,92.45299464,89.54615855,73.30694537,86.81653959,82.99289004,81.20464723,82.0890309,81.6444442,81.6444442,55.60262649,71.68230498,62.62680715,64.66919315
441,143,104.022186,30.65402171,1105,104.0196143,30.65421329,247.334841,,48.02618272,26.07882006,52.79083562,35.93242242,44.13907032,36.72856803,49.74331998,42.00025602,44.01721746,35.52876169,40.13417896,70.11066359,24.13022839,40.86633983,59.95996145,33.27927262,60.06107437,89.48798267,63.60038769,57.53831519,49.07166865,60.68187831,34.78146202,44.5945957,48.97719624,47.17379749,32.3597994,60.5002211,51.36954391,63.5096596,31.87133522,58.09288079,52.95829269,64.33565228,67.55090963,54.01852949,49.01314279,65.31091158,90.04488961,76.34725373,72.11297155,69.53576162,65.93025379,106.6353806,61.37199962,53.08347388,62.57499907,64.70447193,53.96396531,33.96333481
442,143,104.022186,30.65402171,1255,104.0244625,30.65338115,229.3955227,,23.85395383,31.64076175,27.82894294,31.76245699,21.84719264,21.00264196,18.49549567,25.48839141,24.79951597,32.05008596,20.11751234,16.12937269,27.24206962,32.66277713,32.32187404,32.32187404,32.32187404,25.3126094,30.97807622,29.74155636,48.41964126,23.52774592,26.76900751,23.52774592,25.04393879,20.68438026,34.05459306,25.73662273,25.73662273,25.73662273,20.04426897,46.78888848,70.78490413,46.78888848,39.09225476,23.29545506,33.57007649,27.50454227,38.65010366,18.59963698,25.82313576,41.58825303,26.92172394,49.01031939,23.06770619,58.70785888,37.81677764,30.69977255,69.59190013,54.24130586
443,143,104.022186,30.65402171,1749,104.0229439,30.65622063,254.2968848,,52.16346355,52.16346355,52.16346355,52.16346355,78.91972287,62.81089436,69.94985943,66.18843454,67.09034955,67.09034955,67.09034955,33.96915715,45.1021918,38.7519237,38.7519237,30.31353594,33.229357,33.229357,33.229357,34.5459919,34.5459919,34.5459919,48.05610421,40.1962145,43.77615231,41.90987286,42.82268839,42.36136379,42.59077691,42.59077691,42.59077691,50.43905153,50.43905153,50.43905153,63.1357783,56.07772038,59.39781251,57.69003767,58.53147079,58.10770828,58.31881975,58.26589821,58.23947342,58.2526828,58.24607738,58.2493799,58.24855423,58.2481414,58.24834783,58.24829621
444,144,104.092415,30.63211004,1311,104.0937815,30.63114248,169.2628635,,21.53167168,24.4717393,26.26492709,28.34168877,44.80487563,28.34168877,16.90281022,16.90281022,16.76330973,16.99710763,16.87939913,16.87939913,16.87939913,18.45106158,17.428568,18.45106158,18.45106158,21.2315787,22.58929782,24.13252707,24.13252707,18.32620477,18.32620477,18.32620477,15.29099896,16.67158163,16.67158163,16.67158163,16.67158163,25.33664485,41.93350941,24.03732973,27.76065187,27.76065187,27.76065187,27.76065187,21.60802513,22.0777648,20.31154362,22.5683818,17.97481736,15.7861738,41.03342145,24.50454324,18.84576212,35.01990279,20.58602394,17.77815634,20.18538496,46.63364605
445,144,104.092415,30.63211004,1683,104.0913322,30.63488636,324.7243547,,43.86520364,52.01368974,120.5162554,120.5162554,120.5162554,107.2484107,95.04127455,84.71070123,87.07692193,88.31030609,87.68927722,87.68927722,87.68927722,35.91421434,35.91421434,35.91421434,35.91421434,44.61861362,35.37088281,37.30379504,38.35169742,37.82048899,38.08424094,37.95190673,38.01795867,37.98490398,38.00142414,38.00142414,38.00142414,43.47773787,43.47773787,43.47773787,52.18784272,43.47773787,43.47773787,28.47765352,30.01945671,31.73776499,27.53846118,34.23155716,30.52239365,30.52239365,30.52239365,30.52239365,30.52239365,30.52239365,30.52239365,39.96607442,39.96607442,39.96607442
446,144,104.092415,30.63211004,1784,104.0915652,30.62800793,461.8731119,,66.57630442,64.7341625,64.7341625,64.7341625,64.7341625,64.7341625,75.04926201,107.0435539,92.118737,89.27480284,89.27480284,83.13716014,83.13716014,69.35320971,68.14521323,49.48640485,50.73758684,190.3385514,78.8029954,73.17696248,68.30072491,83.13716014,42.00968173,62.74502652,53.37859399,54.57581628,54.57581628,54.57581628,106.5861027,60.1419693,54.51617058,66.97244683,46.53199262,71.4006743,66.50972811,66.50972811,66.50972811,58.54729587,39.42018025,52.2875221,58.56791838,66.5629785,43.18813514,54.74051697,66.50972811,46.51029938,64.07488258,64.07488258,96.67111644,126.2044177
447,145,104.13936,30.62338859,319,104.1377093,30.62399046,171.7090782,,32.08404921,22.54386147,32.08404921,24.57863545,20.1352665,20.1352665,20.1352665,20.1352665,20.1352665,20.1352665,20.1352665,20.1352665,20.1352665,20.1352665,20.1352665,20.1352665,20.1352665,20.1352665,20.1352665,20.1352665,20.1352665,20.1352665,20.1352665,20.1352665,20.1352665,20.1352665,20.1352665,20.1352665,20.1352665,20.1352665,20.1352665,20.1352665,20.1352665,20.1352665,20.1352665,20.1352665,20.1352665,20.1352665,20.1352665,20.1352665,20.1352665,20.1352665,20.1352665,20.1352665,20.1352665,20.1352665,20.1352665,20.1352665,20.1352665,20.1352665
448,145,104.13936,30.62338859,349,104.1386726,30.62175858,192.2927303,,21.54091293,22.65506497,21.99792753,32.75649034,32.75649034,32.75649034,23.88454845,27.62569322,26.58467381,25.61926276,23.87400686,21.92411177,22.35136902,25.25321766,26.90976984,19.93053251,19.93053251,19.93053251,19.93053251,17.84159353,17.84159353,17.84159353,13.28702167,15.23110735,15.23110735,15.23110735,30.36201005,20.28582649,24.32161016,22.12115292,23.16925273,22.63307538,22.63307538,22.63307538,15.59130246,22.63307538,26.90105554,24.58319573,25.68994973,24.58319573,24.58319573,19.94690866,18.22804267,19.04877882,19.04877882,19.04877882,19.04877882,17.59221929,18.29154835,18.1115549
449,145,104.13936,30.62338859,661,104.1400381,30.62512518,203.1393862,,37.95684032,25.50181692,37.95684032,31.60108564,28.6597697,34.60418567,21.92261175,29.18397567,91.41272379,91.41272379,91.41272379,91.41272379,91.41272379,68.34596171,60.68894525,64.29026728,62.43771956,63.35045287,62.89077477,63.00506775,63.06237014,63.03370595,63.04803482,63.04086957,63.04445199,63.04266073,63.04355632,63.04310849,63.04333241,63.04322045,63.04327643,63.04324844,63.04326246,63.04325545,63.04325893,63.04325719,63.04325806,63.04325762,63.04325784,63.04325773,63.04325779,63.04325779,63.04325779,63.04325779,63.04325779,63.04325779,63.04325779,63.04325779,63.04325779,63.04325779
450,146,103.9938473,30.60135673,44,103.9967302,30.59844508,424.8850094,,46.98106531,46.98106531,52.85369847,52.85369847,54.49184303,56.40066496,55.9707032,59.74945445,45.47827653,42.02159434,51.88151759,45.89331768,79.35595506,58.00752913,45.87037963,45.65076766,50.76476627,43.87089099,48.59821278,55.36963018,41.62138868,63.27597177,51.82283485,57.04868323,48.99574883,48.81929849,47.90938621,44.44133383,73.36144047,44.59434501,46.46490898,46.56698935,47.81220074,59.20978196,120.0852627,60.31543738,41.18887255,61.6768562,39.74241075,46.53304577,108.9966295,64.22334641,72.09360724,44.50783803,80.5045281,56.16594984,92.70218387,48.94675308,67.30851634,47.97760545
451,146,103.9938473,30.60135673,346,103.9854006,30.60176279,811.0468057,,86.52127275,94.28746502,94.28746502,94.28746502,94.28746502,86.81174928,90.39530961,61.09464239,135.0494219,137.1749354,136.1038807,136.6373092,136.3700733,136.4367842,136.4701641,136.4367842,120.2041626,71.21386587,107.423418,60.76521333,153.6720263,93.13456142,100.4737956,233.58148,72.57088237,204.1796154,79.0087539,78.89134019,79.12651763,51.04490386,73.73152779,73.91818989,129.1932965,74.10579951,94.18608066,94.18608066,94.18608066,95.79292981,104.376853,119.6081771,114.6505956,85.00053859,82.01596912,85.84398384,86.70433558,88.21052872,102.7635196,129.4438792,114.5709283,117.9592741
452,146,103.9938473,30.60135673,1251,103.9992457,30.60127686,517.6338569,,57.32687975,58.42284637,58.42284637,72.99542221,81.3747548,78.03717711,80.51728944,85.20721924,68.72090539,61.11028932,68.51706665,63.17587912,71.18469657,74.19304119,62.71270454,76.3722084,63.17278114,63.4500562,77.11375008,63.30217942,63.87403104,69.04431856,76.70692008,68.63945505,68.63945505,68.63945505,80.67021146,42.07098936,73.93769145,59.34655684,66.67198157,66.91137827,56.48860003,56.48860003,60.1972747,59.34655684,50.36437527,50.36437527,50.36437527,50.36437527,50.36437527,50.36437527,50.36437527,50.36437527,50.36437527,50.36437527,50.36437527,50.36437527,50.36437527,67.39536654
453,147,104.0527732,30.61956616,295,104.051808,30.61828359,169.605448,,31.07275383,31.07275383,31.07275383,36.20037229,35.41645086,37.45887195,35.41645086,23.52907949,29.49659965,29.49659965,29.49659965,29.66378686,33.77099628,32.47763898,31.09913139,32.47763898,32.47763898,43.50923608,37.19266676,43.50923608,50.04750925,43.50923608,46.54990694,33.54833037,50.5655994,32.69502612,32.69502612,24.52126959,36.47973788,46.08148021,41.25537924,43.53508826,46.96766252,37.92419955,41.96423456,39.84206283,39.84206283,35.16657237,31.47317592,29.78437136,31.47317592,35.74822089,38.35299075,35.74822089,35.74822089,35.19190852,22.16259938,54.76050339,45.45257665,31.71842144
454,147,104.0527732,30.61956616,384,104.0501779,30.62083968,286.0144809,,69.2435865,51.33999545,56.91996072,59.6742542,78.12855627,82.04399452,65.53655716,68.23909559,43.55024121,68.58967957,62.78366654,41.84031564,55.65687196,52.26660565,38.2770309,44.19107859,28.10697356,54.69599635,50.17254565,40.85921156,45.92560799,55.22568047,54.09730988,56.06091458,62.88592008,74.61247328,41.35149121,58.17243679,35.35286288,69.57108995,34.43652613,43.54322517,55.17964262,35.95991146,41.5182311,68.97791377,65.5829383,65.5829383,60.56777243,51.74131313,56.26514378,90.32036239,40.29949633,51.61163565,70.28342193,50.78432213,47.74275724,76.49718657,100.9462874,67.02009968
455,148,104.0685886,30.59134338,654,104.0684365,30.59321293,207.7138149,,20.80991838,24.12160431,31.07076455,24.12160431,24.12160431,20.93127316,24.12160431,24.12160431,26.35311837,34.50486576,14.4009578,20.40021098,20.1772729,20.44483209,20.44483209,20.44483209,20.44483209,20.44483209,20.90306249,25.43434468,24.12160431,24.76058721,24.12160431,36.08927286,25.07611447,33.26377819,33.26377819,33.26377819,33.26377819,22.90259521,25.43867099,20.57704275,28.60634023,30.61940998,27.79813136,33.02453083,32.42051893,29.5061338,29.5061338,29.5061338,26.23753451,31.70194949,39.35630177,29.09609859,31.22211831,33.68332134,46.15862553,32.760996,38.32260006,26.88610278
456,148,104.0685886,30.59134338,884,104.06559,30.5913448,287.5102115,,19.79037785,22.81491759,53.9784491,26.77973509,23.4930523,30.30854353,23.4930523,22.79816655,22.96800549,23.05387743,23.05387743,23.05387743,27.78622178,21.92874494,19.38271089,19.38271089,15.83835901,17.43219809,17.43219809,32.75432789,31.06219648,29.53631199,34.04726189,22.36466641,31.16407261,28.73106902,36.00127866,36.00127866,36.15848948,36.31707935,47.15429437,25.09180028,45.19811185,25.09180028,21.77878509,24.15488358,24.15488358,24.15488358,24.05663594,19.16734743,23.95918429,22.58980791,22.59905593,18.97409278,39.48010532,39.48010532,39.48010532,21.92874494,21.92874494,20.6594164
457,148,104.0685886,30.59134338,927,104.0717634,30.59121614,304.7306833,,24.07880728,22.11754959,24.07880728,23.05654603,33.24334727,18.78476815,24.00504289,21.07647377,22.44563601,23.89827633,26.59467782,25.55195171,21.5315105,23.49311238,27.90006256,22.54172178,31.09937519,26.13792419,28.40361512,28.40361512,27.80114942,35.16123269,24.90421021,26.02681993,61.71760674,26.02681993,25.8937166,29.33516653,72.81175617,33.60706004,45.98790231,33.60706004,33.85616586,28.83128672,34.10899215,34.10899215,84.06363677,37.24270604,26.90998675,41.01048448,32.49658237,32.49658237,20.9356958,32.49658237,54.85152299,54.85152299,57.24881721,58.52780046,57.24881721,26.39207201
458,148,104.0685886,30.59134338,1032,104.0688553,30.57844617,1429.612616,,142.3024539,128.4243398,120.6274449,89.42841733,89.42841733,89.42841733,89.42841733,89.42841733,89.42841733,89.42841733,89.42841733,89.42841733,89.42841733,89.42841733,89.42841733,89.42841733,89.42841733,89.42841733,89.42841733,89.42841733,89.42841733,89.42841733,173.8718046,118.1091318,140.6656759,128.4043142,140.6656759,140.6656759,172.7048798,130.2155139,120.5076917,121.2106787,120.858163,121.0341641,120.9460995,121.0341641,120.9901158,154.2054058,97.75128998,119.653715,107.5992247,110.379259,111.8238518,111.0968596,111.4591703,111.27772,111.3230272,111.3456946,111.3343597,111.3371932
459,149,104.2035543,30.6181818,191,104.1771707,30.59277035,3785.284771,,283.6009402,283.6009402,347.6281933,283.4534618,186.4799887,284.7863151,215.3619151,285.3827262,233.5394203,285.8316765,241.8283084,285.8316765,398.2569462,307.2609961,233.5394203,309.7051176,198.9346741,298.8382714,265.8931742,301.1497276,336.1584996,265.8931742,267.1965721,299.4950588,304.3445042,257.8434281,285.7005868,310.0574556,285.9863295,265.8931742,278.6712715,265.8931742,278.5288743,294.0027007,236.7665566,267.1965721,294.0027007,267.1965721,299.4295072,296.8244542,297.9704162,348.5172679,254.9490211,254.9490211,254.9490211,254.9490211,254.9490211,254.9490211,254.9490211,136.6802926
460,149,104.2035543,30.6181818,643,104.204397,30.6509292,3630.189347,,263.711072,271.6346312,267.8714862,272.9092991,264.6397283,271.892473,250.2480229,279.2453344,265.8587208,233.4344475,248.1407519,266.0001354,270.2069102,263.6060467,252.9664511,234.4047867,189.6637104,271.1031655,271.2715494,280.6114873,276.7605653,253.3753747,262.3772478,268.5012102,253.3708155,265.0993557,247.9718958,262.9128363,262.3574395,249.9548771,260.0417442,262.8338251,264.9792412,263.9021729,270.4597919,252.1317999,319.6253537,333.8726965,315.0107805,162.5457917,162.5457917,162.5457917,162.5457917,162.5457917,162.5457917,162.5457917,162.5457917,162.5457917,162.5457917,162.5457917
461,149,104.2035543,30.6181818,670,104.1496203,30.63655116,5555.625992,,309.12293,309.12293,309.12293,309.12293,309.12293,309.12293,309.12293,309.12293,309.12293,279.3331504,293.4740069,286.2290314,289.8062463,288.9035861,288.4543614,288.678799,288.5665365,288.6226568,288.594594,288.6016092,288.6051169,288.603363,288.6042399,288.6038015,288.6040207,288.6039111,288.6039659,288.6039385,288.6039522,288.6039453,288.6039488,288.6039471,288.6039479,288.6039475,288.6039479,288.6039479,394.0936664,333.1987269,361.0968825,346.5873035,353.6933487,351.889659,350.9946951,351.4416073,351.2180091,351.3297726,351.301825,351.2878529,351.2948388,351.2930923
462,150,103.9650646,30.73928236,48,103.9564943,30.7450801,1042.151102,,192.3971265,84.46703115,94.40724628,89.16094508,91.70912714,90.41708612,110.586981,98.52435019,88.27632864,86.28361723,113.8617289,124.372632,124.3679247,124.3691015,124.3696899,124.3693957,124.3696899,135.3417026,148.4369522,163.861429,127.9730745,249.9773882,227.4358556,114.227658,129.3983692,157.1342528,138.9668837,147.728309,79.22288936,127.944832,234.4642493,69.60563947,103.2244828,106.3773207,100.8341324,126.9625708,67.53814522,134.7440679,84.3088532,121.2195143,125.9455136,126.6345986,120.9352791,131.5109171,126.8949535,114.034771,165.5545958,126.8677833,104.9177844,104.4367159
463,150,103.9650646,30.73928236,122,103.9719399,30.74616094,1007.20024,,87.04037921,69.50091905,66.06547228,65.02654631,82.33809249,118.313711,108.3001323,97.64549299,130.5090069,149.0165964,155.1196092,161.5156882,161.511581,161.5126078,161.5131212,161.5128645,161.5131212,170.8169965,175.5893881,175.5893881,164.627508,133.9213616,163.3911016,135.9003662,124.5376369,137.9313354,131.5469361,134.663507,105.2358835,110.8724879,142.0708467,126.9605603,121.4340414,121.780794,104.1964519,115.6493667,107.3816643,102.7778628,93.21133326,93.21133326,121.7216499,122.3876249,115.0249167,126.82387,120.3500339,110.2103606,150.6720489,120.8737344,105.2300361,102.0646719
464,150,103.9650646,30.73928236,439,103.9540216,30.72742297,1686.876154,,174.2441692,149.6481759,152.5590034,149.0194993,192.4099659,192.3000089,180.1843033,165.0681425,239.1477003,206.8919023,217.4110743,252.7277551,187.6965177,188.2468833,188.130911,223.3539483,223.2724431,233.827324,245.3308921,240.657346,221.6502162,193.5394596,248.883367,193.9959149,187.4085913,179.7798829,175.8561813,176.2619022,151.6870221,191.3228103,244.3754643,180.0416759,145.328753,126.8327935,156.2625707,188.8881541,165.8693719,192.281573,157.2104425,160.6176918,219.5422608,170.7886146,186.853974,189.6428733,157.5459911,155.0074819,195.194318,158.9101746,144.7808938,166.8896617
465,150,103.9650646,30.73928236,511,103.9731196,30.73083762,1212.751048,,133.9919317,132.8368288,135.1672995,133.9919317,134.5770492,134.2838531,134.4302913,134.3570323,134.3753396,134.3844951,134.3799172,134.382206,134.3799172,116.2690752,125.6375186,120.7718886,123.156665,121.9526194,122.5516849,122.4013674,122.3263468,122.3638456,122.3450934,122.3450934,122.3450934,80.05936014,310.372306,127.2858243,194.0401677,194.0401677,194.0401677,207.9001797,268.8364392,234.4738868,234.4738868,234.4738868,196.6623321,205.6155623,205.6155623,205.6155623,205.6155623,97.78059961,132.5343923,112.5353781,121.7188715,116.9471141,118.1046311,118.692025,118.3975995,118.4710688
466,151,104.0434242,30.733702,33,104.0422933,30.7410774,824.5702416,,81.77556115,81.77556115,57.25077859,64.28701396,40.31398194,54.66764033,65.76467172,70.17619077,41.98660353,78.78233868,46.99397683,45.16474507,72.81568772,87.05140381,80.09316343,73.00970371,51.76781636,217.4690747,54.07017978,50.41958165,46.12980373,66.85704662,47.78834778,61.28946049,60.21202576,57.63986155,137.6407822,60.7537363,91.76052148,101.7987953,67.87075293,59.72163276,56.87276511,59.67094733,59.67094733,59.67094733,57.80823505,97.3263236,97.3263236,97.3263236,136.7950631,78.4267601,86.86036195,101.8337177,82.91767793,118.5011126,83.76401916,83.89996517,69.04617558,58.28352671
467,151,104.0434242,30.733702,95,104.0492907,30.73539337,592.1145424,,56.76730633,56.76730633,54.27402553,46.22634541,33.63048676,60.04541838,71.00302864,62.44958065,62.04062148,57.26292418,45.84317977,41.06740771,43.23757308,49.67587169,54.903087,52.262747,58.72210338,56.69181789,38.89803563,56.17513612,47.79399894,58.68168899,50.3258044,55.3408863,74.53190044,58.85468179,58.35986626,61.44872427,64.55030215,62.96133915,56.69181789,63.49103671,52.66491297,59.5105712,66.50856046,76.42170913,72.01369324,70.93557684,70.9354904,70.93553362,75.88692539,68.76168711,66.84789896,66.50896537,61.78586529,87.99225398,66.50896597,70.58319048,61.78586529,69.50791804
468,151,104.0434242,30.733702,1678,104.0456118,30.72816811,648.108398,,50.3928776,50.3928776,50.3928776,41.73864459,50.3928776,51.73370804,68.33611561,53.14784129,61.15832851,61.15832851,46.45475824,32.01999404,37.45088656,35.92747696,35.92747696,44.57260654,58.69660963,59.97918336,50.14917212,52.31368235,52.31368235,52.31368235,41.72931335,55.97097885,85.27742079,50.23014495,44.15575762,51.66824305,60.85524864,55.88670828,82.44488455,50.36870256,50.23014495,47.06121043,41.16425958,50.42539938,54.30759925,59.94836158,59.46958963,59.70801585,59.46958963,49.15083701,58.23270131,43.3980978,44.13348485,41.53431656,44.89782359,44.89782359,44.89782359,44.89782359
469,152,103.9659117,30.68588758,194,103.9610538,30.68749832,498.4011262,,31.70042499,32.42609737,32.42609737,40.79513146,31.79029154,33.44350521,32.59594976,37.62503915,37.87988855,36.71713617,32.84156292,34.67138269,43.84224934,33.53727204,28.28550795,33.61944754,30.32525162,26.5813934,32.68204106,35.81325458,40.51355471,216.1739824,46.6340235,32.5515975,35.58243043,30.04175897,37.14791003,45.23304338,34.17607723,38.59972867,36.25345791,38.59972867,32.42609737,28.7769696,51.61435611,75.61948121,44.57749203,33.02289671,39.16341871,41.5719197,45.37466901,34.49916464,35.49444222,32.45631409,64.69630004,35.82517247,43.71939704,34.11110369,32.44564294,34.09489889
470,152,103.9659117,30.68588758,260,103.9706768,30.68583598,456.4763158,,32.00223441,32.00223441,32.00223441,32.00223441,32.00223441,32.00223441,27.64196361,32.00223441,35.13233002,30.7401042,29.57375051,28.34278608,28.94518677,28.79219863,28.71630942,28.75420395,28.73524419,28.74472095,28.74472095,29.8422773,29.28321843,29.8422773,29.8422773,43.0750914,35.25795967,38.77647594,36.93360836,37.83261343,37.37770598,37.60378396,37.49040414,37.54700846,37.51868495,37.51868495,37.51868495,30.48821404,33.64004871,33.64004871,33.64004871,44.71604726,33.64004871,32.03864538,31.29378946,31.66183727,31.47673753,31.47673753,29.06806728,29.47649752,29.89656889,28.64997362
471,152,103.9659117,30.68588758,429,103.9634227,30.67938619,758.9915608,,54.3327154,92.62269895,92.62269895,92.62269895,92.62269895,92.62269895,92.62269895,92.62269895,92.62269895,92.62269895,92.62269895,92.62269895,92.62269895,92.62269895,92.62269895,92.62269895,92.62269895,92.62269895,92.62269895,92.62269895,92.62269895,92.62269895,92.62269895,92.62269895,92.62269895,92.62269895,49.23188502,94.93987557,55.0141534,69.66184123,61.47754796,69.66184123,70.96449535,72.31679627,73.99066666,52.52536753,61.74846596,61.74846596,61.74846596,61.74846596,61.74846596,61.74846596,61.74846596,61.74846596,61.74846596,61.74846596,67.63291136,67.63291136,67.63291136,71.71573803
472,153,104.0001805,30.68818679,865,104.0029919,30.69292611,590.2740786,,68.32754608,46.19536267,46.19536267,46.19536267,55.32218729,46.07017199,50.27405815,50.27405815,65.02407231,56.70558541,65.02407231,65.02407231,82.20451385,63.19193169,51.86056578,61.46020775,56.2537838,58.74185717,58.74185717,69.95840932,61.77286869,61.77286869,61.77286869,61.77286869,56.56575021,64.98430223,60.48349193,62.65317001,61.54921602,61.65338538,61.60125667,61.65338538,45.6005726,131.4424752,40.63072052,53.15789076,57.35456634,61.30506117,65.84002116,65.9421779,79.14289322,79.14289322,102.4089968,95.61244918,95.61244918,95.61244918,95.61244918,54.12599804,69.12211704,51.89645106
473,153,104.0001805,30.68818679,872,104.0034106,30.68701985,335.3455183,,38.81813074,38.81813074,38.81813074,38.81813074,46.18377452,42.1818262,44.09217918,43.11585235,43.355858,43.47686561,43.41627749,43.44655043,43.43140868,43.43519312,43.43708559,43.43613934,43.43661247,43.4363759,43.43649418,43.43646461,43.43644982,43.43645722,43.43645353,43.43645537,43.43645537,43.43645537,53.32349231,47.87483973,50.45248469,49.12987581,50.45248469,50.45248469,51.24125067,50.84380872,50.84380872,46.30408132,40.37604903,42.50858683,41.41488391,41.95460872,41.68299925,41.75057139,41.78443968,41.76749867,41.76749867,41.76749867,45.90280859,39.90888813,42.69651161,41.96372334
474,153,104.0001805,30.68818679,886,103.9991279,30.68644492,217.7945999,,21.6342302,18.26228012,26.53335227,24.7337716,24.7337716,24.7337716,24.7337716,24.7337716,24.7337716,24.7337716,24.7337716,18.362074,21.07689676,21.07689676,21.07689676,24.54023661,24.54023661,31.03142056,27.40671924,28.23112059,28.66220393,28.44502909,28.55320355,28.44502909,28.44502909,15.6969081,20.2301501,18.07979768,18.07979768,18.07979768,18.07979768,18.07979768,19.49591114,21.15271294,28.54589416,23.40479283,25.72095877,33.08272404,17.94188924,23.26589198,20.25996278,23.26589198,25.17048346,24.18074201,24.66568807,24.66568807,28.05225616,24.7337716,24.7337716,24.7337716
475,154,104.1023914,30.67925837,1013,104.0999452,30.68004742,250.1177755,,43.4272231,34.51102408,21.6495386,37.74985792,45.09636018,42.24863305,36.59020624,38.11008267,28.67592331,28.67592331,84.54685369,42.82634919,56.85392213,56.85392213,108.4848183,33.02288478,50.63302673,46.41360782,46.41360782,46.41360782,46.41360782,46.41360782,46.41360782,46.41360782,28.95253993,38.53455029,38.53455029,38.53455029,38.53455029,38.53455029,38.53455029,38.53455029,38.53455029,38.53455029,43.38957094,49.6443276,67.44749002,57.19247268,57.19247268,57.19247268,28.73693591,32.8191443,34.83264959,34.83264959,34.83264959,34.83264959,43.39392732,49.4738457,46.23486479,47.00418881
476,154,104.1023914,30.67925837,1818,104.1026121,30.67671597,282.5648445,,52.57020363,52.57020363,52.57020363,52.43471341,52.57020363,52.57020363,63.97694592,57.71537249,59.16297726,59.91435687,59.91435687,59.91435687,79.47136252,73.47546998,70.80447011,72.11524646,71.45384745,72.11524646,72.11524646,86.185539,95.50217908,90.60498828,92.98915178,91.78158959,92.38142469,92.38142469,92.38142469,96.87937526,92.38142469,86.94302908,86.94302908,82.87034136,79.16213542,48.55529547,79.16213542,79.16213542,105.9618167,79.16213542,44.32389718,56.82868381,49.80335081,51.39164838,52.22440251,51.80467906,52.01369406,52.01369406,62.02642928,77.65140765,68.964979,70.94915014
477,155,104.1857165,30.70246353,23,104.1847307,30.69654394,662.8173793,,65.31461792,60.58029846,51.5783316,63.93736778,86.9585483,73.68427892,54.31280498,69.44535988,69.44535988,76.6016875,69.44535988,55.23478161,65.41857616,59.95333079,59.95333079,59.95333079,50.18175742,46.95993579,43.70224479,59.0852973,47.10120964,47.11538379,50.67918865,44.18845148,47.11006748,47.11095345,47.11051046,47.11073195,64.84102504,47.06395593,68.61685578,44.9791247,41.87984551,47.11065928,47.11065755,47.11065755,47.11065755,55.81620036,55.81620036,60.71609581,65.6306403,66.18325095,66.74524659,60.71609581,75.75055763,63.84327934,57.05318324,58.10043346,57.5720463,57.70324004
478,155,104.1857165,30.70246353,39,104.1766587,30.70212293,868.2777382,,82.58387999,83.48824406,84.71002324,76.79626209,117.5112728,83.09153966,69.23144756,83.02257258,114.5821062,88.54957103,88.54957103,109.0395299,79.32264858,148.1421733,85.69704887,99.54776616,92.31995642,87.47020432,78.53912055,98.19266569,111.735473,69.87630084,58.81090983,78.93433984,83.41937559,83.25609739,83.33765652,83.296857,67.51187597,83.30259046,99.83954855,79.89059397,80.40260595,83.58366025,89.17247149,91.79896762,97.22417444,105.2619599,105.2672356,86.56047191,84.71002324,78.24457741,73.33525002,73.71950235,75.59370877,79.67410466,77.8646242,84.65054238,125.0319943,81.82686886
479,155,104.1857165,30.70246353,250,104.200667,30.70612702,1488.209222,,131.9594384,130.9915208,141.383558,143.5571597,669.6941499,669.6941499,669.6941499,669.6941499,669.6941499,669.6941499,669.6941499,669.6941499,669.6941499,669.6941499,669.6941499,669.6941499,669.6941499,669.6941499,669.6941499,669.6941499,669.6941499,669.6941499,669.6941499,669.6941499,669.6941499,669.6941499,669.6941499,669.6941499,669.6941499,669.6941499,669.6941499,669.6941499,669.6941499,669.6941499,669.6941499,669.6941499,669.6941499,669.6941499,669.6941499,669.6941499,669.6941499,669.6941499,669.6941499,669.6941499,669.6941499,669.6941499,669.6941499,669.6941499,669.6941499,669.6941499
480,156,103.9925706,30.66817693,846,103.9916224,30.6660987,247.6028455,,30.38762195,41.00767875,54.29666459,41.41092886,39.83777626,34.20672506,39.09518613,39.09518613,39.09518613,39.09518613,39.09518613,39.09518613,39.09518613,39.09518613,39.09518613,39.09518613,39.09518613,39.09518613,39.09518613,37.93064867,37.93064867,37.93064867,30.80772732,30.80772732,30.80772732,23.33429958,30.80772732,30.80772732,37.61055881,30.80772732,21.47880106,24.48819351,24.48819351,24.48819351,24.48819351,24.48819351,24.48819351,24.48819351,24.48819351,24.48819351,24.48819351,26.74110732,35.56589501,29.45055871,32.29602333,32.29602333,32.29602333,25.39516364,28.43286264,27.60728591
481,156,103.9925706,30.66817693,972,103.991266,30.66818088,124.9885857,,14.03745457,15.89198698,20.20622297,15.90874295,15.46250545,20.78332141,13.84488949,18.77926059,20.13238964,17.71491766,13.82008421,18.66565345,18.59334333,18.89591217,18.34694836,16.77386425,15.0404092,18.67049413,16.40564194,22.69987978,45.91417434,45.91417434,45.91417434,45.91417434,45.91417434,45.91417434,45.91417434,45.91417434,45.91417434,45.91417434,45.91417434,45.91417434,45.91417434,45.91417434,45.91417434,45.91417434,45.91417434,45.91417434,45.91417434,45.91417434,45.91417434,45.91417434,45.91417434,45.91417434,45.91417434,45.91417434,45.91417434,45.91417434,25.13736919,28.34386825
482,156,103.9925706,30.66817693,1049,103.9953365,30.66818834,264.9908061,,24.36697068,24.36697068,24.36697068,24.36697068,24.36697068,24.36697068,52.22446543,28.3076232,28.3076232,28.64765471,28.3076232,25.92301364,27.06289084,23.46782047,17.25075772,19.88466705,19.88466705,19.88466705,31.95869018,19.60877496,19.88466705,25.10439216,26.20788192,27.41284201,30.80625087,29.01065085,29.01065085,29.01065085,19.4488665,23.28641746,21.19533943,22.19172787,21.68209257,22.19172787,22.19172787,26.31632833,24.0786724,25.14782178,24.60163667,25.14782178,24.87173102,22.82217469,30.16496133,23.90894491,23.90894491,23.90894491,23.90894491,23.90894491,23.87902133,23.8864952
483,157,104.0113764,30.6504565,1300,104.0114083,30.64760226,316.353673,,46.5987407,36.70824248,51.37773937,41.44097073,48.00606196,48.43520937,32.66366795,31.83433187,44.74943901,53.61926661,48.71142955,39.54420913,45.21901621,73.95280668,53.06958168,60.55535555,53.28628436,51.18531338,46.44249663,40.57743074,40.01311279,39.12159926,54.27513374,34.77475489,35.98335617,52.18204915,49.89586956,54.18514468,47.90213345,56.19440243,28.36041465,34.04703207,41.22837476,57.54306809,48.61785369,48.35694524,48.09882217,38.94915263,47.35439596,37.09684765,44.371684,40.57743074,39.63595903,39.36845708,63.98164173,43.81686012,56.5398054,47.15080223,55.96428613,43.02062312
484,157,104.0113764,30.6504565,1709,104.0112513,30.65234786,209.9648436,,21.87766822,24.54134536,23.32942707,20.99648436,26.75658184,39.90884039,22.10156248,30.11447956,31.22522312,32.42104203,35.32118864,20.6522797,36.16619316,23.24572333,22.02107609,26.38596885,30.50715517,32.72179381,30.6412881,30.77660574,21.11378316,32.55736268,27.05345157,26.24560545,32.21280362,29.18430259,29.18430259,29.18430259,21.50422296,30.72656248,29.70033151,29.70033151,29.70033151,24.03413154,22.42947884,26.13218451,19.184605,29.58408755,29.35430823,19.29889626,29.01625478,28.68589894,21.89351012,38.21678626,25.50754006,27.43642239,29.60726349,30.16254736,38.46684158,49.08269071
485,157,104.0113764,30.6504565,1741,104.0159762,30.65041126,440.7880496,,51.27098477,72.12895357,59.17353555,52.37085738,68.00729909,67.81354609,65.11054426,69.4241178,61.89658983,70.95973073,55.8417705,74.99229577,67.81354609,83.51773571,48.26146528,60.24438036,63.6006805,72.56876425,61.33242012,66.21853857,57.59843842,71.66603898,64.1146254,67.68034703,60.96185089,95.59258907,73.59447119,61.3072883,81.71913278,70.05668455,70.05668455,70.05668455,53.02713379,68.73444103,74.76263739,67.46118473,60.95404528,70.3697108,64.61501101,49.74410591,68.74384024,75.65372961,153.6888115,75.65372961,84.83868897,52.37085738,83.84871749,93.34335168,72.47572739,75.92521429
486,157,104.0113764,30.6504565,1743,104.0065655,30.65040297,461.0406423,,50.33892628,54.24007556,62.10463283,55.90881357,58.41757206,47.57992296,52.68220082,111.9559064,111.9559064,81.76090208,94.5051281,87.67230438,94.5051281,146.8802046,94.5051281,39.28393639,55.49830929,46.00422866,50.30725266,49.15775506,48.60248288,48.87854202,48.74012155,48.87854202,48.87854202,90.6965198,57.03595575,57.03595575,57.03595575,57.03595575,57.03595575,57.03595575,57.03595575,57.03595575,57.03595575,58.78676431,57.89812717,58.33906194,58.11775824,58.33906194,58.33906194,73.60294068,72.0063476,75.2719416,75.2719416,75.2719416,96.91949269,113.1966794,104.4276091,104.4276091
487,158,104.0733448,30.67124245,1196,104.0715214,30.67202107,194.8399982,,78.81168467,34.55290608,34.55290608,19.20394233,38.66725433,35.97046121,35.97046121,35.65052064,35.33622134,58.94319273,44.18418857,50.50757829,44.18418857,29.55438175,54.51481814,38.32917997,45.01116537,38.32917997,38.32917997,38.32917997,36.82015714,39.62847421,35.42545422,23.85795896,30.27729468,44.46427851,28.05695974,44.46427851,55.05682838,42.23537519,34.21580456,40.21926568,27.98978426,36.91705229,63.38168614,39.2588056,43.8389996,35.18849466,35.18849466,28.62955076,31.5719727,38.19005409,29.97538434,40.78046474,57.25910151,21.15909483,56.87221571,34.27153062,31.56013469,22.79200629
488,158,104.0733448,30.67124245,1232,104.0744083,30.67271422,192.3210884,,27.40948266,30.817029,31.23997375,33.77345943,33.77345943,33.77345943,33.77345943,33.77345943,33.77345943,33.77345943,33.77345943,33.77345943,33.77345943,33.77345943,33.77345943,33.77345943,33.77345943,33.77345943,33.77345943,33.77345943,33.77345943,33.77345943,33.77345943,33.77345943,33.77345943,33.77345943,33.77345943,33.77345943,33.77345943,33.77345943,33.77345943,33.77345943,33.77345943,33.77345943,33.77345943,33.77345943,33.77345943,33.77345943,33.77345943,33.77345943,33.77345943,33.77345943,33.77345943,33.77345943,33.77345943,33.77345943,33.77345943,59.94423535,43.20473749,43.33996358
489,158,104.0733448,30.67124245,1551,104.0723581,30.66972895,192.5446616,,31.08344313,31.08344313,29.2627243,27.64350077,24.66764348,27.64350077,45.08362808,34.27247376,39.19325906,39.19325906,39.19325906,23.06691453,29.04160092,26.98811359,25.20584661,41.63127818,25.20584661,23.33874686,24.23639097,24.0055682,24.0055682,24.0055682,35.7299372,35.7299372,36.80499727,36.25950035,36.53021248,36.39435302,36.46215618,36.42822305,36.44518173,36.43670041,36.44518173,36.44518173,42.43841522,36.44518173,33.4860281,36.44518173,42.26590133,36.44518173,21.39385129,23.85699985,25.31425924,24.56403558,24.93350532,24.74739152,24.793659,24.81685768,24.80525291,24.80815309
490,158,104.0733448,30.67124245,1752,104.0766779,30.66974975,359.6266167,,32.92613988,51.8553733,30.72759067,35.09313185,26.43953342,37.08712262,39.32136128,45.82852461,50.10983117,36.16357039,32.85372577,32.26422545,49.30144022,36.02699559,42.23999413,33.15379821,33.39390012,40.44219665,38.05572663,28.08364035,32.18757564,37.2604066,35.06176899,37.26700691,31.74732271,30.95781492,33.47959193,35.44574456,35.41181127,46.8229953,32.05122513,30.6427413,39.63232102,33.20846735,39.63232102,36.91733617,43.40840973,34.55047938,47.42329011,30.82513857,37.309966,32.53926032,35.71016555,38.53142322,33.27386454,37.33686576,33.59833444,39.52598952,26.73330602,32.12877643
491,159,104.1480953,30.63985672,215,104.1463315,30.64059106,187.5999976,,16.75831244,16.75831244,16.75831244,16.75831244,16.75831244,16.75831244,25.9155791,25.9155791,29.5605482,29.5605482,29.5605482,22.07058795,23.59748397,23.59748397,23.59748397,23.59748397,23.59748397,23.59748397,23.59748397,23.59748397,23.59748397,21.19773984,19.24102539,17.27263405,17.8903309,17.57605703,17.73180155,17.73180155,17.73180155,19.13201109,19.13201109,19.13201109,20.94139508,19.86352916,19.86352916,19.86352916,19.86352916,19.86352916,19.86352916,19.86352916,21.57699653,27.30566003,27.30566003,36.17999953,27.10474881,26.90677256,26.53673836,23.92772334,23.92772334,22.39999971
492,159,104.1480953,30.63985672,580,104.1496059,30.64216205,293.6547713,,30.00446102,30.00446102,30.00446102,50.34081794,26.07046058,34.3511674,29.64338385,34.3511674,38.23353261,29.28413232,24.08102908,34.71780547,26.13491166,35.75503416,35.22878679,35.48995977,35.358891,35.42430415,35.39156735,35.40792818,35.40792818,55.83576638,45.17765712,45.17765712,45.17765712,45.17765712,45.17765712,38.77104559,41.72988856,40.19609037,40.94863176,40.56887151,40.75786705,40.66314967,40.71045328,40.66314967,31.44059264,24.24672424,25.62805277,35.3170549,35.3170549,42.97386897,42.97386897,46.77686622,44.79479562,45.76437994,45.51807004,45.39590667,45.39590667,38.62937308
493,160,103.9557094,30.60041448,202,103.961143,30.57989724,2332.882465,,195.0842479,234.5915328,234.5915328,234.5915328,234.5915328,234.5915328,234.5915328,234.5915328,230.0925171,227.9071065,228.9945978,228.4495579,228.7217532,228.6536436,228.619604,228.6366225,228.6281129,228.6323676,228.6302402,228.6307721,228.631038,228.6309051,228.6309716,228.6309383,228.6309549,228.6309466,228.6309508,228.6309487,228.6309497,228.6309492,228.6309495,228.6309493,228.6309494,228.6309493,228.6309494,228.6309494,228.6309494,558.031686,324.3660202,324.3660202,324.3660202,240.4976077,212.9653389,225.8956543,219.2400114,222.5180755,221.6894036,221.277378,221.4831992,221.431708
494,160,103.9557094,30.60041448,281,103.9604905,30.60401625,607.8317277,,39.43580482,30.29166596,36.92375819,40.02184215,30.7979482,34.03763126,40.8912725,50.82913402,50.82913402,50.82913402,71.98007302,58.58619062,37.85803148,58.58619062,58.58619062,58.58619062,58.58619062,58.58619062,58.58619062,60.19791526,58.58619062,58.58619062,58.58619062,51.8529436,51.99375267,32.97956624,37.11555975,45.09880915,39.22318757,55.37979677,41.06530707,44.6913165,44.43593451,44.56325962,42.02005223,44.53135998,45.81965979,49.33921578,35.36040112,43.85158757,59.95052657,35.3600183,60.08790112,44.52071618,52.14124431,40.4546907,37.88424896,38.70056099,41.12180822,52.79117539
495,161,104.047886,30.58095916,635,104.0477918,30.58475741,421.055211,,45.24772417,35.81908991,35.81908991,35.81908991,35.81908991,35.81908991,35.81908991,35.81908991,35.81908991,35.81908991,35.81908991,35.81908991,35.81908991,35.81908991,35.94004818,45.84068829,36.06182616,40.36747695,38.09337197,38.09337197,38.09337197,35.0608811,35.0608811,26.30073036,37.69081043,44.38649369,40.74727848,42.48910328,41.59996596,42.03983386,41.81874326,41.92899711,41.87379761,41.90137918,41.88758385,41.89448038,41.89103184,41.89275604,41.89189392,41.89232497,41.89210944,41.89210944,41.89210944,40.0427146,41.89210944,44.58231646,43.87788432,43.53395072,43.70524089,43.66229211
496,161,104.047886,30.58095916,1087,104.0521039,30.58111487,404.8263078,,43.50372263,43.50372263,43.50372263,43.50372263,43.50372263,43.50372263,43.50372263,43.50372263,43.50372263,43.50372263,43.50372263,54.8710357,48.53062631,49.97427203,50.72878939,50.3487041,50.53803212,50.44319046,50.49056674,50.47871433,50.47279022,50.47575211,50.47427112,50.4750116,50.47464136,50.47482648,50.47473392,50.47473392,50.47473392,40.70879073,45.06878601,42.77798109,43.89351457,43.32856892,43.60921214,43.46843756,43.53871105,43.50354593,43.52112139,43.51233189,43.51672619,43.51562753,43.51507822,43.51535288,43.51521556,43.51528421,43.51526705,43.51525846,43.51526276,43.51526168
497,161,104.047886,30.58095916,1125,104.0438871,30.58089298,383.5351888,,37.39273337,43.74002153,38.78445729,46.51521661,22.28775916,38.54087033,42.68088654,22.69687693,18.84951099,29.62932789,47.61126482,66.14259543,35.54756523,35.83200726,31.38015181,21.9337042,20.51599821,19.9960417,40.89278986,41.03199642,32.41142441,41.30820283,41.11408714,35.33529571,41.30820283,17.46649816,32.0354218,42.30186191,38.90466835,42.96381971,42.11581028,42.40869192,22.93565913,26.32462688,25.15639447,35.58573917,42.40629737,20.70054992,18.48362356,22.99933392,43.19833179,19.18675254,35.95642395,35.29464928,49.53279568,40.72940058,55.36193583,41.70056425,34.26120793,28.62202901
498,161,104.047886,30.58095916,1155,104.0479108,30.57775318,355.3244599,,38.18412106,50.66012102,36.48789861,31.5177396,30.22738692,30.22738692,36.92490014,34.15837469,33.85420669,41.18529449,44.1092433,41.86201686,32.11300558,32.11300558,32.11300558,41.80287764,36.32280328,36.32280328,36.32280328,36.32280328,41.93993625,38.9297912,40.37884168,39.64107862,40.00655916,39.82298034,39.91455867,39.86871692,39.89162462,39.88016748,39.88589523,39.88303115,39.88446314,39.88374714,39.88410513,39.88392614,39.88401563,39.88397088,39.88399326,39.88398207,39.88399326,47.90891594,43.52968589,45.61443461,44.54768301,45.07474818,44.94181609,44.87564364,44.90870549,44.90043547
499,162,104.101336,30.61698017,779,104.1025775,30.61697272,119.0059977,,13.22288863,15.65963784,13.22288863,28.43506139,20.5150004,20.17684106,18.30861503,29.8118823,17.13686367,22.86947999,15.94126853,19.23329256,16.06724427,16.62159425,16.99242803,16.8049656,16.99242803,17.5850379,17.65776782,18.15345728,21.47700929,17.3099633,17.3099633,17.3099633,17.3099633,17.3099633,17.3099633,17.3099633,17.3099633,17.3099633,17.3099633,17.3099633,17.3099633,17.3099633,14.44929483,15.75079381,14.74773121,14.74773121,14.74773121,14.74773121,14.74773121,14.74773121,14.74773121,14.74773121,14.74773121,14.74773121,15.12521065,15.32129072,15.22261929,15.24716781
500,162,104.101336,30.61698017,1174,104.0964881,30.61680828,465.079489,,108.5436733,173.8013315,63.70951904,72.60564442,67.86729471,72.60564442,79.51964666,89.29526189,88.58656933,112.3681987,67.9420471,117.0829483,122.5087434,117.0829483,74.91213246,117.0829483,130.8036063,148.1669168,203.5606274,90.50195462,192.4466851,81.01384646,187.0710794,141.1906812,187.0710794,113.3828099,87.20240419,67.37570062,117.0011293,177.7373843,218.5752168,90.74721737,201.0292131,161.3337842,125.4146937,109.5199451,252.4049488,156.7683671,133.7289265,95.31040759,127.3221415,75.69105608,79.350055,69.04272826,141.0915303,92.71543114,92.71543114,84.34438062,77.3597566,96.22334255
501,162,104.101336,30.61698017,1272,104.101364,30.61877708,199.1673978,,25.42562525,29.1217857,28.52039109,36.13404194,31.03907498,31.03907498,31.03907498,31.03907498,31.03907498,31.03907498,31.03907498,31.03907498,31.03907498,31.03907498,31.03907498,31.03907498,31.03907498,31.03907498,31.03907498,31.58601903,31.58601903,31.58601903,31.58601903,31.58601903,31.58601903,31.58601903,31.58601903,31.58601903,31.58601903,31.58601903,31.58601903,31.58601903,31.58601903,31.58601903,31.58601903,31.58601903,24.72422869,27.10784998,27.10784998,27.10784998,33.42669613,31.58601903,30.73966268,31.58601903,31.58601903,67.85513866,52.72078177,47.43126562,49.93634119,49.28558833
502,163,104.1381502,30.61375537,15,104.149224,30.61054808,1119.4482,,120.298911,264.2631816,99.89705068,144.61771,99.54161834,99.54161834,105.5865805,94.26932211,83.66810076,186.1438115,93.39351408,120.8844856,146.7237932,141.9018845,114.7607077,195.1580397,119.7626603,112.4916544,94.47452993,88.18410328,222.0393124,108.7722947,138.9659834,122.1216218,126.7299849,143.2348039,175.9831231,259.1648566,121.5323739,222.6526807,115.1432434,244.2432436,98.29301268,322.4010816,146.5459462,97.73678707,232.50078,97.73678707,94.63828228,474.1192376,134.333784,364.7071059,120.779626,321.1166151,103.8663278,103.8663278,274.1505796,250.3113988,114.083893,99.13932399
503,163,104.1381502,30.61375537,245,104.1414436,30.6184338,607.0437569,,56.32364755,67.00981295,50.98778068,57.2832903,51.82519751,53.97848508,60.3689924,51.11947427,45.78719747,57.2832903,50.64454939,65.55209278,57.2832903,66.24804926,58.16418076,74.3318886,57.2832903,57.2832903,51.23075242,47.81963949,57.2832903,57.2832903,66.52534322,47.37046658,59.06371689,59.06371689,69.17056458,59.06371689,59.06371689,51.31829515,59.54652656,60.1111025,53.30140304,59.06371689,71.82851992,52.99977829,59.06371689,54.23674461,56.17885668,56.9633315,63.53291799,54.80520438,58.99462409,61.04350628,56.32364755,56.32364755,65.98965852,59.54652656,57.46740639,53.95944506
504,163,104.1381502,30.61375537,284,104.1369858,30.61186495,237.384053,,17.25557982,26.00809305,16.7404511,27.85492904,16.80034582,21.73522804,22.73797933,24.20913855,18.81477129,21.02271109,16.48182432,26.00305867,29.2331559,25.90625512,23.32800521,23.28298578,21.78205414,12.66986791,12.66986791,12.66986791,12.66986791,12.66986791,13.11715412,12.88963184,13.00239773,12.88963184,12.88963184,12.69339162,12.79075908,12.74188934,12.76627744,12.75407173,12.76017167,12.75712097,12.75864614,12.75788351,12.75826481,12.75807416,12.75816948,12.75812182,12.75814565,12.75813969,12.75813969,12.75813969,13.31125531,13.31125531,18.65900853,15.53786529,16.95600379,16.57774182
505,163,104.1381502,30.61375537,428,104.1365144,30.61517896,222.4363981,,21.13898124,27.00176297,19.24882169,26.10095332,21.25546119,21.25546119,21.7911439,22.75187025,17.37894362,24.00196855,19.95243369,24.18622606,24.40754991,26.49366528,22.6313057,24.22755096,20.9900664,21.64977447,21.29861923,17.52234208,22.13603409,21.29710195,27.5381834,22.87917238,23.84387614,23.6215644,23.6215644,21.64246036,23.6215644,25.56740208,22.87917238,23.6215644,19.53100081,23.64481397,25.70005991,23.64481397,25.3573343,19.99012357,18.80479921,21.64246036,24.50089852,20.08203218,23.99913186,25.10254022,22.05790915,20.63842869,27.05307544,26.19038539,26.61474144,21.45880392
506,164,103.9721281,30.75869493,94,103.9772319,30.75266673,827.6900126,,71.88622546,54.93138003,58.54068042,59.37325769,78.6850513,109.5505639,87.53439888,78.3104359,99.43915915,109.1964093,109.1715248,109.1839656,111.8080317,109.7999699,85.65766238,105.0993525,115.1575424,107.213944,121.3970776,125.705333,118.3084987,101.3610285,128.4279297,130.3261773,88.49823006,87.02095659,96.58619272,85.573143,84.87703578,82.68435208,86.82906397,152.0246962,86.03789999,87.1737707,85.57972476,84.84444969,81.38618961,80.29140826,75.62649861,75.62649861,91.07541656,86.65020852,84.59504002,85.61029192,85.09963805,85.3542012,85.29041774,85.25856175,99.65498479,85.27050497
507,164,103.9721281,30.75869493,178,103.9619529,30.76609451,1273.221246,,87.26227602,76.48888587,74.7663283,72.8558452,91.20242722,149.5626436,125.6715267,112.9350781,164.9789524,174.8366018,149.0998688,160.8737769,162.5756709,159.7858073,162.5775226,171.5858188,154.1832186,178.2859605,197.221803,197.6250113,158.0777636,123.4292462,168.4812401,179.3843242,127.3941586,185.6383951,135.0613583,131.6356874,130.5648777,127.1919102,137.3849228,148.7270247,146.0907246,152.3478881,146.0907246,134.6449302,131.4104497,127.5759639,123.9594061,112.288008,145.7701693,126.8030108,133.3907182,139.1244094,139.1292854,114.1480344,98.57196743,98.57196743,98.57196743,98.57196743
508,165,104.0400009,30.74081135,33,104.0422933,30.7410774,221.4271661,,20.16156302,15.92152726,16.61857814,17.01468085,16.72755718,20.59011694,20.20628132,19.40024302,19.55366634,20.84020387,19.45029194,21.01533163,19.80891463,19.55366634,12.91957533,12.91957533,12.91957533,12.95106089,12.95106089,16.4048252,16.35713676,15.09492437,22.54986699,22.54986699,29.30653669,17.26963996,15.45964214,16.31459272,15.87561534,16.09211086,15.98313001,16.0374353,16.01023661,16.02382441,16.02382441,16.02382441,16.57251139,28.11773538,28.11773538,37.52708346,47.04178798,47.03203029,47.02715297,47.02959152,47.02837223,47.02898185,24.11915337,23.12219556,23.61015482,14.62218947
509,165,104.0400009,30.74081135,123,104.0354305,30.74630622,749.885223,,74.36878245,74.36878245,97.82588446,87.62876946,36.6625641,112.9534227,122.708491,100.2864844,55.44248097,121.3297439,42.73752194,41.0739719,119.2268085,79.16676841,238.901487,218.8854165,68.74279392,143.8820415,70.9484048,67.42645777,73.18432539,82.46160528,51.11240396,128.8585586,91.30507787,97.3408703,91.30507787,100.7935334,146.187011,352.1200177,128.961153,99.56217176,92.76930594,115.6965773,102.9721603,108.9641495,105.8834504,178.780583,106.6371777,107.4017128,107.4017128,95.41634443,193.1725798,204.5141517,83.96848531,150.1856358,115.6139958,215.9669442,210.2481934,115.6139958
510,165,104.0400009,30.74081135,246,104.0191754,30.73334897,2158.517894,,261.6385326,261.6385326,336.3923991,336.3923991,211.7965577,203.8016146,215.7661679,254.6566055,165.1178962,196.1492934,164.4357197,161.319702,194.7131178,286.5054476,323.6376178,374.49388,220.3662366,323.813322,194.3769327,228.5489535,304.0872073,277.7549853,352.3461201,315.1359851,429.7141615,328.1941828,338.8528761,328.1941828,266.2423464,260.105922,260.105922,444.0379668,444.0379668,444.0379668,444.0379668,444.0379668,444.0379668,444.0379668,444.0379668,444.0379668,444.0379668,444.0379668,444.0379668,444.0379668,444.0379668,444.0379668,444.0379668,444.0379668,444.0379668,444.0379668
511,166,103.9499056,30.68406085,354,103.9299735,30.69461569,2239.113637,,210.4649894,190.6755551,226.4272217,289.9571616,289.9571616,289.9571616,289.9571616,289.9571616,289.9571616,569.6684872,401.7014498,401.7014498,401.7014498,324.3786355,272.1407526,272.1407526,272.1407526,110.2709862,264.7227945,264.7227945,310.031119,293.1203307,506.9691254,308.2527378,303.0379358,313.6501593,303.0379358,308.2527378,272.5087591,336.8026084,336.8026084,336.8026084,364.7424929,199.3604887,257.8083931,224.8482313,240.2029032,224.8482313,224.8482313,125.9501421,224.8482313,256.9864748,270.1947182,256.9864748,284.8342436,347.0746649,329.0965693,320.7883236,324.8893394,323.8542864
512,166,103.9499056,30.68406085,574,103.9536277,30.68984807,733.8491381,,93.29688865,102.2489365,84.04634881,77.65599345,61.08731987,95.03082364,79.09751189,79.09751189,79.09751189,79.09751189,79.09751189,79.09751189,79.09751189,79.09751189,79.09751189,79.09751189,79.09751189,79.09751189,76.53119633,77.15703555,77.4738093,77.31509796,77.39437226,77.31509796,77.31509796,66.60143438,71.55948438,68.99149696,70.25203099,69.61605834,69.9325988,69.77396955,69.85319412,69.81355937,69.83337111,69.82346384,69.82841714,69.8259404,69.82717875,69.82655957,69.82686915,69.82679174,69.82675306,69.8267724,69.82676273,69.82676757,69.82676635,69.82676576,69.82676605,69.82676598
513,166,103.9499056,30.68406085,764,103.9583001,30.68082983,880.2680957,,253.5172116,131.4923296,158.5804076,161.9573327,155.3414287,98.11037599,120.2643319,108.0636025,110.8756665,113.8379935,137.2217654,172.6956482,191.8923531,157.0182694,143.9387202,150.1942771,150.1942771,150.1942771,153.0901036,130.2784503,115.0259581,86.82096286,195.8569311,120.3099903,149.0576267,149.0576267,155.8124303,163.2085053,171.9926808,163.2085053,102.3347194,125.7941837,112.8582334,118.9756175,115.8362159,117.38493,116.6054308,116.993882,116.993882,133.7494528,278.5903424,252.5071828,179.5447674,211.264343,118.0247726,117.5432175,117.7835029,121.7155258,146.0352601,152.4151572
514,167,104.040772,30.70958471,235,104.0428838,30.70972262,202.805409,,29.36056859,21.52098666,40.2813502,29.43949485,34.01744775,56.45099015,22.81560851,30.6335443,28.76672468,23.70452832,28.81971602,20.1406751,28.66882745,30.98017563,30.98017563,33.23669828,18.98828277,17.38332077,40.63633426,36.59646478,36.59646478,26.35738168,30.64425907,30.64425907,30.64425907,31.88207303,31.25091375,27.76043621,45.20739767,38.97328145,41.85950152,38.97328145,38.47932971,37.99774207,29.24296952,33.05041802,31.0303358,32.00853637,32.00853637,32.00853637,34.76664154,34.76664154,34.76664154,38.52767664,36.55066195,37.51313924,37.02564678,34.1976977,31.77108235,33.18633965
515,167,104.040772,30.70958471,313,104.0388274,30.70856721,217.7093658,,56.48675437,56.48675437,56.48675437,56.48675437,56.48675437,56.48675437,56.48675437,56.48675437,35.70631968,39.2859006,40.92708704,41.41367064,41.16894114,41.29094327,41.29094327,63.46183942,51.77563778,44.21741703,62.45049537,44.21741703,31.03975116,36.47486757,33.5385383,34.9451288,33.5385383,33.5385383,32.98626755,33.26011052,33.12262304,33.1912244,33.15688823,33.17404744,33.16546562,33.16975598,33.16761066,33.16761066,33.16761066,31.79528263,32.46695156,32.12760696,32.2963879,32.25402663,32.25402663,32.25402663,35.0672804,30.45675066,35.0672804,42.36506578,38.372275,40.26994049
516,167,104.040772,30.70958471,1163,104.0404398,30.71284378,362.6073537,,61.21390262,43.97091279,34.30713465,43.97091279,51.32581154,54.24043517,69.55878187,57.50601204,60.10989132,61.50230734,60.79812801,61.14819041,60.97265676,57.17934042,53.83037003,38.3937198,49.44645732,65.8573356,58.88961533,55.46968018,52.42515957,45.16908212,48.52737819,46.78804564,47.64184209,47.64184209,54.77912183,100.6724786,64.43171142,78.16685469,81.58665458,64.11524918,71.80343638,67.74190313,69.71356333,68.19183071,68.19183071,68.19183071,68.19183071,68.19183071,75.45586551,71.64018278,71.64018278,39.25974356,50.72276054,44.26110591,47.27214338,47.27214338,54.27802384,62.65855073
517,168,104.0708018,30.69481683,665,104.0672515,30.69482107,340.0459077,,58.56316064,58.27401721,41.78717591,47.81895577,68.22396069,37.60876399,57.10613905,55.88732437,47.65606882,48.82280536,48.18757819,57.55699172,41.34413107,42.22624616,51.41321642,38.50333061,59.80289535,40.88216298,46.18329732,62.20130173,47.93598699,54.43422633,52.34271588,51.50043196,47.14372019,39.97056816,39.0117341,42.50573846,39.84110131,50.8615287,38.22801404,50.69444642,40.63625255,41.95340057,42.11540024,44.5760973,36.43090856,39.21347655,42.7727656,40.41296685,33.44713846,46.41384901,37.12806271,44.24533683,44.52245972,43.28731498,38.79697978,41.68529807,42.82628871,139.904602
518,168,104.0708018,30.69481683,666,104.070802,30.69064995,461.8181134,,60.25169878,45.15331907,59.01828925,43.01539995,52.14075473,49.3092993,43.57916666,72.8387824,42.2144361,46.28466615,44.67873059,62.2676108,51.41229867,36.38750729,34.07553204,28.81360846,44.51258924,44.39373053,54.50967896,45.54918379,34.26918863,40.54988313,58.66426282,49.30708355,53.33228855,32.20426553,57.78900456,51.34682715,46.19690837,61.03572047,46.79930213,37.82195794,50.48214196,57.62721692,36.24735192,40.634834,60.92698885,44.43822809,48.83210055,51.27356078,37.30467931,50.35472614,50.35472614,50.35472614,33.79156927,58.26677132,41.63301857,43.40849108,43.95941852,58.6177244
519,168,104.0708018,30.69481683,1027,104.0707428,30.69704092,246.5623188,,22.66826134,34.68788158,27.29751966,22.80345145,27.04306888,37.29514066,26.79331795,38.05463441,33.8787919,28.88148637,63.69124476,28.86156614,37.60588961,30.67826087,41.53322483,41.53322483,40.86847468,40.22466832,37.24910865,28.59351327,39.89322911,33.71053614,27.19992894,34.51349531,36.51805545,22.38962761,36.48857908,45.78333192,40.97001806,35.73588269,28.32467005,34.47552976,36.47771292,33.30104988,32.13701476,29.0548068,33.31923227,20.17786651,35.76426483,47.26434226,39.44997101,20.24228843,29.81940697,24.65623188,31.04667183,28.58693551,25.89503769,45.45903648,36.21478367,16.81903075
520,169,104.1476634,30.68782026,55,104.153472,30.68495031,640.8767311,,41.96101059,35.03654111,41.96101059,53.23834393,46.93171975,56.71475496,41.93876359,41.93876359,41.83420185,32.26721419,52.97718099,39.64185966,56.2446668,65.35853348,47.79004304,41.75848384,46.15851081,47.02084712,49.58072132,67.55947971,60.08219354,56.37030933,65.05904073,52.88610274,62.69446283,62.69446283,70.18299294,70.15131665,70.15131665,62.52455913,52.15876938,59.70261453,55.56457601,80.95285024,43.49022115,43.57235566,66.06030729,56.92074709,56.85766838,56.88919024,56.87342494,46.67207482,56.87736545,55.15114499,54.97592292,58.80602121,55.67387638,55.55632271,72.32464677,55.68357761
521,169,104.1476634,30.68782026,85,104.1583536,30.69959817,1658.984337,,104.8699493,99.42858401,99.70523561,182.3996106,119.2260832,141.2458088,110.692131,115.9678371,108.6303892,108.2600051,169.0285928,137.2111414,90.13497756,149.6292244,107.1753004,137.4758477,105.6304141,119.8864559,148.3651291,117.0396725,113.758926,125.5294572,96.40586946,187.4558573,165.7574248,173.0346093,160.4053847,183.1568313,160.7860822,107.6582896,96.95363008,112.6792561,110.0034953,156.2622609,123.1411054,122.7614309,153.7162603,101.3292096,122.5210364,106.1309729,128.9923027,242.7781957,110.530727,117.8267544,87.57102072,111.1248553,109.4236646,108.7678473,103.7991503,113.4348265
522,169,104.1476634,30.68782026,99,104.1409475,30.68134439,963.8123125,,57.37452377,89.42588466,152.0475164,173.4862163,95.21310747,69.45004654,86.47288037,70.95550767,79.44417459,91.30853487,95.22492854,69.11801444,72.53319569,59.8916742,90.38509582,49.40281431,82.79318334,71.11415609,93.10530388,71.36203989,82.3293407,109.8330002,77.64176759,78.95706429,78.34861378,77.70939138,69.20072447,72.13564085,70.81070051,126.8637779,104.8387055,105.2893966,74.51575084,67.27531411,65.34320763,72.89336817,65.90169658,75.26516974,60.37803349,98.09142239,81.72298208,70.40836698,84.35310353,69.58933664,86.04400062,65.83917125,89.08149743,54.44840055,93.12424398,61.92250432
523,169,104.1476634,30.68782026,378,104.1372523,30.69613294,1357.614927,,88.88900402,81.36648841,105.456654,95.51948671,95.51948671,95.51948671,95.51948671,120.8260504,113.3203842,109.9067039,109.9067039,109.9067039,82.14140735,104.5063522,120.9755876,112.1395121,120.9755876,120.9755876,168.2414367,153.270521,146.7416397,149.9350394,148.3211528,149.1237297,148.7213585,148.9222723,148.8217476,148.871993,148.846866,148.8594284,148.8531469,148.8562876,148.8547173,148.8555025,148.8551099,148.8553062,148.855208,148.8552571,148.8552325,148.8552448,148.8552387,148.8552402,148.855241,148.8552406,148.8552408,148.8552407,148.8552407,148.8552407,148.8552407,148.8552407
524,170,103.9954272,30.63381597,225,103.996384,30.63202614,218.5365629,,11.79507686,11.79507686,11.79507686,11.79507686,11.79507686,11.79507686,11.79507686,11.84836787,85.51430722,20.89592633,33.58512813,25.76280398,29.15845732,28.22830302,27.78513042,28.00496355,27.89461387,27.9496798,27.92211969,27.92211969,12.36027693,17.13528294,14.36126952,15.62611761,14.96701834,15.28946815,15.12652503,15.28946815,15.28946815,67.82169193,13.8868745,12.71999396,10.25057494,11.35254872,10.77345603,11.05542423,10.91261901,10.98355746,10.94797332,10.96573652,10.95684772,10.96129032,10.96129032,12.92903248,11.86412421,12.37370853,12.37370853,12.37370853,38.37715251,25.15912741
525,170,103.9954272,30.63381597,469,103.9938527,30.63635869,319.6698727,,17.43653851,18.58020653,20.4135085,18.58020653,17.08703106,17.8023636,16.09526632,18.86576298,18.81179472,18.75813434,17.63020363,16.73907697,19.11647079,21.3905491,19.11647079,17.76629165,19.11647079,19.11647079,19.75303024,19.75303024,22.93747882,27.34601684,41.74648881,38.718893,41.74648881,41.74648881,44.14313547,27.99217279,21.05509878,19.79039625,22.67162218,28.75231834,20.22515891,19.67619648,19.15624705,18.22346068,26.54697905,18.41298467,20.87639985,21.1268838,32.72449881,73.27980469,66.71371256,75.9383741,80.75870468,118.6403651,67.45671405,38.16953704,57.25430556,46.73346362
526,170,103.9954272,30.63381597,1171,103.9992384,30.63572543,422.1405494,,89.13231542,91.99188728,89.39446928,89.92343064,80.8784448,90.45868916,126.2913555,93.17633218,98.70357074,104.9279156,119.2861835,104.9279156,94.74476171,99.57667211,99.57667211,146.9328985,73.41574772,90.27956306,80.97900413,88.56095442,88.56095442,88.56095442,104.3276415,74.59987269,86.99420889,116.2299027,55.06181079,125.2849116,125.2849116,131.6902927,138.785934,183.9028136,118.9012012,162.101971,125.2504927,122.3166508,95.27937165,119.5171065,141.4619927,119.5171065,129.1971207,140.5833467,106.4219872,107.6109662,185.3299973,96.3872713,96.3872713,76.55949511,144.596192,129.0620788
527,171,104.0534762,30.66779109,1454,104.0537252,30.67093727,349.507551,,52.35341957,45.25997063,38.03288897,52.96056544,55.23385354,62.70022576,44.03150778,46.17750936,41.30752408,66.36802728,43.53727279,55.57131469,66.69416908,36.80222506,49.63420843,72.9407063,56.91904825,62.04955973,44.32841922,45.82036357,33.09382387,46.27836894,50.83434998,46.07203162,37.97848426,43.35995933,53.15383395,49.04865919,48.52399474,50.02126419,56.94808151,52.77798589,46.15935862,105.1218084,72.57607287,49.66686252,49.45861571,38.22946247,49.484551,34.09829766,45.67988969,43.51217925,75.70560671,63.22749666,41.30911958,55.08186546,43.73906779,54.81552744,32.64412995,51.07823479
528,171,104.0534762,30.66779109,1460,104.0497155,30.6693854,401.2949579,,88.95701037,107.73019,107.73019,116.0370963,59.86167881,89.95403789,48.0752695,87.95505927,87.29074613,63.11520013,40.5045378,49.42635845,167.9839359,88.26854469,45.64492412,70.81675728,65.32005342,67.95743702,67.95743702,87.55526354,61.73768583,37.5724798,56.21252329,56.21252329,56.21252329,56.0815935,79.66885195,76.03483413,72.23309242,45.97173742,57.21433063,90.29136553,65.18496778,48.23578793,81.61931347,56.21252329,56.21252329,56.21252329,56.21252329,56.21252329,56.21252329,59.45110487,59.45110487,59.45110487,48.44607138,49.75587561,47.21117152,207.8650142,48.10194834,71.08681749
529,171,104.0534762,30.66779109,1888,104.0537493,30.66266858,568.33417,,104.3879088,70.99247092,106.6293002,100.2123924,91.52800812,96.96696739,113.8127478,70.87770249,105.8459913,139.4209889,81.19059571,65.09023369,59.44227228,111.6813871,81.6360304,64.28917555,52.59647846,88.00012955,136.218576,93.05451941,78.81367535,74.55071705,56.6236996,97.19729273,95.95636847,115.5933905,117.223619,79.0573034,155.0002282,119.3004672,69.04397117,204.6003012,54.77919711,101.7911946,92.03792227,58.09207871,60.71225555,99.85914917,76.77309614,48.97087152,76.77309614,165.0002429,88.47580592,70.49105984,104.3879088,90.49106643,163.0281284,290.2131932,91.33942018,74.3325345
530,172,104.0873989,30.672681,1491,104.0917234,30.66939289,551.763024,,109.7429219,80.3646751,71.49418908,57.74264205,74.98006491,70.81450575,66.5442843,78.82328914,57.74264205,57.74264205,57.74264205,83.29771806,57.74264205,70.12698628,57.74264205,57.74264205,77.93358704,77.55380718,74.32542138,103.5326002,57.74264205,71.32304799,92.35754369,115.1505441,162.8153186,100.3205498,78.66720342,71.06786713,81.91121181,63.36034725,57.74264205,57.74264205,66.54985799,75.88717809,70.6885013,57.74264205,78.92769084,62.85907868,61.84143482,69.69638198,64.78978701,109.2149491,117.6658652,66.48065123,115.4328527,65.55600285,57.74264205,62.0733402,59.56062628,57.74264205
531,172,104.0873989,30.672681,1738,104.0868417,30.67168591,122.5245309,,10.82868195,10.36635279,10.36635279,10.36635279,10.5074189,9.763991394,8.830596822,10.67041575,12.11781075,11.56700117,11.56700117,11.56700117,10.96212019,11.17504431,10.75551889,10.9612689,13.48394584,14.45586063,12.02215883,12.93859046,11.25225284,12.96307853,12.03664456,11.17787716,11.17530928,11.17530928,11.23314884,9.431681637,8.275578072,11.9172796,14.29011807,10.34811287,10.51148791,10.34811287,10.7386077,9.892645052,9.679622795,9.784974669,9.732013624,9.758422289,8.665782146,10.30580166,10.11081631,10.57343135,10.20292779,10.24961578,10.23790377,9.672989282,11.05484489,10.31785523
532,172,104.0873989,30.672681,1856,104.0877571,30.6732325,70.09905097,,17.2846975,30.40440765,22.03987629,25.55509706,23.66767489,24.57519985,24.11290138,24.34185583,24.22683769,22.82075854,21.56893876,20.43373146,20.77008918,20.77008918,14.46169533,17.05112051,17.05112051,17.05112051,26.56385089,27.20825698,23.97687254,21.84905485,21.84905485,20.51679541,20.51679541,20.51679541,11.21584816,14.62936716,14.62936716,14.62936716,19.48699486,14.62936716,14.62936716,13.05292673,13.79625969,13.41430344,13.66551896,13.66551896,13.66551896,13.66551896,13.66551896,12.74528199,17.01280339,22.53183781,24.26505611,23.36635032,23.36635032,10.17566869,14.17733615,12.90826514
533,173,104.1534238,30.63133569,370,104.1515025,30.62822194,391.1443351,,48.61172403,48.61172403,48.61172403,48.61172403,48.61172403,48.61172403,83.32068677,61.40056424,65.72320216,68.12108558,66.90066425,67.50535941,67.20165158,67.27732202,67.31522122,67.29626629,67.30574244,67.30100401,67.30337312,67.30100401,64.10256174,65.66285688,64.87332885,65.2657052,65.06892551,65.16716679,65.11800909,65.14257868,65.13029156,65.13643453,65.13336291,65.13643453,65.13643453,83.32068677,73.11488209,77.88487277,75.42453686,76.63496287,76.02493224,76.32872871,76.1765276,76.21452096,76.23353183,76.22402521,76.2287782,76.22640165,76.22699577,76.22729284,76.22714429,76.22718142
534,173,104.1534238,30.63133569,553,104.1510429,30.63182274,234.484803,,51.39392942,50.39673378,52.43138452,52.43138452,54.57835931,53.48333417,53.48333417,53.48333417,46.02336887,46.02336887,48.87692879,52.107734,61.16994861,58.62120075,57.42484971,58.01685847,57.71933612,57.86771488,57.86771488,64.60295591,57.86771488,58.14173333,29.36157533,58.41835922,39.0808005,58.41835922,58.41835922,68.62969844,60.83930024,40.07018785,63.46957074,87.93180113,72.45882324,79.44896855,75.79306764,77.57797044,76.67513286,76.67513286,76.67513286,67.89372314,67.89372314,63.46957074,65.60714694,64.52065919,64.52065919,64.52065919,59.85077393,59.85077393,59.85077393,66.58828918
535,173,104.1534238,30.63133569,562,104.1567215,30.62997401,350.2268409,,83.31387407,96.24554406,49.4437893,50.09867392,62.35235743,54.54145467,58.46135829,34.13185839,45.61633988,67.09232949,36.94604072,49.08288573,47.54532432,46.95778872,55.82951856,70.04536818,70.04536818,70.04536818,70.04536818,59.89627683,55.85012745,57.80248148,56.80953544,57.30170725,57.30170725,57.96441645,58.64263383,93.39382424,58.64263383,55.78834634,57.17989239,56.47554881,56.82553813,56.65000291,56.73763475,56.73763475,56.73763475,97.30668565,48.74291084,64.95069097,55.69153742,57.74968806,58.83688349,58.28821661,58.83688349,58.83688349,66.18459986,66.18459986,66.18459986,57.90202651
536,174,103.9663699,30.61838763,118,103.9721097,30.60924975,1152.580029,,113.0596214,109.1917922,117.2115284,150.3365255,252.4921768,87.86210915,118.9120718,122.9418698,120.2692204,115.5468701,110.0606924,146.2304178,144.4899908,110.6181846,172.5275719,114.0959149,120.900003,92.61803804,123.9495336,190.6257934,107.355449,134.5805994,134.1617688,121.7246235,149.8726985,153.2673628,129.7159235,113.2997359,196.2906189,115.3781885,133.9920809,171.1046641,216.3175473,173.2479376,117.9333426,173.6217913,221.1479336,210.2901795,130.0346699,155.113574,127.6704032,206.432244,145.0292941,151.5952421,119.5932585,194.1187417,110.4023443,152.5473568,151.0296568,189.6431148
537,174,103.9663699,30.61838763,229,103.972055,30.62091828,612.8852385,,60.11953293,57.01258033,55.49495348,78.58902435,70.51975577,50.01254685,62.01163406,76.81068263,59.63207726,59.63207726,59.63207726,51.07376988,59.63207726,60.01052199,59.95616464,60.06497801,52.00676155,59.83421989,59.83421989,96.98403774,87.97395768,87.97395768,87.97395768,87.97395768,87.97395768,87.97395768,71.86927878,87.09421811,87.09421811,87.09421811,87.20896674,63.36550427,79.4378707,93.75581553,72.93840855,72.93840855,72.93840855,61.63091784,66.80959451,64.11585495,66.80959451,70.39520516,68.55554796,77.96419995,61.97715895,134.6726465,106.8468212,81.21669417,86.33687706,70.29508112
538,174,103.9663699,30.61838763,394,103.9642428,30.61742585,230.0838524,,21.97087185,21.97087185,19.75675298,25.35617965,21.8261362,25.13814472,18.12476737,34.32190064,31.37507078,23.7335779,25.68377887,25.67714395,25.68377887,21.17516494,22.78057945,17.38304027,22.78057945,40.01458303,22.39864437,18.88943828,27.30665501,18.88943828,18.57179078,18.88943828,21.21131546,38.61547173,24.18399616,24.83663774,24.50597244,24.83663774,24.71927984,27.84207962,24.6030258,26.12252937,26.12252937,26.12252937,38.86460381,31.24439268,34.64037438,34.64037438,34.64037438,34.85141102,34.85141102,34.85141102,34.85141102,28.45583288,21.8261362,21.04425479,23.82459833,23.06283917
539,174,103.9663699,30.61838763,532,103.9616424,30.62666907,1023.613396,,138.1878084,130.9061537,112.3478118,143.3058755,136.6082753,136.6082753,136.6082753,136.6082753,157.703633,157.8161981,148.180225,152.483099,152.483099,248.9870423,189.1364359,214.9737419,189.1364359,171.8620237,157.478984,171.4843538,168.5217176,169.3607764,168.5217176,170.2082321,238.7694315,198.7420166,216.9246932,207.4356689,212.07409,209.7292365,210.8951457,210.3105752,210.3105752,210.3105752,144.2273278,171.1102368,156.522882,163.4918198,159.9314699,161.6920481,160.8069403,161.0273075,161.1377178,161.0824938,161.110101,161.0962962,161.0962962,161.0962962,122.7881304,130.5491705
540,175,104.038784,30.60794039,334,104.0364277,30.60445821,447.1794015,,52.04243035,33.39351797,63.13120962,63.13120962,63.13120962,63.13120962,63.13120962,63.13120962,63.13120962,59.18550902,78.81742205,67.60507487,72.78195402,70.09806375,70.09806375,49.44243997,57.98569023,53.37436299,55.58455098,55.58455098,74.44373852,70.78579072,67.47048807,109.1420912,85.02706931,90.69554059,87.76987797,89.20872846,88.48345423,88.84461117,88.66366495,88.75404583,88.70883237,88.73143332,88.72013143,88.72578204,88.72295664,88.72436932,88.72295664,85.52856247,82.5561972,61.9171479,61.9171479,60.1811531,61.9171479,81.10054637,68.35863462,68.35863462,68.35863462,68.35863462
541,175,104.038784,30.60794039,473,104.0410529,30.60553353,344.1873759,,47.62008275,24.3938124,43.62938568,24.62934008,68.08101941,68.08101941,68.08101941,68.08101941,68.08101941,68.08101941,68.08101941,68.08101941,68.08101941,68.08101941,65.30037171,62.73795206,54.76572611,58.48139484,56.56260443,57.03040015,57.2672117,57.14856059,57.20782463,57.17817725,57.19299711,57.18558622,57.18929142,57.18743878,57.18836509,57.18790191,57.1881335,57.18801771,57.18807559,57.18804666,57.18806112,57.18805389,57.18805751,57.18805569,57.18805661,57.18805616,57.18805637,57.18805632,57.18805629,57.18805632,57.18805629,57.18805629,57.18805629,57.18805629,57.18805629,57.18805629
542,175,104.038784,30.60794039,975,104.0364116,30.60942077,280.4339864,,38.31356171,41.17606919,33.54027744,47.9602067,41.8211413,38.15428386,40.57726491,40.57726491,63.57445536,39.56482107,73.53732005,36.44629426,55.16734159,25.05117496,35.80008337,55.39436768,40.02670115,44.30063949,32.04959845,42.32965832,45.22115794,30.87346639,48.53665149,35.48549564,50.41509868,41.23467738,42.12360296,43.0516994,32.81351086,43.26695791,33.76462713,62.96646681,37.1504085,30.50037314,41.2908937,61.68405402,41.2908937,42.8007356,38.32395042,44.42518596,56.08679728,51.77242826,34.33885548,44.40890108,44.40890108,44.40890108,38.06078609,33.68951115,41.40378747,44.53951548
543,175,104.038784,30.60794039,1149,104.0393534,30.60919966,149.8594526,,21.23992242,75.98507456,33.19963258,46.2093387,38.63878456,42.08632116,40.28893568,41.16801941,40.94467151,40.83390392,40.8892127,40.86153958,40.87537147,40.8719126,40.87018341,40.871048,40.8706157,40.87083185,40.8706157,27.80897059,33.63429111,33.63429111,33.63429111,33.63429111,59.94378104,43.09057742,50.13885031,46.34828431,48.16910976,47.24115844,47.70062152,47.46977821,47.5849199,47.52727932,47.55608214,47.54167637,47.54887816,47.54527697,47.5470775,47.54617724,47.54662737,47.54651485,47.54645858,47.5464867,47.54647262,47.54647966,47.5464779,47.54647702,47.54647748,47.54647735
544,176,104.1028369,30.61923815,1144,104.1020303,30.61979848,99.16646842,,12.1325161,11.85059872,12.54830532,54.92296712,54.92296712,54.92296712,54.92296712,54.92296712,54.92296712,54.92296712,54.92296712,41.99991604,47.59990484,47.59990484,71.39985726,57.11988581,63.46653979,57.11988581,57.11988581,37.18742566,37.18742566,37.18742566,69.54531552,48.46144158,50.04662892,50.04662892,50.04662892,50.04662892,50.04662892,50.04662892,50.04662892,50.04662892,50.04662892,50.04662892,50.04662892,45.47761609,40.41501355,41.67306844,40.41501355,34.16261113,37.02671941,36.26659417,35.89811615,36.08141442,35.9895319,36.03541459,36.02393295,36.01819487,36.02106368,36.02034644
545,176,104.1028369,30.61923815,1240,104.1041129,30.61840661,153.1367922,,26.6324856,22.92276307,31.77478109,18.53083872,26.27704728,25.5227987,41.45056029,41.45056029,41.45056029,41.45056029,41.45056029,41.45056029,41.45056029,41.45056029,41.45056029,41.45056029,41.45056029,41.45056029,41.45056029,41.45056029,41.45056029,24.2860111,31.41267532,31.41267532,31.41267532,31.41267532,31.41267532,31.41267532,31.41267532,31.41267532,31.41267532,31.41267532,35.33925974,33.26047975,34.26837308,33.75690482,33.75690482,33.75690482,21.79021549,26.48454956,23.90913934,24.50486477,25.13103524,25.13103524,42.08339328,31.46941103,33.58719342,34.75669605,34.16193845,34.30871136
546,176,104.1028369,30.61923815,1292,104.1048034,30.62147959,311.8275242,,55.91925714,40.19978826,61.009733,50.09650073,62.28476534,66.82018376,74.50746152,80.35161974,76.62655885,70.75078279,62.88958471,62.88958471,59.87088465,76.75754442,58.31579673,58.31579673,58.29686918,59.42519568,62.36550484,62.36550484,62.36550484,62.36550484,69.89907143,65.91773853,69.89907143,69.89907143,78.28306047,78.28306047,82.54257994,80.35641282,81.43482678,80.89202573,81.16251873,81.02704648,81.09472603,81.06087213,81.07779551,81.06933294,81.07356403,81.06933294,81.06933294,76.96238688,76.96238688,76.96238688,83.77455874,76.96238688,65.99639251,65.99639251,65.99639251,79.61553809
547,177,104.1497085,30.58671198,121,104.1526008,30.59079768,530.9788349,,45.08310862,45.81243393,40.70783888,59.74912263,52.35002598,74.61060912,80.17175938,57.13609612,51.28853785,44.07818153,87.76125912,110.4927055,103.7931478,60.83780413,52.00246128,52.99584354,52.51439026,72.1329738,67.85327911,57.48943776,53.16014208,87.81885783,48.11891267,77.70421974,52.88504124,45.72707896,75.70391309,50.23715652,55.72955702,78.34113958,72.1329738,47.6887436,55.98408446,57.00369202,51.49116833,36.91388103,45.162996,51.04202418,35.9308986,35.9308986,35.9308986,53.39451971,41.77052839,55.08714137,55.08714137,73.14504359,43.49314689,43.49314689,38.85210987,48.68352425
548,177,104.1497085,30.58671198,232,104.1409451,30.59204616,1027.36922,,263.5531491,263.5531491,263.5531491,111.513443,70.71757537,63.5122357,90.20802907,74.54207306,77.92529243,79.73474116,77.92529243,78.81963337,63.48316498,77.45610873,106.127093,63.60325352,79.53826219,70.68378771,74.85007219,73.76312505,73.23140435,73.49630301,73.23140435,73.36361455,71.6306493,86.19047832,71.100701,71.100701,71.100701,69.98163088,84.37709184,88.48155962,104.3603045,95.76719814,99.87926524,95.76719814,82.6918138,71.09821592,72.75795132,87.50463387,115.868709,66.20278983,71.78125555,71.78125555,71.78125555,92.19432966,91.47228011,89.41479879,90.43183815,96.73758472
549,177,104.1497085,30.58671198,374,104.1638932,30.57872323,1622.907788,,155.7991476,155.7991476,155.7991476,155.7991476,155.7991476,155.7991476,155.7991476,155.7991476,155.7991476,186.6603207,155.7991476,155.7991476,114.4459948,121.0874205,121.0874205,121.0874205,121.0874205,121.0874205,121.0874205,187.5591665,123.9123656,133.2375835,123.9123656,144.0805928,158.0647423,288.3389531,175.0552221,217.8501249,179.2168109,179.2168109,179.2168109,179.2168109,179.2168109,179.2168109,179.2168109,179.2168109,183.72541,181.4431067,182.5771262,182.5771262,184.3049854,186.065861,186.065861,154.8357254,169.0202903,161.6173731,163.4066343,165.2359567,165.2359567,175.6472916
550,178,103.9619529,30.76609451,16,103.9525507,30.75675243,1371.854501,,94.02226558,82.41428792,78.1158006,77.40012465,98.2676504,161.1488863,115.7742843,119.0062995,177.7594578,188.3807546,154.2532911,142.8739499,148.3457182,146.9388568,146.2453856,146.5913011,146.418139,146.5046689,146.418139,122.2108491,136.3333666,128.8863992,132.5053331,130.6708143,131.5816798,131.1246652,131.352775,431.3254326,131.352775,133.3901885,135.4918026,160.2485341,157.4080065,164.1498967,157.4080065,119.435942,141.5904875,115.3896309,127.1543822,120.9866782,123.9938791,123.2281505,122.848822,123.0381939,122.943435,122.9907962,113.9799138,113.9773707,113.9786423,113.9783244
551,178,103.9619529,30.76609451,108,103.9552436,30.7700213,775.7273466,,47.59080372,43.28242993,45.55240156,44.38841377,52.74232959,66.12193143,76.98671616,70.98965598,109.051229,107.9081349,106.7468107,101.5072673,99.0514368,99.05218892,99.05256499,104.5409918,104.5412013,112.2482868,121.1821954,131.4824354,107.1812429,138.0853731,185.4148773,190.3517261,142.7270589,163.1346291,152.2500314,52.33823061,154.8327014,116.8946312,133.2152446,124.5224471,128.7222535,126.5875255,126.5600999,123.466691,109.1879607,113.257059,107.5983296,55.81515885,98.36117681,98.68978771,98.8549179,98.77228379,98.81358357,54.28885007,84.06697116,84.06964153,49.66126463,78.1669854
552,178,103.9619529,30.76609451,164,103.9721281,30.75869493,1273.221246,,87.26227602,76.48888587,81.24423247,78.79487695,104.0851705,138.6299306,112.4642571,109.7687692,152.9655405,163.6235183,163.5968467,163.6101815,163.6035138,163.6051806,131.7657021,161.6725181,163.6060141,164.9253577,186.7430271,193.3703418,168.721343,155.9219188,197.5584654,200.4785068,136.1352983,133.862834,148.5768715,131.6356874,130.5648777,127.1919102,133.5676489,225.8977621,132.350615,134.0979053,131.645812,130.5147511,125.1949693,123.5108861,116.3349362,116.3349362,140.0997397,133.2925187,130.1310885,131.6928329,130.9073029,124.3302899,131.200776,131.1517725,124.3352701,131.1701445
553,179,104.0161501,30.7362136,246,104.0191754,30.73334897,429.7601915,,52.09214442,52.09214442,66.97561426,66.97561426,40.57683337,55.95431065,42.95897194,50.70204507,34.05468317,125.7834707,125.7834707,125.7834707,125.7834707,125.7834707,91.54654967,105.9682664,98.23090091,101.9529944,100.0573445,100.5246174,100.7598943,100.6421183,100.7009718,100.6715365,100.686252,100.6788937,100.6825728,100.6807332,100.681653,100.6811931,100.681423,100.681308,100.6813656,100.6813368,100.6813511,100.681344,100.6813476,100.6813458,100.6813467,100.6813462,100.6813464,100.6813464,100.6813464,100.6813464,100.6813464,100.6813464,100.6813464,100.6813464,100.6813464,46.0457348
554,179,104.0161501,30.7362136,259,104.0067642,30.74617568,1423.545352,,144.015036,131.4857127,144.9970818,143.1936939,133.6442724,116.0834851,145.1480593,167.9463618,151.5743424,235.3312608,211.597641,216.6328375,218.6743876,254.5061079,250.536045,289.9460044,208.572768,218.6379331,223.4072277,347.8469075,238.3238357,236.4401777,273.921601,264.5228225,306.4202078,209.296608,267.620422,262.5135967,230.0521707,351.8104932,222.7149269,311.8516646,327.8104118,311.8517063,311.851727,203.9190659,311.8517219,311.8517192,311.8517206,199.3970286,222.4867557,311.8517202,311.8517202,212.0077716,336.6018566,302.3459155,241.829175,296.6577868,295.8727891,148.6875222
555,179,104.0161501,30.7362136,350,104.0101252,30.73331802,660.0908925,,55.34923633,52.96420237,63.31244795,58.61444307,60.85344976,41.44756767,72.09912911,101.552445,48.46350537,120.1682535,101.552445,86.09881207,110.8490828,104.6840182,98.60278892,104.6840182,67.38964092,36.72839587,98.60278892,69.89197685,136.5705295,112.0023516,120.4225676,98.60278892,136.1792099,42.51032581,134.0664154,112.0028459,133.5484208,63.79401914,133.419547,136.9641045,134.0034143,135.4675846,135.4675846,43.40323677,136.420462,119.2157231,113.4285066,42.47233625,46.03500994,136.677419,135.496905,49.33551307,60.08412675,120.4219872,70.7240242,138.2553707,67.15950673,67.25454377
556,180,103.9578968,30.69981301,96,103.9579823,30.70105758,138.1830066,,23.77342049,23.77342049,29.00634541,26.79311438,29.00634541,29.00634541,39.09303134,39.09303134,39.09303134,39.09303134,39.09303134,39.09303134,39.09303134,39.09303134,39.09303134,39.09303134,39.09303134,39.09303134,39.09303134,39.09303134,39.09303134,39.09303134,39.09303134,39.09303134,39.09303134,39.09303134,39.09303134,39.09303134,39.09303134,39.09303134,39.09303134,39.09303134,22.8192121,30.77858152,27.82013695,29.22467847,28.50511659,28.86041311,28.68166457,28.77076121,28.7261438,28.73728518,28.7428591,28.74007188,28.74146542,28.74076862,28.74094283,28.74102992,28.74098637,28.74099726
557,180,103.9578968,30.69981301,756,103.953125,30.69762633,517.3137746,,91.06746154,97.50416694,97.50416694,91.06746154,94.29516904,104.9199768,91.06746154,104.9199768,97.50416694,91.06746154,97.76008339,91.06746154,91.06746154,91.06746154,94.89577521,91.06746154,91.06746154,91.06746154,91.06746154,91.06746154,92.19453409,104.9199768,98.79732565,92.19453409,98.79732565,107.6491092,107.6491092,110.5240112,115.1956446,110.5240112,110.5240112,115.1956446,115.1956446,115.1956446,141.605722,132.0056379,123.6059461,132.0029824,141.6210031,132.0023185,123.6059461,123.6059461,126.4024608,119.2526951,123.6059461,119.2526951,114.0201789,115.1956446,116.3955993,115.7925133
558,181,104.0568862,30.69713022,261,104.0638617,30.69710359,668.0956507,,115.0328103,117.2141573,44.24271037,128.6173445,66.71690271,62.38216425,82.50923988,79.34029406,75.49780447,43.92957703,192.9260167,43.69017879,74.46267314,46.88390531,106.1093092,54.06337381,39.36406453,46.27057219,42.53881044,38.83963411,46.29729245,230.1573534,78.1737056,50.38006583,43.97866534,130.7690358,87.2332145,67.14529153,223.7343574,128.127933,67.11250345,177.7200254,383.7996291,75.63346989,152.3046549,229.9373176,44.87209594,106.4896293,97.77009522,81.93148781,109.7571194,84.51812448,79.05411154,96.78649266,74.25368445,124.0831131,112.17152,102.8718709,65.9696734,84.74786267
559,181,104.0568862,30.69713022,1268,104.0546653,30.69292497,512.3204759,,84.79787187,56.66217245,50.87872312,50.87872312,59.88161407,85.46588106,63.27113939,54.4860772,57.89451117,46.12806286,98.79584217,45.99385819,57.10073416,124.3384526,136.6187936,136.6187936,136.6187936,136.6187936,136.6187936,136.6187936,136.6187936,136.6187936,136.6187936,136.6187936,136.6187936,136.6187936,136.6187936,136.6187936,136.6187936,136.6187936,136.6187936,136.6187936,136.6187936,136.6187936,136.6187936,136.6187936,136.6187936,120.5459943,107.8569423,93.6220159,118.6079558,111.1893723,107.8175353,109.4774974,108.6411759,109.0577333,108.9532948,108.9011505,108.9272164,108.9141819
560,181,104.0568862,30.69713022,1534,104.0548859,30.69708848,191.6409795,,16.97189486,20.853628,29.86612668,29.86612668,29.86612668,29.86612668,29.86612668,29.86612668,81.64586109,40.34546937,54.00450303,46.1862779,54.00450303,89.59838003,67.39023455,76.92348724,71.84198125,71.84198125,71.84198125,81.16559132,26.35749861,39.79279171,31.71077397,35.29502932,33.40703766,33.40703766,33.40703766,22.99691754,27.24131269,24.93982048,26.03981197,25.47794893,25.75581655,25.61612923,25.68578298,25.65090882,25.66833406,25.65961848,25.66397553,25.66397553,25.66397553,38.3470151,50.93228682,43.7526085,47.07024067,45.35083033,45.76879796,45.98068424,45.87449643,45.90099738
561,182,104.0988095,30.71249871,901,104.1007402,30.71605867,435.7195761,,80.95950833,70.49844827,95.06608933,67.51465456,78.31205561,83.53440393,59.8372388,60.62185407,76.14516864,73.9901167,71.95369147,80.0641671,74.16503423,49.95511064,56.39513775,60.27690264,67.51465456,62.84416963,78.4295237,99.59304597,42.85766322,93.5541038,93.5541038,93.5541038,97.7750073,84.24223813,78.20607775,60.33040284,55.82172505,60.33040284,60.34698169,60.36356963,74.44158182,80.67695312,64.85607393,73.86567989,95.451753,67.73203971,62.53894605,55.1349903,73.59338686,66.93842706,36.18432466,58.33162682,58.33162682,58.33162682,65.8518251,73.21095529,65.8518251,38.11884505
562,182,104.0988095,30.71249871,1069,104.0921494,30.71527531,708.1282195,,111.3214668,100.9790331,87.45322779,116.1174381,84.76347765,99.71442475,135.1128512,137.9260646,127.4875963,109.4103687,119.0780035,127.8893775,100.7945274,102.5590634,104.0249565,90.72105303,90.76950651,114.4449648,101.6654672,117.1300159,124.6074912,106.8424807,88.28611568,135.7387655,104.8000654,113.4806431,110.2331577,126.4514678,138.6221637,118.0821117,84.34281523,100.0037237,79.60223545,108.623663,179.5254641,179.5254641,179.5254641,185.625844,182.5246962,184.0622087,183.2902282,183.4826156,183.5789609,183.5307755,183.554865,183.5428195,183.5458308,183.5473364,183.5465835,183.54696
563,182,104.0988095,30.71249871,1414,104.0971174,30.70973187,346.8276777,,28.33387987,25.85051014,25.85051014,22.296065,25.85051014,27.68469268,29.79903675,59.6455242,35.21258679,24.63896674,32.88620649,24.63896674,21.475398,22.94866773,30.36059914,21.1803162,32.71959224,24.77340555,18.4156289,23.78624492,24.01884527,23.55810641,46.58879253,32.09716297,26.81913307,35.27061129,24.17719911,33.91562856,24.17719911,21.52723517,24.17719911,26.6194644,40.08281347,29.61058434,29.61058434,23.55810641,28.21648903,26.94776201,31.1625534,26.65057929,26.18390772,25.73329843,45.90366323,26.15374193,26.75336704,26.15374193,32.23527469,27.67242109,31.56964955,46.07304944
564,183,104.1699986,30.6912367,276,104.1703327,30.68548169,638.6214367,,58.64890745,80.53374804,90.53109557,77.20811842,67.90405149,70.34536205,83.77397689,77.46454972,83.51277755,75.80879801,78.91270711,44.02177448,44.02177448,70.30694716,54.14276531,61.17511185,57.44451433,59.25114928,58.33384701,58.33384701,34.02620383,48.34988795,48.34988795,48.34988795,48.34988795,48.34988795,48.34988795,48.34988795,48.34988795,48.34988795,48.34988795,48.34988795,48.34988795,48.34988795,48.34988795,48.34988795,48.34988795,48.34988795,48.34988795,48.34988795,48.34988795,48.34988795,48.34988795,48.34988795,48.34988795,48.34988795,55.97169013,60.76081063,58.26801006,58.87183572
565,183,104.1699986,30.6912367,302,104.1772935,30.69163092,700.0652288,,75.91068746,88.50692972,80.16651527,77.42402056,74.64597775,72.92823438,74.7502203,78.65835687,80.37023704,78.15628284,69.61974651,60.79722153,68.60186326,68.56143041,63.97105892,70.39451547,67.23538563,54.98491677,64.89363477,65.75813176,58.89694194,61.35120146,61.14050024,59.63994419,66.31901486,62.67616822,62.17237204,62.42325366,62.42325352,62.42325358,68.4579596,62.85070791,63.10764614,63.42230342,63.26458353,50.77024222,50.77024222,50.77024222,50.77024222,50.77024222,50.77024222,50.77024222,118.3208837,71.05257467,88.78755764,78.93617802,81.18822796,82.36313853,81.77146312,81.77146312
566,183,104.1699986,30.6912367,366,104.1696646,30.69594523,522.8182633,,55.43875546,55.43875546,55.43875546,55.43875546,55.43875546,52.1731323,43.36741355,49.2708311,47.64925944,46.87785175,47.26040798,47.06835256,47.16418476,47.14019014,47.12820199,47.13419529,47.13119845,47.13269682,47.13194763,47.13213493,47.13222858,47.13218175,47.13220516,47.13219346,47.13219931,47.13219638,47.13219785,47.13219712,47.13219748,47.1321973,47.13219739,47.13219734,47.13219736,47.13219735,47.13219736,47.13219736,47.13219736,47.13219736,47.13219736,47.13219736,47.13219736,44.18182507,47.74999783,45.89666526,47.74999783,47.74999783,49.13149658,49.852663,49.4894527,49.5797582
567,183,104.1699986,30.6912367,422,104.1645632,30.69122648,520.6009924,,51.06712732,51.06712732,51.06712732,51.06712732,51.06712732,51.06712732,51.06712732,51.06712732,51.06712732,51.06712732,47.20815044,49.06187363,48.11716489,48.34991481,48.58492735,48.58492735,53.49658153,50.92259226,52.17786178,51.8582781,51.69994985,51.77899294,51.73944121,51.75920953,51.74932348,51.75426603,51.75426603,51.75426603,63.60283617,57.07005535,60.15961555,58.57412313,59.35628354,58.96260954,59.15879161,59.06053767,59.10962381,59.08507053,59.09734462,59.09120694,59.09427562,59.09350841,59.09312483,59.09331663,59.09322073,59.09326867,59.09325669,59.09325069,59.09325369,59.09325294
568,184,103.9862152,30.63266016,719,103.9845026,30.63716601,525.6727881,,50.77406769,38.46386254,38.46386254,38.46386254,38.46386254,50.80327617,43.7807296,47.88517301,47.88517301,47.88517301,47.88517301,47.88517301,45.10062052,42.49450683,42.62211795,49.98473421,42.62211795,46.01074732,39.79857071,49.31392931,49.31392931,49.31392931,47.16316604,48.2145742,48.2145742,48.2145742,61.14449232,48.01578274,41.19333995,47.81862381,48.31715839,53.15792239,49.02647765,43.55401697,43.92226213,70.87722986,57.783879,63.66432421,54.12074462,89.97252159,70.40260555,80.52859733,51.54590623,40.26429866,43.83989275,42.75049782,42.75049782,39.4049357,41.0095972,41.1787741
569,184,103.9862152,30.63266016,759,103.9906239,30.63479511,484.2725668,,43.95078757,49.79395587,57.42902909,49.79395587,30.50535854,38.46825332,38.46825332,38.46825332,38.46825332,40.97253209,39.68092046,39.68092046,39.68092046,39.68092046,52.7019722,45.27381005,45.27381005,45.27381005,38.14838601,45.38085658,50.1331773,47.63879059,48.85416518,48.23882377,48.54454457,48.23882377,48.13269462,47.69852915,48.02703142,47.86221662,47.94448238,47.90331418,47.92388944,47.9135996,47.91874397,47.91874397,47.91874397,52.95811788,50.3125582,51.60145144,50.94885458,51.1104514,51.19163482,51.1510109,51.1713148,51.16116083,51.16116083,51.16116083,48.94846721,48.94846721
570,184,103.9862152,30.63266016,1042,103.987755,30.62805485,531.3212946,,54.0836002,54.0836002,54.0836002,58.18271211,38.83769869,53.91844004,53.91844004,56.75835788,53.91844004,45.97972742,53.91844004,54.6501903,53.91844004,50.33570159,52.06550964,52.06550964,61.86397123,86.4718201,76.20544464,78.55263493,76.28142216,56.64629794,74.13785506,74.13785506,94.03916719,74.13785506,74.13785506,66.64657354,66.64657354,61.38500194,53.13212946,56.89341644,57.83088921,95.16202291,59.06174072,59.06174072,59.06174072,59.06174072,73.70931255,65.57755173,69.40606039,69.40606039,72.13331962,81.18661547,75.08367657,75.08367657,74.4263292,71.63882624,74.4263292,90.46822044
571,185,104.0273319,30.67140608,1403,104.0266969,30.66826907,352.9601232,,57.88867624,55.97605478,59.93662469,57.88867624,58.89485254,58.89485254,58.89485254,72.81698817,58.89485254,52.94401848,52.94401848,50.02584423,52.94401848,90.11747826,58.28699282,58.28699282,58.28699282,58.28699282,58.28699282,58.28699282,58.28699282,60.50744969,60.50744969,67.40882989,87.63147886,76.08721219,87.63147886,110.4918647,87.63147886,43.07309978,57.75711107,49.3458813,53.22121229,53.22121229,53.22121229,72.81698817,60.50744969,60.50744969,60.50744969,70.95336121,100.2490291,85.75859009,70.46154032,77.36112289,70.46154032,70.46154032,68.9013887,67.40882989,96.50555265,72.40207655
572,185,104.0273319,30.67140608,1490,104.0247463,30.6718376,252.2814082,,42.0933005,31.05001947,39.38478185,37.85973889,34.34779966,29.49940949,41.01607411,30.23345771,35.44630367,35.39258552,30.63851319,35.33902994,25.71020721,26.94994272,28.28345199,31.35373082,29.016392,43.4320809,36.5662031,36.36488767,36.2234747,35.70019927,38.9791017,29.77747769,41.67853052,30.99703309,31.86712525,35.74362706,30.92666525,37.4606674,37.22184711,34.89771641,31.6285241,40.20618606,35.64161172,31.87644584,34.72579384,37.37502344,40.71182979,33.16663675,35.41777987,30.6915146,27.60526047,28.56015942,30.93943563,34.22913579,48.82865965,53.52925753,77.84683451,42.28180026
573,185,104.0273319,30.67140608,1900,104.0295701,30.67099192,219.2840124,,33.13420544,49.96344586,61.83465622,33.20388831,55.54423533,58.15266627,53.15976058,48.57153991,44.71241032,44.60013812,78.38700322,49.96344586,46.43661439,36.04668697,47.77140361,22.45867552,55.70521283,54.88452687,49.96344586,60.51790464,60.51790464,45.21319843,49.71174085,29.84583912,55.20436676,45.45618682,50.60400286,93.18646059,54.66914437,67.47200382,77.72091577,69.98425928,77.72091577,78.48441871,59.92264221,34.77631915,48.75714145,57.20452497,63.47115133,44.91735105,47.07349103,56.28680532,55.67154052,45.14670842,52.62816298,36.23578434,71.76567679,76.71066159,69.86039333,46.03046324
574,186,104.0756937,30.66829634,1515,104.0748457,30.66695776,169.1415537,,38.05684958,20.2295546,33.36490922,29.70290699,39.34795433,46.83919949,70.62095799,49.28628057,49.66636161,49.66636161,49.66636161,41.14254009,53.1025808,77.56810106,40.68438262,27.93163272,35.76561488,46.83919949,32.62015678,23.60114703,37.69041498,35.1390532,36.99547759,52.98410117,36.32570281,40.01198044,43.63205683,42.1390722,42.87257062,42.1390722,62.77418488,39.05770323,39.05770323,39.05770323,30.83086548,41.29600497,43.80644556,51.09730852,48.13514572,36.53457559,22.86984388,38.88311579,30.80486981,56.3805179,39.84141288,39.84141288,38.87929624,25.16155344,42.91873786,33.699597
575,186,104.0756937,30.66829634,1551,104.0723581,30.66972895,356.833513,,82.40488824,82.40488824,82.40488824,62.66344619,82.40488824,116.0783717,92.24035279,92.24035279,71.1690109,99.92572011,126.6864543,126.6864543,129.1055926,78.80985563,102.7680517,87.68605098,60.73761923,98.81543437,73.19661805,78.26965099,84.09824202,84.09824202,98.5627095,84.09824202,84.09824202,59.77976122,59.77976122,58.7111813,59.77976122,59.77976122,68.14857543,65.16680516,62.43502536,131.0816987,84.58275864,102.8194615,92.81377444,97.56074688,95.12807798,97.56074688,96.32905635,64.23003234,83.41562642,83.41562642,83.41562642,102.2228631,96.76841031,94.25379247,95.4945502,95.18130827
576,186,104.0756937,30.66829634,1710,104.07744,30.66741927,193.4954925,,69.48466564,79.15724693,44.36839318,35.41951388,39.39210781,37.3003359,39.39210781,39.39210781,39.39210781,39.02430101,39.39210781,49.75598379,43.97162164,45.28785196,45.97596576,45.62931474,45.80198436,45.7154865,45.75869455,45.74788487,45.74248196,45.74518326,45.74248196,45.74248196,29.85359028,36.128261,36.128261,36.128261,39.50380566,37.74070614,37.74070614,37.74070614,33.57030231,35.53355764,34.52404173,35.53355764,37.70050924,40.14892063,41.21797473,40.6764247,40.94540914,40.87783007,40.84412412,40.86097014,40.85254538,40.86097014,43.17668015,41.98691973,42.57348929,42.42531578
577,186,104.0756937,30.66829634,1752,104.0766779,30.66974975,186.6504078,,53.15992627,36.38672209,36.38672209,32.77763259,34.48801377,34.48801377,38.38751543,47.79100057,36.32116044,51.68780524,42.39378348,42.39378348,42.39378348,22.22518638,37.15805354,37.15805354,42.10913407,38.97572321,38.97572321,31.39913402,59.11508515,26.35064581,36.17076225,77.68109458,38.80316466,45.71030395,35.24938849,55.80909203,42.07146938,46.02338822,53.44988951,62.79826804,53.44988951,32.8577735,32.8577735,30.2676337,39.46792764,49.40746089,59.11508515,35.64676223,33.5970734,18.3590565,34.10870396,41.52058506,53.11790262,78.13272885,33.87940176,43.63256286,41.8956311,48.89810561
578,187,104.1550545,30.65083151,201,104.1720131,30.64867986,1642.392969,,136.3924957,166.3572714,213.1952412,186.8862802,199.1757351,189.0524281,189.0524281,189.0524281,189.0524281,171.1321183,821.1964845,283.239027,421.2014026,283.239027,255.9573458,188.359818,149.0074266,135.3001073,199.0779356,244.6599181,276.290406,259.5149096,259.5149096,259.5149096,165.1568349,201.853133,181.670404,181.670404,181.670404,161.7678437,181.670404,232.3227775,181.670404,181.670404,152.3869765,165.7451994,163.1066121,163.1066121,163.1066121,163.1066121,160.2334604,149.3084517,168.9318482,159.3696682,168.9318482,253.2169031,269.9824059,261.331036,265.5862858,265.5862858
579,187,104.1550545,30.65083151,358,104.1571519,30.65730466,745.0250747,,72.43998025,77.89791909,96.70998567,83.42102621,67.72955225,61.72819951,76.30413283,86.96438273,58.60891055,56.10480638,99.52097473,59.86570014,95.1658286,101.2109535,100.8304612,81.64658353,60.02663886,52.53883823,56.12535221,60.39610289,60.9400414,72.48076393,61.72228061,56.1988532,74.9187226,62.24993372,89.17697011,60.45793357,53.63573259,54.08438787,84.31070115,94.89401139,51.09340705,64.5670961,69.12603786,75.18561753,73.38140271,73.28115489,73.98869707,83.52187286,83.52262003,79.2345722,77.21948952,82.27270764,81.41938584,95.44805227,85.79257158,95.44805227,75.02350403,95.44805227
580,187,104.1550545,30.65083151,490,104.1515982,30.64137098,1099.55667,,53.24773047,50.59740961,56.19104933,62.173885,64.5427036,66.74092079,87.86690371,56.88996855,53.49194611,58.94241243,53.63085486,48.63900076,139.2170227,56.79202313,62.53402863,49.11171231,48.89937013,51.94755921,53.12848267,55.66723092,63.65609498,55.51758783,53.07187911,47.59985584,53.33749391,64.29894842,55.59556197,57.96351453,57.96351453,59.19256324,56.0714986,52.06557949,54.29909481,49.36691763,54.29909481,61.1983207,70.22004076,70.10596219,46.85888147,56.17221157,56.17221157,60.39906942,59.44553715,58.52164418,74.15518943,50.44159302,53.78266321,55.67375544,54.9778335,56.74317678
581,187,104.1550545,30.65083151,652,104.1531756,30.65116278,183.7408367,,20.69959356,15.32400387,24.49499813,16.04853244,15.73887033,15.22363664,20.0040427,19.95877331,13.54168051,13.72911528,15.48056279,11.88721487,23.89160808,24.92770399,26.37954186,16.54598242,13.49782402,12.95732241,13.50724076,14.89511005,14.35055584,15.00063533,13.17369078,13.85996882,15.86251828,13.66490922,24.3724028,13.93194081,12.97047125,13.33849157,20.32416885,12.2280423,12.24748635,16.41569505,21.9028812,15.72143243,17.77411899,13.09187555,23.53975132,23.53975132,23.53975132,23.53975132,23.53975132,23.53975132,23.53975132,23.53975132,23.53975132,23.53975132,23.53975132,23.53975132
582,188,103.9698331,30.60822849,118,103.9721097,30.60924975,245.8542348,,23.26084744,21.37432671,23.41468903,27.59751317,25.23978836,20.06215138,20.06215138,36.95512506,31.02805417,26.20698039,31.86135473,33.93368141,32.11521471,30.32020624,27.65549557,30.72036254,28.4590111,22.99035532,24.1089538,28.68404796,40.33425,39.96938741,41.95011123,40.93580346,45.8113481,41.18475402,28.15255993,32.87798088,37.61259748,31.03329463,38.6609063,35.54155616,35.20030118,35.27601615,40.11217971,29.82059452,32.1261432,31.66071348,34.87637653,33.44639566,32.38771367,36.19754594,30.31852929,27.58060451,20.51159317,23.2303214,26.25709581,30.2639843,32.45501282,45.40720617
583,188,103.9698331,30.60822849,394,103.9642428,30.61742585,1151.644154,,99.27372534,107.8496151,99.09803982,104.9129398,111.4681621,87.92264284,99.82362959,116.2876484,121.4624694,113.9835629,112.2619171,116.9511694,110.6242133,113.8344863,120.0845461,112.9934759,113.5090747,106.8535813,177.5554156,177.5554156,177.5554156,177.5554156,257.5104941,257.5104941,257.5104941,376.9017231,305.9718786,337.7530716,321.0779442,329.2044827,325.090435,327.1345248,326.1092768,326.1092768,326.1092768,106.9914569,337.0665817,162.425816,219.2158072,186.5955085,201.5946004,193.8052831,193.8052831,131.4078908,352.8441663,191.4974113,226.9870766,278.6235856,190.6169634,206.9596383
584,188,103.9698331,30.60822849,416,103.9694659,30.60783411,56.12003488,,5.344765227,5.195854066,5.344765227,5.320134972,6.347389728,4.278075713,4.653777727,6.358210089,7.833738874,5.413508188,5.358942323,5.386087059,5.372480403,5.386087059,11.72900584,5.606811996,6.048866035,5.019431691,6.842747691,8.652339425,5.764111999,5.764111999,6.429025476,6.429025476,8.029760724,7.462709338,14.58715708,9.910822937,14.58715708,14.58715708,14.58715708,14.58715708,14.58715708,14.58715708,14.58715708,8.462078558,9.760006066,8.409245601,14.58715708,14.58715708,10.49517535,14.58715708,14.58715708,14.58715708,6.990730989,6.793850376,9.162454674,9.162454674,9.162454674,9.01929132
585,189,104.040157,30.62176571,61,104.0377793,30.62313997,274.1133533,,41.99183285,27.64168269,41.99183285,29.12370109,27.41133533,52.00569549,35.08650922,41.96950864,54.2901372,52.48979106,27.91536271,31.22810354,36.82119671,43.46564402,40.67634262,42.85146714,22.12574152,25.41682091,25.64470041,41.85824271,45.68555888,24.12733672,43.47171529,38.00810698,26.74276618,43.47172198,55.27304331,43.47172142,29.15238026,47.67188753,57.78437896,33.48355067,45.80336588,22.58142041,48.01277756,33.45112108,32.61594055,46.83752344,47.83364381,24.98248283,39.20436952,32.69896569,26.28684262,35.88392989,41.05121579,38.10069776,58.14008712,25.61474554,21.17613888,39.06270394
586,189,104.040157,30.62176571,199,104.041432,30.62375282,251.8647729,,32.30569533,29.1625789,32.06199372,35.18938612,25.8322844,26.17532282,30.29445982,24.90970281,30.78822351,55.22004765,29.29606405,49.01152338,49.95664917,35.33960065,24.62779128,28.36433313,29.3751571,36.42748359,24.47929758,32.6861277,32.6861277,38.56530549,22.78173825,24.34129349,37.31329969,32.80735169,29.27241913,46.59368872,24.68686222,25.61336674,42.10742334,26.62887467,42.36977488,33.87471416,38.83139968,26.51208136,26.53424865,33.62867621,65.2311642,28.82114375,28.92227057,51.81218185,21.53713022,23.61232246,29.76082655,28.04267575,30.81438173,37.42330352,26.90543568,20.92644997
587,189,104.040157,30.62176571,1003,104.0428371,30.62053527,290.8412154,,49.20025931,44.48159765,63.64914136,79.25361968,39.16564996,39.51050473,39.86148637,38.42305965,55.1260991,42.09159298,57.47639754,54.6275674,45.99795169,42.60697528,70.86486467,30.19548307,39.51050473,35.67387991,40.34193504,89.7452893,36.68634812,39.54283536,42.8817082,35.15663044,48.17615225,49.85849407,36.35515193,44.84061565,50.06283217,66.09332195,62.86742431,43.58078566,36.3972784,32.66859206,43.23585858,38.16628344,31.19250373,42.26536562,51.51008734,39.2145459,41.97271184,52.92882413,54.44710185,58.0802427,39.49695518,40.95286996,48.9551549,37.23870926,42.98650221,55.99082222
588,189,104.040157,30.62176571,1073,104.0377205,30.61803113,475.2483778,,31.14964333,39.98973495,39.36106196,33.98002304,34.13822734,35.45282321,42.96929661,36.87271897,41.52655728,41.52655728,38.11869648,33.96315951,35.22774523,38.14702698,34.41865871,30.62459714,33.64590285,35.09526482,36.67511597,36.67511597,30.30813393,33.56888476,32.28102189,34.96377712,30.36191943,32.50075973,31.39495362,32.50075973,35.71182801,41.60228961,39.62696375,47.19708028,35.68079583,41.27609554,35.68079583,41.27609554,41.27609554,42.20955987,41.73760911,41.97225784,41.8546046,41.8546046,33.41590156,41.8546046,39.26226648,43.36867326,39.91587425,38.38775286,39.91587425,43.25901795
589,190,104.1071128,30.59610836,361,104.1072423,30.59430952,199.749515,,26.70745604,21.49770565,21.49770565,21.49770565,21.49770565,21.49770565,21.49770565,21.49770565,21.49770565,21.49770565,21.49770565,17.28601572,18.43841677,18.43841677,18.43841677,18.43841677,18.43841677,18.43841677,18.43841677,18.43841677,18.43841677,25.14329559,21.27509627,23.04802096,22.12610012,22.12610012,22.12610012,22.02444882,22.07515745,22.04977398,22.07515745,22.07515745,25.63630139,22.07515745,20.96496367,21.50574218,21.23191006,21.36794886,21.29971225,21.33377599,21.33377599,31.86550608,22.828516,33.13816839,20.6045345,24.41759776,24.41759776,24.41759776,24.41759776,24.41759776
590,190,104.1071128,30.59610836,864,104.1129372,30.59636556,559.1429178,,63.69982608,63.69982608,63.69982608,63.69982608,63.69982608,63.69982608,63.69982608,63.69982608,63.69982608,63.69982608,63.69982608,63.69982608,63.69982608,63.69982608,63.69982608,72.14747326,67.66099173,69.83224646,67.66099173,56.0700419,61.32260485,58.57881423,59.91931547,59.24148269,59.57847119,59.57847119,59.57847119,102.1784012,83.87143767,83.87143767,83.87143767,83.87143767,75.01544737,79.19663622,77.04935901,78.10824269,77.57518762,77.84080257,77.70776814,77.77422845,77.74098408,77.74929251,77.75344741,77.75136989,77.75240864,77.75188928,77.75201911,77.75208404,77.75205157,77.75205968
591,190,104.1071128,30.59610836,1039,104.1040346,30.59590093,296.0129091,,59.06312721,45.00196253,51.81845236,27.48282328,41.25083121,38.22946987,34.15533567,41.30412685,41.18440474,36.46352345,32.29231736,45.98258782,35.5660066,29.33644798,26.64116182,34.65516985,41.85160423,48.13761593,41.99247246,44.65876301,44.75694205,43.355335,49.31452688,52.05731603,54.64853706,39.4136467,48.93898842,29.99180926,37.67476665,38.98855192,45.36274449,43.4514362,37.55582283,42.49836382,63.55744369,39.21422163,32.29231736,37.47877396,60.29117243,67.33942956,35.60066168,43.43298861,29.00663805,43.65539872,44.18332097,50.58948739,40.8350709,42.43358174,51.96658122,54.64853706
592,190,104.1071128,30.59610836,1327,104.1068588,30.59843923,259.4707753,,33.22702681,31.36388117,28.98664984,23.962669,31.82154008,32.43384691,31.8803683,31.8803683,31.8803683,31.8803683,31.8803683,31.8803683,31.8803683,31.8803683,31.8803683,31.8803683,31.8803683,31.8803683,31.8803683,31.8803683,31.8803683,31.8803683,31.8803683,31.8803683,31.8803683,31.8803683,31.8803683,31.8803683,31.8803683,31.8803683,31.8803683,31.8803683,31.8803683,35.99594571,33.8133861,34.8705475,34.33383105,34.60010802,34.46645525,34.53315231,34.49977154,34.50811068,34.51228177,34.51019611,34.51123891,34.51071749,34.51084785,34.51091302,34.51088043,34.51088858
593,191,104.1771707,30.59277035,149,104.2035543,30.6181818,3785.284771,,210.6186271,210.6186271,210.6186271,239.7014103,210.6186271,210.6186271,210.6186271,210.6186271,210.6186271,190.3215807,199.9563489,195.0200383,197.4573472,196.8423264,196.5362504,196.6891693,196.6126801,196.6509173,196.6317969,230.6722033,199.5176162,196.6377716,196.6383691,196.6380703,196.6382197,196.638145,196.6381824,196.6381637,196.638173,196.6381684,196.6381707,196.6381695,196.6381701,196.6381698,196.6381701,196.6381701,277.8662737,270.1764596,246.0306961,197.3411801,199.0118457,198.591533,198.3820417,198.4867321,198.434373,198.4605491,198.4540044,198.4507323,239.352146,198.4519593
594,191,104.1771707,30.59277035,323,104.1589946,30.60397265,2139.601077,,216.2123194,181.5571922,181.5571922,200.0665942,181.5571922,181.5571922,181.5571922,143.5706221,181.5571922,167.9032998,174.463508,171.1205527,172.7758615,159.3033085,159.125902,159.2145558,112.446188,159.1923831,153.0529954,176.4108586,157.5168698,155.3456062,135.4893339,139.4759879,172.2205788,172.2205281,172.2205535,172.2205408,172.2205472,172.220544,172.2205456,168.7308623,169.1622217,166.5714655,167.8568477,167.8568477,215.4049444,218.2415833,199.7099693,172.6971758,143.7401666,144.1078368,144.1078368,144.1078368,144.1078368,144.1078368,144.1078368,144.1078368,144.1078368,144.1078368
595,191,104.1771707,30.59277035,374,104.1638932,30.57872323,2011.063681,,256.5798908,173.5129839,154.1795095,111.8984428,198.2738841,282.5850606,138.6813959,84.65986262,152.5378826,156.0798581,446.1162391,418.48724,393.1129005,230.4210456,397.4288701,90.95262879,101.7723318,138.3627186,146.5181736,116.3535871,101.2016167,332.6108385,297.3235832,358.4073887,303.3977685,365.0806062,139.1788217,282.8058301,229.1085206,500.4490265,273.2011038,193.5783222,106.0858561,187.4632121,113.1842297,139.8100274,183.7908843,231.4893446,136.087016,136.087016,255.8243552,260.4255126,137.9343511,203.7953343,188.6327372,203.8909904,148.6617916,148.6617916,135.4505005,129.3211537
596,192,103.9849489,30.78236038,108,103.9552436,30.7700213,3154.6432,,157.3810582,149.1320398,150.3901943,148.663919,161.9918881,189.3519001,213.580631,204.8200344,283.5248803,284.3467337,337.3048894,324.2876079,318.0971073,318.0977432,318.0980611,331.8567331,331.8569061,337.8934901,344.153758,350.6974385,334.1346751,370.8958663,373.5889696,381.36445,350.0938265,365.0607121,357.4206544,344.5711612,359.3005313,328.9126764,343.4357203,336.0173461,339.6860358,337.8417314,337.8156276,335.4704838,313.6262926,325.2774934,319.346944,270.6275867,292.4538226,288.3758553,281.7026737,285.0002074,283.3418467,236.3545579,283.9614654,283.7508845,236.0701706,257.2567628
597,192,103.9849489,30.78236038,136,103.9946657,30.76457468,2179.590363,,189.1371247,143.6366362,144.5801948,142.743173,196.1468874,228.1072735,204.954412,194.0107974,232.0754836,223.4283128,222.3519944,229.6797587,232.6883388,232.6072176,259.8160068,256.2309491,234.9874685,247.4932686,257.9759618,267.7005987,237.8542188,226.3108531,245.0243964,248.3945184,213.2016999,233.4979565,219.2873114,736.7629396,215.7637119,210.7626211,221.0605542,395.2909474,271.6719316,196.3859447,263.3944671,220.4554261,231.8741703,225.4234635,219.3106907,217.7416727,359.1087097,227.0213023,232.8167778,237.9293425,583.3847812,235.3471959,216.6391038,206.6611121,232.6876008,204.5959286
598,192,103.9849489,30.78236038,137,104.0475071,30.78634412,6002.490796,,558.4707705,461.5721046,489.3746129,327.2317644,454.4607508,357.190226,442.3668753,442.2431196,609.2795357,615.9217692,225.4848716,602.2819476,274.5739119,542.5041074,517.415837,420.3468786,558.5877437,489.1980702,623.995578,720.5579697,536.8088365,561.3704523,591.1412918,638.2281317,579.6560051,572.1808075,597.8760172,603.3690183,573.6197146,610.998124,550.6896942,773.5147799,684.950738,570.9927305,654.7990063,606.8832735,617.8090874,615.9828873,465.9752585,494.8745272,718.5046166,529.0931356,455.5696853,484.0342682,725.5209194,588.3109299,579.0174742,505.4313323,627.1497357,590.8966528
599,193,104.042756,30.74664014,33,104.0422933,30.7410774,618.1188471,,61.30104269,61.30104269,48.06107666,39.80729606,30.22038727,49.33986363,65.17403744,50.68856149,83.39392317,58.328384,35.22788152,33.85664282,35.71794301,65.25594867,164.2234575,82.72222489,40.0581071,117.1172552,40.53238342,37.79580212,52.11306439,50.11774436,27.90837604,62.94845402,83.28987583,48.20858313,54.23251423,55.49196632,178.018228,75.8815976,42.17109001,51.09593225,59.33940932,50.11774436,55.45943904,70.50785328,33.73261015,56.60099909,69.22290135,45.09073657,75.96018314,50.76565437,43.40496455,62.35873311,63.57597989,98.67972725,52.61314727,53.36277817,53.51444326,35.63215131
600,193,104.042756,30.74664014,109,104.0454649,30.75117149,565.2138329,,54.18827692,54.18827692,43.94751185,60.87568582,52.3413453,72.60552358,35.11250731,74.19397624,61.12523098,82.88268018,67.22807703,52.46435255,55.55685456,104.8850412,56.01568612,95.97970747,95.97970747,95.97970747,95.97970747,95.97970747,100.4824592,96.54898213,78.56254048,97.12505004,78.56254048,78.56254048,73.54589632,75.97149217,74.73901923,75.35021626,74.73901923,75.04337329,69.92336077,87.20441995,77.61359688,82.12996159,166.3299563,80.9523003,80.37604438,95.79143812,143.9695612,154.7531766,160.7743405,66.82331029,157.7063081,191.058197,127.4386095,122.5764939,47.76454926,118.6454693
601,193,104.042756,30.74664014,123,104.0354305,30.74630622,702.2276992,,75.84533185,68.46363486,54.60085782,53.71978946,71.71687141,56.05365226,79.60848977,66.33771399,61.4264833,66.26526126,41.07331441,37.67394348,40.5781656,74.13547558,40.97276689,40.97276689,45.5089058,41.07261929,41.07261929,117.8563971,95.577305,261.9709551,40.69792944,93.63035989,90.28641847,66.76843096,71.6174028,86.62546148,120.9441031,87.52899464,78.5099291,104.7748102,84.76028739,76.17444985,103.1844782,94.44454328,66.02773522,111.5200316,105.747806,128.1704219,141.311101,110.1053884,150.2511559,139.670728,144.7678806,153.0976729,150.7017048,147.675446,149.1732286,67.29749055
602,194,103.9610538,30.68749832,152,103.9659117,30.68588758,498.4011262,,35.67824459,60.82183235,56.85183949,65.00884255,56.93753445,57.33241712,50.65306302,53.14703952,49.51687745,45.12075192,35.28503548,31.3405075,60.82183235,41.44947281,42.58490636,60.82183235,43.09849102,45.0249449,43.97656996,60.82183235,37.74706987,42.43383653,52.42240127,56.422769,60.82183235,45.33208828,32.01149071,50.35296692,48.80388379,43.27436147,40.93368922,32.7715809,29.00960476,47.48771207,48.58687961,45.87686153,40.54788823,50.18864488,50.64909116,45.11929725,51.79439175,40.54788823,47.73689007,40.54788823,40.54788823,40.54788823,44.41198154,44.41198154,44.46701498,47.0930198
603,194,103.9610538,30.68749832,574,103.9536277,30.68984807,757.4978528,,98.21100611,101.7534429,74.30496649,74.30496649,74.30496649,74.30496649,74.30496649,74.30496649,79.38842125,86.09288935,85.21850844,221.1074814,123.0222077,123.0222077,122.013077,68.90694302,121.020367,102.9053687,111.2301402,109.0251782,107.9551579,108.4875297,108.2206891,108.2206891,108.2206891,85.35187074,83.17804698,67.54160421,81.11220316,67.54160421,67.54160421,66.51200659,67.02285149,67.02285149,71.743288,77.17902652,104.7053346,76.96121177,148.2061016,75.3833385,135.7194873,135.7194873,126.4657156,97.39258107,118.3932968,106.871023,106.871023,106.871023,66.51200659,81.99425518
604,194,103.9610538,30.68749832,583,103.9627994,30.69202232,528.5533142,,47.2939171,46.3342191,45.8688292,45.41269525,41.54567535,38.13210283,127.9187853,42.19050845,50.14678589,52.28647394,51.42680895,51.42680895,51.42680895,53.7728846,56.34324669,69.01317885,47.7189199,39.80736258,49.68125147,49.68125147,49.68125147,44.22526278,51.97110088,54.48223138,55.11788665,66.18406717,74.61929142,66.18406717,58.77853915,52.86348937,50.65107181,54.7216085,71.69524985,56.71510972,78.3041947,65.36557647,69.57191704,46.3718586,61.45826977,55.03943603,104.1199415,27.35861871,40.00263345,52.08372075,32.47085207,49.1043079,43.72726488,54.21059633,39.41159758,57.94128901
605,194,103.9610538,30.68749832,764,103.9583001,30.68082983,784.7516748,,79.95583102,83.66552899,76.561139,104.5724032,100.0234236,80.76589611,100.3485217,82.24471701,78.04160302,87.00442026,91.97690552,105.5217872,82.34613986,60.95158639,88.56131753,71.63047742,127.832852,79.95925981,103.3071439,88.46887358,101.7139885,77.03083924,75.67248293,75.24697918,75.48713505,75.48713505,112.4900012,82.46077143,89.5295842,82.46077143,97.92395249,139.5114089,92.62642719,181.8737787,94.26446544,69.55941684,97.98055594,90.64511323,89.91946273,98.30729984,131.8089905,123.4007548,90.6052116,73.82681261,86.41022399,100.1218912,94.42199296,70.92316392,87.22155077,75.60497848
606,195,104.0444437,30.68572405,5,104.0439712,30.6867731,124.7648613,,16.04119645,12.11200451,16.04119645,11.29945914,17.80784805,13.3776173,17.86786676,23.82777192,22.51395993,23.82777192,20.14141259,19.256313,18.64674627,23.82777192,17.25301539,23.82777192,23.82777192,23.82777192,17.42593601,23.82777192,21.36283,28.20430146,26.18970849,19.68892058,28.83810598,23.90703929,15.98411034,24.39394437,14.25742686,24.49580234,20.16543251,10.35052536,22.37377338,18.75930698,15.59074401,30.81257768,31.80419493,21.46507263,17.27145317,20.6067294,19.07233549,17.49212972,17.77940581,10.50364406,21.73800879,29.94356671,15.99153094,31.46659869,18.34254779,31.46664457
607,195,104.0444437,30.68572405,1579,104.0455297,30.68596676,107.4526092,,13.3504536,12.72465109,14.27414735,19.05563513,19.05563513,19.05563513,29.19467118,23.0598744,23.0598744,23.0598744,12.87285834,16.52234461,14.47105516,14.93459683,15.17768517,15.0551598,15.1161742,15.0551598,15.0551598,13.67029833,13.67029833,13.67029833,14.22166886,12.55939588,13.33894459,12.55939588,12.55939588,10.15300244,12.55939588,12.55939588,14.27414735,13.36198249,13.80301135,13.57891683,13.69004709,13.63425551,13.66209434,13.66209434,13.66209434,21.97894279,21.97894279,22.23157432,22.36008053,22.29564225,22.3278149,22.31171698,22.31573928,22.31775098,22.31674508,22.31674508
608,195,104.0444437,30.68572405,1681,104.0427153,30.68486415,191.0314798,,25.37687555,25.37687555,25.37687555,25.37687555,25.37687555,34.2145934,23.96213684,48.60164857,43.32052455,43.80339664,46.46711671,12.13968804,12.13968804,12.13968804,12.13968804,12.13968804,12.13968804,12.13968804,13.56436543,13.1777404,12.99257673,13.08450352,13.0383781,13.08450352,13.08450352,36.00593337,31.5464829,31.5464829,31.5464829,31.5464829,31.5464829,31.5464829,31.5464829,31.5464829,31.5464829,31.5464829,31.5464829,31.5464829,31.5464829,31.5464829,18.26595823,12.68843777,14.974705,13.73709518,14.32922677,14.0269147,14.10129049,14.13877495,14.12000784,14.13877495
609,196,104.1004636,30.70536762,950,104.1014792,30.70351697,227.001576,,38.06014448,28.66506055,34.17780982,31.31356159,28.46166908,25.87458597,30.32303056,41.19672358,31.59809274,29.65546172,39.59329814,32.95848653,34.83235171,29.7285815,43.25883138,30.29626472,28.38223625,34.00301,37.35976764,36.63335778,36.41736513,36.10363038,36.03199619,38.2417192,36.70668165,39.46661871,36.5231586,32.47443691,32.84148722,34.96482559,40.99962883,49.51963024,49.6531374,53.92119546,33.8738103,46.65747494,38.17231641,41.44745597,46.74198325,23.96146235,43.44912754,34.93161275,37.52235731,32.8800271,33.65756481,32.17345172,31.07245907,41.32835865,24.78550604,39.59329814
610,196,104.1004636,30.70536762,1414,104.0971174,30.70973187,580.2083918,,60.36850319,60.36850319,57.86011663,61.71434948,64.76744839,55.22141997,61.77123564,72.47571861,59.78105926,52.05608001,74.34597653,44.75094184,54.72025252,65.51229098,61.10434551,59.2913685,83.09299694,78.31414823,53.14886032,67.45156761,68.01900279,87.54191997,62.16518484,49.49645049,71.16695777,72.94820294,95.48572391,51.75297846,51.99129335,58.32461321,57.46217911,66.56310422,61.54243402,58.37759113,66.94712213,56.75951659,105.9383031,55.18494612,59.80673473,65.27344408,49.91039929,47.8522385,55.87383533,65.96921312,63.72998354,67.97420489,62.05964122,66.24944029,56.45270839,63.02806912
611,196,104.1004636,30.70536762,1422,104.1015938,30.70628948,148.8402194,,25.51546618,15.4862656,24.50418246,21.62764036,23.8144351,18.41322302,18.33760403,26.07102736,19.84536259,16.18806012,24.67614164,16.41117274,19.39052316,17.34060809,19.12907651,16.80705091,14.10595535,17.06448375,14.51725014,25.19517043,19.1776947,16.25188929,18.40268311,21.49029906,13.63421857,28.25707527,22.92298566,19.51114392,15.67885267,18.86707006,23.75724174,24.54393541,24.04374115,24.33723496,16.9296932,23.47687736,19.57946857,16.15146315,24.65451487,14.43299097,24.52287368,26.92586884,20.74829777,14.88402194,16.66532101,17.43734788,17.4001454,21.01273686,14.48175108,17.92035863
612,197,104.1595999,30.6846658,55,104.153472,30.68495031,587.8169162,,24.57835956,27.39340969,45.66037386,37.13070738,46.76554471,46.76554471,36.73324285,37.68728225,46.44054641,53.08045731,44.38680437,48.34591296,46.28184404,46.78115998,50.08617511,46.78115998,50.86877159,45.55662664,44.96808924,45.11379337,47.14894704,33.60954375,35.06568271,33.00471575,34.4741933,71.89606677,45.16295296,45.16238071,50.35075346,45.16252378,35.81942471,45.16255954,45.16257743,45.16256848,40.00266348,36.32893144,36.37353531,57.14969104,52.25039255,48.44862598,38.63368058,34.56722162,49.57586552,49.69148119,37.5195932,37.51122263,49.65529341,52.60900989,47.87649091,49.65303342
613,197,104.1595999,30.6846658,71,104.1649449,30.68504344,513.6855656,,53.29302698,119.3076152,52.73578049,58.68829058,56.610246,61.08234636,71.23528645,76.98867761,31.50371441,65.34516029,30.18635575,32.10534785,29.74893282,29.5912477,30.3055192,95.95905303,112.5886171,52.31309862,103.0232889,45.85909575,48.85780809,39.76920508,44.59649605,39.76920508,71.40031028,41.0616641,45.71738037,46.58793481,55.27314035,104.774393,80.03564473,61.03194839,50.08173422,42.71660219,65.96675516,39.78631747,42.65900891,89.95744442,42.47395101,42.4849208,39.76920508,54.87442244,46.03986812,42.48080646,39.76920508,39.76920508,42.05723003,44.53037483,42.03627284,42.03627284
614,197,104.1595999,30.6846658,237,104.159153,30.69079437,680.5687301,,32.55156016,32.55156016,32.55156016,33.27361831,34.72781614,34.02843651,34.37456932,34.20062716,34.24394746,34.26564879,34.24394746,32.80466859,31.48149603,31.48149603,31.95714037,31.95714037,31.95714037,32.49399772,31.95714037,29.8029084,28.83115385,29.8029084,30.94308177,35.02927287,32.17396492,33.2345012,33.2345012,33.2345012,33.2345012,33.2345012,33.40214626,33.2345012,29.98834062,31.02504025,29.37706749,32.13598411,30.71517879,30.71517879,30.71517879,29.24847706,34.60518967,33.09011721,32.38126454,32.73185354,32.5556152,32.5556152,30.63516634,31.56620832,30.63516634,30.60646381
615,197,104.1595999,30.6846658,463,104.1604886,30.67205697,1400.008339,,67.05883163,60.46826659,60.46826659,60.46826659,60.46826659,60.46826659,60.46826659,60.46826659,61.57642053,63.67694277,62.60906858,63.67694277,63.67694277,63.67694277,63.67694277,59.68770749,62.14586955,62.14586955,66.77010405,88.61591245,72.13783426,68.4864231,55.46621446,65.18685088,59.6894747,59.94683343,59.43431628,59.6894747,59.6894747,64.28097276,69.63772049,83.10024766,75.77568157,79.26912447,77.48304619,78.36590979,77.92197734,78.14331307,77.92197734,77.92197734,64.78187687,63.39660403,64.08175487,63.73733823,64.08175487,64.08175487,64.49862455,64.92095346,64.92095346,65.9905731
616,198,103.9798505,30.6351988,719,103.9845026,30.63716601,496.3083944,,69.79336796,69.79336796,69.79336796,48.2894654,57.08339361,52.31947935,52.31947935,52.31947935,47.8689945,47.8689945,47.8689945,32.22200577,47.8689945,48.55190815,48.20803291,48.37935948,48.20803291,48.20803291,40.03084884,41.80355855,42.75012303,42.27154247,42.5094858,42.39018023,42.44974919,42.4199438,42.43484127,42.42739122,42.43111592,42.42739122,42.42739122,40.76144989,41.57773947,41.16554843,41.37061727,41.26782809,41.31915876,41.29347747,41.30631412,41.30631412,41.30631412,63.44851633,63.44851633,63.44851633,63.44851633,63.44851633,63.44851633,63.44851633,63.44851633,75.86879914
617,198,103.9798505,30.6351988,751,103.9670978,30.62927127,1387.613862,,133.5671097,142.8280172,137.9947487,140.36979,126.4660735,205.3611471,458.2944865,107.1976374,132.5921673,150.4075244,141.75397,141.75397,141.75397,141.75397,141.75397,141.75397,138.7613862,178.8866572,138.7613862,122.4365172,124.573813,103.1044356,77.089659,89.04473981,170.6374006,116.4431213,123.9555807,123.9555807,123.9555807,122.7373441,270.0221569,168.7638481,207.7093515,186.2221772,186.2221772,185.8757173,128.5819795,185.5305442,100.9989871,130.7955725,113.9821432,117.7667967,121.8114127,121.8114127,139.5365895,130.0729215,132.3164166,133.4674385,132.3164166,93.37214772
618,198,103.9798505,30.6351988,775,103.9784668,30.63921045,463.9731336,,50.15925769,45.63670167,59.16068292,46.50496373,50.51320406,54.25264412,61.55908899,61.55908899,47.97424454,39.30125367,35.65215114,54.764042,44.35554995,44.03812793,43.72521678,43.88111454,31.42621413,48.79172194,46.83093311,47.30620574,47.54747804,47.42653504,47.48692954,47.42653504,47.45671307,39.30125367,48.17024603,53.62129313,46.60444422,53.62129313,61.07141795,61.07141795,62.4645954,61.7601509,62.11037579,61.7601509,55.35846486,42.28615901,50.15925769,61.74873497,55.35387841,68.77213715,86.99496255,77.59829412,46.78720675,41.91476238,41.91476238,41.91476238,34.36838027,37.76830483
619,198,103.9798505,30.6351988,867,103.9827442,30.62574617,1083.740058,,95.15766363,152.9236339,113.9113638,112.0037572,112.0037572,83.9024561,101.4245461,144.1427663,105.9460749,105.9460749,105.9460749,110.4187984,114.645196,101.6006304,107.2813256,151.7095609,94.82725508,119.9673409,140.8470834,134.9741806,129.5714385,130.9534194,94.92613647,132.3651979,96.6905628,82.30937149,95.62412276,127.9168593,120.6016757,95.39032295,86.35378948,125.7062282,112.0037572,112.0037572,112.0037572,72.2493372,122.9969801,110.9315954,169.0775388,101.0218594,362.9269031,131.6579598,129.2826873,101.8659062,97.11174135,81.21282699,90.67900543,181.7452271,104.3637327,108.3740058
620,199,104.041432,30.62375282,115,104.0388775,30.62491655,276.7374659,,30.18954173,29.33540728,30.60220787,35.45391022,32.29351304,37.45319087,33.28616362,27.36963948,40.01023603,47.10424951,22.73256993,31.87590595,41.80090395,88.95132833,31.23575302,31.1654289,25.55318698,46.44544882,26.89672995,25.74302008,46.29437162,49.15731301,25.03152958,26.74509738,49.44192939,30.51316622,50.57131357,36.56188848,27.12479246,28.14279314,45.91036301,98.15318988,39.5339237,60.37908347,44.08207421,50.82933047,30.28897524,39.03055347,43.37829654,60.37908347,38.31749528,71.16106266,23.66401134,26.05155486,55.81259816,49.23829707,45.69976501,35.6365923,30.09227378,41.64945139
621,199,104.041432,30.62375282,189,104.040157,30.62176571,251.8647729,,17.49567163,15.75522472,19.66839875,18.56117057,28.90690273,25.27423505,16.76769639,25.94315257,47.7384968,45.87081867,19.71115614,23.17971493,33.83258143,38.35724744,37.37482203,20.0286391,17.0274776,26.59957998,21.30184852,18.46666359,27.5011581,21.11090064,25.13701788,22.9838576,21.54992709,39.94331269,25.66774756,38.83139968,29.53463135,23.36889645,53.09427398,21.01305174,31.5195776,21.95431434,37.44170058,16.96376394,20.32989198,39.55863712,43.95119643,30.93264588,36.02232255,30.04493385,23.94278274,39.83164939,21.66578692,27.74944705,42.39453805,23.53570882,26.9776257,39.36911711
622,199,104.041432,30.62375282,551,104.043951,30.62767156,496.9132974,,48.05608786,50.81346032,59.43149072,53.81462634,44.10600986,50.56926843,51.12499358,43.11119932,54.97021552,45.79064515,47.10698804,51.40482387,50.24965929,41.75579546,46.07043449,42.61101468,48.95161643,47.89098351,49.58114941,38.50751216,58.38406889,41.44541838,37.24632687,62.01477951,64.04133189,44.62303447,39.8050966,50.15212922,37.64758759,37.55800694,48.38755398,56.29226835,60.18688163,50.82067814,56.58282802,37.56852371,45.62761985,48.08838362,55.38352541,38.04672579,49.76673388,46.61418424,43.75043235,43.63141148,46.00372922,35.33024103,43.53702227,45.4209811,37.09286819,42.75544624
623,199,104.041432,30.62375282,1080,104.0430122,30.62295491,175.3875019,,22.49625915,28.69977304,28.69977304,28.69977304,28.69977304,28.69977304,28.69977304,28.69977304,28.69977304,28.69977304,28.69977304,31.18000034,29.88852103,31.18000034,42.37550381,35.92574719,38.88498887,37.34683959,38.10039642,38.10039642,38.76933746,55.22405309,39.46218793,46.0312277,42.49433586,44.19212646,43.32660518,43.75508603,43.53979144,43.64717323,43.59341621,43.62027816,43.60684306,43.61355956,43.61020107,43.61188025,43.61104063,43.61146045,43.61146045,43.61146045,51.75368909,38.97500042,34.69203334,36.70901203,35.67203428,36.18309495,36.05396185,35.98974033,36.02182246,36.01379657
624,200,104.0988698,30.6401137,453,104.0966689,30.6364747,455.1286603,,67.02259892,71.68276399,95.90153398,73.63266609,90.97978267,56.78428339,54.50642638,61.56329706,69.77132054,73.5786689,45.47076348,63.0457934,67.92965079,59.06500278,54.61543924,68.70974612,86.04422435,83.60882057,79.97092741,81.7188617,78.12351517,85.52221891,71.66390509,52.72994426,71.1299605,67.92562772,91.12698426,107.0191494,105.4877643,68.38327116,68.85676748,121.3676427,65.08294646,60.78137172,74.1117775,74.47559896,63.47898663,80.11261378,101.4613181,122.9825653,103.4750773,85.38109313,71.42864286,100.5192133,64.10262821,71.9525862,74.67674845,50.94723809,75.36261686,80.92713259
625,200,104.0988698,30.6401137,1072,104.1010221,30.64333997,412.7881835,,99.97086203,111.6437791,84.5991794,80.67735152,73.14376343,78.82094029,82.13642428,62.55118595,88.94167229,105.094587,59.39398324,69.20272488,102.5914712,98.45142956,90.83705585,89.88129804,98.25041062,68.56716472,102.0830444,70.66015724,75.22509006,63.41553887,86.51183945,71.64672953,82.98319152,69.34379191,71.00789564,83.73283438,96.59710898,72.88069939,67.00569711,108.9071059,110.4860566,110.4039718,83.66430744,100.4696501,60.53105746,76.6830846,130.5034807,116.3764276,67.40297981,101.5379294,86.08471893,95.44707009,95.93923167,82.50670664,83.58733576,116.3764276,126.4712732,84.21644545
626,200,104.0988698,30.6401137,1712,104.0946578,30.64250692,482.9838012,,59.54594809,79.39459746,73.05637329,119.0918962,67.65531846,74.3899751,76.76563728,81.07133472,107.7573421,115.0215006,69.27257706,92.06998593,70.62313909,119.1463009,103.7612258,127.3803432,99.92768301,236.5634945,85.02404324,101.5817926,124.3226944,89.36993235,84.72482491,85.65229972,106.2179515,131.0010858,98.1616562,89.96593743,117.622796,170.2793815,111.8005556,101.0476695,73.36462803,108.1082913,112.673616,117.6415213,118.4920259,124.4180096,89.36264162,193.3888628,91.11507844,92.93762199,92.76823012,110.747878,91.75417859,98.99667977,137.6592077,70.32322282,131.3083713,140.5301876
627,200,104.0988698,30.6401137,1852,104.1027836,30.63833514,423.7185614,,64.85488185,66.90293075,66.90293075,69.54651161,79.44723026,54.9194175,69.25706338,69.25706338,69.25706338,69.25706338,72.29321427,66.17730243,63.35978488,62.64422263,62.64422263,53.9768868,108.7443618,100.3543961,81.02984441,53.5223446,74.191966,74.191966,109.7400591,88.53086599,142.559516,56.70582978,84.27551497,73.9581489,66.12948645,73.9581489,69.82506906,117.3374478,64.52566925,83.26347276,72.70671216,72.70671216,72.70671216,68.40299646,123.6800126,72.89781702,72.89781702,84.0317764,101.5232493,99.17989734,100.5197246,59.3535728,61.38377549,64.27514068,61.38377549,68.22816451
628,201,104.1720131,30.64867986,43,104.1749113,30.65114609,389.6542203,,57.72655116,38.09678017,58.34178084,54.18876446,56.18863769,54.51286715,54.48391948,54.49838947,54.49477124,51.2338676,102.3608224,73.60297081,83.16730392,38.11834764,64.96732752,52.25387197,75.21475566,43.86413795,57.12706956,64.8797931,69.02898164,62.22943554,40.85694738,62.22943554,47.51076014,54.37913849,51.1526622,51.1526622,51.1526622,47.67222406,68.34373657,58.75414421,51.1526622,54.25999036,45.69235157,51.16679589,61.52435057,43.65420726,61.52435057,61.52435057,61.52435057,61.52435057,61.52435057,61.52435057,61.52435057,61.52435057,64.05274854,62.00022953,61.52435057,61.52435057
629,201,104.1720131,30.64867986,187,104.1550545,30.65083151,1642.392969,,235.3279478,181.6471486,334.0460276,131.7819024,149.3084517,136.0785889,168.2109442,326.6637949,113.8552286,121.7721336,114.016034,106.2555198,202.6933336,336.9011218,235.7971959,179.9882706,110.8700264,115.8208246,117.8866537,121.9899414,134.34111,121.7417377,117.7548633,108.4916131,118.1920156,122.1456876,167.4961668,116.8639697,118.2389064,119.2279581,296.3716636,109.3020532,112.6344003,105.2930107,112.6146794,122.1653964,286.556447,242.6517656,184.1256029,184.1223086,184.1239558,349.8588573,361.6278097,184.1233381,184.1233381,166.0846823,189.1280188,172.4191799,165.3878235,171.8729081
630,201,104.1720131,30.64867986,643,104.204397,30.6509292,3113.028242,,258.5213765,286.6215261,286.6215261,286.6215261,286.6215261,286.6215261,286.6215261,286.6215261,228.9458973,254.5576757,241.0734428,247.6321319,244.3087768,245.1312247,245.5445287,245.3377026,245.4410721,245.3893765,245.3893765,238.9531273,242.1284874,240.530328,241.3267618,240.9278867,241.1815281,241.1815281,241.1815281,241.1815281,241.1815281,241.1815281,241.1815281,245.9901593,250.9944383,320.7470427,281.6158229,299.9103946,290.475339,295.1174752,292.7780074,293.9430865,293.3593901,293.5050968,293.5050968,293.5050968,250.1540552,261.843497,261.843497,261.843497,261.843497,261.843497
631,202,103.961143,30.57989724,160,103.9557094,30.60041448,2332.882465,,146.5046118,114.3803456,129.4547495,219.2787696,156.5583479,145.995252,131.2759183,138.4728256,133.9988333,175.3924861,175.8362078,171.5705184,111.9783583,152.5937202,201.7628078,171.4829377,196.109209,143.3781797,201.6417017,231.0420048,179.5164277,176.251351,140.0442667,199.01367,199.5541009,126.5768934,120.839955,173.091032,166.5518468,212.5498734,157.6102898,170.7854982,182.1115332,187.4114784,161.2746399,184.1244587,175.8576856,189.3658822,94.68294108,168.3041458,230.0925171,123.3241832,240.6411712,184.9862748,200.1201797,155.2667198,145.4012617,148.5342999,157.8271435,202.6146411
632,202,103.961143,30.57989724,255,103.966243,30.57342223,868.4444444,,67.05415549,87.32960893,50.06244996,50.06244996,50.06244996,50.06244996,51.63336086,46.2143385,51.00163132,55.87846291,55.87846291,55.87846291,58.27399813,55.87846291,49.46835443,49.50752177,49.48793035,49.50752177,48.94559687,46.66268656,55.33451327,50.62995951,50.62995951,50.62995951,47.11981914,48.73577552,46.71497945,50.46650524,53.81067125,105.1244116,55.18799647,64.72877846,64.72877846,64.72877846,52.67733782,66.7321238,60.12307692,49.27344365,40.57624919,49.27344365,49.35122336,48.62208398,47.58599695,48.93921211,49.58604282,49.2605042,51.66654425,46.76738968,46.97821187,49.46835443
633,202,103.961143,30.57989724,294,103.9590078,30.58061609,219.7030029,,14.71499182,14.48259667,13.50575557,24.98991502,30.13069754,14.8114384,13.10030328,13.88816173,13.76729,15.1350179,30.44969434,22.92760751,14.1593208,15.7509364,24.23409504,15.39039061,21.78234016,14.20836699,22.48676574,23.51354832,18.99373894,21.7231961,14.37765608,22.60171701,23.19404736,15.34546432,14.89044516,22.12600175,21.83509457,23.61354619,15.42992895,27.3994507,27.39945071,19.88929112,16.48058643,18.69076354,17.05204766,26.13027662,13.80433383,21.37801304,23.53431778,13.27947074,25.1546655,25.39995578,20.51652686,15.44448168,15.03620308,14.47212016,15.47903727,21.17712108
634,203,104.0612128,30.60054761,13,104.0612402,30.59666547,430.2623322,,50.9148998,62.54149646,31.43469094,36.24321488,37.96432343,51.66592381,88.84958296,48.06654448,57.32584737,35.20328173,38.77658148,37.26409934,37.91785547,48.93979134,46.85252256,59.65126043,63.65524916,37.35546596,44.38236091,44.79307102,44.79307102,41.2831662,32.20258619,40.90522172,33.31063217,45.02745337,47.27195511,49.7732775,37.03393654,70.40656345,83.54608392,48.02928359,101.7369061,42.70986385,42.43683276,131.2664742,57.54592182,43.10605926,49.83199129,89.01979287,62.83750085,61.58824636,57.91992934,61.58824636,84.36516318,47.65982757,80.09019627,48.55625066,55.12257637,36.4064886
635,203,104.0612128,30.60054761,45,104.0579082,30.60063219,316.9564225,,40.22478687,43.89620515,23.35270892,21.61066517,17.28853214,18.41877516,29.93180381,29.82036469,24.9909061,18.38909139,28.03545752,30.78076938,26.02150789,32.89798529,27.71764666,25.81545523,25.81545523,26.87291394,29.97955089,18.02595768,29.20569721,21.24847525,26.90346292,21.78394656,28.74164033,25.81014668,21.77563208,38.88118417,31.11228687,32.78336181,21.58001174,24.22382565,37.40307433,34.79674066,31.39369594,30.98856197,18.58376419,28.21754552,25.24537465,24.13620098,16.25417551,22.15617711,24.63537511,23.78411925,25.8837759,30.3670824,37.04685458,40.87318642,27.69858286,20.82195476
636,203,104.0612128,30.60054761,856,104.0610669,30.60531623,528.6883345,,96.36850654,148.403743,129.6510902,162.6733337,104.2416068,93.60383629,115.2105329,109.345707,98.98176841,135.4855899,105.5633131,167.2928604,115.1408351,91.15316112,104.678421,133.3628231,92.50439875,140.1847821,96.3241686,117.2450516,105.4713251,110.0160696,110.5568099,142.035672,59.01637222,84.56328802,84.85952884,99.35545862,89.32351643,108.5814672,82.51205219,76.96675926,116.6632752,87.57414131,93.81915892,81.16324112,97.01435928,141.872787,132.1720836,143.7986619,89.73493655,94.52446996,62.50502477,115.7160827,120.1437982,111.6040327,97.60400022,146.0315605,116.4358308,97.65765829
637,203,104.0612128,30.60054761,1203,104.0651384,30.60060628,376.4096772,,19.65300708,20.37706523,23.48483255,29.45814865,24.49668282,24.49668282,24.49668282,19.91292929,21.45378726,21.22278525,21.68987336,24.24828222,27.37524925,25.3997158,23.90429703,20.74358726,22.57517431,19.94223455,23.28307282,22.14174572,22.14174572,22.14174572,19.30306037,21.43257948,21.43257948,21.43257948,21.43257948,21.43257948,45.93474027,24.71636731,21.71594292,28.67883255,21.81206983,21.81206983,20.70001662,19.6958552,19.21410617,20.99263885,22.47221953,23.20333627,21.07425875,19.84004155,20.16480414,26.36332369,21.07425875,18.188924,23.58702938,21.18959872,81.87763371,20.93183762
638,204,104.0696326,30.56814664,78,104.0701368,30.57443762,698.8963881,,236.9140299,61.14281889,61.14281889,60.33637883,112.7631147,54.45945881,51.5931715,50.49728042,40.82802429,69.16912707,48.06164273,43.0090085,46.1021896,45.1913246,51.1387601,43.0090085,48.67766863,52.09165626,44.68964471,49.93603249,67.45380689,50.88022239,47.52451435,43.0090085,59.62149282,66.62030883,46.13917703,67.45380689,61.34780853,57.89515622,64.28075011,53.47299216,52.50125619,55.46713936,68.18838209,55.94279038,52.22780697,91.67709708,55.00024097,62.01016197,74.54894806,64.02104318,74.54894806,56.38155736,74.54894806,74.54894806,74.54894806,74.54894806,51.66821704,74.54894806
639,204,104.0696326,30.56814664,746,104.0661417,30.56811912,334.8063591,,18.40420507,18.40420507,17.67792308,17.63212814,17.86295506,19.56369414,19.50521183,17.95668971,16.61722738,17.26511552,20.48818572,16.72579903,17.08892006,18.87599229,21.16024892,17.1974039,17.52098381,20.39852051,19.15527878,19.49866129,19.49866129,18.28308555,16.56073479,34.29026722,34.29026722,34.29026722,34.29026722,34.29026722,34.29026722,34.29026722,34.29026722,34.29026722,34.29026722,34.29026722,34.29026722,34.29026722,34.29026722,34.29026722,34.29026722,34.29026722,34.29026722,34.29026722,34.29026722,34.29026722,34.29026722,34.29026722,34.29026722,34.29026722,34.29026722,34.29026722
640,204,104.0696326,30.56814664,1267,104.0765396,30.56871008,665.3374352,,28.2788048,28.2788048,28.2788048,28.2788048,28.2788048,28.2788048,28.2788048,28.2788048,28.2788048,28.2788048,28.2788048,28.12935721,28.20388303,28.20388303,34.16854161,30.90101296,32.45273628,31.65787144,32.05037636,31.85291479,31.85291479,26.83714024,29.13069824,27.93692432,28.52132525,28.22610021,28.22610021,28.22610021,23.76205126,25.18627515,25.18627515,25.18627515,25.18627515,25.90354831,25.53987667,25.53987667,25.53987667,24.02422033,24.75887432,24.38601553,24.5710305,24.52451406,24.50132183,24.51291246,24.50711577,24.51001377,24.50856468,24.50856468,22.4902795,22.96303208
641,205,104.1502536,30.57428621,47,104.1450214,30.58450522,1238.700369,,282.2355271,52.08118577,54.10976889,68.9230499,62.76314326,59.22260736,55.34945794,46.59687908,55.77637684,58.35716826,107.2596832,81.52324184,42.40914245,59.27977838,171.8428258,91.88162078,77.25112739,54.2661555,56.09209218,83.84152909,57.49635322,51.79034488,55.35747413,52.52439727,55.41824352,59.7230535,59.95054441,54.1508358,49.31786472,138.9196676,56.06858334,50.36884031,57.44697363,51.84051765,50.17990992,48.26627696,60.21227827,70.80160882,92.54904176,58.51487801,46.28732955,52.77303347,50.13289858,57.5953675,65.75230505,50.95639284,49.09119393,50.13994466,87.7387374,61.25441385
642,205,104.1502536,30.57428621,374,104.1638932,30.57872323,1397.328501,,178.2769972,49.78112423,49.78112423,49.78112423,49.78112423,49.78112423,49.78112423,49.78112423,49.78112423,49.78112423,49.78112423,49.78112423,49.78112423,49.78112423,49.78112423,49.78112423,49.78112423,49.78112423,49.78112423,49.78112423,49.78112423,49.78112423,49.78112423,49.78112423,49.78112423,49.78112423,49.78112423,49.78112423,49.78112423,49.78112423,49.78112423,49.78112423,49.78112423,49.78112423,55.33974261,52.41346813,53.83687067,53.11563496,53.47382099,53.29412615,53.38382235,53.36137,53.35015091,53.35575987,53.35295524,53.35435752,53.35400694,53.35383166,53.3539193,53.35389739
643,205,104.1502536,30.57428621,528,104.1084768,30.57090281,4023.798886,,167.3483825,176.7623672,176.7623672,223.8898916,170.4009233,169.5222468,171.5126906,157.4102254,163.9578493,163.9578493,163.9578493,163.9578493,163.9578493,163.9578493,163.9578493,163.9578493,163.9578493,163.9578493,163.9578493,163.9578493,163.9578493,163.9578493,163.9578493,163.9578493,163.9578493,163.9578493,163.9578493,163.9578493,163.9578493,163.9578493,163.9578493,163.9578493,163.9578493,163.9578493,163.9578493,163.9578493,163.9578493,163.9578493,163.9578493,163.9578493,163.9578493,163.9578493,163.9578493,163.9578493,163.9578493,163.9578493,163.9578493,163.9578493,163.9578493,163.9578493
644,206,103.9925196,30.73704047,94,103.9772319,30.75266673,2267.452804,,250.722025,136.21744,144.6861363,140.3241308,244.6268979,606.9018658,243.8099486,195.6747941,293.807529,235.9829196,214.1993,252.4553178,253.0457958,245.8692287,363.6053338,363.6047559,231.7349904,300.1393624,366.8687683,433.8565437,251.0674385,230.1279482,291.6164368,334.2283072,210.9485542,412.2641462,226.9028518,209.8413906,209.8413906,209.8413906,225.893697,208.1469637,209.8413906,224.4077002,226.0277321,222.1453019,216.0336137,223.4249376,234.3956955,244.6891515,319.6930847,233.766389,263.5860323,283.6757948,286.3575264,261.7930526,321.4110818,269.1149744,272.2346484,261.8902159
645,206,103.9925196,30.73704047,511,103.9731196,30.73083762,1980.528202,,275.1087406,200.2781328,234.5362344,216.057622,224.9180292,220.3988107,222.6354887,221.5115038,221.7914347,221.9316656,221.861528,221.8965913,221.8790582,221.8790582,151.3065639,179.9198893,179.9198893,207.5242402,245.1341389,249.3595338,251.5273312,250.4387414,250.981856,250.4387414,250.7100045,241.6915772,252.8333875,247.136968,249.9527266,248.5368724,249.2427888,248.8893301,249.065934,248.9776007,249.0217595,248.9996782,248.9996782,248.9996782,188.1240508,355.9019066,188.1240508,176.3081485,179.6641207,177.9703152,178.8132069,178.3907654,178.6017363,196.0900862,272.914891,230.0586672
646,206,103.9925196,30.73704047,1702,104.0040185,30.72959782,1375.671187,,90.16688709,101.9802579,109.1291287,117.3558359,157.2195642,134.3939287,143.1334183,143.1334183,143.1334183,113.2304378,126.4379454,119.4702757,126.4379454,155.6140227,94.21210411,144.5855419,169.0244462,135.0168013,126.7683346,128.7345015,130.7626194,156.1365966,223.4172754,193.7289439,182.0741277,106.1990623,145.6593022,145.6593022,145.6593022,145.6593022,166.5610854,155.5732861,155.5732861,155.5732861,118.8342237,118.8342237,118.8342237,112.6402488,118.9888783,206.0073325,119.143936,133.1831726,150.9729582,176.5987023,212.7022022,353.1134598,208.4828895,366.8456499,179.7610263,197.4057309
647,207,104.0490336,30.74739145,81,104.0489107,30.74097516,711.2274612,,70.53495483,65.99017681,56.36385857,57.30009338,38.32962366,72.12447494,188.0356568,80.00788055,66.63058027,73.9471151,55.67045888,53.29218399,60.43011778,67.45895947,67.82005093,63.88292747,55.06268865,87.79833212,66.14467065,78.6460007,76.87502677,75.27876105,73.27258409,80.89791028,79.39283288,80.13830549,79.76382742,79.95062796,79.85711845,79.90384585,79.88047531,79.89215887,79.88631667,79.88923765,79.88777714,79.8885074,79.88814226,85.20535575,85.20525191,85.20530383,88.76577016,82.59415476,80.29537878,79.8882635,79.88826422,98.19439522,79.88826422,84.78208147,82.74429778,83.49050149
648,207,104.0490336,30.74739145,109,104.0454649,30.75117149,540.5774824,,58.86851957,52.70355956,42.67466293,41.70820841,31.14183046,43.15030902,81.96378941,55.40438254,57.88671312,53.09901601,31.61838948,29.19574588,35.06879355,54.81912498,74.56241137,53.43923853,34.47692809,67.22207035,35.44770376,41.53850452,55.66189308,68.46363893,32.72554265,56.54124385,59.54346569,43.63660479,46.12552012,47.48705656,79.56168997,52.03643226,46.28964927,60.80704918,49.91545846,45.02785637,65.96877751,80.42756315,46.09285945,69.32008765,79.46557973,66.99547368,93.90611665,71.95854738,56.45581347,82.07612262,97.63315979,116.4118627,81.2427652,65.85846111,57.29393092,111.882863
649,208,103.9805092,30.70204313,419,103.9887776,30.71046208,1223.809673,,142.2345383,190.106357,254.2981139,168.2064397,156.0465699,136.6113123,178.3690212,142.119833,132.4845901,121.7721068,121.7721068,130.4760239,140.519985,167.7302597,196.6836974,168.2855165,181.3797786,168.2855165,224.2094057,419.5918879,144.6868579,171.8297513,118.6884381,134.0141391,404.1940204,151.6379689,174.5990022,116.9400086,188.4797785,139.4528771,121.0361215,164.48002,137.6785882,189.0864731,157.2221785,189.901501,123.4093788,181.3984487,233.9317605,124.8077853,103.1783331,173.9670216,164.48002,166.8831372,166.8831372,166.8831372,161.5294161,82.58134626,84.97039195,123.3661833
650,208,103.9805092,30.70204313,475,103.9769843,30.6953588,814.1403013,,58.04347133,54.64028868,61.89873463,89.42502165,87.42446188,127.2922947,59.33006244,68.80058884,81.86885711,67.24830023,67.24830023,67.24830023,48.49815364,58.97193329,58.97193329,63.85414128,210.3520396,44.61042747,73.61000631,73.61000631,76.99400397,46.65808041,50.4241735,79.86117397,51.7142494,52.85671929,100.8338905,55.75596229,71.80657618,59.69256792,59.69256792,59.69256792,59.69256792,70.90899399,64.81913198,96.09524868,51.60044163,58.38456344,99.69064914,58.38456344,58.38456344,58.38456344,61.80736155,65.28597605,73.08990236,69.17950632,78.1227477,83.52139875,78.1227477,42.6003646
651,208,103.9805092,30.70204313,700,103.9775607,30.70377111,341.2004052,,39.61617318,49.47446777,33.44641376,66.0387881,51.39420329,37.18430249,39.14189074,47.34556333,41.66891411,28.76631051,35.55633963,32.19095592,36.40214372,39.0332457,46.08674403,26.12832221,45.86159879,40.21514905,33.55000115,33.3511121,29.34967338,24.29287033,34.79290842,43.00689667,41.67333193,41.84083724,35.06811068,31.63059551,32.69130923,37.95508563,31.75422476,29.60524123,53.49832137,37.51504214,45.8471462,39.84822251,36.69712135,32.31361943,28.61493092,44.52363469,45.40929607,34.70991123,35.81112125,32.46828114,45.38133468,30.12437667,31.85274447,146.2287451,146.2287451,146.2287451
652,209,104.0675126,30.68327023,1206,104.0683075,30.68501094,207.4071355,,20.26229818,20.26229818,21.94461977,23.93159256,32.04573767,25.61460336,25.61460336,25.61460336,23.04523728,23.04523728,23.04523728,28.17606369,25.35367361,26.00489988,26.08439084,26.08439084,26.08439084,26.08439084,28.63530922,22.52385182,21.76867894,22.52385182,27.51839145,24.77187794,26.07300525,25.40579359,25.73507558,25.56937451,25.65195746,25.61059941,25.63126175,25.62092642,25.62609304,25.62350947,25.62609304,25.62609304,37.14754666,30.32949791,33.39406597,31.78809194,32.57129476,32.37189807,32.27311243,32.32242977,32.32242977,32.32242977,24.97209658,46.66660549,36.48203686,36.48203686
653,209,104.0675126,30.68327023,1413,104.0671503,30.682783,64.18869342,,11.53090301,12.40694208,7.728404559,11.02127009,16.04717336,11.61202494,11.32741649,11.48576807,19.92062899,7.034377361,14.29356472,20.18159793,13.03078739,8.715275186,17.98282462,8.194301288,13.71390483,9.496409439,9.097610091,12.60759995,13.18569451,8.921980553,8.960903396,6.824886921,12.12219259,8.216152758,14.62527192,8.526911303,14.17664395,11.88068362,9.257984628,14.54472361,12.62728395,12.8520187,9.648404856,11.67067153,7.995823402,13.63299683,8.698091454,8.233229084,12.83773868,10.73289811,13.16691147,13.83708361,13.12122192,11.07408768,16.04717336,14.11889794,9.003089466,15.40528642
654,209,104.0675126,30.68327023,1480,104.0631296,30.68605134,520.8336374,,77.47938408,99.46955409,99.46955409,99.46955409,99.46955409,99.46955409,99.46955409,99.46955409,220.5883641,85.61648834,115.3846827,98.2962566,115.3846827,251.6779993,130.5862632,120.4497491,142.5856346,130.5862632,136.3224061,130.5862632,101.3514105,114.1263664,107.3601963,110.6399318,108.9753928,110.6399318,110.6399318,153.2698443,128.5118374,139.8031922,128.5118374,119.3377456,111.3862037,62.91949982,80.41462878,70.59935092,75.18801382,72.82146819,73.98582149,73.98582149,73.98582149,73.98582149,66.84495881,73.98582149,129.9076971,94.27791285,101.2181912,105.0861553,103.1159134,103.601515
655,210,104.1353846,30.6850185,99,104.1409475,30.68134439,670.6359917,,63.71558135,55.72509106,63.71558135,87.97515353,67.62715883,83.86347144,91.71438878,65.27312119,60.89418642,57.62027614,66.25686055,65.88033184,57.483085,60.28188689,90.0574288,60.58020807,62.80670058,139.2859368,60.5996378,56.87372368,57.39198661,99.705174,83.95703787,76.52264882,121.6879824,94.86403026,72.75608951,125.6715219,133.3861641,63.55484225,56.90723795,56.33624011,108.0219047,52.94494671,73.90682357,96.72634496,72.28411887,75.28969553,107.3017587,89.19789051,55.92948811,58.57438152,86.53367635,93.62895838,57.66615215,76.20061769,79.15703509,89.75054164,96.07838046,72.54294224
656,210,104.1353846,30.6850185,1055,104.1323968,30.68182927,454.8005442,,89.07954076,108.3395837,93.29241932,93.29241932,84.07096067,71.81061224,76.50850276,87.78991738,91.21347962,138.4593623,94.91489618,122.4517514,177.3229559,165.2536139,98.23691753,123.222687,109.7006338,109.7006338,109.7006338,78.7154788,123.1039067,119.5096321,119.5096321,119.5096321,90.70814178,151.7758479,121.7956824,133.5777822,136.2131414,100.6525794,100.6525794,79.47970675,100.6525794,108.3694623,120.9218581,117.3678824,84.25121575,126.4310393,88.14438542,103.871972,88.14438542,102.3727778,101.2751727,103.4944348,130.5807697,128.7749856,84.83326213,89.32949114,87.02333877,83.11075935
657,211,104.158776,30.69530501,7,104.1642292,30.69574474,524.5509497,,76.04228534,54.30550477,52.78746047,47.96909616,44.14689466,51.17570241,50.59045042,52.06999397,208.6611513,54.77544362,33.84199675,51.97236553,55.09506693,64.48204033,73.05158294,195.6874009,66.35746707,67.09083676,61.35804837,57.84270068,60.1305231,60.34675101,54.71834202,64.40093499,62.86085348,56.3696543,62.3743491,66.35378321,128.7534149,57.92587175,60.47101248,59.61747179,70.86648593,56.64017453,62.79100524,70.21480956,90.49760792,68.77399352,52.16528782,85.87677955,66.81586622,179.8460399,79.24276618,79.5667171,46.91635823,74.66425379,54.69611641,62.75436451,58.55452462,154.7855261
658,211,104.158776,30.69530501,85,104.1583536,30.69959817,477.5222472,,46.02624069,47.8186395,47.8186395,52.41097835,51.75354008,51.75354008,58.22455851,52.25167447,57.88148451,65.73920038,69.59838421,64.20467189,65.11667007,70.16653428,70.16653428,69.03936104,81.99110126,64.38502209,60.83085952,49.07451013,44.76771068,45.24887273,46.90532305,46.90532305,47.86523987,53.88965799,53.88965799,62.74014927,73.92832957,59.63851136,81.31883112,71.13434854,79.09877716,53.14003369,89.07150725,70.88990062,71.47942162,54.08341855,125.0240065,68.48924661,52.46429572,67.6803185,50.96087224,58.14250585,54.61731819,58.14250585,92.09357623,93.42826576,53.88965799,62.75923662
659,211,104.158776,30.69530501,237,104.159153,30.69079437,501.210367,,19.73053386,20.77555925,20.14916048,23.35737633,23.94634799,25.42243496,24.56579062,24.98677267,26.26429871,24.99109863,24.99109863,24.99109863,22.12577954,22.77869429,22.77869429,22.77869429,22.73635737,31.76685425,24.87624983,23.71294256,22.65357591,22.29895762,22.69631851,23.9861392,23.75717342,19.54883338,21.44852685,20.4546671,21.44852685,20.93981079,23.14762439,19.44350562,23.13278617,23.13278617,22.6029013,22.09674816,21.45490275,21.77109583,21.45490275,21.61184284,20.46916984,18.44003394,24.09021791,24.09021791,22.24169271,19.92664076,20.28507388,20.65663791,20.65663791,24.67497191
660,212,103.9848234,30.66853964,86,103.9894492,30.66832512,443.8111945,,49.00982516,53.56342002,65.98968679,53.56983404,55.81555634,97.33718106,56.15888577,58.20474682,55.81555634,50.28230685,44.87978371,47.30482014,59.17482593,52.9046457,55.47639931,54.16001018,54.81030189,61.89715449,62.10768903,62.05492124,63.80247454,66.85022177,64.55435556,47.33986075,61.38192284,58.52455312,49.40766294,60.45836666,84.53546562,56.76998624,46.21027622,45.58403139,79.15384197,48.08789466,47.41009793,107.9540743,93.20788558,103.7213238,87.42250671,85.26148521,84.06749731,98.83570172,56.17863222,55.91322135,70.93097892,86.68540116,73.6984186,56.25775705,44.62905866,55.71823192
661,212,103.9848234,30.66853964,595,103.9830108,30.66415007,516.574677,,25.31884053,24.93689356,24.93689356,24.56629904,24.75020911,24.65791116,24.70397393,24.68092105,24.68668023,24.68956084,24.68812045,24.68884062,24.68848053,24.68857055,24.68866058,24.68866058,26.34091837,26.34091837,26.34091837,24.96199781,28.72075424,28.72075424,42.55535097,34.29541424,37.98149272,36.04445959,36.98763304,36.50995601,36.74724226,36.62821483,36.62821483,36.62821483,26.77708909,30.9373794,28.70728904,29.78064313,29.23411714,29.78064313,30.55008969,31.36035139,32.91449269,30.05525393,31.73496309,31.57332491,31.65393765,31.61357989,31.61357989,31.33393155,45.41315842,30.96867339
662,212,103.9848234,30.66853964,1000,103.9857416,30.67072388,257.5711587,,16.17542383,16.17542383,20.09657935,15.04675329,14.40957531,14.84203556,14.84203556,18.89467491,15.27604895,15.27604895,15.27604895,17.05298706,19.2977351,14.01747802,15.02846307,20.6056927,16.82860565,16.82860565,16.82860565,15.16363322,16.78291713,15.93223662,16.78291713,19.23435446,28.01378161,22.52444141,16.87454361,21.36534957,16.7677427,37.13976654,22.0731483,20.40167594,24.04294307,26.95512126,24.66106839,19.53489125,19.53489125,19.50065555,19.50065555,19.50065555,19.43933273,30.40184168,26.15673262,20.50317681,20.93129055,22.72686694,20.22368967,26.74777417,25.43331213,24.24199141
663,213,104.0389082,30.63011246,343,104.0353868,30.62436116,721.2610681,,80.11951182,74.53289832,104.0697333,104.0697333,104.0697333,104.0697333,104.0697333,104.0697333,104.0697333,96.25726951,71.59576778,89.53585673,69.33350721,69.48813144,69.48813144,69.48813144,69.48813144,69.48813144,55.04059025,58.05837451,59.69485958,59.69485958,67.43073463,95.5781538,77.47010974,81.9097743,81.9097743,81.9097743,120.210178,97.43113866,97.43113866,97.43113866,87.72094071,97.43113866,104.3835114,154.5559432,112.4043223,130.1523732,120.6290288,120.6290288,120.6290288,92.52703234,82.87380316,87.4347838,85.09322039,86.24811215,85.95646021,85.81137267,85.88385517,85.84759863
664,213,104.0389082,30.63011246,1442,104.0404878,30.62937504,172.0416514,,11.88771488,12.15603425,12.02037739,12.08782523,12.05400696,12.07089241,12.06244377,12.07089241,20.959389,15.31918705,17.70084912,16.42412608,17.70084912,20.27332062,20.27332062,43.01041285,27.55728343,33.59186143,30.27680758,30.27680758,18.59909745,23.04289994,20.58388975,21.74409418,21.14809143,21.44195197,21.29400792,21.36772387,21.33080221,21.34924708,21.34002065,21.34463286,21.34463286,21.34463286,25.48765206,23.23288632,24.30809439,23.23288632,23.23288632,17.82302,20.17152876,19.52822847,19.22172368,19.52822847,20.3681195,23.61677579,21.39378048,21.28350327,21.28350327,21.28350327
665,213,104.0389082,30.63011246,1667,104.0358641,30.6316149,335.9269365,,40.01114876,31.20064426,28.37154185,33.32884033,35.65262298,26.89407646,23.88106184,30.53881241,37.07727045,28.0293019,29.31725991,41.1650255,30.78498867,35.88537007,43.09441323,32.40452764,32.27049957,40.83627014,33.06206787,28.70674727,30.17475116,30.98027008,29.23457626,32.9370033,31.27388229,33.95742151,33.16280543,28.24728692,41.55797153,34.20783453,24.39408919,31.30294145,28.78231586,44.99858498,30.04276826,29.88125238,30.42558588,31.16847864,42.28450949,26.33573544,27.25778297,32.75856356,28.17091115,29.8417513,31.24901735,28.23904195,37.67404895,32.88028742,25.92362211,28.60643339
666,214,104.1275404,30.67140374,1030,104.1263697,30.67396483,305.1985315,,27.82143186,27.02865224,28.66212296,25.49222073,25.94367682,23.60289395,24.7179913,30.71180191,37.07698696,29.63492147,30.81948705,28.5380445,32.57864235,29.14362635,32.19205137,31.41428773,31.57226188,31.25788658,33.29438525,29.86990612,28.87555094,26.97887571,27.89501018,27.89501018,28.7167472,29.58836751,31.27695402,29.71507,31.39184895,40.12836791,34.95380849,34.95380849,34.4424675,34.6962541,34.56889502,34.6962541,34.63245748,41.35689009,24.69021828,29.9037799,30.96424744,28.91354509,28.91354509,27.17909,28.91354509,28.91354509,30.94971024,25.30143266,36.02343323,27.5943419
667,214,104.1275404,30.67140374,1838,104.1242711,30.66979471,360.4129294,,55.44814298,55.44814298,55.44814298,55.44814298,43.46688596,48.73188905,45.94905873,47.29957788,46.61453853,46.61453853,33.58463881,37.71763215,37.71763215,44.66390863,40.89792107,42.69803524,42.69803524,42.69803524,56.41245851,52.21930508,48.60637961,48.60637961,38.88571066,43.20604545,40.9321925,42.0383933,41.47791872,41.75627536,41.61663158,41.68633653,41.61663158,41.61663158,27.57675974,33.17229662,30.11682843,31.57080668,30.82668242,31.1943075,31.00940542,31.10158165,31.05542514,31.07848626,34.32562901,41.32122757,38.33047403,39.76970255,39.39985715,39.21750209,39.21750209,28.28822411
668,214,104.1275404,30.67140374,1874,104.1347948,30.67503343,802.9901462,,124.6019192,72.17195861,105.7467818,103.299842,96.19848673,77.01237536,90.65273172,85.71153961,89.56667781,89.27411532,88.66678453,104.2468275,97.00552102,87.42641344,92.17999127,88.25799448,87.93552033,69.38231334,127.1224506,95.75238577,76.6357546,87.89661412,89.09280438,84.32274896,87.63686306,106.2931377,108.1791979,86.62964233,63.14297941,107.1976956,102.4025775,92.39886613,93.18283589,82.11566068,89.41698295,151.7768127,113.333685,88.73007121,93.83633542,101.1399803,97.3513637,104.6940767,86.69584334,90.29608071,86.44630761,59.236978,88.71004069,92.87272538,106.0831019,80.79274808
669,215,104.1463315,30.64059106,11,104.1472874,30.64296083,278.1529173,,21.21505301,21.21505301,29.0527225,22.80114996,24.847407,24.847407,38.42480822,20.71045506,40.79097708,42.0147064,42.90276359,23.42340356,38.18062413,34.98778834,38.18062413,38.18062413,35.62257212,36.85726651,34.98778834,36.38435472,36.38435472,31.42970817,48.60924768,29.97541222,30.29542265,30.13456788,30.21478118,30.25153727,30.23314805,31.57128295,31.56627352,31.56877803,33.16041551,32.22660982,30.85825893,31.52759418,31.18933592,31.35755287,29.45148536,31.31532874,32.67273069,36.6001623,36.60376269,35.34178244,36.48062553,36.35875816,36.12929567,34.406878,34.40685314,33.21228863
670,215,104.1463315,30.64059106,159,104.1480953,30.63985672,187.5999976,,19.16821168,19.44787842,19.73582675,19.73582675,19.54732247,20.629553,19.26229074,20.66743145,24.42531614,18.708033,17.2192368,19.55368945,18.01185125,19.54732247,20.92573964,20.99753857,20.96157762,20.97954269,19.55298456,20.97504853,20.97504853,16.41880044,24.40325172,18.85163968,21.27118083,19.98845701,20.60987958,19.18011986,19.8693122,19.51863417,19.69241211,19.60513806,19.65778192,19.64051246,21.33242055,21.3222479,19.03120545,16.91218676,16.37236343,20.32049118,20.32049118,34.5452681,26.95039247,21.40602191,29.13290833,30.36231982,29.81696105,29.77587989,18.93422089,18.4021796
671,215,104.1463315,30.64059106,517,104.1446052,30.63798103,333.2326205,,26.3270834,26.3270834,26.3270834,26.3270834,26.3270834,26.3270834,29.15279304,29.15279304,36.57431201,32.44455534,34.3858813,33.38702199,33.87909088,33.75471885,33.69287463,33.72376839,33.70831444,33.71603965,33.7121766,33.71314227,33.71362514,33.71338371,33.71362514,33.71362514,35.52726852,34.59669423,35.05580683,34.82473741,34.93989009,34.88221871,34.88221871,34.88221871,26.80754042,27.38898251,27.38898251,27.38898251,27.38898251,20.16197368,27.38898251,27.81767962,28.8721404,24.28415858,26.12166432,25.16941901,26.12166432,26.12166432,30.04100419,30.04100419,30.04100419,30.04100419
672,216,103.9856557,30.59995126,242,103.9781162,30.59455801,937.9812508,,138.01359,138.01359,111.0036983,438.5366887,177.1633003,252.371637,208.1832616,228.1576015,217.7132497,217.7132497,91.26304062,152.44842,152.44842,152.44842,152.44842,152.44842,152.44842,152.44842,152.44842,152.44842,287.789702,152.44842,151.0842283,115.1485934,149.7442352,145.5488148,147.6167214,146.5754749,146.5754749,146.5754749,91.26304062,132.5833621,300.1540003,121.0298388,148.493074,148.493074,148.493074,148.493074,148.493074,348.1167529,148.493074,139.5344009,111.9977613,144.7171073,126.2723279,134.8669996,132.6104808,131.5103026,132.0581003,131.9207235
673,216,103.9856557,30.59995126,268,103.9910119,30.59474494,772.4463271,,96.08869307,96.08869307,96.08869307,71.57803803,109.9133114,131.7917904,131.7917904,131.7917904,131.7917904,60.38668355,82.82373128,69.84757997,82.82373128,95.62609276,82.82373128,71.67027777,68.19045556,65.03289938,55.61613555,76.22129131,76.22129131,90.50632311,76.22129131,76.22129131,60.58402565,76.22129131,88.58423501,105.734098,255.1198878,149.5057407,188.5292731,166.7650241,176.9805427,171.7209897,174.3111007,171.7209897,171.7209897,58.97787439,58.97787439,55.83949353,66.91333734,77.3162218,185.3871185,109.1225681,109.1225681,109.1225681,84.35207616,75.75410064,79.82222541,78.76477464
674,216,103.9856557,30.59995126,346,103.9854006,30.60176279,202.2574813,,26.66368581,25.83699654,23.93649331,14.7993279,20.35769616,30.20020459,24.19026354,24.19026354,24.19026354,24.19026354,24.19026354,24.19026354,24.19026354,24.19026354,24.19026354,24.19026354,24.19026354,24.19026354,24.19026354,24.19026354,24.19026354,24.19026354,24.19026354,24.19026354,24.19026354,24.19026354,24.19026354,24.19026354,24.19026354,24.19026354,24.19026354,24.19026354,24.19026354,24.19026354,24.19026354,24.19026354,25.32615418,25.32615418,50.56437033,35.34596761,35.34596761,35.34596761,35.34596761,35.34596761,35.34596761,35.34596761,35.34596761,35.34596761,59.84604924,51.00714064
675,217,104.0201993,30.58034411,372,104.0266743,30.57742312,700.2356892,,75.81499191,75.22879352,73.32310882,69.54064776,63.14750704,81.58085699,46.33912649,47.47492085,91.50085231,114.0655421,64.67860118,55.04035985,115.6352514,60.62970692,44.4790204,64.75208507,44.4659441,86.67673862,75.64436552,56.64828047,44.31287156,85.28728548,64.9344595,63.02121203,86.92580969,166.2828813,60.99318851,72.8377549,41.32538494,60.52457338,38.83705453,36.88686686,35.38032956,38.6041115,40.37356475,35.83295638,35.8468532,38.01082208,36.06364065,25.54051146,40.6260835,36.92321344,30.96865456,30.96865456,30.96865456,30.96865456,28.22306046,28.1846027,30.96865456,30.96865456
676,217,104.0201993,30.58034411,821,104.0158469,30.58332268,532.126541,,32.27726281,32.23652583,32.25688146,32.19589156,61.5966414,67.09826787,60.10842634,54.01284438,51.77447426,43.63680063,35.99164956,43.04843927,67.21598413,49.5748686,48.9520157,50.21377582,49.5748686,52.4262602,46.27187313,47.44657703,31.55939947,24.37220798,31.55939947,37.5296789,77.714221,46.28584833,45.50926319,32.1688589,44.75830719,37.43342545,63.9617879,31.6375813,44.55012901,40.88912588,42.53074296,40.88912588,44.30968885,47.00995209,47.00995209,47.00995209,49.27731312,58.94324762,40.48788899,35.311623,54.53269147,37.22128654,43.19403715,43.19403715,43.19403715,43.19403715
677,217,104.0201993,30.58034411,1179,104.0258455,30.58528944,770.4082018,,94.75468146,79.35535126,59.00998993,63.85578342,64.64963931,121.9107484,66.36682284,57.37082354,69.96643609,73.17861547,100.1252537,81.4927383,81.4927383,56.97349068,96.30102523,92.965459,97.54289074,82.38028296,72.35137896,65.64424915,73.95918737,76.43921525,79.0913363,109.3639403,83.03800977,94.39991581,88.35519358,88.35519358,67.47553791,52.32961371,54.57795067,49.1967987,70.48207183,49.62963662,73.17861547,77.19091362,82.70783877,81.66871397,109.4790603,90.0477119,103.7780927,79.8120727,75.89882398,77.61575168,74.25621222,76.68579335,75.77785591,81.44197756,77.29848179,95.63688022
678,218,104.0692372,30.62263344,456,104.0695764,30.61879884,426.2283593,,148.0149929,72.33290825,47.86095114,57.60563484,47.86095114,47.86095114,44.9318329,47.86095114,65.29455717,43.26378083,51.06229928,51.06229928,51.06229928,76.14997983,63.9342539,63.9342539,41.35908608,60.79326836,57.94645368,58.57631909,57.44747636,59.22002797,49.5203073,50.80867859,49.81889914,50.3089211,49.81889914,60.41031864,59.14260747,59.14260747,59.14260747,59.14260747,105.4585631,52.54870183,60.27847594,52.54870183,56.14880602,48.40448244,63.75715069,61.25437499,87.93249819,63.9342539,83.48324774,99.39576314,58.17714099,37.48588177,69.11811232,48.25226709,51.66404355,61.62337725
679,218,104.0692372,30.62263344,563,104.0645381,30.62255535,450.4908351,,61.19875496,69.15850773,63.59870613,103.9594235,76.28254969,77.75595235,81.78940233,138.7608134,124.0357175,117.6140456,71.75960205,60.60414822,71.75960205,105.1729576,66.80811561,84.79088564,71.02629226,161.3698514,67.90371277,84.36938184,144.8006256,70.29330678,72.88840478,116.2556994,135.1472505,102.5623403,62.4236723,91.75485184,61.57050138,68.28492658,61.54713497,76.64305323,73.88460166,67.10760025,128.7116672,67.10760025,64.41974206,67.66088633,70.9434386,68.22337167,69.55682276,60.96868445,49.21902902,67.57362527,74.73580674,70.97448606,65.3938309,45.87742592,60.62680398,47.6990296
680,218,104.0692372,30.62263344,997,104.0743822,30.6227454,493.2938712,,117.879717,113.3526342,78.63992126,57.87832298,77.4509301,102.4792735,95.9618084,92.28055911,115.8308112,89.97591344,85.57369589,111.5046292,109.7076818,91.3728357,64.4267137,68.35480894,86.28462289,69.81571586,65.76192647,79.75409892,40.78785613,69.7842688,87.73436265,97.33152613,62.48620466,119.8105055,103.6859729,101.2846732,90.32569652,84.81320048,124.4368854,118.8011999,82.18105721,67.21279024,66.14420775,75.58304235,79.99360074,91.45708138,98.05667185,76.78631013,85.72888305,76.21707881,82.33762687,78.91449328,100.7647032,67.80301928,69.55057193,68.96847115,63.82053794,82.86889096
681,218,104.0692372,30.62263344,1822,104.069232,30.62745007,533.8246763,,129.8492456,144.6751946,82.24403,180.7306115,102.9231845,92.14661432,97.23722526,86.73709832,89.24623073,165.6697271,93.04076039,53.95196055,97.17228645,73.56052956,55.66758775,126.9637068,114.8319851,103.3209051,103.3209051,80.57730963,92.83907414,100.6491043,169.5678384,100.6491043,100.6934738,81.63265845,100.7378824,111.406889,86.30698358,83.01377256,81.20150005,72.33759728,87.67920854,146.0310665,85.41194821,96.87555562,107.3613874,75.36348371,134.8609709,141.306532,201.4432741,120.4870743,138.4099438,156.6233769,173.1323274,131.5154036,109.8545958,92.92886048,94.31994281,112.6724124
682,219,104.1430664,30.59666843,93,104.1494061,30.60476611,1083.881004,,123.8721147,210.0092365,147.2442119,217.987241,123.5615764,168.1884317,142.2346883,147.2442119,190.8054579,83.37546185,159.3232656,125.7252074,143.6056851,113.9677726,115.7855078,123.3499984,141.7867592,153.3793874,125.4905444,130.3916997,110.5374395,142.2779075,130.3916997,166.2771995,128.4335442,153.2438533,153.2438533,118.5289069,254.5554641,118.5289069,148.0824142,102.1859792,102.1859792,123.0145924,99.74365067,217.987241,183.7663241,109.6059442,174.9763056,218.3939336,118.6009609,157.9745593,145.3248274,133.1730926,116.1589168,116.1589168,111.286178,163.4904307,193.1669116,123.6758039
683,219,104.1430664,30.59666843,107,104.1400423,30.59261383,534.7818544,,57.3663491,55.18746383,55.57511693,53.92758196,62.30468207,63.93406977,63.49914412,104.4420258,51.47632823,64.17382253,85.94708374,64.17382253,56.17784289,49.95367607,60.2314034,60.31374298,63.24597531,71.30424725,68.17703837,42.98313632,65.23939938,58.26920932,64.64790718,58.87506654,50.43129472,57.01805644,57.16195593,72.92479833,56.42481465,111.0433843,101.594442,66.57802913,98.18766675,93.4570231,69.56511927,72.92479833,64.28095746,74.10372116,67.90880691,60.73232416,63.46861569,101.1142162,74.40443192,75.48804218,74.0467183,71.66446548,68.2095545,74.62072387,74.62072387,65.68456758
684,219,104.1430664,30.59666843,121,104.1526008,30.59079768,1122.026642,,144.196195,142.9417604,129.4127645,114.3196956,110.1876584,151.2844911,141.1724215,136.1560419,108.0025645,160.7146914,117.4213928,68.97704766,148.6596813,151.0017163,119.8604128,133.6408904,132.6039096,129.9070042,129.9070042,76.09826509,82.72610388,121.9870415,134.9806487,145.2461672,118.8683733,99.57179731,158.637051,122.7003618,160.0196459,122.7003618,105.6946161,108.5832234,118.732978,127.3439146,133.0904748,124.0320925,116.7344381,95.92248661,108.7049808,123.5258688,124.84302,122.7749517,120.9143771,104.763713,106.9598962,114.4006395,109.8847821,127.0997637,108.0025645,102.7549202
685,219,104.1430664,30.59666843,362,104.1396892,30.59845534,379.5489489,,49.86774511,41.63559735,38.32752359,58.64275605,45.30988488,53.84380202,50.4818799,57.41076538,37.91803014,44.26704803,47.00835605,44.7730065,50.28724244,44.89121038,40.54528831,44.07546731,44.84144701,47.04038614,46.05849607,40.6160953,45.38325055,47.65043474,47.33268264,59.92878141,59.58577121,58.84163066,63.51176415,52.43193461,52.43193461,49.77691133,53.37407094,41.49335609,49.54340757,47.13098038,46.61610187,58.34539487,48.61467524,49.48024019,47.65043474,50.11542628,53.68865289,60.19278485,59.68011426,48.38157153,47.04882235,47.70589057,45.77474761,54.84701319,50.98418717,45.39455867
686,220,104.0481228,30.7539247,17,104.0530243,30.75790039,643.6417399,,65.08736696,58.95954869,65.08736696,30.40827118,56.36023749,56.02297543,64.29719774,58.95954869,64.64298897,76.06435006,71.25915725,68.91034241,66.58362827,56.42313953,56.51488448,33.29181413,60.43373012,32.09293994,68.28209636,103.3466723,68.50051705,44.6839348,35.53850098,84.98998444,70.54195286,89.26471756,72.29673209,97.15347017,106.2894616,189.9270708,189.9270708,189.9270708,131.6539923,155.5107559,142.5914008,148.7711245,59.55624774,147.1765154,63.89549609,146.78319,146.5873147,146.6362345,89.75860721,67.26352685,261.8203688,188.0276495,124.2254127,63.61687333,105.3231938,203.4017302
687,220,104.0481228,30.7539247,109,104.0454649,30.75117149,397.2930404,,65.23397699,37.46574841,31.1921235,69.64114159,26.27132917,31.71296997,129.4348367,68.98335751,53.6010598,37.49030001,23.74046235,20.59402369,23.74046235,41.94296028,52.43831147,38.19105328,25.74716373,35.22285104,26.05200265,24.51165288,52.77693526,116.7555058,30.99143977,76.68927321,52.77693526,52.77693526,52.77693526,52.77693526,83.39678982,32.49102557,46.10007882,152.6962575,38.14013188,39.53710976,74.10647386,62.45654784,20.65350102,48.42166552,46.37411333,43.11243242,71.75192035,38.39038028,42.13522412,58.022513,145.9443822,148.9848902,76.28026376,40.08547804,24.03789824,47.76217301
688,220,104.0481228,30.7539247,324,104.0479925,30.76138863,827.3383628,,64.97016748,64.97016748,64.97016748,51.53736773,42.22310896,42.70745779,43.72310784,64.70133468,45.55151134,57.10157412,49.43805517,50.02941948,49.43805517,47.57856399,49.43805517,48.64422243,49.83966041,47.87548014,43.00964774,55.25822089,50.56228734,52.03673012,49.16909791,52.03673012,73.87238956,127.282825,183.5292847,100.7498725,202.2449545,238.9105432,225.2111989,229.5013951,398.4505828,410.8162905,208.2809864,223.4372173,51.79857576,240.9723387,148.9209053,208.2809864,206.9652506,237.3241519,204.9779068,211.82318,79.37991867,148.2576474,148.2576474,154.455563,123.4029402,162.7550878
689,221,103.9875546,30.68324826,273,103.9914211,30.68156318,414.8102379,,140.437322,35.67407684,39.55806242,54.33065485,51.71660109,52.9914099,51.71660109,54.86101603,49.81043551,67.87803893,39.32368286,41.58209137,43.15944672,58.62713402,70.94141836,42.48412109,40.30544822,43.13866701,51.58262026,62.56914202,66.46810933,34.32912314,35.0749702,41.19494776,39.28304395,41.5483475,51.79133607,41.90786314,51.79133607,61.34817622,75.23006833,75.61098007,48.5158173,42.78844861,101.1275523,63.20917911,63.20917911,63.20917911,47.40688433,65.53228114,68.03265861,73.95986232,54.28049963,46.19696385,50.62091039,47.93954595,38.9754586,37.03006835,37.97786697,41.88965895
690,221,103.9875546,30.68324826,397,103.9833818,30.68521098,455.0693512,,41.42972417,61.18579512,35.40247789,38.56973901,37.12536773,38.56973901,35.78527008,74.12894409,38.63796378,38.63796378,38.63796378,38.63796378,38.63796378,40.77783856,40.77783856,40.77783856,37.76944471,40.77783856,57.68484734,41.86327933,37.96638851,37.96638851,37.96638851,34.27300553,36.02528124,34.27300553,35.12730452,33.68573676,53.71310375,63.99412751,44.05377249,47.00110608,45.47973851,46.22790857,45.85077169,46.0385678,45.85077169,45.94447783,38.82108209,51.73419992,56.43576599,45.51220274,40.62615411,34.41700975,40.62615411,42.970483,45.60193916,33.09595281,38.35527455,33.09595281
691,221,103.9875546,30.68324826,484,103.9889788,30.6857075,304.8027503,,53.92087966,54.05368971,54.68222097,69.08435895,61.04533525,61.04533525,54.18715561,48.71431303,32.24162295,36.33410268,33.55626609,52.95800681,38.84212039,40.62156043,40.62156043,40.62156043,40.62156043,40.62156043,57.57029911,57.00207278,43.05911973,36.05552797,53.7647613,46.32358421,39.36466013,43.92673743,43.92673743,43.92673743,48.76844005,111.9683573,67.94364713,84.56954922,75.35037947,75.35037947,75.35037947,50.48879914,50.48879914,45.58474367,50.48879914,50.48879914,50.87897531,41.6428805,50.48879914,61.04533525,55.26748714,61.04533525,63.79592448,42.36640545,51.82006617,36.33410268
692,221,103.9875546,30.68324826,724,103.98599,30.68063674,325.9436551,,36.27703412,34.56250835,45.34868245,35.99377786,30.5095465,43.71777252,38.69814315,32.44416106,36.64957288,44.07125477,44.16802352,32.31509922,46.59419557,37.22444281,31.37425557,38.37766667,44.08505291,37.26196934,41.36977161,88.5582761,88.5582761,88.5582761,88.5582761,41.14776709,56.1882119,47.50595783,51.48360475,49.41486542,50.42802722,49.91630575,50.17086169,50.04326001,50.10697962,50.07509953,50.07509953,50.07509953,41.31680135,45.27628641,45.27628641,48.04931022,51.18417267,51.52128028,51.69150477,51.60625215,51.64884328,51.62753894,51.63286337,51.63552599,51.63419466,51.63552599
693,222,104.0017918,30.72113711,53,104.0008574,30.72248966,174.577126,,15.99349347,17.94155309,16.2743384,17.60082113,17.27278979,14.17735358,16.18744761,18.50115576,17.36126115,17.15589591,16.72595219,14.02591007,23.50913917,20.46232751,17.92662668,22.00198919,22.29714873,22.14858565,27.02558876,18.53916382,21.62309999,18.08894128,18.05970269,21.69970319,19.07608915,19.74016972,18.32964356,20.2857423,23.749746,20.20828468,19.61311187,22.54122945,30.8676224,18.03379207,26.45409512,24.93186006,25.23584354,20.77612078,20.77612078,20.77612078,20.77612078,20.77612078,20.77612078,20.77612078,20.77612078,20.77612078,20.77612078,20.77612078,20.77612078,20.77612078
694,222,104.0017918,30.72113711,566,104.0036392,30.71829539,361.2344827,,42.70752505,42.70752505,42.70752505,42.70752505,42.70752505,42.70752505,42.70752505,42.70752505,42.70752505,42.70752505,42.70752505,42.70752505,42.70752505,42.70752505,42.70752505,42.70752505,42.70752505,42.70752505,42.70752505,22.00413093,29.06020419,29.06020419,29.06020419,29.06020419,29.06020419,29.06020419,29.06020419,29.06020419,29.06020419,29.06020419,29.06020419,29.06020419,29.06020419,29.06020419,29.06020419,29.06020419,29.06020419,38.21089533,33.01317887,35.42238033,34.17537291,34.17537291,34.17537291,29.55554858,31.6980163,30.58931387,30.85915425,30.99586763,30.92735986,30.9444584
695,222,104.0017918,30.72113711,1338,104.0051809,30.72262325,363.9178076,,32.11039479,32.11039479,32.11039479,32.11039479,32.11039479,32.11039479,32.11039479,32.11039479,32.11039479,32.11039479,32.11039479,32.11039479,32.11039479,32.11039479,32.11039479,32.11039479,32.11039479,32.11039479,32.11039479,32.11039479,32.11039479,32.11039479,32.11039479,32.11039479,32.11039479,32.11039479,32.11039479,32.11039479,32.11039479,32.11039479,32.11039479,32.11039479,32.11039479,32.11039479,32.11039479,32.11039479,32.11039479,32.11039479,32.11039479,32.11039479,32.11039479,32.11039479,32.11039479,32.11039479,32.11039479,32.11039479,32.11039479,32.11039479,32.11039479,32.11039479
696,223,104.1002021,30.68127471,873,104.1015821,30.68192194,150.4000447,,38.365999,23.18801546,23.18801546,23.18801546,23.18801546,25.79310016,34.70770262,29.0576115,22.03962663,19.66489689,20.78465109,20.20927506,20.49292519,20.49292519,20.49292519,22.74958659,21.56237262,22.74958659,22.74958659,31.29711913,31.29711913,31.29711913,31.29711913,31.29711913,31.29711913,31.29711913,31.29711913,31.29711913,31.29711913,29.03164402,29.03164402,22.63072773,18.47918638,18.54247126,18.51077473,18.52660944,18.5186887,18.52264822,18.52264822,18.52264822,22.46639672,18.52264822,14.8543254,16.48690185,15.62809286,16.04601435,15.93945241,15.88670044,15.91303271,15.91303271
697,223,104.1002021,30.68127471,1013,104.0999452,30.68004742,138.2294114,,25.26019701,28.68160698,28.68160698,43.84368996,28.68160698,22.24854907,25.05879385,25.05879385,34.31902628,50.36699201,34.31902628,23.86694873,34.31902628,34.31902628,23.41768852,26.54004699,26.54004699,26.54004699,36.32305701,28.59918857,28.59918857,28.59918857,28.59918857,28.59918857,28.59918857,28.59918857,28.59918857,26.46946176,28.11445656,27.26717156,28.11445656,23.771937,47.39294105,36.32305701,40.95686264,46.94583783,29.27211065,36.05984645,29.27211065,29.27211065,28.84787716,28.95277853,29.00551583,28.97912319,28.97912319,28.97912319,28.41800338,28.14551402,28.28110234,28.21314528
698,224,104.1636044,30.70562279,113,104.1692351,30.70602859,541.0916099,,41.32076639,65.71962873,50.62845473,60.83071343,52.67448438,44.19078484,57.24995726,54.25988289,66.48224558,48.84434181,177.0845269,54.5129607,51.32884837,55.33891465,63.45048194,60.19386168,59.26247566,76.30676146,59.49260953,54.66765037,54.05057956,59.56489335,50.66224566,70.70525574,49.75555034,59.56941692,47.10838562,62.00302958,53.88465708,54.94864631,59.56972794,56.15248553,58.84984277,35.84047462,56.83237916,69.41397935,59.9363014,70.38590047,68.96852563,86.31889787,45.58338056,62.99838644,40.49750095,57.29205281,62.63439857,44.26903565,56.23154559,57.71205381,62.53386182,60.59036664
699,224,104.1636044,30.70562279,263,104.166912,30.7139627,977.0657105,,428.9556778,428.9556778,428.9556778,428.9556778,428.9556778,428.9556778,428.9556778,428.9556778,428.9556778,428.9556778,428.9556778,428.9556778,185.6167049,211.8937685,211.8937685,211.8937685,211.8937685,211.8937685,211.8937685,211.8937685,211.8937685,211.8937685,211.8937685,211.8937685,211.8937685,211.8937685,211.8937685,211.8937685,173.2727368,190.6469679,173.2727368,173.2727368,107.7315944,107.7315944,107.7315944,98.80439769,127.7519331,170.1985431,129.1592371,129.1592371,125.7349976,119.2351376,120.8395039,92.74717357,372.2155088,211.2574509,97.07736591,156.7368685,119.8955793,127.3808554
700,224,104.1636044,30.70562279,328,104.1612313,30.70292569,375.5020468,,35.85695938,28.37447686,35.85695938,37.86575262,37.86575262,37.86575262,42.37640654,39.99430084,41.15090924,41.15090924,41.89485646,41.15090924,31.3280966,47.51519749,44.32155306,44.32155306,44.32155306,29.54770204,30.66713631,30.66713631,28.91566564,33.48820896,33.48820896,33.48820896,51.79338577,33.48820896,32.89069023,33.18676028,33.03806196,33.18676028,33.18676028,48.62616433,39.44963137,43.55985076,41.40298219,41.40298219,41.40298219,31.91989064,36.46142599,36.46142599,36.46142599,34.23380484,32.26270569,31.58428431,35.20331689,35.20331689,40.59481587,27.47575952,31.73256734,43.60668931
701,225,103.996384,30.63202614,170,103.9954272,30.63381597,218.5365629,,30.48362776,18.6761217,13.95532819,60.75147695,24.22576217,18.11180723,16.70934428,15.7832977,17.67274339,18.39155545,17.67707064,21.59274397,17.40235856,17.12225348,21.5711766,22.88673822,19.44948397,39.5839812,28.76532455,17.55574888,20.75215861,25.61600737,22.93121088,28.10759651,28.53923675,35.9394478,22.8950637,25.62146963,22.01367634,19.31984348,19.72747308,22.11084845,15.86952348,32.96780149,29.28281488,28.32517107,27.31707036,16.72118228,22.17394663,20.78551193,20.48780277,55.59940823,40.24202693,53.74443211,28.65183465,46.75196195,47.93247116,26.66886869,37.10998238,33.09070984
702,225,103.996384,30.63202614,401,103.9932544,30.63065031,336.4806058,,19.97246795,18.50771858,21.6889916,18.57868376,18.86807135,90.06172349,24.69582428,19.07606584,21.88986096,21.75716535,31.01997902,19.48259237,20.04186269,20.04186269,20.04186269,20.04186269,20.04186269,20.04186269,20.26652469,26.36601762,20.02860749,17.31708622,19.50612208,34.00225069,20.17202633,20.03026343,18.67895422,19.33102224,19.33102224,20.62057974,27.69809865,22.09448574,18.57868376,18.40927327,18.49359055,18.45133558,18.49359055,18.49359055,20.99359066,18.87787295,18.87787295,18.78031288,18.87787295,18.87787295,21.6889916,20.18603273,20.18603273,18.73673907,20.18603273,21.22348105
703,225,103.996384,30.63202614,902,103.998551,30.629674,333.3095775,,42.47484881,28.74046656,29.49642279,32.355167,42.47484881,30.49337939,26.96437031,28.54673622,42.47484881,36.55091972,42.47484881,42.47484881,42.47484881,41.9917578,36.89409258,42.71286435,47.00596517,44.55626141,45.74834296,40.30440699,46.78029158,39.06925451,29.23055978,42.86939904,39.60113792,58.6833712,29.17725177,38.09252314,38.09252314,38.09252314,28.23328186,32.43012105,30.18652777,31.26812975,30.71781066,30.9905273,30.85356635,30.92189517,30.88769297,30.90478461,30.89623643,30.89837303,30.89944144,30.89890723,30.89917433,30.89904078,30.89907417,30.89909086,30.89908251,30.8990846
704,225,103.996384,30.63202614,1622,104.0003855,30.63414755,449.8409031,,46.00373324,39.80892948,39.80892948,39.80892948,94.70334802,50.35532497,50.35532497,50.35532497,63.92475992,50.35532497,43.20777084,37.17124524,37.83708531,37.66839894,37.58461854,37.6264621,37.6264621,37.6264621,100.2741332,51.78024784,41.69751532,46.1951079,43.83123745,43.83123745,37.75026191,24.4626473,33.15101845,31.78463692,31.78463692,31.78463692,31.78463692,29.10022015,26.24679499,26.83392297,27.9211595,29.10022015,79.5787347,27.72991868,126.517754,45.48952953,126.517754,129.5541801,34.56621667,67.33585244,31.61400197,90.97905905,102.1720663,26.74528904,28.97007605,34.97683048
705,226,104.0663159,30.66946366,1043,104.0657402,30.66947157,55.16065751,,9.474158733,9.066181876,9.547036877,7.382095429,8.615113537,8.622127198,7.465971281,10.58333253,8.291372319,8.291372319,8.291372319,8.291372319,8.291372319,25.458765,12.50887351,16.77536364,14.33132103,15.4573285,14.87304329,15.01493397,15.08689942,15.05083067,15.06884347,15.05983169,15.06433623,15.06208362,15.06320984,15.06264671,15.06292827,15.06278749,15.06285788,15.06282268,15.06284028,15.06283148,15.06283588,15.06283368,15.06283478,15.06283424,15.06283451,15.06283437,15.06283444,15.06283442,15.06283441,15.06283442,15.06283442,15.06283442,15.06283442,15.06283442,15.06283442,15.06283442
706,226,104.0663159,30.66946366,1321,104.0681003,30.66950393,171.0089466,,30.72017005,30.72017005,30.72017005,27.22028921,27.18022992,26.16000883,37.37281615,28.76786018,21.94767229,19.42057438,15.20079525,36.72426403,24.67463759,24.67463759,32.02248155,27.28060004,17.71603476,32.59777196,24.61591082,19.77405378,44.09183225,39.71820695,28.67851899,33.86315774,30.6793459,29.37176564,30.93629185,31.18704193,30.55246689,28.00874467,30.1780494,46.11477212,30.1780494,25.28263687,28.99366756,28.99366756,28.99366756,28.99366756,29.03925508,20.25105947,41.1204719,22.25176654,22.25176654,20.92208013,21.56644722,21.56644722,25.90317844,30.41661106,27.97904293,27.97904293
707,227,104.0781096,30.66468753,806,104.0798131,30.66389343,185.4251035,,23.92581981,34.34976189,29.91174186,31.8883936,31.8883936,30.83755955,24.79681919,29.85377337,26.10089433,16.96392306,26.02457593,23.22854711,28.64937221,24.21878903,22.48050087,23.31729279,23.31729279,23.31729279,23.50459058,23.50459058,23.50459058,25.87327026,24.63211707,25.2374432,24.93110635,25.2374432,25.2374432,29.75618303,27.31116423,28.4812959,27.31116423,27.18603248,27.06204213,26.75472435,26.90750579,26.75472435,26.75472435,20.04595714,22.91949777,21.38663589,22.12655057,21.93681327,21.84315967,21.8898863,21.86649803,21.87818591,21.87526277,21.87380149,21.87453211,21.87380149
708,227,104.0781096,30.66468753,1184,104.0792781,30.66658936,238.6672197,,24.19719289,28.10911638,21.24108754,28.10911638,66.09246084,39.44309064,43.78099317,43.78099317,43.78099317,43.78099317,43.78099317,43.78099317,43.78099317,43.78099317,43.78099317,43.78099317,43.78099317,43.78099317,43.78099317,65.09105992,52.35046403,58.0296828,52.35046403,52.35046403,27.14698234,27.14698234,27.14698234,20.12182649,27.14698234,27.14698234,31.4726004,31.4726004,39.12132002,51.68132276,77.40558477,61.98030593,68.8394184,68.8394184,68.8394184,85.06950405,68.8394184,61.32502946,58.15118908,59.69595334,58.91344665,58.91344665,37.27557444,37.27557444,24.94055126,27.18993642
709,227,104.0781096,30.66468753,1276,104.0761884,30.66566031,213.3143218,,27.52442862,32.81758797,34.41067476,36.6846286,37.82914081,35.25317025,32.99738139,34.34398741,35.58533635,36.83124981,30.17412803,45.43973719,45.43973719,45.43973719,45.43973719,45.43973719,45.43973719,45.43973719,45.43973719,26.80389384,33.17198957,33.17198957,33.17198957,33.17198957,33.17198957,33.17198957,33.17198957,33.17198957,33.17198957,33.68120871,33.42465978,33.55244384,33.48842991,33.52040632,33.52040632,33.52040632,69.49606864,45.22648361,54.79415769,49.55271316,49.55271316,29.64986712,37.10059334,32.95940297,34.90760693,34.90760693,39.18018156,36.92069653,38.01689624,37.73678872
710,227,104.0781096,30.66468753,1608,104.0764857,30.66221135,315.4688993,,47.78072206,44.53678578,55.94522352,55.94522352,55.94522352,55.94522352,55.94522352,55.94522352,55.94522352,55.94522352,55.94522352,55.94522352,55.94522352,55.94522352,55.94522352,55.94522352,55.94522352,55.94522352,55.94522352,55.94522352,55.94522352,55.94522352,55.94522352,55.94522352,55.94522352,55.94522352,55.94522352,55.94522352,55.94522352,55.94522352,55.94522352,55.94522352,55.94522352,55.94522352,69.14386834,76.41298822,122.1169933,85.39007801,85.39007801,85.39007801,83.85882135,84.23646369,84.42656328,84.42656328,84.42656328,118.9202133,129.7929186,118.9202133,92.83553442,92.83553442
711,228,104.1369234,30.63298756,508,104.1377241,30.63284921,78.25206767,,10.31409648,7.615429878,11.00419702,29.96887698,29.96887698,29.96887698,29.96887698,29.96887698,29.96887698,29.96887698,29.96887698,29.96887698,29.96887698,29.96887698,29.96887698,29.96887698,29.96887698,29.96887698,29.96887698,29.96887698,29.96887698,29.96887698,29.96887698,29.96887698,29.96887698,29.96887698,29.96887698,29.96887698,29.96887698,29.96887698,29.96887698,29.96887698,29.96887698,29.96887698,29.96887698,29.96887698,29.96887698,29.96887698,29.96887698,29.96887698,29.96887698,29.96887698,29.96887698,29.96887698,29.96887698,29.96887698,29.96887698,29.96887698,29.96887698,29.96887698
712,228,104.1369234,30.63298756,1449,104.1358325,30.63115239,228.6861484,,49.89515965,49.89515965,75.52937011,89.48588416,89.48588416,89.48588416,89.48588416,89.48588416,89.48588416,53.11420221,172.7140142,81.24376327,110.5060583,101.3775435,97.35640907,99.32629494,98.33148727,98.33148727,98.33148727,90.11080339,86.49522745,86.49522745,86.49522745,83.15859942,84.79410225,83.96838767,84.37922495,84.17330501,84.27613919,84.2246907,84.25040709,84.23754693,84.24397653,84.2407616,84.24236904,84.24156531,84.24236904,84.24236904,84.87320972,84.55661278,84.71461545,84.71461545,108.3250177,95.07593925,101.268971,98.07478605,98.85429156,99.24870954,99.05110791,99.05110791
713,229,103.972055,30.62091828,28,103.9776869,30.61166959,1158.521852,,98.71428798,105.8547885,90.47025308,334.9942705,117.1538951,93.09550596,91.77672765,93.21688211,114.2316372,112.2357015,345.6363535,118.8622619,112.7210451,112.3011803,123.6672696,115.159098,116.825733,116.825733,112.4551039,108.2941556,109.0908267,126.265262,118.1164251,151.6515642,124.3846092,116.8816211,139.0226222,115.370302,117.745725,116.0790314,378.0071301,109.0018565,113.9048974,125.2439266,123.9122159,119.4886569,137.8736749,109.0310941,126.2885289,114.111643,100.5790675,129.3520189,117.814791,131.0160838,120.2964715,159.282928,314.7682013,124.7461217,140.5846742,133.8812118
714,229,103.972055,30.62091828,174,103.9663699,30.61838763,612.8852385,,128.652295,56.97052014,48.81386855,44.57347189,54.17770064,58.62852592,83.65447805,53.51596677,34.2075482,47.44917975,46.84473161,77.75812718,83.44337441,53.72259213,61.80355346,97.05514042,64.28866138,102.6127015,62.11674715,48.93760459,45.37556522,71.56332807,71.34061462,55.94287167,79.69491248,49.59029938,39.39976533,50.54723616,104.3776742,45.8899097,40.63327548,49.52607988,169.0717899,92.12471226,44.46119614,58.92427813,66.61796071,83.22716637,74.79277487,84.13295934,91.12790173,51.4309291,84.37425846,85.39850613,92.83535168,59.7789543,57.72523758,75.23910856,46.06235613,78.16589724
715,229,103.972055,30.62091828,751,103.9670978,30.62927127,1040.590722,,112.4962943,103.0500406,224.318958,224.318958,224.318958,258.3535586,240.1363205,248.9120664,240.1363205,144.9178568,180.7539975,160.8642662,170.230121,170.230121,206.9683204,186.8101156,196.3732512,191.4723494,193.8918358,193.2812499,192.9773967,193.1292037,193.0532704,193.0912296,193.0722481,193.0912296,207.8248126,257.1711624,224.9925885,255.7083003,255.7083003,255.7083003,255.7083003,255.7083003,255.7083003,255.7083003,255.7083003,255.7083003,244.4454551,234.1329125,199.6159822,207.2545836,211.2973875,209.2564608,210.2719719,209.7629872,221.6122845,234.2455305,269.2633674,205.8746387
716,229,103.972055,30.62091828,867,103.9827442,30.62574617,1155.872922,,254.9719681,137.0600303,93.71942611,111.3200246,111.3200246,113.0028746,114.7373856,181.9078697,131.3181071,136.5801702,131.3181071,86.91681502,98.16909512,79.86837849,98.06306016,93.86476851,109.3311224,93.61400493,138.8899372,80.77927725,112.2898906,165.4529829,126.0188528,86.57023271,71.92986204,101.0599276,126.8641012,121.3750856,109.0017687,95.29334013,98.02455876,142.3829776,146.622358,139.6063751,127.9226949,136.9359941,142.5048808,87.3272302,118.3177007,282.4304878,103.5969092,169.8425518,97.49093554,168.7601253,69.1115321,118.2142761,97.63642808,97.63642808,97.63642808,119.7451085
717,230,104.0553258,30.60561598,417,104.051983,30.60576544,320.892888,,30.08370825,30.40037886,48.33533041,30.40037886,38.97813233,33.195816,47.19977106,33.195816,27.11770885,38.76558379,29.00119825,34.33029411,49.44737921,30.80571725,30.80571725,21.3928592,25.25058791,23.16219342,25.25058791,32.35894669,28.36622214,30.23132213,29.26909002,29.74242554,29.50385945,29.74242554,29.62266218,41.40553394,25.08608896,33.07700492,33.07700492,33.07700492,42.31554567,28.45355657,28.45355657,27.99388683,28.22185009,28.22185009,28.22185009,37.345293,21.94139405,36.84894408,36.84894408,36.84894408,34.1695163,25.44525103,38.7168629,37.08553441,67.457775,55.99342729
718,230,104.0553258,30.60561598,870,104.0552507,30.60277225,315.2514771,,36.33634955,45.72280416,44.917097,47.11322813,37.95093022,36.34022791,47.88630032,32.73765339,50.14572966,45.51759296,30.42641602,30.42641602,30.42641602,30.42641602,30.42641602,30.42641602,30.42641602,30.42641602,30.42641602,28.69545683,27.90179023,28.29305871,28.09606233,28.19421641,28.14505379,28.16961365,28.15732836,28.16346967,28.16346967,28.16346967,30.31804054,29.20106585,29.74907225,29.47252189,29.61015136,29.54117632,29.57562363,29.55838994,29.56700427,29.56269648,29.56485022,29.56431176,29.56404253,29.56404253,29.56404253,24.56505016,51.12186115,24.64506661,33.25729868,30.58528732
719,230,104.0553258,30.60561598,933,104.0578707,30.60543778,244.7618757,,45.97266534,45.97266534,46.76978517,40.11272014,52.74799831,82.22171872,31.92546205,42.3335571,52.09458842,44.37990055,37.62351633,42.72207285,48.98639347,52.60553746,59.4920088,72.82171508,63.71900069,44.16755652,26.0308051,41.91925559,41.91925559,49.43297349,21.49128665,36.71428136,61.6183743,41.0789162,31.59247157,30.72860514,24.44224001,38.64661195,29.99124413,33.77319864,29.99124413,78.67346005,23.51281528,39.6661253,31.83110108,52.61761957,37.63269841,58.22529203,63.26743,81.5872919,35.73166069,43.72916886,43.72916886,48.1104424,53.46740003,48.49437273,31.52567988,40.0519433
720,230,104.0553258,30.60561598,968,104.0550112,30.61128466,628.9813301,,101.5395869,82.38217004,81.23166954,82.38217004,52.78165008,79.87064509,79.87064509,79.87064509,59.58770496,59.58770496,59.58770496,67.04168137,63.09530584,64.03769264,64.51952204,64.51952204,64.51952204,69.6717781,66.99674,69.6717781,73.04299317,71.31756814,72.16996935,71.34003744,71.34003744,71.34003744,71.34003744,71.34003744,71.34003744,71.34003744,71.34003744,71.34003744,71.34003744,71.34003744,71.34003744,71.34003744,71.34003744,44.80869634,50.86755302,50.86755302,50.86755302,47.50348507,55.1267873,80.45852548,53.72082535,62.50746138,62.50746138,68.17712573,74.9779069,77.36900187
721,231,104.0996958,30.6202998,1004,104.0994736,30.62275755,273.2214511,,39.7814853,47.98035239,54.64429022,47.98035239,46.91242721,45.89100579,44.40619521,45.43174245,45.43174245,58.31604093,44.91311525,53.32354502,49.11846312,58.38947361,60.90385288,59.62016512,59.62016512,59.62016512,54.83044296,42.0340694,47.06206813,44.40619521,47.06206813,50.67476682,54.88823794,58.66385032,39.98362699,55.38639552,59.79314431,81.96643533,58.02933475,67.95144898,62.59966421,65.16586163,63.85699161,64.50478772,64.50478772,64.50478772,65.85538561,45.74870809,53.99082979,53.99082979,58.06297849,62.79950352,71.4693714,62.03214656,61.28331613,53.45637087,61.28331613,62.45061739
722,231,104.0996958,30.6202998,1144,104.1020303,30.61979848,230.558335,,41.34545484,35.6993551,40.6369648,33.91256409,39.64999338,38.03024082,53.80940071,38.51554552,58.43083464,67.41958533,61.16507045,62.40676737,67.98136727,60.60477971,62.40676737,64.21740859,62.40676737,65.05630356,53.03578313,60.88092955,62.76068098,40.686765,65.22671953,67.20728794,67.20728794,67.20728794,67.20728794,67.20728794,67.20728794,67.20728794,67.20728794,67.20728794,67.20728794,67.20728794,67.20728794,67.20728794,67.20728794,59.71295007,60.58467197,60.58467197,60.58467197,60.58467197,60.58467197,60.58467197,60.58467197,60.58467197,58.45140887,57.44013882,57.94136168,57.94136168
723,231,104.0996958,30.6202998,1282,104.0962411,30.61995759,333.3012712,,86.9481577,145.4405547,137.9177674,186.8979091,114.9131278,157.3619116,106.9415843,69.15761247,83.99612015,86.55614617,89.27712621,107.1325515,119.7888096,87.05329455,135.5801781,95.60833277,112.1387455,103.2158775,107.4924592,126.5534161,153.8313559,158.9251094,158.9251094,158.9251094,221.1768804,184.9533066,184.9533066,184.9533066,159.4530998,171.2591724,159.4530998,159.4530998,122.4372017,159.4530998,159.4530998,208.6755785,179.0872502,179.0872502,179.0872502,191.9815322,168.9978277,168.9978277,118.4096622,148.1338983,148.1338983,148.1338983,148.1338983,148.1338983,148.1338983,116.966815
724,232,104.1409451,30.59204616,47,104.1450214,30.58450522,922.6154733,,236.680454,236.680454,236.680454,100.143187,63.50699243,57.0363315,81.01013912,66.94153249,69.97978834,71.60474007,69.97978834,70.78293951,57.01022492,69.55844406,95.30604602,57.11806885,71.42829471,63.47664986,67.21812707,66.24200843,65.76450362,66.00239239,65.76450362,65.88323326,64.32696651,77.40223028,63.85105338,84.71034719,84.71034719,83.8212165,94.58231714,97.40222006,107.4196541,102.1659706,104.7269653,102.1659706,93.39438666,84.70838316,86.00990169,96.74026323,113.9031449,80.74754548,85.24647299,85.24647299,85.24647299,99.86717226,99.39398614,98.02931227,98.7069326,102.7783442
725,232,104.1409451,30.59204616,107,104.1400423,30.59261383,107.0088861,,13.23821271,12.52786959,11.14864073,11.03421382,10.50871534,12.79309224,10.83443811,9.67716952,11.48746056,10.50155357,10.43989133,12.41253822,11.2410852,9.995640632,11.23944537,12.06867136,12.05262385,12.22691841,12.22691841,12.87324946,7.735582128,12.87324946,9.579348172,13.10758727,9.364238197,10.04829234,13.02724741,20.54570613,11.01922168,11.64957381,31.83735454,9.632605863,10.86997714,20.38264497,10.40324034,9.509552949,9.556142387,13.2991481,10.07801151,14.56178378,11.88620765,11.21490509,11.02603636,11.85937373,11.85937373,12.88144865,14.26785148,15.64393868,11.11804228,11.56286866
726,232,104.1409451,30.59204616,177,104.1497085,30.58671198,1027.36922,,87.22946208,88.64060376,78.76393168,98.62744512,98.62744512,98.62744512,94.23004311,98.62744512,99.23609316,85.28506976,135.3120436,98.62744512,75.28046391,83.93348898,66.88117888,69.52122541,83.74818436,139.5671393,131.2865332,90.99522096,84.87016773,84.34502148,67.12394178,127.5354894,76.37285735,57.99340168,146.4764036,73.23820182,99.96024843,107.7241512,139.8309713,86.48158671,125.3738709,110.2941111,125.3738709,73.4320819,116.3059494,114.861155,115.5790373,115.5790373,67.18490812,103.3108713,80.82008614,106.5858557,106.9969872,285.6007098,117.8735816,104.6013441,75.17335756,84.38625927
727,233,104.0204361,30.7335789,298,104.0235378,30.73518745,346.3613104,,77.02068568,76.81113251,86.98729345,77.39917551,79.32298836,79.98400946,93.00602067,95.01100809,98.04726065,100.7204425,98.92694487,107.9697352,99.3693044,42.41158903,42.41158903,42.41158903,98.31017486,46.7004014,79.31938406,67.52779407,62.85573875,65.10805913,63.96207713,64.52998069,64.24477391,64.38706145,64.31583898,64.35143053,64.33362983,64.34252893,64.33807907,64.34030394,64.33919151,64.33974772,64.33946961,64.33960865,64.33953913,64.33957389,64.33955649,64.33956519,64.33956084,64.33956194,64.33956247,64.3395622,64.33956234,64.33956227,64.33956234,90.35512445,75.15977807,78.45843752
728,234,103.9658337,30.698067,138,103.9658007,30.70213225,450.5765588,,56.71593048,44.70991212,48.81726316,38.2700392,59.19983984,42.42106863,49.42527097,45.65609955,46.54345049,49.39940002,48.41339325,67.17538446,54.34942629,51.27509496,52.46020258,47.88221838,53.66425947,60.02129923,57.69804072,61.50861992,55.1697933,52.44909285,51.61611656,49.49124673,40.32506182,67.02791784,61.50049713,55.86942406,46.15818672,59.4893256,49.69023509,67.30604198,64.36807983,68.87794529,68.87794529,75.13957668,71.87263857,73.46980831,72.66244778,100.3087212,72.95692407,73.73070962,109.5997035,40.76298432,83.90046269,54.67977791,50.55923271,48.7233901,50.53462119,52.9765458
729,234,103.9658337,30.698067,520,103.9693913,30.69601607,409.608127,,56.37617232,79.92353698,59.88179725,56.0573753,64.5334467,64.5334467,64.5334467,64.5334467,58.08327946,47.9671214,64.5334467,74.2554389,63.62844691,69.43327874,64.63067557,60.92688402,62.82994072,54.34056522,68.83442128,73.43620807,55.88033302,68.8512917,68.85297918,68.85213543,70.31627078,49.86331139,54.22115717,57.73268905,53.00782444,56.69679788,72.47622931,68.85241557,61.93584581,83.74382887,68.85241683,68.8524166,68.8524167,56.21051805,68.8524167,68.85241667,77.44013603,77.44013603,83.44763541,94.37371246,88.32079406,91.24698251,90.49740689,89.73301977,89.71951271,89.01203539
730,235,104.0428838,30.70972262,167,104.040772,30.70958471,202.805409,,39.50932883,40.91721311,29.82280204,31.28718389,58.81969566,34.20871371,50.22180378,37.07264855,20.56618232,35.45644263,28.13485443,36.2575911,23.82053744,38.46424616,33.77646829,44.24845287,35.1537513,36.83384726,32.9368183,41.19037926,28.91483059,28.97938863,29.04784672,29.0135773,31.24255565,20.62427888,34.11679778,61.35289684,38.56838206,42.59209367,20.2805409,33.18633965,48.0644814,34.03841045,34.47516813,34.33069619,34.13837361,19.78589356,33.73615969,33.53858602,35.12835081,36.78082984,34.34078679,25.37296253,32.66664306,28.37174116,32.66664306,37.15518944,32.83190432,41.01065295
731,235,104.0428838,30.70972262,683,104.0435485,30.70448881,583.5540994,,118.4658698,109.1321952,122.0140447,148.059145,293.8174486,103.7063703,124.8534352,293.1341522,111.982663,104.815134,142.2339037,274.3575243,267.958515,161.0421432,115.1120415,103.4874265,127.3208944,144.1368616,152.2906232,161.4222098,161.4222098,161.4222098,107.9175389,229.5950555,146.8231631,179.1086116,161.3668561,161.3668561,161.3668561,121.433223,137.3068469,137.3068469,137.3068469,137.3068469,137.3068469,137.3068469,161.5995968,161.5995968,197.8149489,182.677805,182.677805,92.95552026,115.4282834,115.4282834,115.4282834,115.4282834,135.0125166,90.35676378,145.4172652,157.5596069
732,235,104.0428838,30.70972262,1115,104.0424803,30.71305317,371.1478525,,54.57313557,58.21927098,51.35678163,43.90357949,47.33861006,45.5564348,47.33861006,46.43042708,25.99479123,46.77242481,33.41723057,38.98270661,38.98270661,53.12653157,40.28539504,40.28539504,40.28539504,40.28539504,40.28539504,40.28539504,44.56249925,65.92757905,49.85568168,56.77615875,53.09134843,54.87196177,53.96697149,54.41570414,54.19040888,54.30282284,54.24655761,54.27467565,54.27467565,54.27467565,56.53592112,55.38222644,59.12089686,51.78807244,55.21207723,53.44529076,54.31431988,53.44529076,51.50856858,52.45906042,52.45906042,52.45906042,61.38903143,73.98296063,73.62962539,73.27964914
733,235,104.0428838,30.70972262,1507,104.0458737,30.71002528,288.2871533,,41.61322181,31.31664912,35.5574733,35.5574733,35.5574733,37.286882,42.23128187,39.19311752,37.60267217,37.08756708,72.7028898,43.79045367,37.46692245,39.81459406,39.81459406,39.81459406,38.32001546,39.81459406,77.50285996,62.67169371,57.19882894,57.19882894,57.19882894,26.40798351,45.39458729,38.90660738,54.47946204,30.73545168,26.74829257,40.48766263,47.71649434,40.22611441,43.10835937,34.96351775,46.10033323,72.83043873,49.53860391,44.16313838,42.53417016,33.12235379,51.29326616,44.87929738,44.87929738,48.13142038,65.99896673,51.89168759,43.15317056,29.40038957,41.95193853,40.81577143
734,236,104.074087,30.71695029,1104,104.0781475,30.71523433,432.8385295,,48.77053854,48.77053854,48.77053854,48.77053854,48.77053854,48.77053854,48.77053854,48.77053854,48.77053854,48.77053854,48.77053854,48.77053854,48.77053854,48.77053854,48.77053854,48.77053854,48.77053854,48.77053854,58.26931902,72.36309782,94.48521713,81.95759138,87.77666695,81.95759138,81.95759138,77.81366822,79.83189017,77.81366822,77.81366822,57.49884525,66.13129788,61.51369183,63.73897303,62.60656488,63.16769419,62.88587781,63.02647097,62.9560959,62.99126378,62.97367493,62.98246812,62.98026961,62.97917039,62.97971999,62.9794452,62.97958261,62.97954824,62.97953106,62.97953966,62.9795375
735,236,104.074087,30.71695029,1289,104.0742058,30.71862667,186.1432985,,27.0208014,21.24822432,23.86877559,25.13327237,35.83507351,49.18281648,49.18281648,49.18281648,42.41239713,45.54738315,42.41239713,43.92402292,39.41858086,45.67933706,49.61983522,47.56811887,48.57232035,48.57232035,48.57232035,53.44625888,55.99854104,55.99854104,55.99854104,55.99854104,55.99854104,55.99854104,54.48096541,55.22933034,54.85259545,54.85259545,54.85259545,47.10832159,88.17314139,72.60193658,79.63349668,72.60193658,65.18636912,58.5254039,59.14526695,50.19594566,60.2351348,64.02380965,60.2351348,41.57046368,60.2351348,60.2351348,65.13884565,67.90281187,66.49211779,66.83926747
736,236,104.074087,30.71695029,1319,104.0739313,30.71549927,161.5078242,,19.77646827,16.61223335,27.32917354,23.0268581,44.04758842,44.04758842,44.04758842,41.75426694,48.05191464,36.00174409,41.16305608,38.40978808,39.73878972,39.39799121,39.2297746,39.31370295,39.27169393,39.29268723,39.27169393,36.22605403,64.24620631,30.12581177,48.05191464,48.05191464,48.05191464,32.42164501,48.53323599,57.00276148,49.0242974,52.71334244,49.0242974,49.0242974,31.85907765,49.0242974,50.73544216,49.86519444,49.86519444,39.49919614,32.70124674,31.6854587,26.36862436,35.96462889,35.96462889,38.98464723,37.4137935,52.14602396,31.09241535,24.67163368,27.51237384,26.74257572
737,237,104.159153,30.69079437,197,104.1595999,30.6846658,680.5687301,,25.64152201,28.25890921,37.78160963,29.40350949,40.63096896,54.14469455,32.51555977,38.17388144,29.56316656,28.84105272,36.71535855,37.751116,34.67559386,34.59450104,34.95802044,39.37482841,27.95262326,47.45818673,40.97341385,47.21538623,50.56857437,28.82408739,26.96805095,31.46465019,29.01181087,30.10502677,37.41082146,37.32160861,38.84247933,39.11864854,28.89206873,45.57969612,43.22269257,44.36991441,34.09947708,32.30831774,28.93756805,48.26476464,45.2792883,45.22113703,30.79883631,25.56126686,41.67282386,41.37480681,34.91754055,28.75642522,40.12789189,41.12143514,40.21965682,41.83924259
738,237,104.159153,30.69079437,211,104.158776,30.69530501,501.210367,,38.88701123,51.02579972,50.19074607,45.83464829,42.18252066,51.46728751,48.33936195,49.75307128,93.1281198,52.3381384,32.33615271,49.65978694,52.64353964,61.61282735,69.80105691,72.46414945,63.40480452,64.10554196,58.62784151,51.50891582,41.55111851,47.49350264,49.23212336,49.23212336,22.51225603,53.86141257,56.56292543,63.40128457,77.59564169,55.34838409,57.78027545,56.96471417,67.71318866,54.11989566,59.99703708,67.09050949,75.02525244,56.76629774,49.8441249,71.88674586,55.06685619,71.03768981,53.4888534,61.02674141,44.82875332,61.02674141,52.26234095,59.96202673,55.94906422,65.87249118
739,237,104.159153,30.69079437,422,104.1645632,30.69122648,520.3990842,,62.57303618,62.57303618,62.57303618,62.57303618,69.04557875,65.65015896,65.65015896,65.65015896,62.32916787,62.32916787,62.32916787,62.32916787,62.32916787,62.32916787,62.32916787,62.32916787,48.94035275,48.94035275,48.94035275,44.52788868,42.60715722,44.52788868,44.52788868,50.82573801,47.46883538,49.08996515,48.26579166,48.67438984,48.67438984,48.67438984,56.36091165,52.23639951,54.22033135,53.20987911,53.71035325,53.45894487,53.58435417,53.45894487,53.45894487,49.39846284,51.34855642,50.84673969,50.59949153,50.72281431,50.66107787,50.66107787,49.11999746,49.87863697,49.49641043,49.59141682
740,238,103.9893797,30.64731331,711,103.9869334,30.64626777,261.5002682,,22.6168054,15.41542877,37.60589743,37.60589743,37.60589743,37.60589743,37.60589743,37.60589743,37.60589743,37.60589743,37.60589743,37.60589743,37.60589743,37.60589743,37.60589743,53.64108066,44.21452675,48.47376781,46.2462863,46.78374153,47.05718108,46.92006292,46.98852197,46.95426748,46.97138849,46.96282644,46.96710706,46.96496665,46.96603682,46.96550173,46.96576929,46.9656355,46.96570239,46.96566896,46.96568566,46.96566896,46.96566896,27.01294019,34.29858498,30.22288622,32.13200853,30.22288622,26.59324761,27.40614165,27.40614165,27.40614165,27.40614165,36.34752763,31.24982458,31.43241955
741,238,103.9893797,30.64731331,965,103.9914975,30.64819486,225.2335121,,20.88001657,20.88001657,20.88001657,37.02468692,20.88001657,27.11841617,20.88001657,20.88001657,40.54203218,40.54203218,40.54203218,40.54203218,40.54203218,40.54203218,40.54203218,40.54203218,40.54203218,40.54203218,40.54203218,40.54203218,40.54203218,40.54203218,40.54203218,40.54203218,40.54203218,40.54203218,40.54203218,40.54203218,40.54203218,86.87578324,49.84676086,49.84676086,49.84676086,49.84676086,49.84676086,49.84676086,49.84676086,49.84676086,49.84676086,39.48899239,44.06742628,42.82609034,42.23128352,42.52660717,42.37843086,42.45238972,42.45238972,84.46256704,56.50457446,61.6023281
742,238,103.9893797,30.64731331,1091,103.9913554,30.64443734,370.7351602,,56.25486098,32.63194564,42.16892817,75.12082044,75.12082044,75.12082044,61.31607549,98.98491301,61.31607549,57.9022376,61.31607549,63.55459889,63.55459889,71.81954674,93.85700258,81.37261923,87.17008068,84.17164063,85.64462463,85.27156653,85.08625358,85.17880927,85.13250624,85.15565146,85.1440773,85.14986396,85.14697053,85.14841725,85.14697053,85.14697053,82.18267098,83.63856401,82.90422618,83.26977611,83.0865991,83.17808676,83.17808676,83.17808676,97.77630599,74.77011634,84.73946519,82.00593405,80.70425256,81.34988658,80.70425256,80.63314751,80.56216759,76.22921906,78.33582255,78.33582255
743,239,104.0451214,30.66880677,736,104.0433938,30.66603272,349.1738293,,36.58398677,44.10616791,48.458974,64.51375924,53.76500366,34.31371571,69.25761903,73.1360457,51.51745022,75.46466978,64.75805421,59.64118993,57.1375357,57.17752,55.47556124,78.51949824,88.67906776,41.45863409,60.00123081,72.40290302,73.70183757,48.25434877,48.84149268,50.38179501,61.17697214,48.16190749,48.53381411,66.27552471,65.07467396,59.70043307,55.71542861,53.41469344,57.66173328,69.77016384,67.32349272,76.01585287,71.95097087,81.05821036,53.94960453,133.7261474,52.97519866,45.54441252,52.50734275,49.78319942,39.25479552,73.59635746,79.84737296,57.37462091,81.02376152,60.66726764
744,239,104.0451214,30.66880677,784,104.0387221,30.67190071,702.4554958,,140.4910992,140.4910992,140.4910992,140.4910992,140.4910992,140.4910992,140.4910992,158.0524866,90.47727316,66.72400488,65.17628312,87.75615215,136.50957,117.1211016,103.0077305,134.1559568,134.5127545,114.8167893,100.3507851,94.18397709,91.37632466,92.75891004,91.37632466,91.25267604,90.27540508,91.12936162,91.12936162,91.12936162,117.075916,114.168839,114.168839,114.168839,80.87973725,66.90052341,192.6735074,228.8542792,209.2111508,218.5923099,213.7988722,213.7988722,180.6650191,100.0860073,104.5515157,102.2700393,103.3981938,103.3981938,115.4721363,139.4260391,114.0698029,112.7011217
745,239,104.0451214,30.66880677,1595,104.049146,30.6673649,417.3778846,,93.85415846,84.54921779,66.65350249,176.7718099,176.7718099,176.7718099,176.7718099,176.7718099,176.7718099,176.7718099,176.7718099,176.7718099,176.7718099,176.7718099,176.7718099,176.7718099,176.7718099,176.7718099,176.7718099,176.7718099,176.7718099,176.7718099,176.7718099,176.7718099,176.7718099,176.7718099,176.7718099,176.7718099,176.7718099,176.7718099,176.7718099,176.7718099,176.7718099,176.7718099,176.7718099,176.7718099,176.7718099,176.7718099,176.7718099,176.7718099,176.7718099,176.7718099,176.7718099,176.7718099,176.7718099,176.7718099,176.7718099,176.7718099,176.7718099,176.7718099
746,239,104.0451214,30.66880677,1851,104.0460036,30.6710722,264.9215759,,60.61764874,57.94153543,43.02485743,55.46916796,41.46188876,48.90859863,48.81472416,48.4217671,45.87938296,42.48185627,42.48185627,42.48185627,42.48185627,42.48185627,42.48185627,42.48185627,42.48185627,42.48185627,42.48185627,42.48185627,42.48185627,42.48185627,42.48185627,42.48185627,42.48185627,42.48185627,42.48185627,42.48185627,42.48185627,107.1592891,42.48185627,42.48185627,32.32941265,36.71675354,34.38369259,35.51194501,34.9387127,35.22299676,35.08027879,35.15149291,35.11584975,35.12475377,35.13366229,35.13366229,59.79421149,44.26075397,59.79421149,77.12002746,67.36087158,67.36087158
747,240,104.0704498,30.65744999,1142,104.0685349,30.65841363,212.2909486,,85.87049606,149.2670732,64.10276548,92.6360503,72.88463082,67.00006558,127.8005711,51.29177282,101.5386291,57.78080253,67.03924693,76.76592337,73.62691859,72.03085909,68.33023658,64.15508205,82.17714139,45.35592967,46.54369153,50.04426478,69.05850133,81.14106595,96.74017911,64.65714171,96.0454561,62.35434744,105.1716626,58.23690737,69.87404937,138.9540754,80.99518402,77.67619124,135.026045,83.82068422,75.04884601,66.80484397,75.22991345,68.18103458,48.99021891,54.3948338,106.1454743,89.98203473,80.27808981,102.3545645,57.7101608,56.75104565,51.21538895,83.07037119,45.62671134,47.98357057
748,240,104.0704498,30.65744999,1416,104.0716869,30.65684818,136.0172764,,22.41016911,25.56982742,23.88596073,23.88596073,23.871405,16.16046848,23.85686699,21.24347918,23.85686699,44.11371126,23.85686699,19.5864878,19.5864878,26.46822676,40.80518292,41.6733783,35.82894109,26.61207582,19.6651484,39.33029679,30.22606142,30.22606142,30.22606142,20.92573483,16.59871848,16.59871848,16.59871848,13.16296223,16.68355009,16.76925325,32.64414634,57.22262713,33.8031101,20.80717543,25.7587828,66.46998122,19.82438037,26.46822676,26.46822676,26.46822676,26.46822676,26.46822676,26.46822676,26.46822676,14.21370668,16.41325794,16.41325794,16.41325794,16.41325794,16.41325794
749,240,104.0704498,30.65744999,1764,104.0696195,30.65608713,170.7145316,,58.53069655,47.64126463,51.3629792,50.97834859,51.753458,50.79110031,65.38003338,60.94932039,60.94932039,61.999729,34.14290632,72.30262515,26.80795262,23.45695854,36.91125008,53.07187511,45.60833497,59.4199751,59.4199751,60.25218762,59.83318772,59.83318772,59.06104056,58.30856867,34.14290632,63.03305782,40.2558284,60.25218762,60.25218762,60.25218762,60.84874394,77.06235909,45.41174733,49.76294039,49.76294039,49.76294039,50.79110031,50.58208344,50.68637639,33.31015251,71.46189695,39.74598634,32.41415157,49.26431373,49.26431373,49.26431373,43.6873868,39.24471991,33.67519527,52.60248051
750,240,104.0704498,30.65744999,1866,104.0729025,30.66099639,457.9463294,,85.33767682,118.684853,115.9120048,117.5123986,135.2629988,119.2320597,139.229454,110.1694272,121.8480026,109.6961649,71.41463227,142.0099815,98.1313563,93.45773745,98.72488088,107.1219484,118.6912107,101.9456493,107.4661033,90.58279043,90.58279043,90.58279043,90.58279043,90.58279043,90.58279043,90.58279043,90.58279043,90.58279043,90.58279043,90.58279043,90.58279043,90.58279043,90.58279043,90.58279043,90.58279043,90.58279043,90.58279043,90.58279043,90.58279043,90.58279043,90.58279043,114.6856894,132.2853991,122.858447,127.3977714,125.0869405,125.6567532,125.9436109,125.8000185,125.8358859
751,241,104.1407013,30.65199095,293,104.1369623,30.6514217,363.779557,,89.29134579,87.45284843,136.4173339,81.65901202,50.60302957,64.64000026,111.9321714,83.28180637,83.28180637,86.72890101,40.08999199,119.7810737,82.78169439,82.78169439,82.78169439,72.08842596,99.21260645,78.73385203,62.06665427,73.98906244,108.4111263,69.78364502,117.5589233,69.21504895,68.65564379,52.30057529,68.65564379,71.61210691,75.48163719,74.83465173,70.40894652,74.83465173,74.83465173,110.2826446,93.71065511,103.1186146,85.87582985,92.33417665,85.87582985,57.37596518,63.26600991,63.26600991,63.26600991,70.78953542,82.88648134,80.34395124,91.10305427,97.58617028,99.21260645,59.15114748
752,241,104.1407013,30.65199095,481,104.1443436,30.65238121,351.6685067,,44.82572772,39.36587762,40.8452885,48.08228728,37.62278229,42.56557533,41.7233609,57.20124812,47.38048743,62.43405864,55.2298669,55.61808343,34.92432067,53.19355564,43.20841721,43.20841721,38.24793426,47.84404626,38.62131251,59.41547333,58.95257854,79.31129987,59.15918804,58.47605654,44.42128506,39.62462047,48.32977233,50.35253619,80.12700153,59.10740002,49.4332693,42.03319077,61.0333772,58.40861011,65.27209234,57.11308078,47.77383487,46.94346694,75.35753715,75.35753715,75.35753715,75.35753715,75.35753715,75.35753715,75.35753715,75.35753715,75.35753715,75.35753715,75.35753715,75.35753715
753,241,104.1407013,30.65199095,625,104.1407514,30.65747915,608.2677526,,98.86067311,74.67715327,85.08385511,79.54156215,82.21941497,79.54156215,80.85832348,64.15323954,84.80882685,93.04286847,88.73524098,90.83801543,88.73524098,69.24154654,111.5329665,69.15953918,63.88807905,69.07772585,71.26149403,80.92253915,73.72942456,72.68064184,54.67575304,76.98531947,114.4475911,81.83200768,125.0400519,93.79677643,89.13557296,98.97238008,91.26941592,72.06682782,79.2435673,108.4407563,91.62192089,88.01301886,93.78003894,96.04227673,151.7157443,96.04227673,96.04227673,88.74423138,85.49590666,85.49590666,77.11454538,67.81204364,84.57952527,84.57952527,124.4970005,63.77953135
754,242,103.9781162,30.59455801,216,103.9856557,30.59995126,937.9812508,,123.0737153,108.9143072,100.2989852,64.44145998,102.7031393,160.0347158,131.9036134,131.9036134,131.9036134,88.68634282,106.0614842,96.59882004,106.0614842,409.3009094,106.0614842,98.01836003,95.2802625,92.69098279,84.31292142,101.428761,101.428761,111.0310728,92.64012354,123.2384125,88.86138165,101.428761,109.8273209,119.7422873,112.1838041,138.6748461,150.5789299,144.3819349,123.4185856,120.2754231,146.6450975,182.5260812,117.4515653,88.97845857,99.94028865,255.8130684,281.3943752,119.3894816,189.7040732,146.5489694,146.5489694,146.5489694,126.0758869,117.8443799,143.6780074,136.2129211
755,242,103.9781162,30.59455801,281,103.9604905,30.60401625,1988.594729,,166.2936359,166.2936359,197.4880283,156.4673708,181.2390133,242.1885112,475.6771445,475.6771445,475.6771445,475.6771445,475.6771445,475.6771445,475.6771445,475.6771445,475.6771445,475.6771445,475.6771445,475.6771445,475.6771445,475.6771445,475.6771445,475.6771445,475.6771445,83.92662397,142.6794424,105.6865255,121.4280254,113.0117472,117.0688161,115.004512,116.027483,115.5137327,115.7700379,115.6417433,115.705855,115.6737903,115.6898204,115.6818048,115.6858125,115.6838086,115.6848105,115.6845601,115.6844348,115.6844974,115.6844661,115.6844818,115.6844779,115.6844759,115.6844769,115.6844766
756,242,103.9781162,30.59455801,1038,103.9999551,30.58885883,2187.141314,,321.8137083,321.8137083,258.8332916,722.3585991,186.4482295,560.8054651,485.4321042,532.0073466,507.6536899,507.6536899,212.8029387,355.4721774,362.8437203,355.4721774,472.1864306,355.4721774,355.4721774,355.4721774,489.8108075,355.4721774,671.0547215,355.4721774,352.2912184,268.4981664,349.1666843,339.383997,344.2058461,341.7779156,134.6652482,341.7779156,212.8029387,309.1517538,699.8852205,282.2117825,346.2492845,327.7980321,346.2492845,346.2492845,346.2492845,681.7063836,346.2492845,394.6721168,261.1512017,337.4446599,294.4359762,314.4766343,309.2149879,306.6496432,307.9269728,307.6066437
757,243,104.0577985,30.59397529,347,104.057738,30.5910549,323.7161354,,45.58193301,35.76973872,40.08408923,37.80421996,40.08408923,40.08408923,60.07103544,48.08326588,48.08326588,40.96472275,35.6021819,35.68212148,29.76700096,29.76700096,23.46398834,24.70940888,21.42239131,26.09444889,21.42239131,23.92973486,27.10181599,43.81120629,35.35019476,35.35019476,35.35019476,35.35019476,31.00587842,45.14053275,28.95349286,52.49450844,36.10776413,36.10776413,36.10776413,36.10776413,36.10776413,28.94150879,36.10776413,36.10776413,45.88102706,40.41189727,40.41189727,25.45883315,46.67735997,26.19562995,26.97634462,24.36755018,30.50727978,30.50727978,30.50727978,30.93924126
758,243,104.0577985,30.59397529,738,104.0578933,30.59668669,300.6409098,,36.37498194,47.78398566,35.14528031,30.2320468,27.68049297,35.70498228,31.18479453,34.94131639,34.94131639,40.45426849,38.16820896,40.45426849,40.03071178,39.61593248,37.11420359,36.56443498,45.4750956,37.92579151,33.61202718,33.54258084,31.22340442,27.12549562,29.20418983,38.86738833,31.86380594,44.53939404,36.98931221,49.81032825,37.60342934,25.93905992,23.63976575,33.43550433,37.06531765,36.83823265,39.19218545,30.53531498,40.08545464,45.09613647,33.50796518,39.69342085,33.76933776,44.62465573,40.43489197,30.40188976,37.74536366,23.97136822,33.68675379,30.86427591,39.04896964,42.42172347
759,243,104.0577985,30.59397529,793,104.0613987,30.59376339,345.9701209,,36.59625177,39.32381397,37.85348863,34.36367847,33.37630465,63.87140694,63.87140694,63.87140694,50.1540578,51.36051279,46.4302865,48.77111836,46.4302865,45.29063401,45.85338004,45.57026975,45.71138654,45.64071907,45.67602547,45.66719375,45.66277917,45.66498635,45.66388273,45.66443453,45.66415864,45.6642966,45.66422762,45.66426211,45.66424486,45.66425348,45.66424916,45.66425132,45.66425025,45.66425132,45.66425132,61.25372633,52.32245531,56.43692739,54.30186413,55.34881357,54.30186413,51.36051279,52.79024887,52.06556745,52.42540395,52.06556745,49.35901329,50.67617764,50.0089239,50.67617764
760,243,104.0577985,30.59397529,863,104.0519979,30.59381519,556.4354364,,50.14186661,50.14186661,50.14186661,50.14186661,50.14186661,50.14186661,50.14186661,50.14186661,50.14186661,50.14186661,50.14186661,50.14186661,50.14186661,54.80622629,43.05572426,48.22552082,48.22552082,48.22552082,60.79415997,57.07538267,55.38153896,56.21570435,55.79550404,56.00481602,55.79550404,55.79550404,52.16582216,53.91964779,53.02823768,53.47022778,53.24831556,53.35904094,53.30362075,53.33131645,53.30362075,53.30362075,43.12524373,47.67725201,45.2871498,46.4514763,46.4514763,126.7827577,67.9917142,88.51444385,76.90750118,82.30376801,80.88493155,79.51418475,79.51418475,59.91528129
761,244,104.1259875,30.61233806,510,104.116215,30.60810306,1047.798901,,77.99991819,158.9154978,91.22312076,89.76248405,106.3755229,95.93275798,426.2232818,426.2232818,311.5272714,245.471326,143.9723681,181.4952387,160.5708142,165.3361795,167.8265283,165.3361795,165.3361795,142.3424922,153.9622875,153.9622875,144.5239863,206.124374,234.2904375,206.124374,206.124374,195.9520023,206.124374,200.9095096,410.0082656,121.2886188,131.431221,332.3415016,150.2819141,150.2819141,150.2819141,150.2819141,150.2819141,205.7496024,173.6949828,188.3683418,180.7343283,184.4723893,206.2300246,233.8063664,410.0082656,297.795477,319.6674613,331.8541973,323.7833514,323.7833514
762,244,104.1259875,30.61233806,1132,104.1174936,30.62128941,1283.383759,,168.619764,168.619764,168.619764,110.2011099,106.4557957,108.2960805,95.73521617,236.3264211,85.55891727,85.44025025,85.49954258,85.46988614,85.49954258,105.3633189,117.4764647,134.69917,125.4996924,129.9368048,125.4996924,124.832284,276.6575768,257.1052606,240.1341753,280.4359048,240.1341753,209.1052968,108.539895,185.1776165,150.2009601,287.8617777,150.9863246,150.9863246,150.9863246,215.8963333,177.6992897,88.93515943,655.3448982,156.6163231,156.6163231,156.6163231,96.96078767,112.8249458,112.8249458,112.8249458,112.8249458,121.1056758,121.1056758,145.403038,181.8969107,255.2586482
763,244,104.1259875,30.61233806,1198,104.1288734,30.62014553,908.4289056,,154.6261967,137.4094143,117.378908,92.02875492,86.50778339,148.3149234,148.3149234,148.3149234,148.3149234,148.3149234,148.3149234,148.3149234,148.3149234,67.63896712,92.90750171,92.90750171,92.90750171,106.0079112,99.02631522,100.684058,101.5339186,101.1072025,101.3201113,101.2135449,101.2668,101.2401655,101.253481,101.2468228,101.2501518,101.2484873,101.2493195,101.2489034,101.2491115,101.2490074,101.2490594,101.2490334,101.2490464,101.2490399,101.2490432,101.2490416,101.2490424,101.249042,101.249042,60.17192383,75.48399443,66.96378929,68.90828334,69.92350242,69.41218094,69.53930895
764,245,104.1414436,30.6184338,135,104.165091,30.61782895,2267.648197,,210.4003482,143.4715907,143.4715907,143.4715907,144.1047398,182.5477082,154.3930687,143.4715907,149.5152657,164.1736251,184.2784088,143.4715907,179.3307337,257.6601844,217.2757699,597.33172,483.8673545,157.4451979,165.7233762,486.8906665,329.5069025,183.4501912,228.0316623,176.9552061,202.0676611,206.236636,258.3907738,601.3652677,433.7690494,187.2370071,222.4396052,224.5486123,218.5377028,196.9489387,268.3197246,259.2529268,203.3258657,202.6045977,205.7076651,191.632242,237.3310083,212.0398314,213.147089,209.5543501,217.9848734,235.3702044,222.6776986,200.5782189,214.6729276,222.9807896
765,245,104.1414436,30.6184338,163,104.1381502,30.61375537,607.0437569,,36.61246784,29.83932446,33.71424753,74.65382869,39.47063561,35.19392522,36.46314002,34.02923583,37.73957949,36.81807885,29.27961849,36.79053072,30.89780382,72.30297849,39.19604235,36.89216202,55.70155119,31.21939321,39.42909382,38.39199243,40.54466651,51.00017561,31.69481544,41.4993833,41.22343834,56.25115894,43.95834102,39.99556231,32.1573149,36.79053072,32.92302933,39.04167083,31.54612089,49.30860841,30.56444091,29.83830591,38.74747384,36.14152466,46.17765504,30.24716297,51.23933235,40.62841918,38.84586763,30.99797908,38.17987881,38.14997134,40.5279574,39.12905147,43.33447402,30.33533488
766,245,104.1414436,30.6184338,267,104.1447199,30.62736142,1038.06779,,87.85094497,93.55604005,89.36185518,90.92564584,72.39215755,77.43564119,103.2332609,83.43944279,78.29783989,94.8488336,108.9228524,87.8529308,69.20451933,93.31631721,69.6170649,85.83730315,76.89391037,75.86806353,65.71039515,87.70532213,73.47485265,133.3792488,85.12628802,79.2446166,97.21036161,85.83506274,79.66804292,77.22760992,82.04267934,76.03989577,94.56083107,106.772687,79.09087924,91.01791868,100.5257308,89.57440182,92.17785925,79.5538913,96.06797028,97.40945191,94.26777769,81.03456546,80.93845393,104.3867051,67.9215566,81.38752908,86.27265972,73.27537341,69.3615104,70.84443685
767,246,104.0191754,30.73334897,165,104.0400009,30.74081135,2158.517894,,214.0678903,214.0678903,239.5580553,208.1427969,105.5318844,281.0366878,234.5506918,248.2548918,159.5892059,445.7360088,205.9363362,199.1839646,631.7613348,334.9424318,459.8026283,532.2372889,197.8736828,414.1593294,204.2224551,194.0846561,233.2219672,237.3627925,219.8207756,361.006477,285.6861919,280.1922267,262.8184132,290.1305944,420.794102,505.6823811,292.1302413,286.5861638,267.0331415,333.0284751,296.4016942,313.6494215,304.781739,505.6831478,306.9513164,365.821785,458.5730962,458.4779761,505.6831508,505.6831508,316.5230646,458.4482593,332.7907674,505.6831508,505.6831508,231.2697744
768,246,104.0191754,30.73334897,179,104.0161501,30.7362136,429.7601915,,52.09214442,52.09214442,66.97561426,66.97561426,42.16862388,26.98494226,42.95897194,50.70204507,31.55275369,49.76097022,32.73909685,32.11869876,38.76731669,57.0431389,64.43614157,74.56160638,43.87484408,23.91246815,38.70038236,45.50402028,55.95019733,55.30092476,70.15199479,66.1761561,85.55594597,27.67686385,67.46549442,65.34335215,53.00876221,46.09718255,49.79385886,88.40781082,88.40781082,88.40781082,88.40781082,42.8273132,88.40781082,88.40781082,88.40781082,27.65213028,29.97165225,88.40781082,88.40781082,32.1204849,39.11850036,88.40781082,60.55329508,88.40781082,29.04511932,43.78688744
769,246,104.0191754,30.73334897,575,104.0145129,30.73018611,567.5876592,,68.79850415,68.79850415,88.45521962,88.45521962,53.59014242,53.59014242,53.59014242,53.59014242,44.97628744,41.63052903,43.23878226,42.41941764,43.23878226,152.2022773,67.34553265,93.3750461,78.25248345,85.14751997,81.55452582,82.42404351,82.86579258,82.64432774,82.86579258,82.86579258,109.2682125,94.25293591,101.2066796,94.25293591,73.3084128,57.31600486,59.97990919,60.99449472,59.97990919,59.97990919,42.50266403,42.50266403,41.9141656,42.2063635,42.05975707,42.13293275,42.09631311,42.10546205,42.11003801,42.10774991,42.10889393,42.10832191,42.10846492,42.10853642,42.10850067,42.10850961
770,246,104.0191754,30.73334897,809,104.0204063,30.73193824,195.793041,,30.51320119,30.51320119,30.51320119,30.51320119,29.46102184,28.47898778,20.79218135,30.77969203,21.0404462,23.37827355,21.64787923,21.64787923,21.64787923,25.98809721,39.86736129,39.59859256,39.59859256,39.59859256,39.59859256,36.23932893,36.23932893,36.23932893,36.23932893,28.47898778,44.89521959,27.45296777,27.45296777,27.45296777,21.55519717,24.09760505,24.09760505,24.09760505,46.37203603,15.61140526,20.51979469,20.51979469,20.51979469,23.70588389,21.99807378,22.82007115,22.82007115,24.18027264,44.40031166,17.68770257,17.3609593,45.27976108,23.14794573,29.74071509,32.18515742,30.91469068
771,247,103.9636875,30.70216665,138,103.9658007,30.70213225,202.4215131,,18.8299082,26.56643993,23.85131977,35.72144349,31.61463979,16.29329116,21.5040191,18.53948029,22.12372411,19.37300091,19.9120129,41.15110291,28.41003693,21.89984815,26.01981512,26.95625576,26.02562311,23.25075609,25.01318469,26.7582906,27.44698483,27.65181308,23.09356511,23.20756201,21.80972532,28.03914872,28.25855345,27.42976589,20.71593235,24.7302301,27.6029336,33.12352033,28.91735901,38.35354985,30.1122912,30.1122912,30.1122912,26.37891211,30.1122912,60.34927099,35.66317034,32.45957448,31.89135436,24.77126202,30.19547433,38.10204294,33.89076188,32.1159329,33.8946617,24.31084061
772,247,103.9636875,30.70216665,312,103.9619769,30.70213373,163.8661345,,24.16459126,18.58009714,18.58009714,18.58009714,18.58009714,18.58009714,18.58009714,18.58009714,18.58009714,20.28952998,19.39722431,19.83334597,19.61286098,19.66752137,19.69496597,19.69496597,19.69496597,24.3432497,21.77379202,21.77379202,21.77379202,16.61741082,18.84932069,17.27432165,17.27432165,17.27432165,17.27432165,17.04965561,17.27432165,22.51595741,19.54989509,22.51595741,22.51595741,25.76061503,25.76061503,31.0892271,28.17519208,29.56056795,28.85125889,29.1078002,29.1078002,28.79990647,28.49845817,15.90075699,15.68931075,15.79432622,15.76794077,15.75478108,15.75478108,14.72954018
773,247,103.9636875,30.70216665,375,103.9627835,30.70116449,140.8318461,,20.76782984,18.48321713,16.59421147,24.85267872,21.99542933,15.96833531,14.96111091,15.96833531,15.96833531,16.93086144,16.67060077,20.90699571,21.04148769,16.90290279,17.89201509,18.75442587,18.10695164,20.92137466,18.71309979,18.71309979,19.09584354,19.23834984,16.19971472,16.1463263,15.1738016,19.50783302,19.6604807,19.08386371,14.84610969,19.35094069,19.20434265,22.90275385,20.11883516,26.68392873,20.95019198,20.95019198,24.21466966,22.71093764,24.7957033,25.01618318,25.01618318,22.68133942,22.18794949,17.23424801,21.00806544,21.97580056,23.57900842,19.21994325,23.23782416,16.91391646
774,248,104.0406601,30.68164203,879,104.0416006,30.68304127,179.3469999,,23.30863537,23.30863537,23.30863537,23.95729869,23.30863537,22.96662338,22.63450305,18.49997707,17.21731199,24.54939923,41.78959221,27.28095209,27.28095209,23.99439578,17.98465737,21.41456715,14.77458123,22.93602841,31.572088,27.90789711,49.66532305,25.00577845,21.22100903,25.88809942,25.57026533,25.57026533,23.37191673,19.10204733,21.52163999,19.10204733,20.23978682,17.59262124,23.71530577,22.41837499,23.71530577,24.33733436,24.99287225,40.73496528,53.80409997,40.73496528,21.18040021,24.06893568,24.06893568,24.06893568,22.93602841,35.77003876,34.34304253,38.61538275,21.53061108,18.21295345
775,248,104.0406601,30.68164203,1075,104.0394068,30.67962794,253.4618362,,24.80266836,30.94842093,31.30828629,27.49564473,30.39009526,18.3041647,24.05966013,29.75421555,17.94420079,21.83969867,20.32210713,23.38448514,23.54404671,15.88964058,22.34237538,20.79686861,24.25003313,31.73782992,31.96016148,27.82669452,25.84879916,25.80493807,21.53485594,25.03326777,26.19509886,22.47444853,22.09352567,18.2188874,22.30121063,32.94088846,18.69800431,17.90898156,21.86848677,26.5742354,25.32608355,27.98965062,20.72208805,26.12634532,20.11768191,21.29141031,19.98822805,16.53439884,24.51469117,21.88487748,20.95808465,22.89743062,23.59526514,28.56802161,19.59475899,18.76047515
776,249,104.1075671,30.71792339,410,104.1122596,30.71737887,453.3683008,,47.58384498,60.39318716,82.63928521,72.05853788,76.98706995,72.05853788,119.7890556,67.40144055,63.30977048,69.19976486,67.95468361,66.75361484,84.27500254,90.92623303,118.7000642,102.9732418,110.2787759,108.4469025,108.4469025,67.3504491,62.05801836,64.59601119,64.59601119,64.59601119,74.18754013,69.06033356,71.53217893,69.06033356,70.27452671,54.13352845,162.4005854,81.20029268,81.20029268,81.20029268,73.74062725,77.29088631,73.74062725,72.97135094,72.21795942,68.98249716,70.56315966,70.16124161,70.16124161,70.16124161,84.50355904,50.92436452,71.68927742,76.98706995,89.06553249,76.08978475
777,249,104.1075671,30.71792339,859,104.1071146,30.71525519,298.8760278,,38.88989277,38.88989277,38.88989277,38.88989277,38.88989277,38.88989277,38.88989277,38.88989277,38.88989277,38.88989277,38.88989277,38.88989277,39.23854856,39.59351242,51.35817184,44.71495896,51.35817184,51.35817184,51.72854327,51.63545051,51.58902967,51.61222965,51.58902967,51.58902967,51.39906211,51.58902967,56.9287672,54.12752461,55.49281715,55.49281715,55.49281715,74.54644575,63.6237424,68.65336037,66.04292995,66.96807261,66.96807261,66.96807261,66.96807261,66.96807261,66.96807261,66.96807261,66.96807261,66.96807261,66.96807261,66.96807261,66.96807261,50.27821028,57.4352509,55.46153093
778,249,104.1075671,30.71792339,1309,104.1020007,30.7191637,550.4416999,,66.10809407,66.10809407,66.10809407,88.30615506,99.44111,88.30615506,91.65541719,70.02085228,56.72490801,70.26915318,75.92299309,65.39901385,112.1125952,104.5004677,96.88799189,95.86130503,97.93690873,93.96989305,97.93690873,98.30709309,89.2608162,60.08460035,81.99683253,65.02346578,70.39396517,60.41433292,87.94723725,96.94667904,79.02652521,173.5192749,154.3294486,111.7490551,75.92299309,87.58409369,105.778832,93.03239998,84.14395412,99.20351037,91.0552611,83.17272276,99.32782555,88.59695305,68.96485336,94.77804103,107.3768045,101.7359445,59.41799459,88.20134062,98.5321054,119.6130857
779,250,104.200667,30.70612702,67,104.190672,30.73707999,3561.461404,,276.0086068,282.7231898,338.3476445,358.219168,293.0992669,301.3222339,288.9298266,287.5578516,284.5217432,265.6158455,218.6296247,235.7851762,263.2702475,259.5134309,288.2367221,287.5610008,287.898465,287.7296339,287.8140247,287.7929223,287.7823723,378.8468864,425.2491229,329.8780717,329.8780717,223.8490434,367.0845174,287.7859164,304.1243626,280.1035173,291.6201249,285.7458278,298.5111463,287.1921029,287.9207445,287.7858891,398.3820111,287.6470711,332.6006744,398.2659962,485.5197275,502.1650498,487.2278406,486.9423209,330.7806947,387.4111411,366.465483,487.0404306,487.0359702,487.0370853
780,250,104.200667,30.70612702,155,104.1857165,30.70246353,1488.209222,,332.7672795,136.0196061,145.1911436,143.5571597,195.2461078,142.4170978,118.6612004,142.2988898,155.9241327,151.7720453,151.7720453,124.0174352,135.9573002,134.6118894,134.6118894,134.6118894,130.7751786,130.7686351,130.7719067,132.662913,129.7328898,119.766465,113.7888629,93.41853878,139.9726614,105.7771832,142.8389368,130.9717157,137.0270165,125.6855112,154.0639107,100.9906352,137.8083238,118.74218,140.5580196,140.505961,144.6435688,125.3228819,125.6226595,146.1452018,147.3590271,135.7083507,149.8616279,136.3245089,129.5659782,136.5596883,133.4582781,137.7720088,152.2122499,140.2494795
781,250,104.200667,30.70612702,306,104.2033612,30.67494723,3465.208353,,274.0197709,275.0822338,329.2033665,334.2644714,309.9557437,212.1105219,247.7299257,266.8083628,278.8919567,258.0655027,200.4932082,244.7569154,198.85898,219.7230439,304.5328508,304.4719032,304.502374,304.4871378,304.4947557,304.4826176,302.0754653,342.7833294,419.848551,280.0085348,325.9181762,245.1604698,334.5257617,304.9599993,319.0594139,292.6513804,266.6192692,221.2788564,320.99243,276.4842388,327.2811487,327.1599332,336.7941117,258.0677239,292.5050338,340.2905765,364.4451904,315.9889776,381.9249372,344.869924,284.4367037,316.0060445,333.0128506,320.7940851,354.4173441,348.0545222
782,251,103.9911505,30.64022479,316,103.9881014,30.63882185,331.0074648,,24.57596026,42.78732041,42.78732041,42.78732041,42.78732041,42.78732041,42.78732041,42.78732041,29.06407008,34.61515972,31.5976632,33.03765374,32.30161791,32.48253504,32.5737557,32.52808142,32.55090254,32.53948797,32.54519426,32.5437675,32.54305417,32.54341083,32.5432325,32.54332167,32.54327708,32.54329937,32.54328822,32.5432938,32.54329101,32.54329241,32.54329171,32.54329205,32.54329189,32.54329189,32.54329189,31.77671662,32.15543617,31.96495468,32.0599125,32.01236317,32.03612019,32.03017763,32.02720717,32.02869233,32.02794973,32.02832102,32.02822821,32.02818179,32.028205,32.0281992
783,251,103.9911505,30.64022479,469,103.9938527,30.63635869,500.6634181,,26.03980214,28.85873465,27.37689506,24.04787599,30.53601534,23.46859772,27.44405489,28.93659731,29.49899026,29.84086598,23.08534493,26.40861986,28.4737489,26.6576196,24.60038633,23.98387632,27.77177666,25.26122362,27.03751442,28.82503572,24.72896538,25.91233957,26.4862352,25.54767265,25.73002577,23.92021639,27.35035364,27.27447625,29.4027456,27.19901869,24.21263172,26.85622358,22.60048032,25.89638369,24.29094751,25.06798755,24.29094751,29.55542452,24.11221813,25.31444249,25.30733369,26.06113802,27.05070246,26.06113802,29.02396627,28.67761822,39.31054101,26.90131799,22.99331278,27.1597409
784,251,103.9911505,30.64022479,496,103.9889356,30.64334541,405.8030188,,27.55098289,40.66502067,29.63517947,43.70653306,33.63201998,47.09512791,46.48817399,47.06225613,35.82627173,37.27356703,42.03246517,46.44627522,28.18076519,34.64905705,42.80922924,45.70011849,43.4358038,43.2216233,41.84434995,41.2132361,43.01680034,55.6301687,56.14035476,49.69016557,51.06955735,48.54943459,45.72428381,48.5574513,49.64759048,49.52136935,45.86754034,47.17623899,54.3077835,47.29077532,49.37527222,50.07695611,43.67386749,43.67386749,43.67386749,43.67386749,43.67386749,43.67386749,43.67386749,43.67386749,43.67386749,43.67386749,43.67386749,34.21290088,38.36876868,37.23793832
785,251,103.9911505,30.64022479,1014,103.9936314,30.64138601,270.3514961,,29.23556915,36.58892428,28.88742179,39.9206475,22.4061096,35.93374141,31.85811411,31.35351579,23.86795,24.83215783,29.05394898,34.75947807,18.77440945,35.65074674,35.65074674,35.65074674,25.98839482,30.0622513,27.87727565,28.39319204,28.65837805,28.52516873,28.59161823,28.55835483,28.57497686,28.56666343,28.57081953,28.56874132,28.5697804,28.56926085,28.5697804,28.5697804,41.71137369,33.91192992,37.40945221,35.57493374,36.46913696,36.01648597,36.24139813,36.12859202,36.24139813,46.05356717,40.56252184,43.13399151,41.80875408,42.46103493,42.29606402,42.21405835,42.25502139,42.25502139
786,252,103.9994246,30.6637374,128,103.9975143,30.66374322,183.0300287,,66.22191993,24.47198155,66.22191993,43.20708874,28.53960383,17.46608624,17.46608624,17.46608624,17.46608624,17.46608624,27.5118206,28.67935161,28.741902,23.44868695,19.66889861,24.64359433,19.53043656,27.48528209,22.52476735,20.13902845,20.20198024,20.50533504,22.70165351,20.20198024,28.64817841,22.66235953,27.37845304,34.67937386,29.41554033,41.76913492,32.70015401,42.23769893,36.86199179,36.86199179,34.54301983,31.90838273,35.09497221,35.66484998,30.32948692,39.81317845,37.62501661,37.62501661,42.23769893,25.6384476,37.0693729,35.36179446,37.67880505,37.90458888,37.0693729,22.69488301
787,252,103.9994246,30.6637374,875,104.0023938,30.66366051,284.5999273,,36.70221247,39.99582582,33.90977858,35.07565006,38.77236474,36.85466684,36.85466684,36.85466684,18.64530916,30.25274817,30.9690601,31.72011574,38.77970243,37.89052287,29.91415294,43.97252096,29.42023656,24.89817104,28.94236549,53.28319589,70.31292322,59.10921568,66.03508475,38.66263163,59.28241503,94.34251734,53.78266343,58.30827779,82.62578535,54.92751671,95.85278216,53.04019352,33.30096657,40.98238953,66.89182185,51.81085908,71.14998183,55.61542609,80.16899361,42.16295219,40.88426729,62.09452959,40.67327266,39.71161776,32.26959806,30.35732558,30.82927999,40.90058835,54.59465745,46.25551866
788,252,103.9994246,30.6637374,1391,104.000394,30.6652792,194.4876167,,34.14103577,37.83771691,46.67702801,46.67702801,46.67702801,46.67702801,46.67702801,40.16187879,41.61399228,42.38015154,41.99357761,42.18597899,42.08955844,42.11362221,42.11362221,42.11362221,26.1740344,32.28353267,28.90952658,29.68513744,30.08876166,29.88558681,29.98683009,29.98683009,31.76597584,38.30171882,33.76955403,35.893135,35.893135,35.893135,48.03810773,41.08692378,44.29144173,42.62904495,43.44434628,43.03283427,43.44434628,43.23761114,65.84533734,28.46160244,27.24340156,27.53806962,27.68780702,27.61273533,27.61273533,27.61273533,27.61273533,27.18720233,45.31750292,35.00777101
789,253,104.1050091,30.62341935,480,104.1062302,30.62332025,117.555509,,20.29735407,20.29735407,20.29735407,20.29735407,20.29735407,18.56139616,19.39059942,18.56139616,13.57497458,15.68132774,15.68132774,16.50304002,17.52380258,17.46954933,17.44254848,17.44254848,17.44254848,17.27346255,17.27346255,13.52076142,15.16845277,15.16845277,15.16845277,22.78330188,18.21193469,20.24274236,19.17371462,19.69373175,19.69373175,19.69373175,35.36488849,18.7256563,23.77527148,23.77527148,23.77527148,23.77527148,18.7256563,20.95048675,16.40309428,23.87587207,20.93321512,33.06248691,23.87587207,18.56139616,20.88586465,19.65514461,19.94902355,19.94902355,19.94902355,19.02021719
790,253,104.1050091,30.62341935,857,104.1060279,30.62213772,172.3704069,,36.07752703,27.45723296,17.65386813,27.45723296,18.38890102,19.1878004,14.7570384,19.1878004,20.36539104,21.6969743,17.10636705,19.27122562,18.09135466,18.09135466,22.06995133,15.24652248,21.39770568,16.18079439,20.77679012,19.36141856,22.77187027,15.8704211,28.46483784,25.73302284,25.32789652,26.15132001,24.92102268,19.21156238,15.53275256,23.31858532,20.71898046,17.96044761,24.47863767,18.65331056,18.65331056,18.65331056,17.81862067,24.09838698,21.71595677,24.38245441,19.76221226,23.15423376,27.70238682,33.27257184,27.15682559,27.15682559,19.82535031,19.09333738,16.65861651,22.94872281
791,253,104.1050091,30.62341935,1716,104.1022894,30.62560224,355.6431265,,53.34646898,79.03180589,66.08078738,72.95243621,60.39222903,87.54292345,71.47607846,87.54292345,105.8111781,87.54292345,87.54292345,77.28261097,77.28261097,72.45358674,70.25852549,70.25852549,70.25852549,51.3152407,59.31103824,59.31103824,65.57312448,62.28508095,65.57312448,70.88250549,77.12742502,100.9115472,80.93016785,89.82304695,139.1647017,38.91535731,50.70555467,84.09295602,90.80250038,87.3190285,95.90376445,58.62249338,75.42357911,61.62768979,130.6444138,66.13198633,55.3160558,67.03221232,56.6511175,53.23556156,55.48495148,53.01512445,60.87077285,65.40563246,86.80103426,85.4968451
792,254,104.1462001,30.63025162,75,104.1426242,30.63145711,367.8425915,,47.93604812,63.20922813,36.28036519,35.45470761,48.97312609,57.55034026,56.28116719,61.60418668,47.80625738,46.71017035,54.44529564,74.83780261,57.13224377,55.77284836,53.04713565,109.440771,58.2720937,86.551198,74.29906022,39.60817536,56.39835304,57.74797839,61.49214439,49.59675391,58.37913283,72.36247702,72.36247702,49.61223837,72.36247702,72.36247702,52.75829998,64.43957807,72.36247702,72.36247702,59.38266051,64.43957807,69.58661741,55.52341004,54.90187933,95.69888559,49.30131532,60.90429242,87.31208763,79.67709563,113.6680969,57.77632327,94.95370913,58.17469587,55.64005586,65.31360441
793,254,104.1462001,30.63025162,267,104.1447199,30.62736142,350.3249317,,16.55078417,16.55078417,16.55078417,16.55078417,20.28419387,18.22828913,18.22828913,18.22828913,17.82729576,17.633343,17.72978897,17.68143447,17.7055787,17.69953646,17.69651689,17.69802655,17.69802655,17.69802655,17.85095193,17.14128106,16.48587914,16.48587914,15.8140408,16.14297285,15.97681399,16.05946364,16.05946364,16.05946364,16.33639578,16.19674605,16.26627119,16.26627119,16.26627119,18.68399636,17.39150931,18.01459969,17.6975718,17.85467857,17.77577806,17.81514095,17.79543774,17.80035945,17.80282133,17.80159031,17.8022058,17.80189805,17.80189805,17.80189805,15.84384113,16.29183176
794,254,104.1462001,30.63025162,544,104.147912,30.63352447,398.1009021,,17.62808423,17.62808423,17.62808423,17.62808423,21.40647121,19.33441143,19.75414538,19.75414538,19.75414538,19.75414538,19.75414538,18.74641266,18.65490722,17.20484091,18.56429077,24.80951958,19.53869458,19.53869458,19.53869458,19.53869458,18.17812338,18.17812338,18.17812338,17.40331812,17.97069903,17.97069903,17.97069903,19.53203745,18.71886691,19.11680864,19.11680864,19.11680864,19.52538484,19.96744337,21.42247007,20.42998215,18.40338039,14.43993197,16.7425613,15.50622935,16.1006965,16.1006965,17.45631239,17.53641172,17.61724951,19.07704822,20.62105392,19.07704822,17.74815167,18.06271127
795,254,104.1462001,30.63025162,679,104.1482109,30.62933224,217.9900907,,27.43931212,27.43931212,27.43931212,27.43931212,36.08111846,26.73813719,36.12263874,36.16425468,34.41948801,28.64103381,34.41948801,35.12821515,34.77024043,35.12821515,37.54853237,35.05871649,34.98949226,25.27421341,25.96837613,30.94496556,40.17564812,38.28118666,30.38777644,30.38777644,30.38777644,29.78232738,38.88179983,29.83894778,26.46759955,29.89578387,28.07743565,29.89578387,29.89578387,41.52192204,43.51743031,56.45786522,45.71442678,45.71442678,42.92238797,28.22893261,40.45176941,31.96596035,41.81692681,41.81692681,41.81692681,41.81692681,41.81692681,38.84056295,36.25973786,34.25582843
796,255,103.966243,30.57342223,60,103.9582174,30.57340291,769.663418,,43.32741681,44.02007038,44.36810736,44.36810736,44.36810736,44.36810736,45.76033534,40.95769852,45.20046174,49.52257917,49.52257917,49.52257917,51.64563476,49.52257917,43.8415871,43.87629936,43.85893636,43.87629936,43.37829049,41.35504933,49.04050097,44.87106566,44.87106566,44.87106566,41.76018545,43.19233523,41.40139417,44.72620347,47.68998803,93.167058,48.91064969,57.36621749,57.36621749,57.36621749,46.68556537,59.14169274,53.28439048,43.66884641,35.96091246,43.66884641,43.73777908,43.0915755,42.17333797,43.37263196,43.94588905,43.65737875,45.7897443,41.447843,41.63468527,43.8415871
797,255,103.966243,30.57342223,202,103.961143,30.57989724,868.4444444,,48.50892164,42.57950289,38.44328312,113.6872727,187.2095808,44.03380281,36.80282519,40.03072983,39.87755102,46.20295566,204.6743044,96.99903044,41.68533333,49.08006279,109.5480974,47.333838,87.11668408,41.90884718,93.01193504,102.3669298,67.16219119,86.63827195,42.65858096,94.01229541,99.35217342,47.11981914,44.98417266,89.9424626,87.54357717,103.3307168,47.52399565,148.8761905,148.8761905,73.04672897,52.76624472,65.26931106,55.79535991,68.73097004,35.24689966,64.99369843,75.65682308,37.13064133,133.3219616,124.5577689,80.58759641,48.33642548,46.44087938,43.81779958,48.64099572,85.02789408
798,255,103.966243,30.57342223,821,104.0158469,30.58332268,4881.660576,,440.0370097,496.7908996,316.5947747,353.6011685,392.0137871,591.2187746,485.3684478,443.2942429,469.2651021,429.6816155,407.9855618,423.8523503,489.2986934,438.1475887,483.742945,455.9886531,470.5477478,500.6355923,440.818848,414.1143581,387.7325554,358.5306645,367.0165975,403.1631929,605.4772807,496.6680489,453.1514311,373.2826625,433.3140559,492.3372482,435.1789866,335.781764,426.8118536,369.3952301,400.1285208,375.1115918,396.7784325,402.2655925,405.222149,403.7384581,320.9950617,319.1732446,348.7477044,331.1159317,322.9026748,349.2675337,334.7867234,315.0987813,316.2624229,326.0919449
799,256,104.0354192,30.61450689,835,104.0333621,30.61112478,423.5456655,,72.05880888,61.73135206,61.73135206,49.18594825,55.1451861,55.1451861,58.0530895,61.2847426,100.0939429,60.33550464,124.725104,53.87860056,53.87860056,53.87860056,53.87860056,53.87860056,53.87860056,53.87860056,53.87860056,53.87860056,53.87860056,53.87860056,54.45587128,19.89255572,29.14026557,23.64434031,26.10618548,24.81435217,25.44388218,24.81435217,24.81435217,23.13754774,23.13754774,18.21701787,20.38455075,19.23992928,19.79570783,19.51386205,19.65377454,19.5835684,19.65377454,87.22908443,19.65377454,18.34854869,18.978747,18.65832801,18.73741415,18.77720917,18.75729055,18.76226624
800,256,104.0354192,30.61450689,961,104.0383729,30.61306544,325.1001459,,70.15148005,48.83284527,124.5064389,70.15148005,89.74010415,78.74587218,83.88428434,81.23390239,81.88067152,82.20793359,82.04397621,82.12587307,82.08490421,82.09514261,82.1002627,82.09770255,82.09898261,82.0983426,82.09866263,82.09858264,82.09854261,82.0985626,82.09855263,82.09855758,82.09855511,82.09855638,82.09855574,82.09855603,82.09855591,82.09855597,82.09855591,82.09855591,82.09855591,52.71894258,64.20752652,57.89883043,60.89020726,59.35685403,60.11375422,59.73290646,59.9227252,59.87515751,59.85140199,59.86327739,59.8573391,59.8603081,59.85956581,59.85919468,59.85938025,59.85933386
801,256,104.0354192,30.61450689,1052,104.0362486,30.61577708,161.6755741,,26.50117549,20.89881748,19.04139804,18.77522796,25.65430597,16.8436425,19.73682996,23.39357182,14.77238748,14.77238748,14.77238748,14.77238748,14.77238748,14.77238748,14.77238748,14.19590407,14.47840962,14.33576519,14.40673433,14.38892625,14.38003871,14.38448111,14.38225956,14.38337025,14.38281489,14.38309256,14.38295372,14.38302314,14.38298843,14.38300579,14.38299711,14.38300145,14.38299928,14.38300036,14.38299982,14.38300009,14.38299996,14.38300003,14.38299999,14.38300001,14.383,14.383,14.383,14.383,14.383,14.383,14.383,14.383,14.383,14.383
802,257,104.0802516,30.61899568,645,104.0770091,30.6189983,310.7959552,,53.94249574,62.63368869,47.36940892,53.94249574,50.44272235,52.13393974,51.27438921,51.27438921,38.05664758,28.66129846,30.65384764,29.62410561,30.65384764,37.01788052,38.58156685,37.01788052,32.65171513,33.53243073,33.53243073,33.53243073,28.98615126,31.09399089,30.00309556,31.09399089,31.98433766,41.05928215,32.92717595,28.38319226,58.57934234,38.2387368,46.27235065,38.2387368,38.2387368,30.71696469,34.0676087,58.64074626,28.06518659,102.0242041,37.73576522,37.73576522,37.73576522,37.73576522,31.73336154,27.37843651,27.10429842,27.37843651,30.02322286,30.02322286,30.02322286,32.49367199
803,257,104.0802516,30.61899568,1102,104.0796812,30.61696945,231.1258284,,29.5054249,27.46049446,25.2903642,27.46049446,27.46049446,28.49496515,29.61042641,42.6693837,37.79195982,51.68030946,28.4462558,33.86918516,43.1674699,60.00382082,53.06460346,90.44054155,53.06460346,55.6929707,38.3434554,37.47986406,38.90695307,32.8010374,36.51643182,36.51643182,36.51643182,45.861188,40.65878448,72.82739451,34.17055369,38.85504254,38.85504254,38.85504254,28.77416653,38.85504254,41.48412304,44.49481188,60.00382082,51.09844314,55.19422768,55.19422768,55.19422768,53.91272024,60.29369437,78.49556436,68.20106412,68.20106412,47.00864306,47.00864306,47.00864306,47.00864306
804,257,104.0802516,30.61899568,1246,104.0813033,30.62306332,461.9462637,,63.25405271,52.8132042,95.94268556,70.31740166,40.46244646,53.69486091,56.85492476,51.03856418,50.39413786,59.39309105,54.44829676,62.33876914,62.16846913,43.68668693,49.23050768,51.39813879,53.76544427,87.52666049,68.8457173,48.80755615,68.89721592,49.64198655,53.90620905,71.48872861,66.28825309,64.54100449,52.71778686,57.77063648,63.89476787,43.08307123,55.88894302,53.05586298,54.77423218,53.70311784,71.28189238,72.92365325,58.45365727,52.13186675,54.99455999,48.79714053,58.18991609,51.96895467,50.09055871,51.01247084,46.66996865,56.38504935,53.91869313,58.11805216,49.65546157,45.33823744
805,258,104.1559375,30.60084119,93,104.1494061,30.60476611,762.4217694,,114.0306759,72.34842491,86.67531693,116.466126,99.38630185,106.3157535,106.3157535,106.3157535,85.90667824,106.3157535,132.5950903,170.0393414,141.5715471,139.2742552,106.0801487,120.4317793,112.8013095,117.6363671,115.1681136,85.14788485,115.5988607,98.06384111,115.5973403,115.5965801,162.2762578,135.0155745,147.3960587,147.3960587,147.3960587,193.0351381,179.8341274,158.6084005,168.5556687,163.4308136,164.3666963,134.2981465,134.2981465,112.709797,96.81546278,97.10088571,152.4843539,132.5950903,108.272914,114.3632654,107.2155613,110.6741278,109.7887348,108.9173956,108.9173956,85.18678988
806,258,104.1559375,30.60084119,121,104.1526008,30.59079768,1158.153395,,76.152552,161.8118585,157.3340461,155.5728441,132.0285702,162.738182,151.9812475,157.3340461,111.8688549,107.3393798,118.111961,118.111961,118.111961,118.111961,118.111961,118.111961,118.111961,118.111961,118.111961,111.6068319,118.111961,118.111961,118.111961,118.111961,115.351095,118.111961,100.1285356,108.3793143,104.0906809,106.1917153,109.0977468,109.1882211,122.5559148,117.0837468,119.7573523,117.0837468,108.9646891,105.4847631,105.4806325,112.2805805,126.7280311,105.4819233,105.4820524,105.4819878,105.4820201,109.3361597,109.4497712,108.687183,105.482009,105.4820092
807,258,104.1559375,30.60084119,323,104.1589946,30.60397265,454.2436686,,54.95575575,56.30392793,56.22729652,65.93859705,48.0303803,66.72331345,61.41886223,46.49526474,56.66241188,53.5132983,57.29677375,58.98204534,58.98204534,52.09963224,47.39933933,52.09963224,52.09963224,52.09963224,49.07058385,55.43312566,55.43312566,55.43312566,122.0356125,76.23669963,93.84661159,84.13001708,88.72307667,86.36552339,87.5284279,86.36552339,86.36552339,66.47468321,75.12579229,70.53596714,72.75856664,72.75856664,72.75856664,92.56286075,81.47450913,86.66545178,83.98985114,84.64314273,84.97361449,84.8080567,84.89075489,84.84938564,84.85972418,84.86489437,84.86230919,84.86295547
808,259,104.0067642,30.74617568,136,103.9946657,30.76457468,2345.110412,,203.5792334,174.9660328,177.4067149,174.1488381,211.0424582,272.677493,243.9999273,208.7441515,249.6995042,277.6774468,239.2376045,247.1218457,250.3589002,250.2716185,279.5466676,275.6893574,252.8326278,266.2881297,277.5668879,697.7188003,255.9170818,243.4971025,263.6317691,267.2578212,229.3924284,251.230001,235.9401867,239.8166231,232.1490018,659.5623034,237.8480911,245.1610524,370.0190904,211.2996697,283.3968794,241.9298805,249.4829029,242.5423237,235.9653415,234.2771708,274.984449,244.2615038,250.4970929,255.9979104,715.4574138,253.2196732,233.0908719,222.3551425,476.9716092,220.1331271
809,259,104.0067642,30.74617568,179,104.0161501,30.7362136,1423.545352,,144.1202948,123.6263582,134.8771653,134.7325555,133.2117488,177.1869458,142.2980677,146.0781999,112.8033422,247.1750772,290.9685803,303.4104187,305.0265694,301.8178016,268.0709442,298.6832225,234.5437505,252.1757858,299.4167079,258.0901457,279.5921141,252.6483891,286.0565131,292.5339949,255.7999425,224.3620621,261.352976,351.7987379,253.4953679,137.5775374,257.118742,291.0418788,266.2273588,202.3812169,326.7649343,93.60298205,256.3423111,254.8734062,251.5943848,207.5100473,234.5429413,258.9797065,260.6929406,214.9890616,333.4986941,254.3943837,152.5227163,244.183666,292.8436153,152.5227163
810,259,104.0067642,30.74617568,337,104.0257262,30.75797789,2237.323983,,221.8833702,206.6503452,173.9603961,180.3384571,210.0428591,278.4769749,228.122858,612.4993414,612.4993414,612.4993414,612.4993414,612.4993414,612.4993414,612.4993414,612.4993414,612.4993414,612.4993414,612.4993414,612.4993414,572.2462763,591.6889872,581.8052434,586.7054925,584.2450931,585.4727079,584.8582561,585.1653209,585.0117485,585.0885246,585.050134,585.0693287,585.0597312,585.0645297,585.0621302,585.0633299,585.0627303,585.0630303,585.0628803,585.0629551,585.0629177,585.0629364,585.0629317,585.0629292,585.0629292,533.9911382,491.1198987,478.4772083,472.3968527,475.41759,472.3968527
811,260,103.9706768,30.68583598,68,103.9731061,30.68598032,233.2483219,,18.95828317,18.95828317,19.93634566,15.54748882,18.680622,19.88189969,16.64290426,18.7932748,24.40970811,30.64576492,21.70686667,27.0432837,19.74384136,18.06570479,17.40433627,16.76872609,35.35553511,14.71856194,20.2855252,20.78450393,15.51755988,17.61595718,19.06229191,22.01032658,18.67889055,19.81383837,18.87217775,19.33154753,19.09910086,19.21462122,19.15668689,19.18561032,19.1711377,19.1711377,18.55497724,18.55497724,28.32020097,28.69006455,21.86703018,23.65225705,23.64124276,24.14982606,24.06544918,24.10756379,24.08648808,24.09702133,24.08648808,46.91027703,19.75750491,16.33645834
812,260,103.9706768,30.68583598,152,103.9659117,30.68588758,456.4763158,,28.44745649,44.29419776,28.44745649,30.28686353,28.57938673,32.26403279,37.90806775,28.40647773,35.06361458,34.79141998,39.17317609,39.17317609,40.15430023,33.81306043,27.4114218,29.45595027,43.76337515,21.82356888,32.73535332,36.59943735,37.10561077,55.7055843,31.06455079,26.41985108,24.41775241,50.95549572,29.17126752,41.25969569,29.3134987,41.896356,36.9741194,104.6697285,25.70892892,30.77368421,44.49981879,39.06453415,40.08084724,33.01486161,41.96411483,38.07494756,41.55781488,37.1370562,33.17593682,33.25800007,57.10911336,33.86282943,30.79290575,25.79771957,29.63597361,42.33983219
813,260,103.9706768,30.68583598,502,103.973186,30.68984169,504.8516614,,41.09589556,41.09589556,48.98830138,52.58871473,48.98830138,41.92539749,41.92539749,41.78082715,43.32457643,47.391551,43.32457643,43.32457643,37.39641936,37.39641936,34.61839964,38.46488849,48.40122453,40.47808421,40.47808421,40.47808421,40.47808421,40.47808421,43.06791424,47.6399995,45.32334117,56.3555343,45.32334117,46.94272874,41.78082715,48.6821245,42.61350483,42.04663924,41.49474962,41.49474962,57.3333117,57.3333117,57.3333117,57.3333117,57.3333117,57.3333117,57.3333117,57.3333117,57.3333117,57.3333117,57.3333117,57.3333117,57.3333117,57.3333117,57.3333117,57.3333117
814,261,104.0638617,30.69710359,181,104.0568862,30.69713022,668.0956507,,44.22076883,50.59657519,41.22319384,42.75052155,41.57153655,51.67003282,47.35312897,40.2736829,40.69618177,47.26975738,43.19971877,46.97130541,40.01904064,43.98983708,41.88687465,41.77410929,48.5642472,48.6568261,42.9541197,41.10577114,45.79358193,42.65280607,43.07206917,48.68713244,44.46765597,42.4937163,40.4906455,47.43874443,54.96023282,42.88943745,55.66850127,64.66269516,82.65100833,133.5234144,104.9644761,80.00849781,103.3662347,89.51645328,62.2673569,54.88918624,45.98257904,40.96352895,37.77960876,43.45694442,44.82563487,42.05571739,48.0068731,44.99201068,50.52234585,44.51367865
815,261,104.0638617,30.69710359,816,104.0637039,30.6948428,251.0210505,,41.38973047,32.90081729,27.30138314,29.84069726,28.51461841,29.84069726,29.84069726,54.03143688,39.98565406,39.98565406,39.98565406,39.98565406,39.98565406,39.98565406,39.98565406,39.98565406,43.92105865,29.05709909,34.75676084,34.75676084,34.75676084,77.90308464,77.90308464,77.90308464,89.03209673,83.09662361,85.96202443,84.50504096,84.50504096,84.50504096,30.17281408,44.46813012,33.42820402,33.42820402,33.42820402,33.42820402,57.37624011,42.24429053,48.66102483,45.22618864,46.88077549,46.03862078,46.03862078,45.58263717,45.58263717,34.1009729,36.39268187,36.39268187,36.39268187,36.39268187
816,261,104.0638617,30.69710359,1425,104.0672117,30.6970296,320.9529957,,27.26278212,19.0980295,47.62208282,29.66446173,53.6411692,39.27810032,35.70000879,89.33743182,29.52548853,54.58728115,18.34017118,46.12498142,54.24557674,25.67623966,23.86021238,22.28410385,26.53113168,24.32485862,53.86623704,22.24120856,19.70884067,26.45183354,32.62904632,33.17026176,32.89742822,88.20082325,21.36295692,42.56850259,38.96899779,38.96899779,29.73316481,33.73028126,40.39967778,18.47211486,24.94857295,26.02321587,23.95916609,52.51958111,78.24587704,36.79715874,104.4063962,30.51850989,31.16468738,30.72545631,21.65755922,30.9352285,43.68358354,29.48781245,23.07170097,27.56275726
817,261,104.0638617,30.69710359,1642,104.0642488,30.69975695,296.400922,,37.7354819,43.11286138,25.74290276,58.87135554,42.64761468,72.71164015,31.94740477,60.62746132,59.39016618,67.41349812,35.20142909,77.94326656,42.10904969,42.59653969,42.21734201,63.75341804,52.69349724,40.32665605,58.3083781,45.34579843,44.11548607,59.73650492,42.7924898,127.0289666,72.31127957,40.16474225,59.81440644,81.97515894,51.00047729,52.02551532,52.02551532,52.02551532,67.74878217,48.72343923,52.17815742,45.79585061,56.16017469,75.89212797,40.30380809,27.2552572,35.9425118,61.76806479,72.83572145,36.69337411,50.97848046,54.54534539,41.35826819,55.93936143,62.05862615,36.98590361
818,262,104.1002591,30.68461396,684,104.1017061,30.68526712,156.3704658,,39.88901165,24.10850865,24.10850865,24.10850865,24.10850865,24.47981201,30.22462695,30.21110968,23.60308918,22.72948897,21.60973808,21.01152137,21.30643155,19.47165561,26.92120802,20.84939544,22.41833277,23.6526755,23.6526755,25.61700464,46.71648771,46.71648771,46.71648771,46.71648771,46.71648771,46.71648771,46.71648771,46.71648771,46.71648771,46.71648771,46.71648771,46.71648771,46.71648771,46.71648771,46.71648771,46.71648771,46.71648771,46.71648771,63.60832507,53.86925138,58.33509605,57.15062709,56.57624893,56.86198756,56.71875838,56.79028266,56.77238468,56.76343992,56.76791195,56.76791195
819,262,104.1002591,30.68461396,873,104.1015821,30.68192194,324.1581262,,44.88343286,44.88343286,44.88343286,44.88343286,44.88343286,44.88343286,44.88343286,44.88343286,44.88343286,44.88343286,44.88343286,44.88343286,55.04571954,52.09684171,50.73779367,51.40833719,51.07086452,51.2390452,51.15481663,51.1758478,51.18636987,51.18110829,51.18373893,51.18242359,51.18308127,51.18275242,51.18291683,51.18283462,51.18287573,51.18285518,51.18286547,51.18286033,51.18286288,51.18286161,51.18286226,51.18286192,51.18286208,51.18286201,51.18286205,51.18286203,51.18286203,51.18286203,51.18286203,51.18286203,51.18286203,51.18286203,51.18286203,51.18286203,51.18286203,51.18286203
820,263,104.166912,30.7139627,224,104.1636044,30.70562279,977.0657105,,73.97342919,91.02900364,73.97342919,103.8784778,89.86151791,153.1984564,66.55509097,100.9307477,134.7676842,98.56707727,162.5933694,102.5740916,86.74319501,92.13979195,97.43591573,111.9116799,95.73116604,98.69680545,74.932859,91.23438798,89.31281993,78.3005912,79.58001262,165.1378666,102.3254271,96.2799796,70.34873116,116.7290893,88.8241555,92.34136038,91.39590164,95.89521695,100.6419616,129.4761923,99.55009127,115.8719064,88.45188326,102.1026577,93.05387719,111.5634613,98.1427611,82.56893328,83.7122504,112.476169,202.1515263,62.10437533,92.76970378,97.33221637,112.9193116,103.9431607
821,263,104.166912,30.7139627,400,104.1722518,30.72037834,875.792814,,113.4532547,117.3700933,158.1864725,176.8368757,121.394937,84.27509301,276.5661518,276.5661518,276.5661518,276.5661518,276.5661518,276.5661518,166.3775267,189.9309717,189.9309717,189.9309717,189.9309717,189.9309717,189.9309717,189.9309717,189.9309717,189.9309717,189.9309717,189.9309717,189.9309717,189.9309717,189.9309717,189.9309717,155.3130113,170.8864027,155.3130113,155.3130113,96.56521073,82.42755896,82.42755896,82.42755896,82.42755896,77.27583653,79.76860545,78.50243711,79.13045661,78.97251158,78.89377528,78.93312379,78.91344464,78.923283,78.92082317,78.91959332,78.92020824,78.92005451
822,263,104.166912,30.7139627,432,104.1609358,30.72308424,1161.652744,,304.1418093,304.1418093,304.1418093,304.1418093,304.1418093,304.1418093,304.1418093,304.1418093,304.1418093,304.1418093,304.1418093,304.1418093,240.8032559,240.8032559,198.5731186,217.6587376,207.6783584,212.5514551,210.0866519,210.6974779,211.0042248,210.8507397,210.9274543,210.8890901,210.9082705,210.8986799,210.8986799,208.2513542,205.6696662,132.340186,161.0507013,145.2906733,152.7652924,148.9342589,150.8254521,150.8254521,150.8254521,279.7290889,234.6114939,202.0265642,284.4863863,209.0974939,209.0974939,209.0974939,209.0974939,209.0974939,209.0974939,209.0974939,209.0974939,209.0974939
823,264,103.9766069,30.67623085,390,103.9733365,30.67656097,315.4313458,,56.35497989,125.2447991,86.84916596,81.9647166,72.65213339,77.60042222,35.8897865,49.30754863,87.60291957,163.3888985,55.12392451,46.73056975,55.93856379,103.2320768,54.76942983,143.7408664,82.56898083,63.26199693,118.8369256,91.92987566,55.69165497,80.69918695,119.5318784,118.7816783,119.1555976,118.9683441,119.0618972,118.9683441,118.9683441,49.37186282,97.89248663,97.89248663,97.89248663,97.89248663,118.2867547,116.6300774,122.1024564,115.0191648,101.4893307,74.21914019,92.66380785,75.36855163,134.2261046,76.71574464,78.11197557,59.66127032,79.9685102,69.38204753,91.94759878,50.2457011
824,264,103.9766069,30.67623085,550,103.9885823,30.67709803,1151.232273,,106.4040098,106.9531918,88.23069095,194.2704461,234.4138112,56.65668056,150.4332553,95.42063353,99.26793252,99.26793252,99.26793252,143.9040341,92.09858184,119.150058,151.3258305,213.9984259,138.494108,97.80380372,83.05483332,67.83037942,87.06798703,89.48850057,92.76857712,92.04744437,92.04744437,70.5435946,101.6312132,113.4425963,296.0311559,101.7039554,73.48291104,89.9010018,78.42709346,87.25128806,103.1381879,109.4481386,236.1502098,149.5736367,183.1457713,149.5736367,109.4264652,73.8100834,97.17318131,86.25257404,111.3098348,103.913987,97.43972217,129.4125272,96.21442096,78.59234228
825,264,103.9766069,30.67623085,1063,103.9769545,30.67452243,192.2538579,,31.67569283,31.67569283,31.67569283,31.67569283,31.67569283,30.8405743,30.04835985,26.4670703,28.14424487,28.14424487,43.52917537,38.13299661,38.13299661,38.13299661,38.13299661,39.04732798,36.68448171,39.04732798,39.04732798,40.4744964,40.4744964,40.4744964,40.4744964,36.36325159,54.78474052,43.71245612,48.62626852,46.03861787,47.29707667,46.65936328,46.97605579,46.81717397,46.89648031,46.81717397,46.81717397,31.2607899,31.2607899,27.75857842,31.2607899,37.11066426,37.11066426,46.76445192,43.25711803,35.73737805,42.5916239,38.86460769,39.10247957,39.10247957,39.10247957,33.48938169
826,265,104.0415966,30.63108704,506,104.0456035,30.63050946,389.3282257,,48.89238183,40.20930855,41.49760511,48.83559626,59.50542445,48.83559626,43.02629662,48.83559626,85.89877092,93.43877417,73.16841363,47.55153902,65.18984244,53.46632855,65.24041642,54.59694651,60.64827402,46.47410708,60.64827402,64.09672007,117.4509731,55.12009837,48.34892492,44.56539308,59.92225791,39.068477,43.13886157,63.70825511,70.43123681,101.014891,67.27053576,59.7689387,64.38133268,54.28395703,49.72106627,45.65412419,72.62080894,53.32285084,55.81211001,51.04615654,36.95666744,52.59218058,55.57320982,48.41387263,58.91248658,45.11528795,45.11528795,51.86240934,50.47644032,49.16262034
827,265,104.0415966,30.63108704,1092,104.0374304,30.63391543,507.6330713,,79.45561116,79.45561116,79.45561116,231.3264629,55.97179347,90.13460206,69.05919912,90.13460206,107.498768,107.498768,114.9357897,91.14608761,79.11164748,74.28776653,74.28776653,74.28776653,74.28776653,74.28776653,74.28776653,91.14608761,67.80998355,77.76506624,72.44713802,75.01196744,75.01196744,75.01196744,93.87734879,83.39100174,88.32401422,85.78665041,87.03684347,86.40722502,86.72089146,86.56377409,86.64226155,86.60300006,86.62262633,86.61281208,86.61281208,86.61281208,50.34377567,63.67588523,76.14543029,94.68803402,97.98815317,96.30983171,96.72399903,96.93242137,96.82809804,96.85415779
828,265,104.0415966,30.63108704,1371,104.0424412,30.63531088,475.0766387,,78.63337468,96.35357179,77.17315756,75.41374044,83.02310191,93.88866377,121.6491102,93.88866377,91.88445019,99.4791351,83.326475,85.0883532,99.43464531,74.19852058,128.9152688,75.87175892,128.9152688,131.2232148,133.6153046,150.9510944,125.5094838,99.62772227,127.7191778,106.6700145,112.1492393,110.3403806,128.2306204,96.62575702,122.2353233,111.0568766,168.777227,171.8870251,64.66071453,104.9249018,104.9249018,104.9249018,136.2352126,105.1399118,102.6352149,94.49038118,144.0665619,115.2477021,115.2477021,115.2477021,136.4581835,117.7875964,120.4419647,133.6153046,115.3643102,110.6974692
829,265,104.0415966,30.63108704,1442,104.0404878,30.62937504,217.4732705,,58.71778305,51.05894178,51.05894178,45.16752542,47.93288412,46.50913509,47.21027783,46.85708373,46.94488588,46.98891047,46.96688786,46.98891047,46.98891047,47.68503142,48.04088419,47.86229637,47.951424,47.90681874,47.92911099,47.92353598,47.92074897,47.92214242,47.9214457,47.92179406,47.92179406,47.92179406,97.86297173,81.97945275,81.97945275,81.97945275,81.97945275,81.97945275,81.97945275,81.97945275,81.97945275,81.97945275,81.97945275,81.97945275,81.97945275,30.58217866,44.54644517,39.98231848,38.03388608,38.98377151,38.50297116,38.74187966,38.68187502,38.65194234,38.66690288,38.66316168
830,266,104.0842535,30.65673383,651,104.0851728,30.65815153,180.1292799,,26.66147556,25.12944808,26.05848534,29.0715616,31.37229839,31.37229839,40.05963908,31.37229839,32.32897754,32.16860229,32.58620139,29.8145015,27.7715378,35.62996745,35.62996745,35.62996745,35.62996745,71.41689511,47.54145217,51.87723261,54.35585982,53.08763059,53.71426031,53.39910717,53.55622011,53.47754824,53.51685526,53.49719451,53.5070231,53.50210838,53.50456563,53.50333697,53.50395129,53.50364413,53.50379771,53.5037209,53.50375931,53.5037401,53.50374968,53.50374492,53.50374968,72.05171196,61.40771115,61.40771115,61.40771115,50.13907792,59.85834534,59.85834534,59.85834534,59.85834534
831,266,104.0842535,30.65673383,953,104.085206,30.6563458,100.8865184,,16.83390342,14.38382045,20.29002605,16.83390342,18.40108759,17.58264284,18.40108759,17.98255751,15.38946891,19.37021153,17.15189923,18.19368647,17.65743987,17.78851599,17.85478653,17.82158964,17.83817264,17.82987729,17.834024,17.834024,26.90307157,10.23074553,16.14184294,16.14184294,16.14184294,16.14184294,16.14184294,16.14184294,16.14184294,16.14184294,16.14184294,16.14184294,16.14184294,16.14184294,31.04200566,21.23926703,25.2216296,23.05977563,24.0923029,23.56473422,23.82559844,23.69444836,23.69444836,12.98658401,16.93200309,16.93200309,16.93200309,16.93200309,16.93200309,16.93200309
832,266,104.0842535,30.65673383,1836,104.0811576,30.65811967,334.0390916,,45.68923745,37.22487519,23.88362919,44.29247623,35.93025523,43.56373964,42.27351991,32.52507506,40.68982168,22.9273733,31.64580868,32.15349545,38.33338159,43.17464077,34.16308891,37.23036315,34.97791535,31.74219186,53.47596352,36.6194098,57.29594285,33.20101407,32.01896199,29.32770702,24.84588285,27.0537847,26.4062523,44.68038806,31.96546331,37.26827426,48.14216996,30.94980821,75.87007759,43.83502053,34.12673231,33.06278519,32.62454503,23.03717873,54.9732905,31.27544161,32.18217831,34.51169187,67.85496282,37.93503879,45.06711043,33.10504418,44.28082645,39.76280165,53.71911364,47.1461342
833,267,104.1447199,30.62736142,245,104.1414436,30.6184338,1038.06779,,62.60870513,51.0263737,57.65263875,65.67739972,66.25964617,114.8446234,76.50038985,58.19128066,71.45399702,87.82712207,117.8878247,62.91319939,64.29279193,119.5854094,80.08514892,97.31885531,97.25553791,61.33843322,85.61383835,147.3597809,69.33291362,83.97851784,104.3867051,81.00528998,92.5010902,94.40953375,133.370594,68.39392467,94.8488336,65.79302894,101.8268132,66.76273415,53.94506018,90.15787802,52.26635027,124.3608667,93.07706212,61.80337448,85.89906591,52.78906045,87.62119681,97.06607906,86.70635833,95.09017924,99.78755792,107.6957938,69.3043404,91.81926398,74.10359001,51.87457029
834,267,104.1447199,30.62736142,254,104.1462001,30.63025162,350.3249317,,14.74190244,36.79859876,32.20587694,32.15219258,32.06544942,32.50018694,42.22980798,37.93704844,33.44010712,17.40745002,43.02031117,38.87849421,43.48861221,39.54105662,44.09684455,38.26326853,35.36403096,16.86055821,28.96197191,15.03182067,33.92907331,49.50672497,36.17553974,16.47511109,39.24729438,36.09142562,37.59578102,18.73256226,33.54174878,33.45462735,45.12235256,41.1810532,34.31754433,42.06820583,42.41008,18.85156583,42.34126137,35.61368879,45.08202874,38.12237192,37.92828785,35.69348361,38.84221579,35.22820542,44.72233171,36.64238306,40.62828738,16.0352162,32.47182889,33.33829272
835,267,104.1447199,30.62736142,393,104.1417226,30.6285471,315.9036749,,36.50893193,34.56696747,33.64654526,27.88752402,32.77386829,29.8335055,32.42677233,31.27185782,25.72001273,26.72745546,31.32929007,24.38364558,34.56696747,32.3175115,35.8754962,37.99286959,21.99716111,47.38555124,35.61866938,33.12388048,34.76775389,38.03522507,36.83079909,32.19075053,30.68129216,27.67039488,27.67039488,32.65623057,23.17771528,25.38511673,35.65057146,29.31065025,24.19687723,25.35681671,26.53517161,35.31842328,27.82838245,29.73211058,82.70932579,26.93317299,26.2443053,26.26450877,27.40919613,125.4323415,33.27734395,35.4726522,24.83085654,45.41227957,76.49685399,26.41703205
836,268,103.9910119,30.59474494,44,103.9967302,30.59844508,684.6502382,,85.1672722,85.1672722,85.1672722,97.42058725,97.42058725,106.2388301,106.2388301,106.2388301,99.50173354,71.41588866,82.23226604,81.10757286,95.3324425,88.90158417,81.84400903,81.97657003,81.80121338,80.08042131,78.31007736,77.99995637,76.89127651,85.4112751,91.25085414,91.52055755,90.78621621,84.29284304,78.51576928,83.85441845,99.23060195,79.95915191,86.34579988,102.5373212,85.92937331,103.5741398,103.1272325,103.1272325,105.1529297,74.98295629,68.58767663,87.33098771,79.04357701,66.79514519,105.325691,101.3601449,82.83364392,101.3601449,79.25029467,80.21939325,77.09004502,83.93285883
837,268,103.9910119,30.59474494,216,103.9856557,30.59995126,772.4463271,,113.6569527,113.6569527,91.41376652,56.52046296,77.74855855,207.8330925,108.1324735,103.4911343,49.26141324,64.37052726,82.88544792,80.37013808,47.69822946,230.7723467,92.38560723,68.45062837,73.4367987,79.00019254,113.3866168,78.51353838,132.9469376,125.544324,86.04465415,80.43655968,76.44829629,67.70071278,92.21328174,92.38560723,92.80605145,59.29225539,72.51125887,92.38560723,70.04551077,92.38560723,92.38560723,79.85906644,108.9444379,63.79622992,119.9916625,92.07969462,122.2870175,97.57216763,64.97212097,119.1774333,103.9877885,90.34459966,85.56328546,63.36817572,108.7524878,61.96093533
838,268,103.9910119,30.59474494,714,103.9997597,30.58962127,1012.898539,,102.3486488,97.5721734,101.9393634,95.60239651,122.7342558,172.8168123,141.7926665,139.7904827,129.1916649,96.02198131,108.6056512,98.0059732,142.438857,142.0319946,98.51900683,96.18344793,95.38487857,96.17829479,120.0472343,101.4285925,106.4846794,126.96904,122.3097693,125.2780869,133.7139676,98.36176973,118.3827308,110.5441888,143.5218969,111.2571327,119.1078654,166.1245895,118.5653942,156.6865314,140.4001469,144.1278554,143.213449,120.9309547,95.6163959,95.08304408,87.74256444,133.6343052,133.4061491,124.7924278,98.98703062,115.6069138,110.6097494,98.5245525,98.91055315,103.2831957
839,269,104.0437776,30.57776198,617,104.0306186,30.58109204,1314.719203,,108.5547966,97.28651862,97.28651862,97.28651862,97.28651862,166.6545469,122.8550066,166.6545469,170.2514076,235.7653365,170.2514076,170.2514076,158.2057648,161.0545004,162.5176896,161.0545004,161.7827868,128.4741892,175.7841831,116.0046356,162.5060646,162.5060646,178.9409879,170.3279939,170.3279939,170.3279939,133.1361218,149.4529822,140.8234795,145.0099595,142.8860607,145.0099595,145.0099595,212.4798712,172.3780363,190.3396668,180.9141253,180.9141253,180.9141253,161.1687559,170.4715793,168.046624,166.8598349,167.4511267,167.154958,167.3029113,167.2658984,167.2473981,167.2658984,354.7967864
840,269,104.0437776,30.57776198,706,104.0435588,30.57197098,642.1561865,,40.89804991,62.48006139,62.48006139,62.48006139,38.36949828,38.36949828,34.5167939,33.60730178,31.55989449,36.05087363,33.65622961,34.81242009,34.45249287,34.45249287,33.77300616,43.61815606,33.77300616,31.45254791,32.57150083,32.57150083,41.84185107,41.84185107,44.32909437,43.04957675,43.57117905,43.57117905,43.57117905,43.57117905,43.57117905,43.57117905,43.57117905,43.57117905,42.30123095,43.57117905,45.82283987,43.57117905,40.47481232,31.9745819,37.78933014,51.83323478,34.40122428,34.35010804,34.40122428,34.40122428,46.70226811,39.61889068,41.18035665,42.00817302,41.18035665,33.78534558
841,269,104.0437776,30.57776198,1125,104.0438871,30.58089298,347.1650289,,37.30728669,32.96818979,32.96818979,29.53326562,29.53326562,34.30358932,29.53326562,29.53326562,32.80962062,31.68045891,32.88145215,34.91044983,31.95042447,26.17826715,37.08587846,39.26054778,32.35712891,29.05779918,33.32414009,33.32414009,32.69906697,32.84969718,32.15593749,28.07277521,34.62483124,37.71747597,35.15595229,36.88911542,37.18587757,35.88784218,36.4458852,35.59657874,36.01622575,35.80517269,38.1668435,35.85770372,38.28724675,36.29817781,28.31859753,36.68635816,20.70909866,20.70909866,20.70909866,20.70909866,20.70909866,20.70909866,20.70909866,20.70909866,20.70909866,20.70909866
842,269,104.0437776,30.57776198,1155,104.0479108,30.57775318,396.3515444,,32.72627431,32.72627431,32.72627431,32.72627431,39.16373907,39.16373907,39.16373907,45.95380225,44.04472468,43.14845768,43.59198477,43.36908729,43.36908729,38.04974826,43.36908729,60.46040508,50.50804979,55.03793224,52.67578299,52.67578299,35.8809445,112.3516189,36.71180685,40.30693672,40.30693672,40.30693672,55.79141974,75.29633561,55.79141974,40.97244967,47.24720397,43.8866762,45.50498098,44.68118007,45.08931804,44.88432127,44.88432127,44.88432127,27.76003035,44.88432127,81.22574343,65.15367853,100.4834901,79.05072354,88.48778666,79.05072354,47.24720397,55.03820867,45.51405295,43.9486312
843,270,104.0957775,30.60819498,92,104.0925349,30.60819686,310.8469857,,33.14719042,35.1053063,53.99513382,27.49506507,32.51159641,39.73543359,37.15302618,37.17771258,27.11750764,35.51409548,42.44181347,44.23119164,49.08110301,38.01118032,81.01224533,43.35719289,30.40894425,60.48914316,24.48685227,45.10021757,36.55430581,56.68941988,53.87444319,36.94450804,34.53855397,39.98190685,52.45337987,59.52389088,48.19333112,41.95685078,35.07991061,37.06142535,23.80955635,50.43286097,51.75791013,30.96642403,36.17615782,46.99693111,41.91195313,55.38234506,40.80397989,51.17602813,44.94173287,46.82214011,42.78437695,57.20379034,44.85166928,37.36391147,53.85708039,28.40226265
844,270,104.0957775,30.60819498,564,104.0994826,30.60753214,362.7047848,,66.60508693,29.47488093,29.47488093,29.47488093,29.47488093,29.47488093,29.47488093,29.47488093,23.6975903,26.27237878,26.27237878,26.27237878,38.40403604,33.16158032,33.16158032,33.16158032,33.16158032,33.16158032,33.16158032,33.16158032,33.16158032,33.16158032,33.16158032,33.16158032,33.16158032,27.93020803,30.32190944,28.10627484,28.10627484,28.10627484,28.10627484,28.10627484,38.68851038,35.62720942,35.62720942,35.62720942,35.62720942,35.62720942,35.62720942,35.62720942,35.62720942,35.62720942,35.62720942,35.62720942,35.62720942,35.62720942,24.82390162,29.26021793,28.08037044,28.08037044
845,270,104.0957775,30.60819498,878,104.0955874,30.6052878,322.7140496,,42.9754838,48.20624807,33.63551183,45.26378877,45.51500797,33.87086235,37.23623649,32.34842502,49.27977003,47.88831734,43.13504624,43.40363307,43.20857568,65.98291317,39.67795692,38.69344142,41.03125152,34.84614813,38.05697061,40.17981251,40.83552121,45.58197464,43.12683472,51.40577781,22.64659997,36.34318806,36.34318806,36.34318806,40.11425637,42.58689804,47.22644628,30.73467139,43.54907604,40.4030236,86.41268769,58.63826264,50.93766448,79.43730452,39.90229199,41.16104796,39.47125409,40.14014833,46.25496663,38.94203057,29.2784924,30.7675427,30.53273531,38.48515374,53.09737562,38.79033651
846,270,104.0957775,30.60819498,1257,104.0968473,30.61335413,580.9071547,,97.64665011,76.88477048,158.8303106,158.8303106,158.8303106,158.8303106,158.8303106,150.3606297,68.79163674,92.84198699,79.02752034,85.3795665,82.08083432,82.8813874,83.2875486,83.08397163,83.18563558,83.13477253,83.16019628,83.15383888,83.15066055,83.15224968,83.1514551,83.15185237,83.15185237,83.15185237,227.3114953,121.7623404,158.5795143,137.7533356,147.4345964,142.4296413,144.8889096,143.6487506,144.266165,143.9567958,144.1113144,144.0340136,144.0726537,144.053331,144.053331,129.0904788,136.1620715,132.5320114,134.3225203,132.5320114,116.1814309,123.8192724,116.1814309,64.94614152
847,271,104.1367943,30.62236537,319,104.1377093,30.62399046,200.3207229,,23.48081734,25.04280768,23.80048193,34.12403482,34.12403482,34.12403482,24.88169991,28.77903302,42.37152936,41.18431994,38.98540651,36.4449578,37.00940041,24.7819451,38.18158054,31.28087919,20.96379658,28.44791331,31.11009137,28.61325432,29.86147422,28.61624807,22.64252913,25.28129877,25.28159088,25.28144483,41.92766013,31.54310199,36.00149016,33.62515458,34.77277057,34.18933492,34.18933701,34.18933597,25.75552162,34.18933623,38.63328233,36.27571503,37.41739951,36.27571505,36.27571505,31.14814563,29.09206508,30.08501693,30.08501693,30.08501693,30.08501693,64.67754282,64.67754282,64.67754282
848,271,104.1367943,30.62236537,976,104.1352438,30.6229403,161.6990091,,18.94601897,30.23981469,30.23981469,30.23981469,30.23981469,30.23981469,30.23981469,29.03323854,30.23981469,30.23981469,30.23981469,30.23981469,30.23981469,30.23981469,30.23981469,30.23981469,30.23981469,30.23981469,30.23981469,30.23981469,30.23981469,30.23981469,30.23981469,30.23981469,30.23981469,30.23981469,30.23981469,30.23981469,31.96978121,30.23981469,30.23981469,30.23981469,30.23981469,30.23981469,30.23981469,30.23981469,19.6660957,23.83281199,21.54989108,22.63393177,22.07861307,22.07861307,22.07861307,21.44075259,21.75500829,21.59673731,21.63608877,30.3077478,28.75172477,21.64841552
849,272,104.0557475,30.73512754,95,104.0492907,30.73539337,618.8615534,,60.97575347,60.97575347,56.72569299,53.94434848,37.64804662,62.75779133,89.51033541,111.2097301,67.05077211,69.56757509,51.91353015,47.7013522,50.51931048,59.07920911,106.090552,62.60531946,52.40066465,63.51822073,55.14607902,52.56034426,56.10076405,63.20288205,52.4739451,65.23045656,71.68953304,64.63638098,64.34314758,67.79096348,71.4987674,69.59551574,65.44293432,70.2254245,67.13074478,65.58545861,100.5824647,124.662759,318.271656,79.00360256,79.00360256,79.00360256,82.53119216,76.42887109,74.17067307,73.7715759,73.7715759,91.96704199,73.7715759,73.7715759,73.7715759,73.7715759
850,272,104.0557475,30.73512754,1471,104.0558742,30.73252706,288.4706731,,61.99966705,61.99966705,61.99966705,61.99966705,61.99966705,61.99966705,61.99966705,57.85484252,58.83821094,59.34253847,59.08929862,59.21564779,59.15240573,59.18400987,59.18400987,91.90216134,72.00047999,80.74305179,76.12156685,77.22662068,77.79126705,77.50791551,77.64933282,77.57855972,77.6139301,77.59624088,77.60508451,77.60066244,77.60287342,77.60176791,77.60232066,77.60204429,77.60218247,77.60211335,77.60214791,77.60213063,77.60213927,77.60213498,77.60213713,77.60213603,77.60213655,77.60213643,77.60213637,77.60213643,77.60213637,77.60213637,77.60213637,77.60213637,77.60213637,77.60213637
851,273,103.9914211,30.68156318,221,103.9875546,30.68324826,414.8102379,,46.16774991,43.98576897,57.71272875,35.55516325,38.82779138,51.04387279,47.74500524,35.38665537,35.55516325,39.58053008,38.0117018,35.88471677,59.29782356,34.3607192,56.82332026,40.00466129,50.05531363,55.48417196,52.64899174,49.14247162,48.19978117,48.27532942,44.46285833,49.08996898,54.60025069,70.55040266,37.00909186,54.5669984,35.19483517,43.55809985,38.03014065,56.64756094,63.7683471,32.27630093,43.85658903,70.68955533,55.69768632,52.82481397,65.72697432,61.68181976,51.64952379,62.07374106,59.83524896,42.57929937,65.73059065,40.17378169,42.59317902,35.12653588,92.75259978,41.26451246
852,273,103.9914211,30.68156318,363,103.9897196,30.67889818,337.3580849,,22.68483036,20.6897633,25.10571795,16.28001482,23.44573563,20.61076123,24.74276504,23.39605289,24.32870805,26.79808265,29.43026912,24.63466746,24.77537955,31.02143309,30.57455091,31.22079963,32.75762928,32.51354022,25.87689856,26.2686901,23.4570566,22.92930973,23.51837927,22.55318673,31.30126561,26.02476655,30.56416947,29.8609896,33.35490373,35.78341502,31.66855556,29.03739643,19.3389985,20.50347393,28.47571174,20.25836707,22.34056759,28.08067296,30.54037985,36.1455091,33.92427669,36.98951591,33.38342786,34.28339042,34.33184751,32.88839673,30.0345777,27.91928978,28.38420346,22.53226541
853,273,103.9914211,30.68156318,708,103.9929798,30.68390412,299.3455262,,18.43702129,18.43702129,18.22653521,15.51683073,18.02080091,18.02080091,19.99339322,18.95591723,18.59609826,18.24968492,18.15743714,18.17274695,18.02080091,16.64314895,17.48003073,17.18045268,17.48003073,16.89097013,17.18045268,25.70408812,17.98321059,18.28839872,18.13452073,18.28839872,18.69286894,19.11563449,19.93790739,16.73360084,21.40305649,19.72803468,19.72803468,19.72803468,17.97571133,19.72803468,19.97486366,19.72803468,19.57128525,19.4170071,17.86396841,17.86396841,17.86396841,15.60671824,15.60671824,15.60671824,15.60671824,15.60671824,17.14628312,19.02284015,20.81063201,20.90482821
854,273,103.9914211,30.68156318,716,103.9950242,30.6798424,394.3385761,,48.00875461,43.14950985,54.10132904,54.10132904,151.0232845,102.8709329,102.8709329,102.8709329,102.8709329,46.73642383,25.87004782,30.23682373,27.88350354,29.0125201,29.0125201,39.14390277,41.34812255,43.81539734,70.45254958,37.65567305,37.65567305,37.65567305,34.65302377,32.09387055,30.87246555,32.09387055,75.51164223,45.04343333,56.42738155,56.42738155,56.42738155,63.02414535,56.42738155,36.30738808,39.05416435,39.05416435,39.05416435,39.05416435,39.05416435,39.05416435,39.05416435,29.39169511,48.28635626,29.88671314,39.65415849,32.74784023,32.74784023,32.74784023,32.74784023,21.57475492
855,274,104.0293725,30.72050051,593,104.0316331,30.71780965,368.5087932,,25.67674172,35.04971349,31.73759941,25.91077452,24.34186524,46.46695816,31.25162911,31.06865704,24.07679956,35.73418601,33.75653067,28.80225045,22.97860835,28.37714771,28.37714771,56.93698092,22.87295958,33.28227937,33.28227937,22.27760966,24.10179494,46.10934255,35.12096284,28.36198088,83.96402883,33.24891367,40.17052704,27.11100114,27.79741552,29.91759533,28.95221072,28.04718088,33.03600707,29.46433438,29.46433438,29.46433438,25.14941527,29.46433438,31.74709316,36.34607275,34.41327252,57.30590305,30.88781503,32.91889964,26.87665429,27.14058215,27.40974495,26.85489181,34.13288993,24.37540938
856,274,104.0293725,30.72050051,935,104.0219287,30.73010679,1281.228384,,183.6492752,111.4410729,155.5950979,404.5984371,142.8850681,129.5139138,114.3103391,180.4370536,285.451605,179.6329789,144.0481631,369.3631377,129.9273854,401.0801898,112.6629747,134.0820402,115.7031187,119.3485126,151.7244139,268.5034427,133.5965875,254.8299548,310.2526131,124.4731623,201.5347434,229.5939782,182.6943035,384.6356232,162.6382998,543.7039901,238.9856053,487.2276953,208.7068861,195.7432254,362.0425575,220.16335,348.8972907,410.2118625,405.1060886,231.2819146,291.5837015,415.5335299,350.3739044,355.7535554,208.3533453,588.8198531,480.460644,382.2855489,422.8053667,368.6988155
857,274,104.0293725,30.72050051,1525,104.0280757,30.71936843,176.5290593,,16.16545917,15.33607574,16.33967981,15.15511797,15.55761216,22.93205642,17.23441289,16.78862319,16.92358021,16.96152395,16.09094639,19.13727119,16.87451903,16.52306487,43.54428263,25.4753812,14.31397294,27.02996938,19.85635916,18.39221846,17.11161999,23.19889075,23.74104516,18.66434333,17.11796939,21.18236636,43.02348068,21.52793406,15.95456754,19.1088157,82.26596938,33.74160042,29.72586121,19.6066381,15.59299764,21.94490896,34.35160073,31.32493474,33.51901766,39.69422945,28.05759883,30.11235928,31.1969923,27.21647167,21.51600723,32.07579274,23.85511838,34.75789231,20.32891957,17.52965057
858,275,104.099622,30.68819597,98,104.1011692,30.69006594,254.7836353,,38.03468622,38.51315062,36.54267279,36.8855665,31.43560466,44.22223052,42.16031554,39.91388543,43.90066269,45.45386349,42.46972214,37.18463866,32.66311461,31.09778846,37.41577862,36.33278222,42.30724571,43.22145816,36.95033819,64.30192901,40.47754135,26.44377104,42.50935519,29.15515216,38.80136208,31.07907114,41.6497971,44.68436604,36.11106642,40.21429685,29.04436628,33.62863747,29.65793556,34.41730158,35.77654167,36.34958073,34.63275169,31.86807315,33.7118296,31.36871023,28.00064374,41.65200922,28.94144207,36.8917481,37.87561268,20.2540934,36.92516454,32.78391494,37.84584502,30.98719889
859,275,104.099622,30.68819597,540,104.1010393,30.68638247,242.5409171,,83.9564713,31.92494704,63.85767687,52.28426955,40.77745717,53.64960378,16.85612551,66.99339911,61.30422379,61.01658292,56.17675654,51.80175156,57.87223208,25.18694139,36.34327998,39.68851371,27.09113564,39.98592971,35.05911671,45.82648539,46.60928657,67.68583733,56.92891942,43.20865976,53.43073746,41.57844293,32.93939327,26.35916382,18.37044607,31.98341764,32.04210281,32.64102062,27.24328554,19.02972688,22.93229945,17.52721248,27.98549043,18.80432093,31.91661154,25.75655757,20.40063789,18.0900684,23.25292414,24.40094928,17.53627956,24.38958943,18.83135805,18.83135805,18.83135805,21.73697966
860,275,104.099622,30.68819597,1200,104.0968239,30.68454342,485.4980327,,50.67167986,42.39022716,45.68676594,59.76289118,48.21497704,67.1875663,59.10252211,58.23819422,61.52723289,53.51478621,61.74767301,52.25691796,74.89203718,74.31533221,54.37705165,41.37767324,50.52193129,55.86436755,40.27172621,51.88983888,74.46923382,68.05565344,60.70178995,49.00926513,45.94752814,50.17779392,50.96252169,45.41687963,53.8087425,57.99684489,39.2872811,58.07585704,55.97975515,66.38588841,38.40097434,37.06316396,61.95262635,49.67336753,45.38248407,48.74727487,63.40623681,40.22894463,43.62665629,59.85006567,54.4483775,49.33783819,53.81423977,63.38918787,41.41689378,39.89382769
861,275,104.099622,30.68819597,1349,104.0925297,30.69156196,775.0086228,,126.704407,84.29650438,120.3572302,87.68055482,101.0397302,122.1119114,107.8342325,85.21037215,57.22162452,51.17156257,51.03444724,46.04011621,47.65211003,52.5825677,47.14728135,48.13718154,51.39756295,45.45669692,44.89447111,55.89004491,46.97438175,55.72260919,48.61622338,57.04855805,55.64885124,41.34400161,53.10454399,61.69601813,53.23705203,46.44890747,54.76017747,55.1389534,47.13553781,44.56918598,64.52803798,42.46125444,85.32205022,49.86650656,53.32314547,49.71544979,46.41349207,51.6157728,43.15289857,50.40200597,47.9386777,47.05438671,44.24554695,51.29912281,45.12527101,53.60290187
862,276,104.1703327,30.68548169,71,104.1649449,30.68504344,518.3521345,,24.79275045,128.3991526,128.3991526,84.53763645,55.11592316,51.59634149,84.18350454,62.87592678,74.56636561,75.2600187,74.91158645,52.63942692,48.75421775,56.26334726,50.66533675,54.26094129,66.29014864,54.70876941,31.89859289,45.3231284,40.88914451,39.38571923,39.15174892,39.35813729,39.35813729,37.66029635,53.77716669,44.18035358,44.18035358,46.22875566,46.22875566,88.23015055,44.83128906,61.08241192,44.53152493,44.38314113,44.45720921,44.4201443,44.43866903,44.42940473,44.43866903,46.26853083,46.26853083,42.92277594,44.53290021,43.71301628,47.55637789,49.32405393,59.30299843,48.54514228
863,276,104.1703327,30.68548169,141,104.1777228,30.6855431,707.9021962,,56.38159085,83.55566906,71.64599118,71.64599118,58.0181652,206.3520572,71.64599118,69.94505026,67.24136956,78.5346042,84.7666208,54.80533132,54.80533132,77.93418674,82.04919209,67.81168552,63.67637464,65.67900214,64.66218645,64.66218645,54.80533132,53.59511896,54.80533132,54.80533132,54.80533132,45.58940798,80.2408031,54.80533132,54.80533132,54.80533132,54.80533132,46.33541648,54.80533132,54.80533132,54.80533132,58.65242592,45.22533995,54.80533132,54.80533132,54.80533132,54.80533132,54.80533132,54.80533132,61.26076698,54.80533132,54.80533132,61.29761134,61.10043481,61.19886425,61.17422717
864,276,104.1703327,30.68548169,183,104.1699986,30.6912367,638.6214367,,64.39880034,80.73879446,65.08243941,65.08243941,65.08243941,63.10257564,57.40417409,61.3895106,60.342183,59.83180669,57.81923099,53.56719784,53.61795023,53.60525312,53.59890681,53.60207978,61.33422544,53.19818962,56.43236905,53.46012009,53.19794545,53.19792103,53.19793324,53.19792713,53.19793018,53.19792866,53.19792942,53.19792904,53.19792922,53.19792914,53.19792919,53.19792916,53.19792917,53.19792916,53.19792916,49.44165962,49.44165962,49.44165962,49.44165962,49.44165962,49.44165962,49.44165962,58.32652445,56.06268252,58.32652445,58.32652445,60.01402234,60.89492564,60.451265,60.56157298
865,277,103.995139,30.66594927,767,103.9975459,30.66579267,231.2527297,,23.15743608,23.15743608,23.15743608,23.15743608,34.83304715,23.15743608,23.15743608,20.2065492,20.87144662,21.58158981,21.58158981,33.56894463,26.27249947,26.27249947,26.27249947,25.15135429,26.27249947,27.30099863,28.41330467,23.25446444,27.43030731,27.43030731,28.48622162,29.62668423,31.69956504,32.26782275,31.69453655,32.26782275,61.66739459,52.15410036,52.85776679,51.46892284,52.15410036,51.80924633,51.80924633,51.80924633,44.04813899,47.61450306,45.76194187,46.66984533,46.21143469,46.32519103,46.38227947,46.35371768,46.35371768,46.35371768,34.21273262,34.21273262,31.47485168,35.83898806
866,277,103.995139,30.66594927,846,103.9916224,30.6660987,337.3277172,,44.11915647,44.11915647,44.11915647,44.11915647,44.11915647,30.93961228,58.19711414,40.40076902,43.74501278,45.63371788,44.66940976,45.1464151,44.66940976,43.44829273,41.73126398,72.57249694,41.73126398,26.68966554,32.55709871,32.55709871,96.95646961,49.56652171,49.56652171,49.56652171,48.18967389,48.86840169,45.97021256,95.62045527,38.61302963,58.38364336,50.66953192,54.2537505,50.66953192,52.40042209,42.98689494,74.65449477,99.26810209,75.42731565,75.42731565,75.42731565,75.42731565,75.42731565,75.42731565,51.56602046,51.78591821,51.78591821,133.9389465,74.69275954,95.90363529,83.97958438
867,277,103.995139,30.66594927,1028,103.9950403,30.66375076,243.8490966,,29.45828013,29.45828013,29.45828013,29.45828013,29.45828013,28.75076685,28.07644182,27.01097685,30.3494122,30.3494122,30.3494122,24.7457857,27.26263192,26.5866136,26.26102265,26.42281515,26.26102265,26.34167047,24.79821321,30.27092234,37.29213032,31.26270469,113.2718384,33.99909945,28.27235903,33.99909945,39.19003338,33.99909945,33.99909945,32.15592483,33.05183538,32.5977255,32.82320986,32.5977255,32.5977255,23.5666241,27.35608438,27.35608438,27.35608438,38.41823841,38.41823841,57.94433979,34.45953868,25.99773192,31.24045366,28.37898969,29.741053,31.8064039,25.04584159,28.13643422
868,277,103.995139,30.66594927,1049,103.9953365,30.66818834,248.8807678,,27.01249713,33.87306377,34.53928979,37.48831649,36.68252872,29.36004688,33.14318487,28.64432974,31.61203769,33.6686082,33.77934606,37.98372398,31.64707639,28.27521149,33.6860177,35.17058937,42.26277189,42.26277189,42.26277189,42.26277189,42.26277189,37.17721013,39.55720813,38.33030007,38.93409078,38.62983623,38.78136677,38.78136677,38.78136677,43.3359499,38.53378731,33.47337848,38.28934889,35.71976469,36.95994901,36.32927579,36.64189885,36.48491764,36.48491764,36.48491764,23.78683444,33.18410237,33.18410237,31.38251363,26.3520813,29.76647057,42.71612701,29.76647057,29.08995987,25.08316809
869,278,104.0634634,30.65705933,1265,104.0633208,30.65879461,192.806527,,17.47491181,17.47491181,17.47491181,17.47491181,23.05991685,23.05991685,23.05991685,41.81346369,12.10645635,37.80520137,23.56087906,58.98896575,17.11300536,21.69073429,18.86883293,20.18161778,19.50315898,20.18161778,20.18161778,37.92915285,37.92915285,37.92915285,37.92915285,81.65923496,44.78087079,44.78087079,44.78087079,44.78087079,44.78087079,16.3961456,24.00357915,24.00357915,24.00357915,35.26948665,31.55015896,31.55015896,31.55015896,16.23633912,33.18423094,32.740731,26.95547562,41.51336706,41.66287498,41.81346369,20.96989418,30.80340964,20.67835642,17.75957776,20.67835642,27.8086337
870,278,104.0634634,30.65705933,1568,104.063511,30.65498885,229.5173671,,44.73192306,33.36187839,27.54208405,30.42523751,21.05127443,21.61374309,57.78059591,38.43081496,41.82548831,14.7021801,45.87798565,34.57165362,34.57165362,26.06506377,24.34480028,28.33547742,26.67514194,36.48853138,34.28475193,25.8207038,40.7628279,29.30008942,32.83162337,32.83162337,30.99453035,29.3521322,14.75468789,29.3521322,29.57539227,39.91606384,29.80207472,23.47336709,41.45129708,21.21341519,21.21341519,21.21341519,16.79395369,36.82096798,34.91250091,20.26146448,47.08048556,29.4043602,53.30725946,43.10934894,26.48277313,16.50874169,102.641307,36.39923002,23.86317752,21.02449164
871,278,104.0634634,30.65705933,1572,104.0679573,30.65714859,430.6985869,,86.41669397,82.03782608,91.28937442,77.14004541,105.0484358,156.9347078,42.21002485,157.8132227,90.77956164,67.78207269,107.6746467,81.72894873,81.72894873,81.72894873,69.84301409,83.36902074,85.07626408,92.76584951,88.75481458,122.0877884,140.9559012,78.54685475,101.1205378,123.3831495,117.0199934,86.37966088,106.3036669,75.72722407,75.72722407,75.72722407,72.96540766,74.32066688,73.63680203,73.97715403,73.97715403,73.97715403,88.34842808,78.61655028,81.49881276,75.93119064,76.94863091,76.94863091,79.31022572,78.11158251,78.70634075,78.40783377,82.99845636,87.78569924,133.6650787,105.477205
872,278,104.0634634,30.65705933,1841,104.0583608,30.65688755,489.2829804,,64.15527544,64.15527544,64.15527544,64.15527544,64.15527544,64.15527544,64.15527544,64.15527544,53.45732108,64.15527544,64.15527544,93.40856897,93.40856897,126.2342575,153.1430661,138.3927729,138.3927729,138.3927729,126.7207719,61.80416595,83.08578912,70.88204143,70.88204143,70.88204143,64.36365637,70.88204143,85.12696234,170.1853845,106.5374232,131.0416909,117.5258535,123.9163111,120.6365114,122.2544178,121.4400762,121.4400762,121.4400762,61.87653616,81.98156367,76.83396857,79.32434312,197.9122168,110.6940286,141.9783359,124.3994689,132.608868,130.4565875,128.3730555,129.4064355,153.8356969
873,279,104.0835203,30.64087688,1079,104.0850152,30.64157585,162.8575248,,17.72598909,16.3538937,17.48153826,17.24373792,18.93284465,18.85925498,14.00924945,18.01189214,15.22823609,42.7649492,35.18028451,24.06102965,32.63193446,26.38555757,17.87460638,29.94316084,12.46093707,17.69122176,14.17008071,16.06816278,16.50350709,15.65519598,17.57982277,19.42956385,16.19577595,18.49486086,20.09553005,19.20993084,19.64275364,18.23599034,26.29090086,17.96589651,18.52407865,26.19692088,20.84576317,15.11698554,23.83280851,14.62974646,16.75105969,15.19862837,16.75105969,18.67899926,16.29706989,21.10844606,16.65588322,23.50790254,15.78161748,19.47797639,21.35836391,19.4456746
874,279,104.0835203,30.64087688,1581,104.0816524,30.63985968,211.5440323,,20.81392847,16.33744902,15.30770887,25.21716941,15.12529327,23.87330772,22.97310758,22.65419483,22.49249864,22.33309432,31.79785037,51.18000781,62.35893685,77.76673397,74.57121334,49.77506642,51.05859055,59.380781,40.90002773,73.98261239,75.16925515,74.66259964,79.44723717,67.82327752,51.87456491,77.95480875,104.8016307,65.51041,55.08560696,89.59511956,78.57869471,47.80110516,78.80661974,82.46175017,64.32082063,87.53546164,71.61992318,70.90861418,15.58973421,24.77956127,25.30795401,25.85937237,25.18143417,24.27923006,26.59692141,24.27923006,18.6057967,17.4469305,19.12862835,24.92826567
875,280,104.1656774,30.66435346,345,104.1641678,30.65959378,546.975464,,57.03437134,48.29213171,49.28940351,49.28940351,58.77945285,55.80854995,57.63253669,54.09647446,55.46793438,55.46793438,55.82964759,56.19610932,57.87249582,61.13755455,58.77945285,57.87249582,61.13305034,60.5880514,60.5880514,78.76446682,78.76446682,78.76446682,78.76446682,78.76446682,70.01285939,74.13126289,70.01285939,70.01285939,68.25343745,69.1219542,68.68495035,68.90275938,68.79368246,68.84817772,68.82091929,68.83454582,68.82773189,68.83113867,68.82943523,68.83028695,68.8298611,68.82996756,68.83002078,68.82999417,68.83000748,68.83000081,68.8300025,68.83000416,72.7840451,77.22006551
876,280,104.1656774,30.66435346,607,104.1602845,30.66523385,525.8015631,,120.3742847,120.3742847,120.3742847,120.3742847,121.2416735,183.1824801,122.1216534,49.29389654,49.29389654,49.29389654,80.37730901,61.11010903,69.43184327,67.14592625,66.05849836,66.59777364,66.32703985,66.46213105,66.39451674,66.39451674,41.51064972,66.39451674,94.32984851,77.9344774,85.35194284,81.47473687,83.36828493,81.47473687,76.89531892,72.80329335,62.99120223,67.54275208,65.18762384,66.34429361,65.76087294,66.34429361,66.34429361,100.9539001,80.06918714,89.30680438,84.43609001,85.60327174,85.60327174,85.60327174,50.71361359,63.69352168,59.8631026,58.11561592,59.8631026,79.20023545
877,281,103.9604905,30.60401625,76,103.9487338,30.61070341,1348.923914,,90.51493179,68.34800972,90.51493179,68.34800972,68.34800972,68.34800972,112.8019998,112.8019998,112.8019998,112.8019998,207.0842682,207.0842682,84.01602233,207.0842682,207.0842682,207.0842682,207.0842682,207.0842682,207.0842682,207.0842682,166.305688,184.4682276,174.9167435,63.33389097,96.78377858,71.69036487,82.36830006,76.65928415,79.4113166,78.01103673,78.70494888,78.35645654,78.53031609,78.44328999,78.48677892,78.46502843,78.47590217,78.47046492,78.47318345,78.47182416,78.47250379,78.47233388,78.47224892,78.4722914,78.47227016,78.47228079,78.47227813,78.47227681,78.47227747,78.4722773
878,281,103.9604905,30.60401625,160,103.9557094,30.60041448,607.8317277,,50.82913402,50.82913402,60.36397848,55.95382479,55.39732202,57.55565924,61.12274357,61.12274357,95.76342318,58.50786684,59.66446407,61.72621212,59.59337449,60.08124321,59.56675956,63.98228713,59.56897657,59.57008512,59.56953083,59.5696694,77.04909224,59.56970406,59.56972138,50.13045177,45.14067498,56.2397315,64.45343799,60.23934535,76.77874455,66.87635146,85.81153803,59.56971559,57.24510712,69.57692273,57.15166098,129.0970041,56.52350868,57.46894499,120.4510579,64.03079974,60.08620925,42.99006326,55.48804614,79.13903145,57.12290993,57.97700839,123.6267921,57.65374509,51.75483017,105.4551431
879,281,103.9604905,30.60401625,242,103.9781162,30.59455801,1988.594729,,171.7561875,177.0919239,180.8428143,151.0097549,165.7162274,233.4278712,219.4231358,227.0795553,241.1771261,189.8293941,208.7359621,203.3609523,198.1370981,244.455152,206.9431913,199.413399,196.7012234,194.0618331,192.606451,205.5936157,202.6832424,211.2950681,194.0092419,200.1801055,178.7819735,198.3086156,210.2607655,218.426881,76.24005351,232.0564352,192.5740693,234.9635584,218.3103156,237.3457447,233.5170997,282.4666627,212.233127,188.328469,234.4081546,302.2302379,242.0295506,213.1165772,215.0912352,239.6295966,229.6109902,232.8046495,240.0986369,226.9565298,225.2299877,270.3835593
880,281,103.9604905,30.60401625,416,103.9694659,30.60783411,958.8743236,,75.73243648,77.76481116,79.4939321,78.30399143,80.50407303,79.06355065,79.5969133,92.42162155,92.42162155,92.42162155,92.42162155,92.42162155,92.42162155,92.42162155,92.42162155,92.42162155,92.42162155,92.42162155,92.42162155,92.42162155,92.42162155,92.42162155,92.42162155,92.42162155,92.42162155,92.42162155,92.42162155,92.42162155,92.42162155,92.42162155,92.42162155,96.02079457,94.1868367,95.09497424,94.63872694,94.86630203,94.75237783,94.80930571,94.78083322,94.79506733,94.78794973,94.78972904,94.79061872,94.79017388,94.7903963,94.7903963,105.0821177,99.67128926,102.30521,101.6337647
881,282,104.0317101,30.58346893,91,104.0292501,30.58423404,250.6598557,,45.57451922,39.54318495,28.73807263,108.7199374,41.58412353,54.93914645,19.95302334,19.37987609,30.07918268,47.74473442,92.07913067,20.74293934,20.74293934,59.71053635,20.56696252,19.24725518,19.72225802,27.63784014,71.61710163,37.21375782,31.9185148,65.8668234,68.75241756,44.74589159,19.07770572,69.4134985,66.35113827,34.05190493,22.40535023,64.45539147,42.19994454,48.25537329,34.50766656,19.2712329,19.42681336,86.35172062,26.28278099,73.3638602,20.21351397,98.08429136,50.50609032,51.27133412,23.19731312,55.16705993,47.61875887,20.92951686,21.28244441,47.12143501,33.27167956,57.65977511
882,282,104.0317101,30.58346893,617,104.0306186,30.58109204,283.4620995,,38.89950032,36.47117792,30.17337546,36.47117792,39.53369717,37.9407374,37.9407374,37.9407374,37.43704155,36.94654447,52.33146452,36.94654447,36.94654447,32.54029203,30.70910497,31.59819038,31.59819038,31.59819038,49.17896666,43.1736658,40.68935363,40.68935363,40.68935363,26.71370571,45.65832475,43.57851493,43.57851493,43.57851493,43.57851493,41.4401445,42.48243781,41.95481866,42.21697978,42.08549097,42.08549097,38.71693851,35.84766597,35.55622154,35.70134898,35.62863747,35.66495616,35.62863747,30.82971475,33.05591227,31.90402579,32.46975625,32.32645099,32.25527168,32.29082211,32.29082211
883,282,104.0317101,30.58346893,1024,104.0348444,30.59050259,835.4650817,,89.16911634,115.7787367,141.685782,131.9155392,92.97293027,90.59259922,112.9642927,106.1876729,118.156523,120.7631882,119.3995353,120.6689787,116.0144376,111.3002158,111.2854327,172.1950931,116.330581,102.7562109,91.55781717,107.0600722,119.2575057,158.2431231,112.0872408,105.9040244,105.2483602,104.6007647,73.6092583,142.7128965,106.5291958,69.99242041,215.6038921,117.2880786,115.513175,153.062305,93.3770349,113.2123323,91.80934964,155.3719728,94.01920269,167.358665,178.6737205,161.60638,92.54382443,211.9146458,70.47860092,199.1837281,153.062305,101.0982956,109.5193189,113.7833907
884,283,104.0716706,30.60211143,447,104.0716305,30.6042902,241.5011285,,23.2772172,23.2772172,23.2772172,23.2772172,23.2772172,23.2772172,30.95066083,26.57102881,27.54547525,27.54547525,27.54547525,22.93942118,26.05606581,26.05606581,27.64400835,29.43806081,62.10029019,39.94199368,48.61532504,43.85392497,43.85392497,19.06587857,28.5870633,37.47431304,23.10708472,21.89934666,22.487011,22.487011,22.487011,23.06111572,22.77044525,22.91485875,22.84242375,22.84242375,22.84242375,19.62537387,22.84242375,23.6251104,23.22717539,23.42445298,23.32539707,23.35008242,23.3624447,23.35626193,23.35935291,23.35935291,38.94307111,29.20223268,33.37646355,32.22488954
885,283,104.0716706,30.60211143,600,104.0696681,30.60219068,192.1778845,,19.76686812,11.56923719,11.56923719,15.68799057,11.56923719,15.92267858,24.87356287,17.37201216,14.95871101,21.02858311,13.19047444,15.01552652,13.19047444,13.19047444,13.19047444,13.19047444,17.69035715,12.0424784,12.8475466,22.75790738,12.62482453,15.23877498,44.92470027,14.93103958,17.00898302,33.66619874,14.18977842,14.1318092,15.74053835,64.96153842,16.18695057,14.25143538,14.23379718,21.05082764,14.11401578,41.59361028,14.08438476,50.87061649,22.12769015,14.20998635,14.6657369,14.69133705,15.99961276,14.19548098,14.19613967,18.68445908,16.75997882,19.18822854,15.5822683,34.59201921
886,283,104.0716706,30.60211143,1114,104.0715673,30.60028405,202.7696612,,24.68897791,33.29399226,31.3965927,26.86185024,38.41951475,27.78195168,29.90151686,29.05934635,33.5876126,37.43439899,33.33586402,36.77434662,35.01058898,35.09474905,31.92292042,32.97736861,29.12117474,33.82096908,32.56526554,48.66471869,48.66471869,48.66471869,61.34208238,54.27292047,57.59138306,55.88293055,55.88293055,55.88293055,24.01219672,33.59083257,28.00511326,30.54470738,29.21983297,30.54470738,30.54470738,31.53221513,31.03060672,31.27940005,31.15450669,31.21682845,31.18563644,31.1934286,31.19732613,31.19537725,31.19635167,31.19586445,31.19610805,31.19610805,39.45788002,37.00766351
887,284,104.1369858,30.61186495,31,104.1427297,30.60890084,641.1616517,,46.60639972,70.2464706,45.21506455,46.73784675,45.37683698,58.70569034,58.70569034,54.956713,57.1155446,56.78122011,44.51652741,70.2642906,74.45748213,64.56452996,63.00769644,80.28458943,56.79930966,59.2207587,53.38379754,47.77784763,51.53629799,44.61332585,47.98715065,61.71609482,59.38718557,48.58691111,46.8666385,46.38396275,52.28045178,61.14389261,63.60088025,49.58500421,50.9727189,45.63879281,48.37688124,44.55642502,44.07759363,47.88759224,54.4199179,44.07727768,47.20208479,65.71336501,44.30823172,45.30288412,50.65196591,46.73446706,55.25270966,49.77211744,60.82040659,69.21747397
888,284,104.1369858,30.61186495,163,104.1381502,30.61375537,237.384053,,25.50992808,32.00683861,21.18362134,22.40059216,21.1082503,21.1082503,22.39011186,19.99023604,18.28636072,22.40059216,19.80451699,25.63410181,22.40059216,22.40059216,22.40059216,29.06743506,22.40059216,22.40059216,20.03375129,18.69983787,22.40059216,22.40059216,29.4683652,23.09682678,23.09682678,23.09682678,23.09682678,23.09682678,23.09682678,31.01933179,24.41664545,23.09682678,20.84347782,23.09682678,23.09682678,20.72552767,23.09682678,20.72552767,20.06847572,23.09682678,23.09682678,15.89921099,25.61186586,31.05220618,22.02532451,22.02532451,31.73538173,31.80535628,24.1920054,21.10080471
889,284,104.1369858,30.61186495,672,104.1346143,30.60842985,443.4145726,,59.14932696,48.58105386,41.84252848,45.17808853,41.84252848,41.84252848,41.84252848,45.22074961,41.84252848,41.84252848,41.84252848,41.84252848,41.84252848,41.84252848,43.57486246,41.84252848,41.84252848,41.84252848,41.84252848,41.84252848,41.84252848,41.84252848,64.01172777,43.1430395,43.1430395,43.1430395,43.1430395,43.1430395,22.98477266,22.98477266,22.98477266,22.98477266,22.98477266,22.98477266,22.98477266,22.98477266,22.98477266,22.98477266,22.98477266,22.98477266,22.98477266,22.98477266,22.98477266,22.98477266,22.98477266,22.98477266,22.98477266,22.98477266,22.98477266,22.98477266
890,285,104.0154355,30.77055541,136,103.9946657,30.76457468,2095.434059,,181.834339,138.0906728,138.9977996,137.2317071,190.8263229,295.9928435,211.4441799,142.2642643,540.7571765,287.6579134,281.1230742,301.9058713,305.1758327,299.6735737,337.6327951,350.4848913,294.9588947,327.7570694,359.1320539,369.2351561,303.8659487,265.0855626,321.7841843,333.6331411,248.6250065,287.7933042,261.0778454,547.9106075,250.733034,211.1947143,260.7544006,295.2724996,261.1823891,145.0685118,471.4726633,217.1534591,248.6700953,286.8274758,234.7400456,237.2321602,299.7124668,249.9636585,258.7311015,265.696298,333.701362,253.0533579,216.5338889,235.7688433,516.6823707,229.7597056
891,285,104.0154355,30.77055541,337,104.0257262,30.75797789,1706.847673,,169.2741494,151.8872173,132.7138579,137.5796613,318.3757318,318.3757318,318.3757318,318.3757318,318.3757318,318.3757318,318.3757318,318.3757318,318.3757318,318.3757318,318.3757318,318.3757318,350.4554158,333.6462419,341.8443184,339.7572605,338.7232591,339.239472,338.981169,339.1102712,339.0457078,339.0779864,339.0618463,339.0699163,339.0658813,339.0678988,339.0668901,339.0673943,339.0671421,339.0672682,339.0672052,339.0672682,339.0672682,341.3695346,340.2145065,340.791042,340.791042,568.9492243,426.2596834,487.3752924,454.7733907,470.510267,466.4748195,464.4829432,465.4767506,465.2279003
892,286,103.9941339,30.70578931,419,103.9887776,30.71046208,728.9290015,,157.1343955,157.1343955,157.1343955,157.1343955,157.1343955,157.1343955,157.1343955,157.1343955,157.1343955,157.1343955,157.1343955,157.1343955,149.9511089,149.9511089,149.9511089,74.12837303,99.21150871,84.85511416,99.21150871,149.6091451,119.3064062,132.7504442,125.6698907,129.1131661,127.3682613,128.2347782,127.8000509,128.0170455,127.9084562,127.9627278,127.9355862,127.9491556,127.9423705,127.945763,127.9440667,127.9449149,127.9444908,127.9447028,127.9445968,127.9446498,127.9446233,127.94463,127.9446333,127.9446316,127.9446324,127.9446316,109.796837,167.6004638,109.796837,94.05535503
893,286,103.9941339,30.70578931,592,103.9957364,30.70717338,216.9899549,,30.05496263,27.22502795,27.08847291,53.55677632,42.1680884,47.76432583,37.37626017,43.86917844,22.64243008,22.64243008,22.64243008,22.64243008,22.64243008,26.60035769,29.14790439,27.81592301,28.46634088,28.13737371,28.30090136,28.25984151,28.23935623,28.24959515,28.24447476,28.24703473,28.24575468,28.24639469,28.24607469,28.24623468,28.24615468,28.24619469,28.24617469,28.24619469,28.24619469,29.64568644,28.92902474,29.28297141,29.10492202,29.19367525,29.14923108,29.17143624,29.16032943,29.17143624,37.92057464,32.97553943,35.27559785,34.08681274,34.37643358,34.52309745,34.44960941,34.46795208
894,287,104.0671143,30.68639269,788,104.063652,30.68685923,335.6457943,,49.15219768,49.15219768,49.15219768,50.87683619,49.99964935,49.99964935,49.99964935,33.33309957,51.10178182,51.80890063,72.13879758,52.53586346,60.79621934,56.36500802,41.2397563,106.9314035,42.29841981,34.9226838,42.29841981,47.55312316,44.77211856,46.12073638,45.43642245,45.77602209,45.60559006,45.60559006,45.60559006,42.20695617,43.84050397,43.00822422,43.84050397,46.46345565,49.42023965,53.6238843,51.43631895,52.50732686,51.43631895,51.43631895,31.46679322,39.0464476,34.84924187,35.81161308,36.31300985,36.06056866,36.06056866,36.06056866,36.06056866,47.10818166,36.06056866,31.79802262
895,287,104.0671143,30.68639269,1206,104.0683075,30.68501094,191.0871895,,35.43664557,34.65561119,25.76456488,31.12732499,32.29642639,36.38151868,25.86142414,32.86867046,59.30292088,26.89790351,42.33316198,32.54471353,24.87934475,24.87934475,24.87934475,24.87934475,24.87934475,24.87934475,24.87934475,24.87934475,24.87934475,24.87934475,24.87934475,24.87934475,24.87934475,24.87934475,24.87934475,26.71510222,25.76456488,26.23122525,25.99580093,26.11298248,26.05425995,26.08358816,26.06891581,26.07624992,26.07258235,26.07441601,26.07349914,26.07395757,26.07372836,26.07378566,26.07381431,26.07379998,26.07380714,26.07380357,26.07380445,26.07380491,26.07380468,26.07380474
896,287,104.0671143,30.68639269,1401,104.0672473,30.68824176,205.3293807,,35.08238114,38.76848446,38.76848446,38.76848446,46.75924749,58.89926458,76.79852161,101.2583247,86.45447608,86.45447608,20.07747679,27.89380266,27.89380266,27.89380266,27.89380266,27.89380266,28.66913137,39.42324109,29.48879403,26.03339716,24.03856164,28.38927587,24.03856164,19.29988957,24.01903397,27.83544742,23.999538,24.97249225,24.97249225,24.97249225,24.97249225,24.97249225,24.97249225,24.59852814,27.78893874,33.34672648,31.32143095,32.30236434,31.80433577,32.05141552,31.80433577,18.94538498,23.7457616,21.07568576,23.7457616,23.7457616,24.07771239,24.07771239,24.07771239,24.07771239
897,288,104.0695938,30.68181648,441,104.0738929,30.67999518,458.6310303,,62.82616853,44.86607905,59.46236647,57.22952198,73.05627031,83.5280797,71.91078872,71.91078872,46.16230314,51.70370697,73.79091437,49.88132052,49.88132052,49.88132052,54.13349866,51.920494,58.16558612,49.64136227,51.22249357,71.67241041,71.67241041,71.67241041,47.37651963,47.37651963,41.38024334,47.37651963,52.54843122,52.71621038,52.88506435,65.60549837,198.9243023,40.50053252,55.49820871,60.05717037,69.96066564,65.43216814,45.94819228,79.95504644,59.49807961,68.22610368,59.49807961,49.78105655,53.14608505,92.75683759,66.84500846,66.84500846,49.25305066,60.92515532,54.47084084,44.26465708
898,288,104.0695938,30.68181648,817,104.0700717,30.68477421,330.987834,,37.02784967,39.80700008,33.97973961,27.12706209,41.77234715,31.45607715,34.29925741,29.04817656,56.04685806,27.1796579,34.50149572,32.05980813,40.30634088,29.23466455,47.58068122,29.01811147,30.96962189,68.67759092,34.3289024,49.10259075,29.56715142,41.60824801,65.65047947,51.97627928,31.19885324,40.52912253,38.25220553,34.4629415,59.97766118,22.92556426,31.0705659,51.98761791,33.63602547,29.16013955,31.23856995,47.2090413,27.73210711,51.22769572,32.03108071,35.59008968,33.33024342,32.70511077,29.57326665,26.10199786,26.98881546,23.22721642,32.03108071,35.28794281,31.46715323,29.02694768
899,288,104.0695938,30.68181648,1176,104.0690207,30.67976462,233.941464,,24.1199791,19.09726237,32.72756233,28.80264263,24.13149772,30.75724427,28.16686523,33.15705789,36.01664735,31.28461447,27.65161769,26.98243558,26.23642587,26.23642587,28.53367565,31.27182253,33.71004418,36.85729849,24.17768241,30.213068,31.90110873,26.3802434,21.42975243,23.41040362,28.17471771,27.61276296,28.59725876,18.67381974,25.8737103,23.62382245,47.91973089,28.48843198,30.26735922,26.90700544,30.26735922,28.95364918,38.45613107,27.74923461,30.81180258,16.74332546,25.22468799,44.32575107,34.88931385,26.52564631,28.76547792,27.60019457,51.43140583,25.91351601,24.23566246,32.23690987
900,288,104.0695938,30.68181648,1413,104.0671503,30.682783,257.4093228,,26.55225106,26.55225106,26.55225106,26.55225106,26.55225106,26.55225106,26.55225106,26.55225106,34.96881366,30.18480658,31.41266312,31.41266312,31.41266312,31.41266312,31.41266312,31.41266312,29.98943567,32.66769314,31.27132381,32.66769314,50.63789957,42.57305798,42.57305798,42.57305798,42.57305798,42.57305798,42.57305798,42.57305798,42.57305798,42.57305798,42.57305798,42.57305798,42.57305798,38.34511291,40.34863114,39.32136755,39.82837659,39.5732482,39.82837659,39.82837659,52.25602795,36.53115225,32.89965309,33.73811512,33.31360918,33.31360918,31.62708403,32.44844688,32.44844688,63.90852152
901,289,104.184379,30.69224823,23,104.1847307,30.69654394,477.2751353,,47.79389394,42.00954736,32.60323505,41.8560411,41.7036526,28.95013458,32.17585182,36.32538028,47.6778491,34.64966952,34.91813514,34.78338431,34.85062947,34.81697442,34.81697442,31.96633464,34.14215248,33.8144569,33.9775146,33.93660292,33.91618401,33.9263904,33.92128644,33.92383823,33.92256228,33.92320024,33.92288126,33.92304075,33.922961,33.88935872,33.92298094,33.92299091,29.93363218,33.92298842,33.92298717,33.92298717,33.92298717,32.44930098,42.26790866,41.41465471,41.83693166,41.73055716,41.73055716,53.12895755,45.51497979,53.04876289,44.97214037,45.32421381,45.14749071,45.19154216
902,289,104.184379,30.69224823,141,104.1777228,30.6855431,979.1256531,,68.56577762,196.1202189,143.0540727,211.491141,106.7213082,102.5859241,143.0540727,118.7675882,129.7676477,142.1601457,141.5019851,102.5859241,102.5859241,102.5859241,89.4219923,102.5859241,105.0088042,66.75224602,84.84249968,76.50076316,72.91619366,73.61334531,73.78047008,74.56059971,74.56059971,74.56059971,74.56059971,74.56059971,74.56059971,74.56059971,74.56059971,74.56059971,72.13203992,73.3262169,72.72422646,73.02398103,72.8737955,72.94881097,72.91128394,72.93004262,74.91715943,72.92300699,72.9241795,79.59510682,87.97835214,81.34743305,84.78298846,85.82699644,85.04645351,85.24025524
903,289,104.184379,30.69224823,302,104.1772935,30.69163092,682.0885166,,68.30371793,79.53257871,69.03341748,62.44960986,62.44960986,62.44960986,62.44960986,62.44960986,65.02962552,66.40126176,65.70828632,66.05295655,65.88017063,65.92328231,65.94485931,65.93406904,65.93946373,65.93676628,65.93811499,65.93777781,65.93760921,65.93769351,65.93765137,65.93767244,65.9376619,65.93766716,65.93766452,65.93766585,65.93766519,65.93766551,65.93766535,65.93766544,65.93766539,65.93766541,65.93766541,65.93766541,65.93766541,65.93766541,65.93766541,65.93766541,52.17107634,55.04413046,56.60268146,55.81252755,56.20482755,56.0079906,56.05707048,56.08164268,56.06935388,56.07242558
904,290,103.9971883,30.67721485,351,103.9942328,30.67855575,319.7622898,,41.1122944,79.11644284,63.23882538,52.9109678,78.57639886,52.9109678,50.15196159,47.66642829,47.66642829,47.66642829,53.76038498,53.76038498,53.76038498,58.274436,58.274436,58.274436,58.274436,58.78183371,58.52703516,62.83538446,56.98733878,56.98733878,45.63505424,50.68329084,50.68329084,61.86868624,79.38925816,107.5835741,91.36065423,98.81066466,93.58896287,93.58896287,93.58896287,93.58896287,80.78205216,84.3329116,84.3329116,84.3329116,84.3329116,84.3329116,78.26476443,62.11209947,62.11209947,62.11209947,58.73184915,62.11209947,99.92571556,76.60675974,76.60675974,51.01082318
905,290,103.9971883,30.67721485,772,103.9978433,30.6784115,146.7225886,,13.21825123,16.64749767,17.1354848,19.00004744,15.99196626,15.15642235,16.86197347,33.53659168,33.53659168,33.53659168,30.88896602,17.03875222,28.62879778,29.18239331,28.90294495,29.04199692,28.97230409,29.00710864,28.98969592,28.99404713,28.99839967,28.99622324,35.93206251,22.81647166,27.91024142,25.10760874,26.43484862,25.75414019,26.09005512,26.09005512,34.9856501,53.08555969,64.414795,58.20400209,61.15210639,59.64164505,60.38743196,60.01222158,60.19924212,60.10558637,60.15237779,60.14067311,60.13482247,60.13774765,60.13628502,60.13628502,60.02287715,60.07952757,60.051189,60.05827114
906,290,103.9971883,30.67721485,958,103.9967636,30.67595381,145.5642076,,25.67207091,22.06446936,30.68996471,23.81959761,30.11673261,24.99353644,27.3170016,24.99353644,17.06941848,38.74537134,26.80466227,43.54829481,21.92598943,24.7768864,39.40083815,17.64414638,17.76376771,22.32294557,36.95565214,31.72101376,40.93993339,38.11135617,26.83898322,25.75618992,24.75737704,22.56323562,46.23804243,46.90815898,37.61889069,50.63102873,31.03399349,31.03399349,29.0724631,31.03399349,31.03399349,57.20864054,34.16665997,35.34780083,33.06190204,35.34780083,54.58657785,29.11284152,31.1923302,22.01811544,33.59174022,26.00650855,31.37911062,33.59174022,46.89316755,25.75091633
907,291,104.001918,30.67545709,958,103.9967636,30.67595381,496.8374106,,21.42053507,21.42053507,21.42053507,25.95957443,25.95957443,25.95957443,76.43652471,38.75654774,38.75654774,38.75654774,26.11116318,28.84087092,32.20794739,34.66307516,70.55679204,46.48771093,46.48771093,46.48771093,42.72168817,42.72168817,49.29576514,25.58819282,81.11631193,30.03551097,23.88003576,36.35395687,176.2181949,36.35395687,36.35395687,25.51518799,29.98515806,29.98515806,36.85965334,59.22565159,47.82392188,52.91759403,49.10404058,49.10404058,49.10404058,49.10404058,49.10404058,49.10404058,49.10404058,49.10404058,49.10404058,49.10404058,49.10404058,49.10404058,49.10404058,49.10404058
908,291,104.001918,30.67545709,1547,104.0048806,30.67522349,284.9899833,,25.97377063,13.59342749,13.54854988,21.58106731,21.61061485,46.74095398,21.61061485,19.09658334,20.27596719,20.27596719,37.7192625,16.95107707,14.56300837,24.66259471,19.09658334,21.52560063,15.40486396,43.4117323,14.15122676,21.34460346,21.73268717,27.3590384,22.13514433,16.64175085,15.61232504,14.4096059,14.70283663,14.70283663,31.0584442,19.88302209,19.88302209,19.88302209,16.7231286,17.08516136,18.37821657,35.93568966,20.5192788,35.93568966,37.7192625,20.89007768,14.21002687,14.46292779,31.86223416,13.71609545,29.73808521,13.94920381,27.65401455,34.72612057,35.06370266,42.86011237
909,291,104.001918,30.67545709,1739,104.0014678,30.67222384,360.9340037,,68.64038105,73.82740985,64.96000067,61.65420704,61.16702686,87.91355976,69.38342983,46.57212951,123.7488013,84.37418268,56.74071674,64.00800066,119.8673813,69.29932871,95.07529851,87.6565604,81.31179057,142.7870784,83.88996929,83.88996929,83.88996929,83.88996929,126.1516906,53.30717593,67.85182315,69.39185118,48.08001529,61.8155287,57.74944059,148.4985615,75.65428899,65.70732811,89.15007982,75.13781522,79.66118338,71.10054245,83.61405491,73.02352867,45.75219765,75.0534246,109.8290727,74.67600077,71.9868373,69.48462103,59.06192788,63.85073284,44.31658981,85.4843693,68.56793738,85.93666755
910,292,104.0697966,30.66615043,1256,104.0683074,30.66609783,142.7871993,,27.34222965,27.30591859,27.26970385,27.2877992,27.27874852,27.2877992,27.28327311,29.28968191,29.28968191,29.28968191,55.8732519,43.01539058,43.01539058,43.01539058,43.01539058,43.01539058,29.94372334,35.30856904,32.40560551,33.79486102,33.79486102,38.26555218,35.8915238,37.04053749,36.45697955,36.74644183,36.45697955,34.77932653,33.24928315,22.74486361,33.24928315,33.24928315,40.47511161,36.50809073,38.38938891,37.4251123,37.90111834,37.66161132,37.78098525,37.72120384,37.72120384,21.5527848,24.8325564,35.69679983,25.51036811,29.75594312,28.56735908,28.0079778,28.28490303,28.28490303
911,292,104.0697966,30.66615043,1331,104.0713876,30.66829663,282.5114686,,81.60812734,90.80725776,74.10136881,74.10136881,46.94036708,57.47348927,57.47348927,57.47348927,57.47348927,57.47348927,44.21918639,49.98257578,45.24205013,45.24205013,45.24205013,41.96869135,43.54393978,43.54393978,44.74772841,46.01996774,55.07443791,53.10920559,53.10920559,53.10920559,53.10920559,53.10920559,53.10920559,53.52848879,42.64324054,47.46983836,44.92727938,46.16357615,46.1243214,46.1243214,46.1243214,46.1243214,46.1243214,45.6072326,57.70447018,50.94759108,54.11593146,53.28746817,52.8826765,52.8826765,52.8826765,43.96432077,52.8826765,88.82456655,66.29556422,70.78387816
912,292,104.0697966,30.66615043,1626,104.0732972,30.66451347,381.3131091,,153.2550295,120.6498509,51.80102614,60.67302509,51.47726972,73.21211695,147.6050745,68.25243966,77.09784851,135.9135834,72.82372375,43.21281824,69.44656961,46.9308442,54.40134186,49.2016915,61.97413963,104.2313738,78.44155387,54.38697277,66.80508004,69.21313578,64.55895215,55.10194452,80.7486584,137.2727193,86.74421439,106.3099472,86.74421439,154.8188563,95.32827728,117.9994722,105.4591953,111.3774599,108.3375621,109.8364815,109.0818728,109.0818728,109.0818728,51.80102614,100.4434531,100.4434531,100.4434531,63.0655678,63.0655678,63.0655678,58.95750292,52.89892843,73.97298189,103.7978974
913,292,104.0697966,30.66615043,1647,104.0697571,30.6627216,380.0374362,,38.43075198,38.43075198,38.43075198,38.43075198,41.36461891,38.38761982,63.93153132,47.97106488,51.16435192,51.16435192,51.16435192,29.80685774,42.47766428,47.01494056,38.73906853,35.86198612,40.3678811,42.13967465,51.11337871,45.91056276,45.91056276,45.91056276,40.29852048,48.00472878,72.48396134,58.31776515,47.59971368,34.9013972,40.209692,103.6465735,74.15364609,38.86746507,51.00222816,44.11559114,46.85393049,46.85393049,46.85393049,46.85393049,50.36078909,50.36078909,53.84590766,67.06542992,97.95714344,79.61987026,79.61987026,79.61987026,65.04602713,65.04602713,65.04602713,65.04602713
914,293,104.1369623,30.6514217,117,104.1371922,30.63929681,1343.962194,,154.7316058,158.0099248,166.4441485,140.6472063,103.7759177,157.5468544,141.1258308,153.4738747,154.4632384,111.160572,174.3867645,146.3721202,123.4644695,113.4411231,199.6532558,150.4622434,121.9627905,144.5654034,134.6853167,186.8055559,154.9856298,159.5369199,146.1109208,185.0196519,152.0935211,137.1306703,126.1241856,156.3316421,153.668855,123.3695609,150.8716086,146.3922511,144.8384893,170.8426518,154.2251698,208.4985576,149.039504,161.0071181,151.2454987,154.0271278,151.0384152,195.8811295,139.6566187,305.2532428,138.9507151,181.3442241,143.4976935,190.2625174,154.0439554,160.8541785
915,293,104.1369623,30.6514217,241,104.1407013,30.65199095,363.779557,,67.92564342,57.7817516,43.68217585,61.9199246,37.09941581,47.66538326,38.55668109,87.89304733,38.29258495,53.44241605,59.04447273,49.60630323,63.72780561,71.56319154,75.66003391,70.98137698,46.39880975,67.54416989,52.85999617,41.01033322,57.69191212,68.20866694,61.19656099,71.22956359,133.9750798,34.32782189,51.83410783,54.85741115,84.76416862,79.8540491,52.84222214,36.98921001,63.13529503,60.42013403,58.49068357,64.09166748,49.41910963,57.21928586,77.95276221,57.43887742,56.63162833,67.82596834,87.50154153,48.14729431,82.04763021,75.0798103,80.83990156,71.3293249,66.73153657,64.01986704
916,293,104.1369623,30.6514217,543,104.1312323,30.66411971,1510.602443,,184.0834001,211.7758606,170.6132223,160.8211975,154.0561229,186.9268298,160.8211975,234.2776002,186.8786527,213.4708065,174.860733,168.364359,203.1062108,185.5634479,213.0343434,202.9167461,165.0274077,176.1724673,179.1034622,176.2766407,183.5403791,212.5208352,240.4084883,216.224258,271.8494446,157.591361,166.513179,248.933172,202.7843309,245.6695653,216.1174857,166.4320975,180.2210041,179.418304,192.4069708,194.9072523,224.5983926,214.6292568,184.4714159,199.7825369,706.2556876,706.2556876,706.2556876,706.2556876,706.2556876,706.2556876,706.2556876,706.2556876,706.2556876,706.2556876
917,293,104.1369623,30.6514217,1160,104.1254851,30.65031228,1106.600826,,143.2235475,161.4311876,208.5739777,208.5739777,208.5739777,84.04563235,204.2955371,235.261593,226.6721464,226.6721464,226.6721464,240.7107537,233.4806138,235.2471215,236.1404374,235.692933,235.916473,235.80465,235.8605483,235.8465712,235.8465712,235.8465712,353.5884295,309.4184834,309.4184834,309.4184834,309.4184834,309.4184834,309.4184834,309.4184834,309.4184834,309.4184834,103.2062947,154.7843797,123.8395329,137.5935404,130.3547371,133.8763582,133.8763582,133.8763582,277.6141445,218.8669367,197.9250236,197.9250236,197.9250236,82.13944275,297.2957443,237.6405475,237.6405475,173.5844433
918,294,103.9590078,30.58061609,202,103.961143,30.57989724,219.7030029,,15.75559383,14.48259667,16.33310915,20.650935,12.66502499,17.95529649,18.39373978,18.30858358,16.84623664,28.14700393,14.13638625,16.1579328,12.29585403,17.05511182,19.00134079,24.79406929,18.46890392,18.58826817,18.98993542,21.75875682,16.82234974,16.59875783,16.95457257,18.74243627,18.79333222,12.12154499,11.59510076,16.30112965,15.68529123,20.01723025,19.39234912,16.3753791,16.3753791,16.3753791,17.61538553,16.88219446,20.03370847,17.83384015,9.543659854,15.85031684,21.66933727,15.21020789,17.0643109,12.3808632,18.84664362,18.18231748,16.40935291,18.95201623,18.76466929,19.08156358
919,295,104.051808,30.61828359,147,104.0527732,30.61956616,169.605448,,64.27153819,64.27153819,29.90144376,35.18729923,32.8268609,36.50700226,31.8010215,40.46551189,24.92525027,40.6734068,30.94153444,24.81114053,34.44736885,32.34858876,22.69812687,25.3002602,29.78437136,28.58184261,23.34912477,32.16398312,35.70641011,35.4988147,36.65677082,33.24389906,37.29110014,34.43118118,78.78446617,34.49602332,20.96410688,41.25537924,30.01866336,25.82095909,34.38501439,26.55656163,47.70153225,30.94628663,28.73315825,38.8904212,37.77754758,30.6823926,34.07252304,42.10893881,22.61405973,32.69502612,21.84542443,35.80237162,28.31126489,45.36252695,38.64427929,27.7978426
920,295,104.051808,30.61828359,800,104.0518713,30.61623795,226.8000041,,33.60000061,33.60000061,33.60000061,33.60000061,33.60000061,42.74764475,22.49256239,36.72323905,36.72323905,36.72323905,35.51199774,33.66927896,34.37810588,34.37810588,62.32671868,44.31370501,51.79889071,44.31370501,44.31370501,30.17016221,26.01808452,27.94071273,26.94514564,26.94514564,26.94514564,23.12974546,24.89209048,23.97857997,24.42679737,24.2006135,24.31317941,24.31317941,31.25374842,105.35226,43.74000078,58.18147375,78.65896096,32.72464989,48.31242691,53.5396731,76.30654344,61.48192882,56.03843615,56.03843615,56.03843615,42.59895728,42.59895728,40.02353014,43.20000078,93.84827756
921,296,104.1007347,30.59778697,941,104.0946732,30.59714389,585.4915921,,25.72691913,27.39904943,27.37686509,26.61325419,28.11109271,26.11049528,29.46006893,29.36975938,29.18001474,34.71484597,27.74376816,27.55614762,28.27323584,27.43301169,28.40113209,27.80698854,28.31121198,29.41074044,34.25875224,25.85427454,27.43152408,30.24059873,27.63789784,26.58807608,27.84740034,30.22325397,26.59886086,23.21332303,25.897954,26.57597028,33.97436705,25.13238949,28.45171148,28.74068153,25.07756968,27.84050366,26.99500168,29.42318153,29.31529529,29.31529529,29.31529529,29.83396648,31.79139867,25.72804067,28.47705263,29.37950641,26.41315453,26.17882917,25.78086339,25.37647161
922,296,104.1007347,30.59778697,990,104.10386,30.59804157,300.9568503,,15.53325679,15.53325679,15.53325679,15.53325679,15.53325679,15.83983423,14.14418618,23.22496594,20.01283142,18.71840468,19.3439877,19.02605524,19.18370428,19.1440476,19.10455454,19.10455454,14.98540333,16.7961167,15.83917842,16.06804271,16.18497309,16.12629594,16.15558123,16.1409253,16.14824994,16.1409253,16.1409253,14.97504715,15.5361442,15.5361442,15.5361442,18.1786017,18.1786017,18.1786017,19.21001172,18.68008036,18.94134023,18.80980314,18.87534253,18.80980314,18.08755695,17.41872445,16.96859297,17.19071259,16.96859297,16.64277513,16.32923378,15.49992362,15.90377484,15.80085186
923,296,104.1007347,30.59778697,1262,104.1004776,30.60140334,401.5531654,,18.49765061,28.39224974,18.5620685,25.19274842,28.6853333,123.2038121,123.2038121,123.2038121,123.2038121,123.2038121,123.2038121,123.2038121,123.2038121,123.2038121,123.2038121,123.2038121,123.2038121,123.2038121,123.2038121,47.16448272,68.21508747,55.76947998,61.36763685,58.43478628,59.86531242,59.14140014,59.50115452,59.32073189,59.41080621,59.3657349,59.38826201,59.3769963,59.38262863,59.3769963,59.3769963,55.81433959,57.54057474,56.66431311,57.09908226,56.88086692,56.9897657,56.96250193,56.94887982,56.95569006,56.95228474,56.95398734,56.95356168,56.95334885,56.95345527,56.95342866
924,297,104.1441733,30.60359371,63,104.1392625,30.60626466,556.1092987,,80.25362187,72.60175794,54.10793177,56.6601927,55.5177577,58.08491707,52.47689319,60.85086551,86.66638421,86.66638421,86.66638421,86.66638421,86.66638421,86.66638421,86.66638421,86.66638421,128.3329151,86.66638421,86.66638421,85.01033865,85.01033865,85.01033865,85.01033865,85.01033865,85.01033865,85.01033865,85.01033865,85.01033865,85.01033865,85.01033865,85.01033865,87.80673137,86.38591048,87.09052639,86.73678745,86.91329699,86.82495251,86.86910229,86.84702177,86.85806063,86.85254087,86.85392074,86.85461071,86.85426571,86.85443821,86.85435196,86.85437351,86.85438429,86.8543789,86.85438026
925,297,104.1441733,30.60359371,336,104.1463549,30.60674406,406.9886269,,55.28902101,47.86797899,44.13545121,57.14348896,25.21788394,25.21788394,25.21788394,39.03620933,34.33295974,30.6411793,30.6411793,28.25764816,29.40118509,29.40118509,37.04574101,31.1404688,31.1404688,31.1404688,69.7694789,20.01583411,32.37920568,39.99524268,32.37920568,29.04180489,32.37920568,32.74098451,33.11093914,120.0950047,51.90997544,51.90997544,51.79528261,42.59183305,51.68109548,38.67312744,51.13993218,44.04128137,47.32589675,45.62454871,46.45965215,45.62454871,45.62454871,31.76035503,27.57123957,29.51791076,28.51138559,29.00591903,29.00591903,29.12481602,55.49844912,38.30481194
926,297,104.1441733,30.60359371,362,104.1396892,30.59845534,713.5162585,,107.6441501,104.8432053,110.2428554,100.18169,81.3402886,44.1350263,44.1350263,44.1350263,44.1350263,44.1350263,44.1350263,44.1350263,44.1350263,44.1350263,44.1350263,44.1350263,44.1350263,44.1350263,44.1350263,44.1350263,44.1350263,44.1350263,44.1350263,44.1350263,44.1350263,44.1350263,44.1350263,44.1350263,44.1350263,44.1350263,44.1350263,44.1350263,44.1350263,44.1350263,44.1350263,44.1350263,141.9148359,67.33049884,91.33008109,77.51515747,91.33008109,168.436625,168.436625,168.436625,215.853658,189.2197813,112.8873919,80.43815859,57.20843053,66.86312877
927,298,104.0235378,30.73518745,233,104.0204361,30.7335789,346.3613104,,142.232021,142.232021,116.9883394,99.35463884,83.1267145,117.1584567,99.50188125,86.47023006,116.7753013,146.6942021,118.8656547,99.91191646,60.21597117,99.99203829,47.50097971,66.53094089,111.0000639,85.84514406,85.99315293,106.800918,50.17709125,39.39654715,61.72775829,71.45562851,54.07592559,52.94695191,49.95095513,39.39654715,109.859094,45.54888466,46.39630577,39.39654715,53.97838604,53.97838604,45.54888466,53.97838604,67.67439443,73.7374759,63.86175249,92.53437606,45.54888466,78.91776693,50.99798435,53.97838604,57.62683847,62.9218192,53.97838604,45.54888466,53.97838604,78.33931207
928,298,104.0235378,30.73518745,1549,104.0269243,30.73325654,388.4872031,,66.59780625,88.62291055,66.59780625,61.47489807,90.6722008,59.91357111,54.1550409,72.84135058,107.1073277,100.4708284,106.6834942,106.4728328,92.61946564,47.5698616,47.5698616,47.5698616,110.2670642,52.38029705,88.96653506,75.7408032,70.50051323,73.02677011,71.74140906,72.37838338,72.05848858,72.21808172,72.13819688,72.17811722,72.15815153,72.16813297,72.1631419,72.16563737,72.16438963,72.1650135,72.16470156,72.16485751,72.16477954,72.16481853,72.16479901,72.16480877,72.16480389,72.16480512,72.16480572,72.16480542,72.16480557,72.16480549,72.16480557,101.3444878,84.30102062,88.00087664
929,299,103.9944727,30.71680117,53,104.0008574,30.72248966,878.2173475,,152.3654193,115.9504566,152.3654193,183.8129332,110.5863269,80.04006205,107.0513245,127.4831633,108.9027324,106.6300995,112.2754266,111.4920114,112.9859615,117.0956463,80.24320942,139.8930288,157.064746,162.6537595,166.5634482,102.8836512,103.4165001,85.75236348,106.4505876,90.85007043,81.9593636,100.8881516,90.0094648,90.0094648,129.5730513,117.6950191,90.82832036,104.7315098,141.8545127,125.2111862,137.4601066,137.4601066,118.7448808,158.6741506,131.9158185,187.631006,106.3610581,87.09593529,142.9064742,105.6207946,142.2334295,110.8354935,142.2334295,132.007618,133.5879909,148.2462282
930,299,103.9944727,30.71680117,673,103.9922205,30.71446713,336.8025037,,39.07053749,39.07053749,39.07053749,39.07053749,39.07053749,25.47245826,35.4269982,35.4269982,28.1646693,28.59643899,28.59643899,35.07682777,45.35495063,36.6865057,29.14637051,32.48463532,30.72509378,31.58037476,31.14686395,34.22189906,37.34565749,50.52037556,52.94711849,50.52037556,48.40275502,48.40275502,45.98567686,47.16326795,48.98945508,45.92761414,47.40915008,47.40915008,47.40915008,50.03393453,48.68619092,49.35086292,48.68619092,48.68619092,35.45289513,41.02888449,38.03762794,37.61052888,24.51949471,37.19291452,29.55488149,32.93688321,32.02083719,31.58166003,31.79973234,31.58166003
931,299,103.9944727,30.71680117,748,103.9978866,30.71380994,465.5974047,,37.7086762,42.95068948,40.15934488,41.50814195,40.15934488,40.82260524,38.59874858,49.71633305,68.69469905,54.30293704,44.60813458,39.8135548,44.60813458,61.16098078,46.25990774,46.25990774,46.25990774,46.25990774,60.88767306,34.5954728,36.93995938,36.93995938,41.28026246,75.33261379,46.77629741,52.29799242,49.98461204,59.9338733,51.89320919,59.54354021,145.752231,59.15825849,84.15819197,69.47774744,69.47774744,55.38705186,40.78225443,46.04809497,41.81230201,41.77322509,41.85145211,52.54390774,40.52343686,39.27710971,38.16530165,40.48673084,38.55637229,44.36217002,52.62639425,55.87168856
932,300,104.0073133,30.70972582,1333,104.010434,30.71089385,325.6817751,,49.50546336,41.33818917,48.44852853,31.86017365,51.34836747,64.53877377,93.46403469,52.62362614,77.77475226,61.50580408,61.50580408,60.02966479,58.62271952,36.46825475,53.50619009,84.0469097,51.93596414,73.13365569,80.3968725,73.13365569,69.97290838,73.13365569,71.51837684,86.97732866,62.69809574,85.89409453,70.03909142,91.88514031,62.03462383,45.18128672,62.03462383,66.72504661,64.29440447,65.48717919,64.88531065,65.48717919,72.30996242,80.71975149,103.9870856,86.06749058,92.17408729,55.69854586,56.50382604,56.09829619,56.30033087,56.19913195,56.24968589,77.00849855,52.61013289,54.95879956
933,300,104.0073133,30.70972582,1462,104.0054097,30.71258206,365.3021892,,44.00389659,44.00389659,44.00389659,42.53194958,37.76817579,40.00875817,38.85619386,40.00875817,41.08661969,33.14233571,42.01558726,34.10497617,37.54176081,41.74882162,38.77885385,38.11848931,39.46250206,39.5432564,39.62434191,38.29113857,35.35182476,37.04472905,37.04472905,40.84123854,40.84123854,96.2259425,40.84123854,40.84123854,40.09414272,40.4642425,40.4642425,40.4642425,74.50922839,42.33115497,42.33115497,42.33115497,42.33115497,42.33115497,42.33115497,30.02483747,30.02483747,30.02483747,35.41728008,43.43090757,43.17071419,35.22753407,28.02531446,29.75311948,35.89866828,57.88238913
934,300,104.0073133,30.70972582,1606,104.008411,30.70810933,207.7215093,,43.92349095,44.2245794,33.47347509,46.9293232,49.98645946,60.06405088,51.93037733,36.68071125,72.77833902,67.49074309,36.22548121,25.140743,21.16907101,34.2465295,44.82302299,30.6474358,24.3107098,29.80757084,29.01250954,38.54625946,24.85556521,16.29188308,47.47920213,40.33427365,28.12779169,32.67869338,42.97686399,20.57214397,23.21150854,23.21150854,23.21150854,60.79653931,32.46000796,28.70623545,37.34319268,31.82116738,30.77355693,32.94261821,36.54923917,41.77639293,36.958687,60.12991057,35.19046746,35.40707545,37.16481806,39.10619931,42.94943779,40.64116486,31.71993355,44.6567414
935,301,104.0753424,30.68266948,441,104.0738929,30.67999518,327.3042833,,51.67962368,39.57806113,38.28742225,66.1963719,66.1963719,66.1963719,66.1963719,66.1963719,66.1963719,48.09369061,55.71136737,51.62301949,53.58933121,53.08384265,53.08384265,59.26511426,67.07564059,129.4830132,88.37215651,95.99148023,95.99148023,95.6991204,53.55888272,95.40853602,68.60526462,79.8167939,73.78758011,76.68385893,75.20784569,75.9386807,75.57149628,75.75464358,75.6629591,75.70877358,75.68585943,75.69731475,75.69158663,75.69445058,75.69158663,75.69158663,46.75775476,46.75775476,42.92515191,121.8926296,63.49144608,83.49303241,77.39744121,74.67165746,76.01011997,74.67165746
936,301,104.0753424,30.68266948,1194,104.0755086,30.68312123,52.53905504,,9.226370641,9.226370641,9.226370641,9.226370641,9.226370641,9.226370641,9.226370641,9.226370641,9.226370641,9.226370641,9.226370641,9.226370641,9.226370641,10.91720624,12.01846533,11.44139724,11.7228339,11.58040589,11.65118464,11.63340896,11.62454145,11.62897352,11.62675706,11.62786519,11.6273111,11.62758813,11.62744962,11.62751887,11.62748424,11.62750156,11.6274929,11.62749723,11.62749506,11.62749615,11.62749561,11.62749588,11.62749574,11.62749581,11.62749578,11.62749579,11.62749579,11.62749579,11.62749579,11.62749579,11.62749579,11.62749579,11.62749579,11.62749579,11.62749579,11.62749579
937,301,104.0753424,30.68266948,1410,104.0783637,30.68119666,332.2770811,,107.7655398,69.95306971,105.7245258,126.6426604,44.14012885,65.46354435,52.72759932,65.46354435,131.4502738,131.4502738,131.4502738,148.5959617,107.3304165,90.68972646,90.31313643,89.93966105,108.7452265,98.45246847,74.48303188,74.48303188,68.79310796,61.87228408,63.91081879,78.4391798,64.31169312,98.04897475,56.93919042,79.39363883,78.95693016,79.39363883,83.06927028,83.06927028,120.8280295,83.06927028,79.42878433,45.74368994,76.09398804,56.24753096,58.92598483,53.80198615,67.58177921,79.21837695,79.21837695,39.01492146,45.20776614,45.20776614,124.6039054,66.34484148,86.58686152,66.34484148
938,302,104.1772935,30.69163092,141,104.1777228,30.6855431,675.9550383,,88.32806308,167.438404,88.32806308,82.92480033,75.57261298,64.47332345,79.15336023,70.53589916,77.51581007,78.12000443,67.22204801,52.78607674,58.55064845,58.56782299,58.57641404,58.57211819,80.22678242,50.22204292,61.77369401,65.34485193,56.86853597,57.63124019,57.24734783,57.58594928,70.28995199,57.58594727,57.58594625,57.58594675,57.5859465,57.58594663,57.58594656,57.5859466,56.52148043,57.04874852,56.78389051,50.41327202,50.30958905,50.36137717,50.33546979,50.34842014,51.01288103,50.34356298,56.09369867,55.31064998,55.69942234,55.50435539,59.86317682,59.86317682,59.86317682,59.86317682
939,302,104.1772935,30.69163092,183,104.1699986,30.6912367,700.0652288,,73.77736603,80.65074039,74.23372087,74.23372087,74.23372087,69.86097917,68.6712486,68.6712486,68.6712486,74.28842516,68.51256827,65.9747336,64.70436004,67.66071644,63.93584654,67.06096321,67.67732433,67.6745558,67.67594005,68.19847213,63.11109749,63.11103478,63.11106614,63.11105046,63.1110583,63.11105438,63.11105634,63.11105536,63.11105585,63.11105561,63.11105572,63.11105566,63.11105569,63.11105567,63.11105569,63.11105569,63.11105569,63.11105569,63.11105569,63.11105569,59.6706834,56.60059138,58.09446748,61.45665086,59.46756173,61.01279173,61.3569038,66.60680076,63.87415995,64.53608159
940,302,104.1772935,30.69163092,289,104.184379,30.69224823,682.0885166,,71.88286475,98.44224143,78.10794942,85.8706997,73.52835065,71.25940948,84.15735163,79.57112248,105.6137058,78.82884943,67.83200718,64.77819401,69.07505366,69.0540112,62.29406194,69.99610574,69.11992494,50.81400108,61.09605854,64.06955338,53.88943094,51.28128075,53.18820482,52.52680407,53.2102207,53.2102207,53.2102207,53.2102207,53.2102207,53.2102207,53.2102207,53.2102207,52.30814443,52.75532663,52.53078386,50.15879654,50.10788548,50.13332808,52.86058171,52.8937894,55.1329599,52.88459836,57.30492653,75.92822077,65.04685191,66.63953518,61.55674013,62.18222018,61.77135369,61.87356045
941,302,104.1772935,30.69163092,389,104.1769595,30.69629187,517.555183,,50.54798315,44.43240045,42.01124372,39.84031344,36.60508171,82.90094144,50.78565339,62.98579873,59.41736716,57.78060044,58.58755439,58.18127951,58.38371018,58.28231907,50.01875594,63.50370344,55.96031413,59.49385036,57.67300937,57.67300937,57.67300937,47.68262722,52.20414769,49.84105085,50.99523774,50.41153879,50.70170837,50.55620723,50.62885326,50.59250417,50.61067219,50.60158655,50.60612896,50.60385766,50.60499328,50.60442546,50.60470938,50.60456741,50.60456741,50.60456741,35.15469168,38.05965121,39.69992554,38.86248826,39.27674356,39.06851782,39.120367,39.14634323,39.1333508,39.13984594
942,303,103.9672858,30.67160707,451,103.960834,30.6715286,618.1668241,,55.35822305,101.1545712,68.86231769,69.21930223,91.02937835,138.8705502,46.19409583,51.47418428,51.47418428,67.05899253,72.67800675,67.05899253,67.05899253,63.8183936,58.37410688,66.0029827,54.6781466,63.55261018,107.6806726,94.29663418,50.46259789,75.82284725,75.82284725,75.82284725,59.59374127,182.4098825,99.01671042,92.43616061,85.59232949,52.03586672,76.08207066,74.09768814,78.17566393,65.64603442,81.44192376,84.53563406,76.927427,55.35822305,118.0583855,86.03352705,91.42976856,67.77869747,75.72824069,103.4468596,59.94344961,111.1588695,88.485112,95.71615341,83.65044417,79.3167208
943,303,103.9672858,30.67160707,783,103.9672382,30.67469912,342.7305492,,57.45424806,97.6131311,57.89231564,57.89231564,57.89231564,46.15324105,60.04038818,62.35401021,67.97961306,86.88943501,72.38898173,93.47196796,62.49500609,65.72914643,90.42727848,69.31629085,69.31629085,69.31629085,45.59608193,48.13380926,48.13380926,48.13380926,48.13380926,48.13380926,53.81637003,61.02027582,68.20165703,55.36416563,65.89212161,79.70477888,76.31938001,54.11534987,63.3274582,81.17302481,49.66538149,66.69351228,63.19231637,60.04038818,71.2372966,55.76632665,52.06033659,52.06033659,58.92919294,75.92799859,67.88610603,52.50340328,94.5463584,56.66413123,51.84159568,72.31645493
944,303,103.9672858,30.67160707,1035,103.9738584,30.67146973,629.8633935,,68.86142089,47.19059764,59.60155944,55.93031572,52.35396088,69.0165755,79.56169181,73.91492186,79.96425787,95.74278185,71.64988789,49.1258357,64.84770876,62.73165953,67.60608875,65.94976849,79.39707268,67.97992654,61.64848167,70.41222079,68.53333848,79.54308523,75.69173827,44.157901,66.05996261,52.5465378,67.24520215,56.09173078,90.64454739,59.62768137,92.40277988,78.42172687,58.98386294,53.45375334,80.65323942,71.15611558,49.92512086,66.36933167,87.37989274,40.90206479,75.54486625,79.00725493,72.40029276,61.52587663,64.73310569,56.51666813,45.39555989,70.20149277,57.19840547,68.22993631
945,304,104.0029427,30.64826448,676,103.998059,30.64659511,503.2303635,,80.16058888,80.16058888,80.16058888,80.16058888,111.8289697,64.76713565,58.43965512,64.76713565,77.25498118,70.46203727,79.8577151,62.79477673,70.30578052,70.30578052,70.30578052,99.26735938,82.31338036,82.31338036,82.31338036,73.48078171,69.73911997,71.56107485,70.63835106,70.63835106,70.63835106,54.73200328,61.67611924,57.99694193,59.77997505,58.87496175,59.77997505,61.1985731,62.68613525,98.99613708,98.99613708,184.8601335,128.9415878,151.9186003,139.4902259,145.4393825,142.4026968,142.4026968,61.97135606,72.46517234,72.46517234,72.46517234,77.00868474,110.4652017,82.16005935,87.73023286
946,304,104.0029427,30.64826448,1819,104.0030692,30.64685288,156.9191198,,41.69068866,41.69068866,41.69068866,41.69068866,31.85576117,37.72346119,37.72346119,37.72346119,35.70664196,33.89452987,33.65891746,26.99683782,33.42655806,29.42233496,29.42233496,29.42233496,29.98454518,29.98454518,30.0563358,30.128471,28.74854103,25.97281983,28.74854103,28.74854103,33.96245479,29.21942231,29.21942231,29.21942231,29.21942231,25.25672867,29.21942231,29.21942231,46.68668027,31.91575318,31.91575318,31.91575318,31.91575318,29.73204375,53.46140357,38.21254778,27.02913068,36.0580105,31.80792969,39.50411408,29.73204375,15.35078346,48.07734734,32.18853739,23.53786797,23.53786797
947,305,104.0821882,30.67110531,1503,104.0811962,30.66967255,185.0591174,,24.81239563,24.07998154,16.24909324,19.40425697,17.68706609,18.50591174,18.08722596,18.29417362,18.241994,18.21601566,18.241994,18.241994,33.64711225,27.78177793,25.55446248,26.62161398,26.07712506,26.34655666,26.21114849,26.24486988,26.26176314,26.25331379,26.25753778,26.25542562,26.25753778,26.25753778,36.20721862,30.43996218,33.07405811,33.07405811,33.07405811,41.20904057,36.69610522,38.8218589,38.8218589,46.06097183,56.61865347,62.4574521,37.74576899,52.45770257,43.9019982,43.9019982,43.9019982,23.29415464,30.43805015,26.39119872,27.29855986,27.77604681,27.77604681,46.1579323
948,305,104.0821882,30.67110531,1674,104.0803937,30.67192313,194.3462435,,41.72841808,25.81721316,21.66088163,25.81721316,32.61755136,29.37633911,30.91221547,35.42513806,23.47806968,23.47806968,23.47806968,22.0361095,31.42124894,28.39762462,27.09401442,28.39762462,28.39762462,36.61701185,36.61701185,41.72841808,36.61701185,36.61701185,26.94834768,26.94834768,26.94834768,20.9474993,28.67648439,30.64145153,33.44390424,43.86498286,43.86498286,43.86498286,82.31135019,43.86498286,43.86498286,35.45505794,35.45505794,35.45505794,25.76966765,29.84627699,27.65856604,27.65856604,26.4038296,20.27960802,25.25799555,47.06142218,42.48865242,42.48865242,42.48865242,42.48865242
949,305,104.0821882,30.67110531,1756,104.0854869,30.66959784,357.4694262,,45.51603164,41.64692344,37.84970395,47.61849896,33.556452,51.47559737,34.73387137,33.27016376,41.32172306,52.31259896,50.99347722,42.95381985,26.1032441,42.41329088,62.33589565,49.4957667,45.63439483,39.68820152,54.29915335,48.56188431,48.01828113,70.96819492,55.74399467,55.74399467,50.29954608,45.82397393,37.2471761,49.38180868,60.3606911,44.43444661,33.73728346,46.5702027,47.76874292,55.806155,47.13882543,29.24749851,52.52611977,45.91350428,49.23067844,49.23067844,53.28736788,48.93117621,58.80685154,53.84476713,52.03059034,50.334678,70.70823815,44.59078081,45.53347844,45.82941362
950,305,104.0821882,30.67110531,1840,104.0840318,30.67384238,351.0184233,,57.51781174,59.81852421,58.0996011,53.8494172,58.91218293,58.91218293,58.91218293,58.91218293,58.91218293,58.91218293,58.91218293,58.91218293,58.91218293,58.91218293,58.91218293,63.43706445,61.09095112,62.24190735,61.6610588,61.80525221,61.87760211,61.84140598,61.85949876,61.85045107,61.85497458,61.85271274,61.85497458,61.85497458,80.23278247,69.8553742,74.68532051,72.18964906,74.68532051,74.68532051,89.36819829,74.68532051,53.92601667,62.63027704,53.92601667,53.92601667,44.86389315,46.8313647,47.88126266,47.35049457,47.61439952,47.48208035,47.51509116,47.53161377,47.52335102,47.52748204
951,306,104.2033612,30.67494723,59,104.1731426,30.67412276,2896.260247,,137.4667016,129.8447931,130.3154217,137.1161016,130.7033989,137.3569466,129.7236316,129.4016369,136.9660018,157.3322134,134.189664,141.0420952,132.2535201,135.6665141,135.8174633,131.2232776,169.8118639,172.4819998,139.7346914,165.9629658,157.8184191,156.1784274,135.4608809,139.3766767,141.3647913,141.7130396,136.4283531,134.9931949,138.5241138,134.3166122,145.1405866,158.9512071,167.9949551,159.3180545,170.002215,165.507769,159.7930948,148.0881258,154.1355719,143.8074576,143.5568896,177.6998192,178.9963414,178.345724,178.9963414,178.9963414,227.3434045,180.5721499,180.5721499,182.5613813
952,306,104.2033612,30.67494723,250,104.200667,30.70612702,3465.208353,,268.549121,275.0822338,329.2033665,334.2644714,285.1778842,293.1786151,276.2956826,279.7862328,276.8321791,258.4372375,212.7208794,229.4127802,256.1550323,252.4997484,280.4467559,279.7892968,280.1176406,279.9533725,280.0354824,280.0149504,280.0046855,278.8692266,264.950729,217.5196176,320.9626948,217.7992366,332.5921313,280.0081338,295.9050126,272.5333614,283.7387179,235.1508025,290.4435007,276.4842388,280.139318,280.0081072,336.7941117,279.873041,292.5050338,340.2905765,343.1168978,315.9889776,348.9440579,317.4236659,301.6868215,317.9712675,310.7498146,320.7940851,354.4173441,326.562731
953,306,104.2033612,30.67494723,643,104.204397,30.6509292,2663.702411,,173.9955306,197.2115342,213.58566,198.1948745,208.131392,173.2293766,187.5548669,194.400347,180.9623293,180.3060488,160.438412,176.7071918,159.5909663,167.8687519,194.8020355,194.8010759,157.4224442,181.4644118,181.5100143,196.2521479,191.7225726,182.5148876,178.1110935,179.94524,177.7302034,176.3273273,201.5111355,178.2558607,178.0816928,178.4489852,183.2263097,172.973471,187.1061351,188.6902935,190.3224775,189.3225223,234.7296128,197.0300493,214.3330363,226.7643297,235.0215026,244.0702407,222.7154409,213.9941743,197.0928315,206.3856726,241.6005023,207.7026286,215.0073695,215.459554
954,307,103.9828708,30.62025518,90,103.9851381,30.61499377,622.3122248,,76.07212256,51.00919875,76.07212256,105.4270122,61.44326944,85.67204624,69.35987645,61.19014023,53.90253255,62.62990824,77.57354603,50.97438019,66.02133623,55.04481595,78.14596964,56.64536054,54.77564815,52.64511906,87.94206121,58.52720885,64.10083002,59.79761858,62.4045685,79.31520317,60.32105572,58.34177108,70.95246269,61.49105241,60.93356326,60.05813313,62.9304497,70.89632941,58.67794681,53.78283542,86.43225344,66.42917744,69.14580276,72.50239512,85.34567654,73.48336234,105.179531,61.20407082,86.59651511,74.21363178,62.05883682,72.73779251,68.69064771,69.47100138,75.26284465,88.9017464
955,307,103.9828708,30.62025518,333,103.9855772,30.62085604,267.8195201,,31.61148434,31.61148434,31.61148434,31.61148434,31.61148434,31.61148434,31.61148434,31.61148434,31.61148434,42.22555938,31.61148434,31.61148434,24.72180186,26.14644806,26.92217165,26.14644806,26.14644806,23.17668924,26.14644806,27.94638471,27.01646998,27.94638471,27.94638471,41.02767116,33.24656112,36.72953419,34.90136733,35.79212148,35.34113255,35.56519737,35.45281093,35.50891522,35.48084089,35.48084089,35.48084089,31.10162169,39.78611853,34.91189881,37.18998158,36.01495181,36.59303635,36.44678237,36.30169281,36.30169281,27.1591626,31.07186537,28.98406136,28.98406136,24.13392421,64.56363432
956,307,103.9828708,30.62025518,867,103.9827442,30.62574617,608.6966974,,61.98891402,58.28334625,76.13114456,67.73749956,45.79536281,45.79536281,45.79536281,50.84241556,50.84241556,53.64279341,53.64279341,63.39367725,58.1120383,60.86966974,60.86966974,60.86966974,53.49002711,69.39399365,89.33696432,84.79617394,80.69465218,80.69465218,58.12488357,80.69465218,80.69465218,86.95667106,57.85207684,44.44844038,45.08864425,45.08864425,52.75493495,63.56223671,82.5869891,58.82706337,57.81815595,58.59112595,59.06490864,59.54641605,64.83160091,57.8298933,69.5211964,74.94213785,55.38268181,63.69464521,63.69464521,63.69464521,58.51290015,56.11544457,63.70081717,60.91196972
957,308,104.0579254,30.61419904,491,104.0602366,30.6141953,221.5471136,,31.0036777,44.34637804,44.34637804,49.38511511,38.45562242,68.47368795,44.30942272,60.74050918,60.09674126,39.16053726,31.77568163,47.99817104,61.98727529,55.54105912,53.36103538,51.34568299,45.63335334,48.31924931,48.31924931,71.14099585,37.68045396,45.83733385,48.26442414,79.55806573,58.73119359,40.51514704,38.9248223,52.12873261,65.91484372,52.8191794,53.52816168,29.10837989,74.67880234,48.93065086,48.93065086,48.93065086,48.93065086,48.43540134,73.17152376,18.12658202,41.64854355,41.64854355,31.7125093,56.29903121,49.74446627,42.46694166,33.1629775,37.04702895,37.04702895,42.28147778
958,308,104.0579254,30.61419904,671,104.0578935,30.61635561,239.0312783,,37.9723823,43.05638465,43.05638465,51.90759662,81.18043414,51.90759662,29.28158577,35.8024798,35.8024798,31.06543689,37.01405009,54.57796628,38.31049255,39.84327611,41.50382325,41.50382325,51.6307561,46.01671668,51.6307561,80.79930534,40.1099456,53.60806911,42.30642094,42.30642094,42.30642094,42.30642094,40.86004757,55.16106422,45.17126519,34.62827372,31.87083711,60.81361144,41.82321273,49.56156094,45.36475002,47.37038235,46.34587774,46.34587774,46.34587774,43.09745919,44.66268016,44.2608122,44.06257803,44.16147267,44.11196991,44.11196991,38.33018271,78.58562574,51.52770071,54.63572075
959,308,104.0579254,30.61419904,814,104.0581892,30.61123371,329.6185157,,45.37769241,47.88405171,35.65049291,54.84120885,39.10210381,48.8323727,50.77253421,58.74389389,47.19835808,40.707604,38.27827924,35.78488108,47.70678062,44.53826593,39.76996746,33.87876265,30.22950597,31.64498487,51.48054909,33.14213866,40.05490824,33.39474643,34.79843568,40.49920329,36.7629601,38.72021357,37.34466268,37.10382354,38.13023903,39.8996494,28.50021134,28.98452996,26.89021235,40.74254615,46.65635609,37.18375735,47.976819,30.97357397,40.37110598,33.59169587,39.36209736,45.05658688,36.80096454,33.97174892,27.950313,49.27851564,66.10733463,32.69339329,64.9613133,38.2166395
960,309,104.0685001,30.602309,600,104.0696681,30.60219068,112.7359856,,11.93675142,11.93675142,12.23974511,11.72128659,21.36050253,13.94671987,14.47136916,15.35152509,20.19151981,15.77470788,12.7868581,11.82086063,12.30468565,12.16332312,14.36211908,11.46737598,12.62362514,14.04526194,12.91315015,14.48169663,17.68889341,17.93149698,13.58350125,15.2288761,15.5468128,14.89321981,10.82188163,21.13111868,14.49516598,13.65778267,14.06148283,13.280519,16.05846789,13.26746065,15.06773893,12.66301242,12.66301242,12.66301242,12.66301242,12.66301242,12.66301242,12.66301242,12.66301242,12.66301242,12.66301242,12.66301242,12.66301242,12.66301242,12.66301242,12.66301242
961,309,104.0685001,30.602309,808,104.0685263,30.60045404,205.5991006,,23.23883084,23.23883084,23.23883084,23.23883084,23.23883084,23.23883084,23.23883084,23.23883084,25.15401061,48.48188397,27.41321341,48.48188397,56.5005162,15.26096417,23.21453515,23.21453515,23.21453515,28.10721882,25.42765859,26.04848199,26.37040237,26.04848199,26.04848199,20.09930108,26.04848199,26.04848199,33.72012584,27.77323685,27.77323685,27.77323685,27.77323685,19.95031704,19.95031704,19.95031704,18.64374716,19.95031704,22.86198493,27.98324243,26.76877982,27.36254204,27.06240447,27.06240447,24.63084067,27.06240447,27.21164567,27.13681988,27.15548772,27.16483128,27.16015869,27.16483128
962,309,104.0685001,30.602309,920,104.0684345,30.60474509,270.0633943,,53.81337007,53.81337007,53.81337007,53.81337007,53.81337007,46.62965081,49.96461943,48.23956432,48.65956368,48.87231787,48.65956368,48.65956368,32.62510804,28.89236908,28.89236908,23.56916896,25.96070012,24.70719745,25.31844322,25.16281383,25.08571442,25.08571442,25.08571442,23.6936203,68.46677602,28.01810431,33.52511102,33.38122642,33.67024137,33.38122642,33.52511102,32.1929874,51.10266594,32.1929874,32.1929874,21.89703197,26.52737297,22.55749929,72.55434474,37.10794731,22.74218057,25.63554962,27.37707059,27.37707059,27.37707059,54.01267886,27.37707059,22.79550339,26.43361119,26.34764822
963,310,104.1526212,30.6089618,15,104.149224,30.61054808,370.0824554,,25.47412695,43.52725858,25.47412695,47.80969519,45.56808344,45.56808344,44.16148629,75.05897687,27.66014199,95.16405996,42.86209672,42.86209672,42.86209672,43.5391124,44.23785853,45.35478602,45.5486099,37.18902553,40.94650294,29.15310371,40.34206932,35.95942886,45.94127033,40.3726315,59.95935371,54.71444926,48.56489087,37.67097566,40.1778299,42.53821326,34.60511271,45.16260473,32.49504486,46.74725752,48.4471578,58.69149072,42.5201119,41.04426492,42.5201119,44.40989465,44.40989465,45.16260473,44.40989465,28.77530971,40.59817692,25.20902251,47.12886779,41.50457444,77.23459939,35.70246108
964,310,104.1526212,30.6089618,93,104.1494061,30.60476611,557.8703401,,69.25286981,58.01636661,63.42104918,85.21923157,66.59757842,77.79211972,74.47465602,75.78615941,62.85862987,64.99460273,66.46441999,71.65097895,91.70471344,87.03502597,59.87847798,65.57092856,62.50625961,86.07550673,63.47438741,54.47910317,64.77449522,57.79376185,74.48715166,69.29212396,84.00705841,81.7796607,90.78110503,98.74353894,101.7966039,106.4652163,106.6843678,95.8917684,101.0005708,98.28810935,98.75025074,66.98905657,66.98214008,62.88055629,59.17550337,72.54665471,123.2106273,66.69245568,68.40760345,63.95965683,62.37059703,63.15513284,62.95715437,62.76041326,66.36375793,55.98401478
965,310,104.1526212,30.6089618,323,104.1589946,30.60397265,824.0333661,,147.2218421,147.2218421,147.2218421,147.2218421,147.2218421,147.2218421,147.2218421,147.2218421,147.2218421,147.2218421,147.2218421,147.2218421,147.2218421,147.2218421,147.2218421,147.2218421,147.2218421,147.2218421,147.2218421,147.2218421,147.2218421,147.2218421,147.2218421,147.2218421,147.2218421,147.2218421,147.2218421,147.2218421,147.2218421,147.2218421,147.2218421,147.2218421,147.2218421,147.2218421,147.2218421,147.2218421,147.2218421,147.2218421,147.2218421,147.2218421,76.65426661,76.65426661,68.19586478,72.17810506,70.13049924,71.13957117,70.88459063,70.75778457,70.82113084,70.80528364
966,311,104.0600238,30.74269338,1,104.0625393,30.7390774,467.5522935,,83.32615132,72.60337556,73.52842765,64.73800987,78.59244777,64.73800987,63.81756423,62.3403058,170.0190158,170.0190158,170.0190158,170.0190158,170.0190158,64.86274592,64.86274592,64.86274592,64.86274592,64.86274592,64.86274592,64.86274592,64.86274592,64.86274592,64.86274592,55.68861064,55.68861064,55.68861064,55.50497136,55.59663936,55.55076754,55.57369399,55.5622284,55.5622284,55.5622284,52.80590609,55.67326097,54.20168812,54.92762004,54.56223963,54.92762004,56.28934589,65.32425316,60.31731757,58.99024264,63.75713093,63.75713093,63.75713093,72.01905744,61.09576249,63.75713093,63.75713093
967,311,104.0600238,30.74269338,65,104.0666187,30.74499537,680.9342629,,72.34590114,58.79450389,57.26624314,73.24334929,37.27934656,39.86645411,57.88343203,72.43624761,46.59911993,56.198151,47.65628069,45.51810269,45.70043358,42.24667551,55.16739837,54.28040379,43.72857717,43.14607606,50.92419312,60.86563244,60.86563244,53.21499109,60.86563244,60.86563244,60.86563244,60.86563244,63.09815564,71.05401004,71.05401004,66.03264612,71.05401004,71.05401004,71.05401004,64.38619018,70.60664277,67.35309764,68.79410702,71.26574159,73.69691259,71.05401004,111.4256067,71.05401004,74.26967155,69.06665483,57.41501793,62.10241232,65.69084335,64.46280335,58.72205447,64.34220888
968,311,104.0600238,30.74269338,81,104.0489107,30.74097516,1080.785337,,105.147216,103.617236,89.42227855,71.65427649,55.15774331,86.27111337,150.2249889,88.62932149,107.1853227,121.0210642,107.1853227,104.6038458,110.9359755,105.4424719,100.6682332,101.8541155,98.00572325,100.0212651,118.6227809,116.1440959,113.6007945,87.23827832,99.25579626,92.99855902,102.3677408,92.99855902,100.1499926,92.94302092,128.410139,128.4631354,128.4366318,128.4366318,128.4366318,122.0651675,128.6932926,128.2958766,126.9696827,131.4470822,131.4467569,130.7787926,144.4900463,135.3200425,136.3607668,147.3798187,138.9581153,158.9714898,145.1801199,150.2249889,144.674031,147.3798187
969,312,103.9619769,30.70213373,247,103.9636875,30.70216665,163.8661345,,15.24336135,21.50631003,19.30834086,28.91755315,25.59297545,13.18989568,17.40813233,15.00825147,17.90980166,15.68301078,16.11935675,33.31302123,52.08989706,17.72856752,21.06380127,21.82187735,21.06850301,18.822167,20.24890449,21.66161876,22.21913688,22.38495134,18.69491631,18.78720013,17.65561045,22.69851087,22.87612542,22.20519765,16.77015306,20.01984448,22.34538198,26.81445837,23.40944779,31.04832022,24.37678034,24.37678034,24.37678034,21.35450079,24.37678034,48.85449973,28.87037933,26.2769748,25.81698399,20.05306102,24.44411951,30.84471802,27.43556285,25.99878689,27.43871987,19.68033642
970,312,103.9619769,30.70213373,375,103.9627835,30.70116449,132.3131901,,19.5116225,17.36520176,15.29079842,19.33932133,15.00244045,15.00244045,15.00244045,15.00244045,15.00244045,16.38271657,15.66222719,16.01437224,17.09468906,15.88047769,16.80976043,17.62000559,16.30513981,19.65587969,17.58117924,17.58117924,17.58117924,15.40183717,15.21982416,14.53325658,14.25596661,18.32784054,18.47125485,17.92951635,13.94809617,18.18043833,18.04270774,21.51740894,18.53414336,20.80032683,20.80032683,19.6829539,22.7499694,23.54934151,23.2958574,23.50300087,23.50300087,23.25439306,20.84584177,14.32179282,17.8516085,19.75096687,22.15275813,18.05736469,20.01375985,12.70206625
971,312,103.9619769,30.70213373,556,103.9601174,30.7022019,178.2509221,,22.88367936,21.68649272,20.59960096,24.60990679,23.41982918,20.21112818,19.55294823,19.07613566,20.21112818,21.74528362,21.09998585,23.76954072,26.85618319,21.3940106,22.1433597,22.52141077,22.14574779,26.48019201,23.64768358,23.68517764,23.92494508,20.74919119,20.46173598,19.57904865,18.99584295,21.34057004,21.41241525,20.98212489,18.79072678,24.49249311,22.68504886,26.59910133,24.96900076,30.63023005,27.2485486,29.72568938,29.49936249,30.35489197,31.38393126,31.66299274,31.66299274,29.96074365,29.46972765,19.29416692,20.78952439,21.24121391,21.78424227,21.342458,21.65670576,18.3278349
972,313,104.0388274,30.70856721,167,104.040772,30.70958471,217.7093658,,31.08283628,27.61641004,35.54438625,26.47816611,31.22524768,44.24761467,37.75826578,22.32916572,33.37963019,36.92597017,38.16207995,23.89493039,36.60796809,34.3304619,25.00011856,81.35851733,27.11950577,30.72038087,43.62265585,72.5697886,39.2859006,32.89627353,32.89627353,30.30463864,32.89627353,34.22505314,50.56475593,28.92080136,48.52964191,37.77126346,48.98460731,41.83738703,46.8892442,52.6009206,61.61585825,40.94235835,69.35873601,81.64101218,40.94235835,68.45010628,49.13816407,43.01274809,59.15122392,47.50022527,40.90572635,40.26994049,39.74662273,28.52606795,40.03850406,67.10220179
973,313,104.0388274,30.70856721,1253,104.0407784,30.70588248,351.3492495,,62.30824129,87.35202336,62.30824129,62.30824129,34.09318863,42.2322971,42.2322971,42.2322971,85.17557564,84.32381988,55.598123,149.9830788,71.36007324,99.59506285,57.23336191,36.55656931,192.6178627,54.05373069,54.05373069,35.08619412,54.05373069,52.07853003,54.85070677,50.24259377,98.17779807,148.1531242,46.50210655,35.33120945,111.4957462,113.9511079,61.58019952,59.86882877,58.25000717,29.24525545,95.82252259,26.1604405,69.11788515,34.94080934,42.48051379,59.0660513,37.03828106,59.0660513,81.39364853,59.0660513,34.40228372,53.77876296,149.3925943,49.36028481,64.0376175,91.13742755
974,313,104.0388274,30.70856721,1433,104.0375207,30.71027317,226.733857,,64.27101458,22.57930526,42.89852239,40.01185712,46.23409238,24.04247085,45.78613328,35.29149596,28.30896712,28.83228136,51.01511783,28.82210047,34.29587753,65.12568235,49.26659364,29.32605576,43.45013837,43.14174869,35.93141094,39.20784014,43.05262459,69.10796771,47.73344358,35.43741904,37.78897617,33.18056444,45.38278948,35.59194267,59.57969965,28.30487682,59.57969965,67.68174836,52.12827368,46.33350341,29.41412199,35.98421243,34.0810808,34.0810808,34.0810808,34.0810808,34.0810808,35.03184057,29.6815231,32.13550729,32.13550729,32.13550729,35.13236235,35.73738552,35.43229135,35.56609522
975,314,104.1056755,30.69638434,38,104.0894112,30.69807885,1568.99986,,215.9999807,282.9717698,198.189456,189.7558621,318.6310681,278.2462806,518.2017886,279.3932149,280.3175929,195.7850779,161.3828427,256.132674,174.7152828,162.3103303,125.9976269,134.2225209,171.44937,188.8450878,135.1269804,216.458532,291.1546132,175.3513038,125.0475868,255.0067493,297.5974445,137.5645274,152.8246617,202.0808201,160.9759804,370.3868522,353.9097429,208.7828227,210.7836468,148.6753114,131.7774932,263.0220953,229.0820398,139.3392292,123.7589449,204.3744729,420.7373926,206.5228335,380.7909773,134.8906535,115.2440601,143.0413501,229.2990323,235.8413151,138.1402051,178.7798221
976,314,104.1056755,30.69638434,915,104.1241629,30.68298904,2310.763389,,567.8326417,567.8326417,567.8326417,567.8326417,699.0544706,407.7817745,407.7817745,407.7817745,349.018047,222.129458,329.781891,766.7049033,279.6217882,432.8172841,491.0713223,749.4367748,464.7345363,498.9823257,676.3209919,676.3209919,429.9094677,519.9217625,1049.684316,714.0556395,945.3122955,714.0556395,382.2954136,508.7919389,508.7919389,508.7919389,508.7919389,508.7919389,508.7919389,388.7265514,440.7283815,413.0973656,440.7283815,440.7283815,715.0786421,715.0786421,715.0786421,278.2190034,320.1981601,779.8826435,320.1981601,245.0294021,260.306601,268.6825694,264.428273,268.6825694
977,314,104.1056755,30.69638434,922,104.1032345,30.69290878,450.5954272,,132.78119,96.80310966,77.54904427,107.1280057,65.67382745,81.72007748,71.53885504,102.1420567,107.8348031,107.545428,91.54308905,121.4675216,89.44677308,76.15697361,59.36481383,55.78636546,46.93702367,93.68815815,93.41612516,74.94153261,82.01849348,47.08689515,76.10200645,94.1737903,95.3267505,74.62419956,119.8975659,89.07438586,59.82615789,58.43456549,72.61161763,60.73169367,78.32238113,71.12829546,90.97832518,99.03196202,87.6538217,81.89462521,68.15729151,78.17559219,84.59679468,86.83006773,57.93369778,36.24901761,49.05181548,36.24901761,34.76332254,44.50325207,32.28146344,34.0607567
978,314,104.1056755,30.69638434,1090,104.1024344,30.70177664,673.4365235,,47.90251477,49.53762739,50.25229012,47.917741,56.69974803,43.92773119,50.39150884,53.66028076,55.93773069,50.85291022,54.37715533,51.41700313,48.5575684,49.14417457,52.13112065,54.21375787,45.41297152,47.23108289,50.21351942,48.78829082,46.60012464,46.65457153,48.34858248,48.7855637,45.52335356,45.26247813,49.20765076,46.85422527,49.25915647,45.72255962,45.9106921,43.05470831,46.63847333,45.05931686,49.51583551,51.6263093,49.97330256,45.41084495,46.19107346,49.58941673,44.04801867,50.50306306,50.13347892,46.36665903,45.97272181,49.84999626,52.18093219,49.94584847,47.75803426,47.55126418
979,315,104.1454657,30.71104408,85,104.1583536,30.69959817,1769.885404,,124.4450675,135.8547432,143.1013465,287.6563185,204.3813137,117.6329263,132.7068462,131.3785806,171.0684628,182.9163863,180.9595983,185.8282889,177.9773032,206.8697225,193.4300988,234.3931621,138.276584,129.8557226,538.4440104,181.8894506,114.8913574,203.5650944,160.4484809,253.6459974,177.407419,187.358302,202.3796968,232.5396881,269.6968235,196.9578811,177.8531041,183.3550347,264.1620006,125.783979,132.6032769,258.7972159,182.4362907,196.1997676,253.8481058,248.8901349,194.4533302,248.404969,199.6580479,248.404969,215.6205568,225.9428175,248.8901349,214.5315641,199.7362838,186.7504983
980,315,104.1454657,30.71104408,127,104.1462028,30.72511547,1561.121132,,116.8406668,113.3233625,160.465005,192.1858951,117.1400111,83.07518219,126.6487003,120.2146754,130.3448645,168.2645531,186.2480887,163.8176081,112.2136987,171.4545763,150.9089001,174.7484843,127.4425881,164.3085221,174.5158223,148.7175463,131.9567052,154.958889,158.963896,168.0758452,156.2300995,101.0797855,162.5866465,182.5868034,180.0168671,120.501074,107.8888678,191.8237443,135.9138108,95.33114978,152.1541677,161.7082673,204.6750607,132.1029299,212.3105078,216.3459234,214.3092207,214.8147927,128.067666,179.7396764,166.1732329,172.6904218,145.8634737,170.1874381,170.5995513,170.4963359
981,315,104.1454657,30.71104408,378,104.1372523,30.69613294,1830.238566,,128.6886492,109.6924335,135.0175991,201.2284229,143.1487024,129.5266512,129.2350643,131.7799222,134.3359569,180.0234655,187.1303277,171.5253082,137.7374519,186.3515631,148.6236697,192.8177754,137.1794335,134.2838078,192.3351148,145.0332124,147.451244,160.9843346,162.4538855,179.410724,181.0802307,142.6159922,183.5356694,209.7684197,204.0589671,191.9551009,145.6772106,201.3402242,184.3037437,135.6112071,150.6957756,167.4069576,178.6130146,134.3598721,176.7742615,168.0831336,166.6659065,203.0856124,155.0015802,164.1997945,157.0021963,154.7588688,158.9954366,162.9377958,176.8389764,164.6357232
982,315,104.1454657,30.71104408,1041,104.1352785,30.71367053,1018.022413,,50.76012032,50.76012032,43.01503154,54.74056291,57.30106612,72.68704258,60.11285981,70.06080457,67.61772485,77.89331959,77.89331959,77.89331959,79.96103317,59.27829659,59.27829659,59.27829659,46.80562818,60.99239753,67.64892823,78.34289625,78.34289625,78.34289625,82.41860614,47.78201678,60.49321629,52.02101756,53.0565427,52.02101756,54.13413127,115.429313,73.70298013,111.9902425,111.9902425,111.9902425,93.02711422,79.55602069,53.26861463,68.75948756,68.75948756,68.75948756,64.63634368,45.68252648,52.23418046,69.87379765,44.69366691,69.87379765,80.01922897,64.20603866,59.98168064,51.40085115
983,316,103.9881014,30.63882185,251,103.9911505,30.64022479,331.0074648,,27.08242894,27.08242894,18.09989766,30.55453521,20.18851119,35.47564374,34.04648209,34.80896417,39.11247943,39.06973355,40.69122499,45.13738156,23.53598407,43.64933602,34.84289103,35.30746291,35.42993677,35.25523294,34.13181162,32.82718659,35.0881619,50.06835602,55.48902786,39.50144331,38.27901547,34.97587021,36.16470025,34.9784143,36.38555338,36.2196618,21.96420636,31.8616811,43.0190207,24.24474825,23.78103644,36.94967049,39.6301619,31.08591844,33.59060954,34.97070795,40.29169479,66.75780803,37.1609212,42.54764182,37.65013818,38.62647887,39.42520673,28.54196104,30.63308158,30.37443042
984,316,103.9881014,30.63882185,640,103.9863516,30.64206014,396.1457194,,56.03632966,50.21565457,45.49041754,47.73638794,46.58634838,47.15435718,47.15435718,47.15435718,57.42783584,57.42783584,98.35341999,47.98534959,47.98534959,34.40590084,67.48223612,59.20258906,63.07184919,61.07599956,62.05788133,62.43902126,70.04541207,62.8248718,66.23894983,52.75430049,104.3505797,61.47088749,47.936961,90.72039376,75.37656395,82.33975692,75.37656395,75.37656395,62.91726131,68.5856648,68.5856648,68.5856648,94.62438038,79.52789949,94.62438038,94.62438038,108.8644725,104.9172058,103.0490027,103.0490027,103.0490027,47.06681815,64.61928718,64.61928718,72.94754935,61.0403521
985,316,103.9881014,30.63882185,719,103.9845026,30.63716601,390.6763381,,32.48117361,50.5003525,50.3840518,41.61947611,48.12437356,47.97049046,50.5003525,50.5003525,38.63831915,40.85504189,42.82387311,42.57623059,39.9101821,38.04602751,39.46479398,40.76622658,39.64580175,43.24690326,39.64580175,87.90217607,87.90217607,87.90217607,87.90217607,87.90217607,87.90217607,87.90217607,87.90217607,87.90217607,87.90217607,87.90217607,87.90217607,87.90217607,37.70602727,52.77428957,43.98545167,47.98071871,45.89630242,46.9153697,45.89630242,45.89630242,43.20844292,43.85045467,44.17866858,43.85045467,43.85045467,32.44370974,34.70034533,35.95062563,35.31442264,35.47135302
986,316,103.9881014,30.63882185,759,103.9906239,30.63479511,507.5619775,,52.31848587,52.31848587,52.31848587,49.22476075,50.72449494,49.96337612,50.34105881,50.15150641,50.19876055,50.22242104,50.21058801,50.22242104,53.95400902,84.48698742,124.3008924,100.5978694,111.2003005,100.5978694,71.14851083,42.69212895,58.75315495,63.00769376,65.02573377,64.00080977,64.50920102,64.25399979,64.38134751,64.25399979,64.25399979,60.83983749,64.25399979,68.10690468,72.45135285,99.84825787,76.90332992,50.08835304,81.93825646,62.17159302,70.6992888,66.16178579,68.35531892,67.24066769,67.24066769,40.58241242,44.73006411,44.73006411,44.73006411,44.73006411,44.73006411,48.14817178
987,317,104.0623267,30.67481854,1407,104.0631321,30.67607279,158.9866846,,19.44846319,19.03873811,18.86874938,23.94152427,26.99773889,26.99773889,26.99773889,26.99773889,26.99773889,26.99773889,26.99773889,26.99773889,26.99773889,26.99773889,26.99773889,26.99773889,26.99773889,26.99773889,26.99773889,21.1590412,29.25138319,24.55568386,26.69863858,25.58236251,26.12858348,25.85258814,25.9898531,25.9210389,25.95540039,25.93820827,25.94680148,25.94250416,25.94465264,25.94357836,25.94411549,25.94411549,25.94411549,28.05647375,26.95897973,27.49677987,27.22522417,27.292609,27.32642666,27.30950736,27.31796439,27.31373522,27.3147924,27.31532102,27.3150567,27.31512278
988,317,104.0623267,30.67481854,1526,104.0621684,30.67466021,23.19129935,,3.707861332,3.707861332,4.06600703,4.179658456,4.294316896,4.418364419,4.355457589,4.386685487,4.378836607,5.072709715,5.074024382,5.074024382,4.376878773,5.560203224,5.560203224,5.560203224,3.896787755,5.560203224,5.560203224,6.035326097,5.560203224,4.766242301,5.132700453,4.94268825,5.035902628,4.988860059,5.012270969,5.000538114,5.006397665,5.072299078,5.039132919,6.237868948,5.574788606,6.231564056,6.430501732,6.647932031,6.163539789,6.061858136,6.700381884,4.588865828,7.84621934,6.707601519,6.261161671,6.472774525,6.192876033,5.239875168,5.565073703,4.953434884,5.558137325,5.555635637
989,317,104.0623267,30.67481854,1787,104.064009,30.67394402,188.0676956,,34.54304613,27.6344369,22.32012212,23.36647814,36.30261148,37.82367062,31.93602378,37.95619925,30.45174082,30.45174082,30.45174082,30.45174082,30.45174082,24.80013568,27.33689249,26.00680042,26.65526394,26.32703969,26.49013515,26.44917213,26.4287381,26.43895117,26.43384364,26.43639716,26.43512034,26.43575873,26.43543954,26.43559913,26.43551933,26.43555923,26.43553929,26.43555923,26.43555923,38.79906614,31.44572397,34.73751496,33.00975669,33.85160431,33.00975669,33.42538067,32.86619923,43.68023898,52.28136712,43.68023898,43.68023898,22.45584425,25.56087604,27.45931373,26.47610721,30.03104726
990,318,104.087302,30.62863419,1436,104.085284,30.62859701,193.46244,,21.66297928,21.66297928,21.66297928,21.66297928,25.28002846,23.33215357,24.26706564,23.79042815,23.90782352,24.02638323,24.02638323,26.08482337,25.01332558,25.53784014,28.77953653,17.15430502,21.49582667,19.08122696,20.33473822,20.33473822,20.33473822,20.33473822,20.33473822,20.33473822,20.33473822,51.78176833,29.20187774,29.20187774,29.20187774,26.8905322,27.99858428,27.43337406,27.7130976,27.7130976,27.7130976,29.019366,28.35119334,28.6813887,28.51533517,28.59812089,28.55666803,28.56701997,28.57737943,28.57737943,31.09217786,28.57737943,18.77263569,22.65987589,20.53390338,21.02709932
991,318,104.087302,30.62863419,1746,104.0872468,30.62967908,115.9255709,,23.39633106,23.39633106,23.39633106,25.60319357,23.39633106,21.75526656,19.9871674,20.32932767,25.63814673,17.49819938,21.4456349,31.8574088,30.59619173,29.38958135,29.80943252,38.82158653,22.78946377,27.69027855,26.92464873,22.31722221,22.31722221,22.31722221,22.14452648,19.63255636,21.97448294,21.97448294,21.97448294,23.80220848,15.74837944,19.11669034,27.21730796,20.03514427,27.01178351,17.32866666,23.03157038,20.46414132,23.03157038,18.41170832,22.75804954,22.49094908,27.02927819,23.44562108,22.39206198,17.38883564,22.16903348,17.59410014,16.05123289,14.56656388,20.78864534,16.72673568
992,318,104.087302,30.62863419,1854,104.0894085,30.62850815,202.3707534,,23.8238951,24.13165658,24.44747357,24.44747357,24.44747357,28.05653577,24.44747357,26.11235528,28.02056586,28.56998872,28.56998872,33.93795243,31.87339366,31.87339366,19.55797885,25.32146468,25.32146468,25.32146468,25.32146468,20.0146899,18.39734122,23.07315003,27.23494251,35.48058664,27.23494251,26.58885811,23.605823,21.22460924,18.75250225,21.4986267,21.77981203,32.66971804,33.88533545,20.85997744,22.76670976,21.39602679,25.37895797,29.43354367,28.66836054,29.37639969,31.33482633,22.62530162,22.33056589,22.4769676,22.40352757,22.40352757,20.12526829,22.53127553,22.66048872,23.2387468
993,319,104.1377093,30.62399046,145,104.13936,30.62338859,171.7090782,,19.00546292,21.46596398,20.26018387,29.25012689,29.25012689,29.25012689,21.3278671,24.66854732,36.31963854,35.30199727,33.41715285,31.23955434,31.72337808,21.24236019,32.72813668,26.81305685,17.9695547,24.38472116,26.66666251,24.52644665,25.59638433,24.52901281,19.40851525,21.67039158,21.67064197,21.67051678,35.93916679,27.03782658,30.85942682,28.8225013,29.80620425,29.30610023,29.30610202,29.30610113,22.07688157,29.30610135,33.11532227,31.09448438,32.073103,31.09448439,31.09448439,26.69928151,24.93686926,25.78799862,25.78799862,25.78799862,25.78799862,53.28902427,14.37564376,52.38582047
994,319,104.1377093,30.62399046,271,104.1367943,30.62236537,200.3207229,,37.43016967,37.46257675,37.44636621,32.48444155,28.87505916,28.87505916,28.87505916,34.58775072,28.87505916,28.87505916,28.87505916,28.87505916,28.87505916,28.87505916,28.87505916,28.87505916,23.49037793,28.87505916,28.87505916,28.87505916,29.86147422,28.87505916,28.87505916,28.87505916,28.87505916,28.87505916,28.87505916,28.87505916,42.00900596,28.87505916,28.87505916,28.87505916,28.87505916,28.87505916,28.87505916,28.87505916,23.91889229,26.16433932,24.99127927,25.56435945,25.27457125,25.27457125,25.27457125,24.93187908,25.10205561,25.01667794,25.03796786,62.52785572,53.02607371,25.04462841
995,319,104.1377093,30.62399046,1780,104.1362858,30.62448308,146.9547283,,22.62453408,17.04018936,27.45866895,22.86080037,20.41300406,20.41300406,17.72813254,21.11221903,22.17264592,21.94700061,21.50641562,20.95714868,21.08317195,17.69354588,21.33751538,19.68357263,16.25305751,18.8773246,17.93345837,18.92678899,19.29031985,18.92768172,16.91577102,17.8652616,17.86536102,17.86531131,22.08924113,19.75400275,20.85645804,20.29026618,20.56946662,20.42891249,20.428913,20.42891275,18.02511151,20.42891281,21.43296511,17.23247628,21.17281164,20.91889792,20.91889793,19.64766417,19.06827804,19.35363583,19.48570983,19.35363583,19.35363583,25.2825339,25.2825339,25.2825339
996,320,103.9872194,30.61048908,90,103.9851381,30.61499377,537.6519444,,54.98713068,85.83356984,60.48584375,60.48584375,60.32560386,67.8801882,50.33932379,120.9716875,60.16632207,53.51434594,58.52625918,62.18927633,88.49479068,62.85431995,58.51256832,52.53050312,52.59638587,54.91887214,61.41344261,74.70750724,49.50248081,55.53936872,64.73401337,131.6698639,52.7988452,68.06917531,57.86388639,114.6990815,68.55538371,65.86293492,67.06677061,73.81948893,69.05269354,79.00191836,115.2111309,69.79135818,66.74299999,81.677881,59.66473649,157.3615447,64.41088186,65.66741306,81.15501048,227.7114117,136.5809375,108.5353458,70.28768043,43.74117514,197.5047959,55.61916666
997,320,103.9872194,30.61048908,104,103.9922157,30.61292033,549.5478994,,76.82999759,80.46252925,64.50212886,81.08083762,60.09810675,95.57354772,77.02942653,48.25298629,64.33731505,73.24223173,63.00549165,74.39821138,90.27480894,59.18010564,84.63625403,71.16447618,68.25896854,60.61654348,119.1790625,84.98974672,81.41450361,47.67162501,51.68162063,65.67990071,59.63785333,111.9264888,64.23287136,52.96847223,79.97270682,75.89664083,75.22328661,106.6508053,94.65896832,68.93283756,76.3555553,83.24147704,68.21973924,79.42536742,94.42005116,94.7345142,85.37280372,97.55288155,72.89507877,79.99639718,79.61257295,54.8025606,71.8428484,77.60859513,64.5877491,53.25363224
998,320,103.9872194,30.61048908,346,103.9854006,30.60176279,982.7385679,,127.2992688,263.364182,83.93496665,74.32476564,92.25186035,79.19102058,79.19102058,79.41321761,92.37229359,84.16793445,113.1511357,93.34719906,76.0596189,91.37818797,91.37818797,83.79415008,77.37252804,68.34241167,76.95179651,88.66814146,91.77325148,150.5471849,75.80584625,64.32470626,72.90796176,70.615945,75.35375601,91.61481685,76.00126411,72.53426642,76.00126411,81.56446904,88.00643892,100.0525691,93.64369625,75.3207268,112.6706638,96.55728287,96.55728287,96.55728287,82.16114362,81.7435038,81.33008838,75.91971769,155.7156182,82.23753706,87.91895737,87.91895737,109.260619,96.92763957
999,320,103.9872194,30.61048908,359,103.99377,30.60329675,1014.781469,,103.7844684,138.4604204,119.6467234,119.6467234,119.6467234,119.6467234,118.5466724,93.55219689,117.4666652,122.2219233,127.3784271,284.296754,210.9245548,210.9245548,210.9245548,210.9245548,210.9245548,210.9245548,122.1810464,106.1980607,122.1810464,134.3093121,127.9584339,134.3093121,144.2817255,155.8538092,412.792462,226.2752114,292.3155262,255.0903928,255.0903928,246.661656,127.3784271,238.7721104,224.4677904,231.3990998,227.8807509,227.8807509,195.4569892,154.8476451,171.1106927,180.4055945,121.6386223,134.9709343,134.9709343,131.2531721,127.7347304,119.4836726,127.7347304,130.9395444
1000,321,104.0527944,30.61321397,891,104.0504396,30.61321848,225.730256,,38.75813616,40.6483829,37.10634345,40.45613615,37.20189627,37.10634345,34.72773169,34.90174324,36.57401616,47.10892299,47.10892299,47.10892299,47.10892299,47.10892299,47.10892299,47.10892299,47.10892299,47.10892299,47.10892299,47.10892299,47.10892299,47.10892299,47.10892299,47.10892299,47.10892299,47.10892299,47.10892299,47.10892299,47.10892299,47.10892299,47.10892299,47.10892299,47.10892299,47.10892299,47.10892299,47.10892299,47.10892299,47.10892299,47.10892299,47.10892299,47.10892299,47.10892299,47.10892299,47.10892299,47.10892299,47.10892299,44.83469912,42.76994324,35.38297191,67.86045274
1001,321,104.0527944,30.61321397,1143,104.0536122,30.61502957,215.9538968,,28.65588015,36.58513075,36.58513075,36.58513075,26.90083144,31.00434809,28.80718957,29.86541286,29.59363458,29.45959195,29.52646113,29.49298864,29.5097154,29.50553193,29.50344064,29.50448625,29.50396343,29.50422484,29.50409414,29.50412681,29.50414314,29.50413498,29.50413907,29.50413702,29.50413804,29.50413702,29.50413702,23.52296607,29.50413702,29.50413702,32.52862044,30.94264753,30.94264753,30.94264753,22.40443886,25.99027245,24.06450846,24.06450846,24.06450846,19.83250073,21.74450562,21.74450562,57.8017865,31.60100208,40.86213427,34.02337105,34.02337105,34.02337105,34.02337105,34.02337105
1002,322,104.1322269,30.61329977,1234,104.1304402,30.61020532,383.3429916,,37.14763849,37.14763849,37.14763849,37.14763849,37.14763849,37.14763849,37.14763849,37.14763849,37.14763849,37.14763849,37.14763849,37.14763849,37.14763849,37.14763849,37.14763849,37.14763849,41.35968341,39.14066944,40.21959256,39.94432355,39.8080972,39.87609402,39.8420666,39.85907306,39.85056801,39.85482008,39.85269394,39.85482008,39.85482008,44.73370404,42.1535603,43.40532309,42.77028479,43.08546411,42.92729594,43.00623459,42.966729,43.00623459,43.00623459,63.98924743,51.44023905,54.0922638,55.52353425,54.79855486,55.15866246,54.97801899,55.02306884,55.04562146,55.03434285,55.03716206
1003,322,104.1322269,30.61329977,1277,104.1305591,30.61434807,197.6261759,,22.7301672,22.7301672,22.7301672,22.7301672,22.7301672,22.7301672,22.7301672,22.7301672,22.7301672,22.7301672,22.7301672,22.7301672,22.7301672,22.7301672,22.7301672,22.7301672,22.7301672,35.93203198,27.84556686,29.5056188,30.41214996,29.95202666,30.18033468,30.06574725,30.06574725,30.06574725,18.89652678,30.06574725,31.29564076,30.66836836,30.97882957,30.82281721,30.90062646,30.86167279,30.86167279,26.25146929,21.42934437,22.83962225,22.83962225,35.2205066,35.2205066,36.57862382,36.57862382,36.57862382,24.70327199,25.54593297,25.54593297,25.54593297,25.54593297,25.54593297
1004,323,104.1589946,30.60397265,79,104.1645673,30.60893296,766.5512676,,136.9520875,136.9520875,136.9520875,136.9520875,136.9520875,136.9520875,136.9520875,64.77898036,136.9520875,136.9520875,136.9520875,136.9520875,136.9520875,100.4398385,100.4398385,100.4398385,100.4398385,100.4398385,88.02502594,97.68440932,93.54523944,92.39680457,62.15280548,67.06159328,136.9520875,136.9520875,136.9520875,136.9520875,136.9520875,136.9520875,136.9520875,125.435662,126.777268,119.0317857,122.7824961,122.7824961,122.7824961,136.9520875,126.8774512,136.9520875,71.30709466,70.54753076,66.46933352,68.4477515,69.37987589,85.56851359,70.0680105,70.23426533,70.15103941,70.17182738
1005,323,104.1589946,30.60397265,191,104.1771707,30.59277035,2139.601077,,180.9883817,156.199014,148.3299784,157.1951812,164.9119044,186.6835646,141.1957415,126.6869059,147.6117164,149.1510443,199.9367651,199.9367651,199.9367651,174.4240008,199.9367651,122.0865412,122.0604684,141.040309,144.9041999,157.6778685,114.451172,261.1038602,316.3270586,359.093887,322.7894763,382.2612346,148.0744541,300.8814015,243.7520214,382.2612346,290.6627878,205.9509058,139.6024264,199.4449476,169.4733526,153.0944373,162.7302228,188.5572553,160.8680617,160.8680617,220.703836,201.9268784,177.070434,197.7214604,197.7214604,197.7214604,184.0517055,183.7224538,142.3764118,183.8457851
1006,323,104.1589946,30.60397265,258,104.1559375,30.60084119,454.2436686,,45.90251809,43.10450628,51.64033285,61.01780623,51.78341861,63.34191892,59.6091327,61.70857385,43.87650139,42.09997905,46.32513334,46.32513334,46.32513334,46.32513334,46.32513334,46.32513334,46.32513334,46.32513334,46.32513334,43.77373237,46.32513334,46.32513334,46.32513334,46.32513334,45.24228381,46.32513334,39.27178691,42.50785565,40.82579471,41.64984927,42.78963472,42.82511999,48.06811308,45.92185361,46.97047844,45.92185361,45.73111,46.33333685,42.39902012,44.03798583,46.85608043,42.25522499,41.12046097,41.3714844,41.37149705,41.97685377,42.33363485,42.51430943,41.37149271,41.3714928
1007,323,104.1589946,30.60397265,310,104.1526212,30.6089618,824.0333661,,83.27074015,85.69629613,69.92386843,106.4540712,87.13084781,101.4628514,98.33089266,84.34602871,69.92386843,96.00388731,95.43764456,95.43764456,95.43764456,94.51278751,85.98609038,94.51278751,92.32834192,82.80586512,89.017858,67.9418398,89.82649865,80.06801938,102.2937972,89.89454903,124.0872908,120.7971893,108.1356058,83.87898542,89.4607997,94.71647886,77.0524706,100.560004,72.35414922,104.0884252,107.8734588,98.94990612,94.67617399,91.39002212,87.40846345,98.88400393,98.88400393,98.51179531,98.88400393,76.14927956,90.3967532,76.14927956,92.99436106,92.41495695,98.02627403,79.49584951
1008,324,104.0479925,30.76138863,49,104.0507089,30.76141245,260.003546,,27.46516331,23.47901927,22.44971406,34.03682784,17.09612357,15.5374157,21.05765502,22.11924613,17.77922627,19.27141786,17.79107594,19.2399703,22.24028604,17.72436742,19.63342617,16.93091302,18.82189354,34.75294922,19.66585518,21.7945087,32.00043643,29.83307619,32.44411666,21.77062739,25.71463642,33.51880987,48.74074854,30.18787392,87.20615831,47.273372,70.49995278,59.13438049,71.17439236,50.68716583,39.94932845,51.67059153,26.89885094,35.32956888,32.00813069,28.99908431,56.91619911,41.30084939,24.65934232,26.81529796,24.67919959,31.2572013,43.29436443,23.96951915,32.647595,32.51718219
1009,324,104.0479925,30.76138863,137,104.0475071,30.78634412,2766.271694,,257.3467472,232.4566167,238.1214234,214.6950181,214.5262805,174.3205354,208.4692833,224.3372244,235.6011226,234.7017687,183.9806169,231.1876659,195.2368862,209.7118011,196.7214853,189.8689251,246.4346468,191.6856048,246.0300318,251.2439775,234.325228,235.3831142,235.4770821,241.7030956,246.3997496,279.7431708,285.0369898,282.4911644,308.1579091,297.095685,331.6944374,345.608435,324.9742181,294.1076843,295.2037606,309.7614992,269.0896801,311.3650109,296.3812695,299.7164754,351.3668276,344.375319,412.9361944,431.4681614,302.1360569,368.4702097,353.7129444,393.6857794,347.8834548,401.487951
1010,324,104.0479925,30.76138863,220,104.0481228,30.7539247,827.3383628,,83.66342995,78.02012066,83.66342995,39.08685179,54.70842993,66.04031277,71.57508215,80.72505314,84.93587754,78.07124787,62.03569073,63.96787839,69.67245097,87.34363947,72.64434405,42.79336359,65.14297195,41.25232834,66.69966832,70.36213652,109.9047272,57.43681798,45.6812593,159.7007027,109.9047272,109.9047272,109.9047272,109.9047272,136.6246838,119.549752,162.0829055,229.9589935,115.5723184,133.7178164,167.5622001,154.8235533,48.11660915,101.2897477,52.52941986,89.70914298,166.6697103,94.99548867,83.11864483,56.09073646,319.4014055,271.7132878,115.2192691,48.17497948,103.068366,144.1037287
1011,325,103.9832126,30.69147087,338,103.9906099,30.68806191,802.9820999,,105.8102328,105.8102328,105.8102328,105.8102328,105.8102328,105.8102328,105.8102328,105.8102328,105.8102328,105.8102328,105.8102328,105.8102328,105.8102328,105.8102328,105.8102328,105.8102328,105.3091279,105.8102328,113.2067969,121.7151815,166.1342276,140.4974756,152.2441374,146.135131,149.1270964,147.6159545,148.3676778,147.9908615,148.3676778,148.3676778,163.0880429,148.3676778,124.3765951,101.4293179,107.06428,104.1706508,107.06428,107.06428,151.0837401,125.3209057,137.0016853,133.882002,132.3748396,133.1241551,132.7484399,132.9360321,132.8890844,132.8656229,132.8773526,132.87442
1012,325,103.9832126,30.69147087,397,103.9833818,30.68521098,693.9903655,,51.19601057,64.18408005,62.75328894,86.00224839,61.38489719,71.63771515,66.11618434,68.76629116,68.08404523,67.74797374,67.91559372,67.91559372,67.91559372,69.70270012,70.63199248,70.16426941,70.39735406,70.28061849,70.33893783,70.32434892,70.31705674,70.32070265,70.31887965,70.31979114,70.31933538,70.31956327,70.31944933,70.31950629,70.31947781,70.31949206,70.31948493,70.3194885,70.3194885,70.3194885,187.1434693,84.40423364,84.40423364,84.40423364,84.40423364,84.40423364,84.40423364,84.40423364,84.40423364,84.40423364,84.40423364,84.40423364,84.40423364,84.40423364,84.40423364,82.04812203
1013,326,104.0473091,30.70833999,1501,104.0472504,30.70550355,314.4173764,,42.11730437,45.70266036,25.69585823,30.11981253,30.11981253,32.69977048,35.7631139,52.9545055,25.99087382,52.16140807,56.59512775,52.16140807,50.49915798,59.46948626,43.22595681,59.46948626,59.46948626,111.7928449,64.80358138,71.18883994,45.88794141,55.80456312,45.88794141,45.88794141,36.63115065,45.88794141,81.52959582,48.09784229,48.09784229,48.09784229,47.45922663,62.65143292,63.57514935,64.52651144,81.62758808,56.12739941,53.44204698,56.12739941,94.32521292,56.12739941,56.12739941,50.90322201,50.90322201,50.90322201,50.90322201,50.15816344,60.88615178,60.88615178,54.71038746,45.53630968
1014,326,104.0473091,30.70833999,1507,104.0458737,30.71002528,231.9120538,,36.69817115,26.37862223,26.37862223,26.37862223,25.33788752,26.37862223,26.37862223,39.75635208,35.2829749,35.2829749,37.53037933,47.25755058,40.08356485,26.29553996,31.31595625,31.31595625,59.80540069,41.10701101,48.72386307,45.8223597,45.8223597,41.60548473,28.54302201,36.22427947,33.30651836,39.70233529,39.70233529,62.39786201,55.14421359,49.40138424,130.962101,49.40138424,49.40138424,33.66465297,39.17013242,39.17013242,39.17013242,30.28597558,34.15986608,34.15986608,34.15986608,39.85916342,46.99156061,34.69044572,32.17277047,36.77900413,32.79196362,32.79196362,32.79196362,34.91774963
1015,327,104.0729201,30.69786137,1006,104.0729201,30.69705475,89.3986355,,16.83531409,17.11130285,12.38541804,33.52448831,15.52571278,14.26002077,20.99331965,22.11925002,13.22791154,11.29245922,36.62419207,17.42789284,23.54890886,12.59628524,11.61859523,16.71870586,13.28296149,14.30775606,13.77632694,14.30378168,13.97092125,13.938108,16.22697922,13.94629685,28.03441531,16.51801268,16.51871643,13.94885784,13.94911399,13.94898591,13.94904995,13.94901793,13.94903394,13.94902594,21.96826538,26.05952128,13.94902894,13.94902844,13.94902869,13.94902857,13.94902863,13.94902857,14.06270671,11.49981454,13.07444432,28.23114805,20.76355405,20.76355405,20.76355405,20.76355405
1016,327,104.0729201,30.69786137,1603,104.0672498,30.69780446,543.1076246,,91.16863954,150.0978348,118.9493494,122.3904506,119.568704,118.1295099,120.301601,100.210962,129.1618463,113.8988377,120.5355735,130.2041111,138.8212314,110.3586518,111.1273374,123.787276,197.7155847,163.3861377,171.6848483,146.3950668,151.8207674,178.7191452,111.4860983,135.4007928,139.763208,164.8953269,151.3099304,138.3659291,143.7889561,139.3245213,183.9310864,164.9615766,152.0850452,135.2710848,125.6828153,129.8169461,138.9297007,119.1325616,134.4776057,143.0992355,108.2207075,126.8105067,141.3789308,164.0325053,135.1991321,190.6654428,136.0239582,122.690765,109.3361402,142.9615606
1017,328,104.1612313,30.70292569,85,104.1583536,30.69959817,460.3875534,,43.96273719,24.23092386,43.96273719,50.53034123,46.42563564,40.74226136,51.95596214,42.67970452,51.73970424,89.91293992,68.43085022,49.77162739,60.7104466,53.81153222,50.31557961,87.07855653,52.35454127,62.66144394,105.5665728,37.59970944,69.49246089,105.5665728,111.2345767,45.03791283,62.978918,102.4137091,62.978918,54.85792941,60.41537761,44.91585887,40.68891634,108.3264832,48.36756397,67.64878336,34.49313615,50.76248675,47.45583943,58.15421727,64.24012373,70.6025641,87.0023723,41.97265444,59.88781182,61.15849418,72.37533591,50.68486826,51.95596214,63.82779944,160.9121546,61.23381251
1018,328,104.1612313,30.70292569,224,104.1636044,30.70562279,375.5020468,,28.67542588,66.92115686,66.92115686,56.84639901,66.92115686,26.8482099,80.94654901,49.69880031,46.13677026,56.32530702,122.891579,41.81925347,41.02602029,38.40361842,63.07032824,54.28945255,51.0597684,73.30842562,82.62881225,38.58999054,37.50955085,52.90831188,38.58999054,49.06741809,38.58999054,43.30633889,36.88423925,49.33603535,66.59149598,35.38762745,43.96121524,55.93685662,40.84010177,34.05056344,39.44003993,44.46734765,41.59407288,48.84579471,49.63796947,59.90283759,28.57943697,45.82397859,40.04168745,64.83488578,45.74644225,75.59034681,39.02307868,60.23649617,106.0241073,48.95450879
1019,328,104.1612313,30.70292569,341,104.1638951,30.70182076,282.9827895,,26.27871132,27.87753468,26.64528445,27.920193,26.92551403,27.67557844,32.23854564,33.53870098,35.18956968,34.63622753,33.89203357,32.88019502,32.56488148,38.47924616,39.2325305,36.77754665,47.26408855,30.93490689,28.36130407,26.02805422,27.37807155,27.29097659,27.36106739,32.79804553,30.44189578,28.94328456,27.19569648,30.48315595,31.75196394,30.81193458,36.08585458,34.27209562,43.7539603,34.28170641,43.48935079,34.32441943,27.90426046,25.99374124,33.56848782,26.82948866,28.53807808,32.71083419,26.86191278,30.10059876,29.98493134,25.22409266,33.25586645,35.06340601,28.00654412,34.01124602
1020,329,103.9742914,30.6685123,514,103.9779032,30.66846905,346.0714532,,35.46083202,47.23629314,41.11740038,43.96496626,42.49353167,43.96496626,48.0677977,83.89610987,55.12642617,55.12642617,55.12642617,55.12642617,55.12642617,55.12642617,55.12642617,56.6942995,58.35396869,59.96906048,58.35396869,56.42469346,56.42469346,54.80310403,54.80310403,54.80310403,45.13975477,59.84902632,78.15917387,65.91837204,63.14532344,64.50205703,63.81648004,64.15743709,63.98650436,64.07185672,63.98650436,63.98650436,50.03442697,56.15684843,52.91914465,54.48994413,54.48994413,71.1918418,115.3571511,64.88839748,106.2564803,106.2564803,106.2564803,78.41744966,62.13751778,55.40837143
1021,329,103.9742914,30.6685123,1021,103.9748388,30.66471229,424.4185627,,40.23454446,36.48297101,30.48700018,30.71169499,37.19797506,65.29516349,47.45052254,65.50511579,40.474353,55.0927942,44.4589765,54.89485602,68.21012615,63.53042934,37.31033872,38.34582496,36.32930632,81.51941907,35.5297659,34.76466043,47.19403323,128.3955316,38.14998316,26.01430464,25.33842165,42.57702141,29.6105974,29.6105974,29.6105974,33.63581344,55.56024821,38.92756244,82.81337809,55.68680914,55.68680914,55.68680914,51.44467427,53.48175281,57.83144685,31.24553836,55.38569933,49.50022113,47.87532579,79.21746342,32.09888289,45.51857474,45.51857474,38.94109148,41.97371509,41.97371509
1022,329,103.9742914,30.6685123,1035,103.9738584,30.67146973,330.3942817,,35.08611841,34.20329013,34.39048285,36.88122214,36.88122214,36.88122214,36.88122214,36.88122214,36.88122214,36.88122214,36.88122214,27.21783556,31.3211169,30.18352201,29.64516026,29.91191894,29.77794218,29.8447802,29.81132373,29.81968081,29.82804258,29.82804258,54.39418052,29.82804258,27.95345274,29.82804258,38.1836088,33.49256447,35.68457748,34.55384187,35.11010808,34.82975409,34.96936918,34.899422,34.93436058,34.93436058,38.74953764,43.50018756,80.77551199,63.71889717,63.71889717,42.70805796,44.93219589,71.11625794,48.84679319,37.98545035,31.07562153,31.07562153,39.84654654,33.75835613
1023,330,104.0009914,30.66823038,442,103.9970406,30.66825083,378.5234856,,41.64683827,51.66576486,88.48600962,43.22062454,46.48156503,43.24021686,38.36386678,43.25982693,50.15032195,46.8276477,37.95778686,60.5637577,41.51151141,52.57946809,49.58063273,31.07210776,70.24147155,46.34981456,61.75973997,81.8078202,56.07755342,73.03356222,51.74751449,45.37240449,41.91033321,51.83280898,44.73685319,64.07607592,46.58750592,39.27044807,95.29262575,37.81733251,45.9848554,35.91998633,34.20392942,31.25423276,42.02357776,54.48316719,54.47832683,37.95778686,69.23037502,55.66521847,34.45472941,46.31043494,43.95756607,48.92942722,51.61683895,90.84563654,41.95744418,51.61683895
1024,330,104.0009914,30.66823038,1078,104.001536,30.66675667,171.4634801,,30.70987703,31.37324159,30.70987703,25.82713508,30.70987703,30.70987703,56.28588403,39.73831728,42.89069102,44.66217873,42.89069102,42.89069102,19.62698023,22.70586969,24.63838457,23.63268609,24.12505876,24.12505876,24.12505876,29.7398562,33.65640398,33.3658664,33.3658664,33.3658664,30.96664859,25.40199705,30.96664859,30.96664859,38.29209233,30.96664859,20.8536665,24.92335915,24.92335915,24.92335915,76.77469258,37.6306764,50.5060844,37.6306764,43.12793211,23.47028625,56.8911086,29.96449167,35.01239526,32.2923635,33.59741616,32.9319655,29.52702114,26.76019631,26.07258832,24.62916821
1025,330,104.0009914,30.66823038,1435,104.0058299,30.66758867,468.9801651,,66.20896448,66.20896448,66.20896448,62.88002214,53.28759373,59.86980831,59.86980831,120.5948996,73.40559106,73.40559106,73.40559106,187.592066,108.9244254,108.9244254,90.93331745,132.1587941,78.52691137,78.52691137,77.18073574,51.68352839,75.4138959,78.38108609,73.72613949,75.98238498,141.1645982,64.11998752,107.6511325,47.1600166,136.7067688,125.9946712,72.77278424,102.6963865,117.0418436,73.4588221,88.16337307,30.80891596,108.2261919,83.03255383,83.03255383,83.03255383,57.52397255,107.5368531,74.87044764,89.01556735,71.84376997,71.84376997,49.65672336,81.95769876,107.1954663,73.72613949
1026,330,104.0009914,30.66823038,1721,104.001228,30.67021384,220.9956852,,50.45990274,42.78613805,37.13827905,37.13827905,23.99953142,34.70379353,34.74167977,34.66598984,31.63357721,52.68771303,27.98538325,31.65455438,31.65455438,33.21855811,40.50837407,42.87814373,34.44088601,36.13946313,36.13946313,36.13946313,38.14446073,50.51329947,40.38499831,40.38499831,40.38499831,39.91226422,39.0630671,38.24925321,28.54968182,35.20285251,35.20285251,35.20285251,41.30760471,38.01168021,38.01168021,38.01168021,37.81294994,48.51124797,39.38536964,41.67545661,44.24830182,35.65359327,34.1347917,35.65359327,20.39960171,27.01475269,34.14525608,34.14525608,34.14525608,27.94793208
1027,331,104.0677955,30.65381329,917,104.0664825,30.65485151,170.4962728,,31.54434692,38.31376917,52.08938463,23.7390599,42.65368882,30.97836834,28.52925681,33.88745795,41.1300287,34.28975319,58.21823951,29.90838787,27.14268494,29.32568476,27.71939403,24.16482607,30.59372372,33.985968,35.02903766,37.60947194,28.51505608,32.71347539,23.16175781,44.05166858,58.37034063,44.23074038,32.31518695,44.15730806,27.84314133,38.15724754,48.42497689,42.23440554,47.28710186,32.05151865,40.38069619,16.86226874,30.20603258,35.49609149,43.40782051,49.6859079,41.87287656,41.13851086,49.90134814,30.55564814,37.65561853,22.10515902,19.60979495,37.33495025,29.13543902,26.16311092
1028,331,104.0677955,30.65381329,1396,104.0701792,30.65189819,311.7984745,,40.71362017,32.29784995,29.20426483,27.60183217,30.00377361,25.58054941,29.92125498,27.4443645,49.50273465,66.0036462,46.55424228,48.25771746,19.39983595,25.64190767,29.68948255,28.13219319,40.89160321,23.93335838,25.51078428,30.25537758,25.95316782,26.20155248,27.64715537,31.8206806,28.31467228,23.01724897,24.42285701,26.6530582,26.4111649,25.05523456,25.7153381,21.66939205,33.50670174,37.41581694,22.97798379,32.48840834,34.30021415,26.3337128,37.2915119,27.1410071,27.31674958,27.49478281,27.1410071,26.85116295,24.1522218,26.56744398,29.32274055,26.07979805,23.4827303,45.72197589
1029,331,104.0677955,30.65381329,1691,104.0665173,30.65097336,337.7397836,,66.80567148,73.91265781,59.39317898,73.24477235,73.24477235,73.24477235,79.03769585,74.44060538,46.67421194,53.8469097,46.14281673,86.40652333,78.64574521,78.31647156,70.33192891,63.824841,57.21709275,72.98098565,60.99648267,60.99648267,77.19766482,63.93671625,46.45131694,67.17476359,73.06870318,67.17476359,69.99788261,57.87704823,90.06394229,82.82447009,61.40723338,65.54518711,53.36634475,70.28111104,62.79786203,54.52301439,63.07980394,65.36899037,64.20399847,64.20399847,63.76208304,63.32620943,55.17455245,51.21580543,59.79655186,57.46045468,57.46045468,57.46045468,54.6947018,52.18297086
1030,332,104.1831593,30.65487167,27,104.1747682,30.65471347,804.1917262,,128.989168,214.1338916,161.2863629,122.9959427,122.9959427,122.9959427,122.9959427,122.9959427,122.9959427,122.9959427,122.9959427,140.7335521,131.2682598,129.8246733,129.8246733,148.7522268,159.1958484,123.721804,129.8246733,129.8246733,117.2101301,132.498408,119.2622127,108.2565785,111.698682,108.2656151,109.955358,109.1039445,118.8157741,118.6906663,118.7531873,118.7531873,118.7531873,138.0257552,121.63209,135.6744113,130.7040992,135.0990399,133.1875698,156.0137027,133.823254,134.411847,140.3053514,137.5508299,138.9144373,138.2292708,125.9572818,125.9574034,114.9315633,117.5030068
1031,332,104.1831593,30.65487167,103,104.1831282,30.66441799,1058.0009,,179.2377995,195.3232431,186.9351283,191.0371531,188.9638817,189.9948615,189.4779692,189.7360633,189.6714739,189.6391956,189.6553334,189.6472642,189.6512987,189.6492814,189.6492814,167.1749776,196.228915,104.829447,194.4920804,185.0698321,184.3197586,184.6940338,184.5067064,184.6003226,184.5535026,184.5769096,184.5652054,184.5710573,184.5710573,184.5710573,184.76523,184.6680925,184.7166485,184.6923674,184.7045071,184.6984371,184.701472,184.6999545,184.7007133,161.3899678,123.6624429,184.7004761,184.7004525,184.7004643,184.7004584,184.7004613,184.7004606,184.7004602,184.7004604,184.7004604
1032,332,104.1831593,30.65487167,571,104.1827765,30.65238351,278.1866081,,44.62003022,51.35752765,49.15198965,43.3518022,42.54684922,42.54684922,42.54684922,42.54684922,42.54684922,42.54684922,42.54684922,48.68265642,45.40841537,44.90904884,44.90904884,68.4377077,68.4377077,68.4377077,68.4377077,68.4377077,68.4377077,68.4377077,68.4377077,68.4377077,68.4377077,68.4377077,68.4377077,68.4377077,68.4377077,68.4377077,68.4377077,68.4377077,68.4377077,68.4377077,68.4377077,68.4377077,68.4377077,68.4377077,68.4377077,68.4377077,68.4377077,68.4377077,68.4377077,68.4377077,55.17750904,61.0963979,59.50073757,58.73376,59.11476114,59.01904819
1033,333,103.9855772,30.62085604,104,103.9922157,30.61292033,1085.589741,,138.5859244,145.780158,128.1351825,133.3342828,135.4635379,172.9257995,139.1203702,196.3880938,128.1351825,138.0872519,429.4640734,156.317479,171.6096195,149.0909076,122.704021,131.6922086,153.2396968,152.8600939,334.9819771,152.8458598,146.554615,153.5105624,173.6750613,355.2839152,135.6987176,161.1832547,148.433223,139.631926,149.79032,150.285331,156.9527336,146.4566435,143.8193783,155.1648232,263.1732705,164.4371557,145.780158,136.2269123,385.0367554,157.14996,279.6510245,164.7132901,145.5556258,153.6834878,142.0202232,148.3207546,248.1347979,256.2703651,162.4522899,199.9871239
1034,333,103.9855772,30.62085604,132,103.9896589,30.62215352,416.8350472,,46.82078533,51.06997743,46.82078533,51.06997743,51.06997743,53.08748242,51.06997743,51.06997743,50.02020566,68.39071035,77.75161502,56.53775208,50.71043097,49.80025454,50.78909615,56.0843231,58.75050324,103.1344447,79.60775437,70.67219012,66.39850309,67.60756164,71.11877583,81.11384702,60.75328623,59.85963281,60.74560081,61.60281903,92.91679071,86.89524291,84.24640439,79.48874197,77.75161502,76.17884974,76.20921634,66.10599867,71.23392658,65.93880404,63.22778807,63.06826849,61.7247271,62.0552172,62.15367254,62.15367254,53.13502361,58.30705206,72.26946713,55.38367472,50.15971096,71.92180907
1035,333,103.9855772,30.62085604,307,103.9828708,30.62025518,267.8195201,,29.50727689,22.90143165,41.46882892,45.37177752,30.2898219,37.71122316,33.3231661,31.01200367,32.13834241,31.43754709,33.38470472,32.06708223,32.40841252,31.32052861,39.79393813,25.33903475,29.0115428,37.71122316,29.05817578,36.72342749,36.15563521,35.82721904,28.91005314,40.29886196,35.50471542,35.49890546,32.46297213,69.86596177,29.32033266,29.07456569,33.23510074,45.15926334,36.33732183,29.09983467,30.30965962,42.99443801,29.32441995,34.18972597,47.18516831,52.11623094,37.75374759,32.50992064,34.3760563,31.95919049,29.85471444,31.62833873,31.95990622,30.89441627,42.13329669,40.7387439
1036,333,103.9855772,30.62085604,930,103.9856642,30.62376699,322.7339702,,44.17651303,46.61353231,49.93591515,55.76843006,55.76843006,55.76843006,55.76843006,55.76843006,55.76843006,55.76843006,55.76843006,55.76843006,30.02176467,37.35827308,37.52417578,37.69155856,49.97171151,45.20787131,45.20787131,41.34670081,44.44205492,44.44205492,44.44205492,48.41009553,48.2893721,48.2893721,48.2893721,48.2893721,48.2893721,48.2893721,48.2893721,48.2893721,48.2893721,48.2893721,48.2893721,46.34855062,44.55771017,42.17213404,43.33211348,42.74425542,43.03617707,42.88971952,42.88971952,37.72215236,51.73623707,110.6516469,61.06924009,52.57204944,64.02804829,67.28816366
1037,334,104.0364277,30.60445821,175,104.038784,30.60794039,447.1794015,,61.86955593,68.09838602,56.68471287,76.47723731,77.86436979,88.45306843,74.73750443,182.9370279,84.0650572,57.56302188,100.8404557,54.57104561,88.45306843,88.45306843,55.60780122,61.44449792,67.29108904,73.21409904,60.28679585,74.09574549,72.10955634,74.24926337,75.83028488,64.23913293,80.39180252,164.2699842,70.55642162,71.36331719,61.40557295,74.30037689,62.43749548,89.18813548,74.30060254,74.30056495,69.81623025,84.65446838,74.30057905,74.30057668,74.30057788,72.52919137,81.16869814,85.63009816,63.04879288,72.51557862,74.30057747,74.30057747,66.81013366,69.21091339,74.30057747,71.02261082
1038,334,104.0364277,30.60445821,698,104.0343852,30.60567934,238.0226222,,13.2746931,13.2746931,13.2746931,16.85115909,14.88933866,13.33667611,17.74081656,15.22668041,15.22668041,11.91768345,13.73207436,13.73207436,13.73207436,13.73207436,13.73207436,14.43168741,23.34826812,15.2064142,15.52321449,15.85349565,14.29923137,15.85349565,15.03630515,16.13712693,13.68273756,16.07657486,15.65080256,15.86083184,15.75511726,15.80779781,15.75511726,15.75511726,12.86608769,14.16479289,14.16479289,14.83215561,15.56551208,15.95187291,12.7512119,14.74838967,14.74838967,11.74614722,16.50229061,11.84355826,13.79008553,12.74291573,12.98950997,13.11642103,13.05265702,13.06853983
1039,334,104.0364277,30.60445821,1197,104.0385742,30.60321236,247.8195303,,36.99310196,18.50614297,41.35111514,34.98628663,34.98628663,34.98628663,34.98628663,49.79443585,34.98628663,32.79964372,43.6793297,37.46562978,40.33457176,29.6564794,38.84720355,27.40019377,21.17542205,29.57920137,34.38260713,29.03090434,20.09913397,39.22833062,37.83504279,48.59647622,47.12061492,50.26198924,48.64063474,49.43802222,49.03608707,49.23623435,49.13595691,49.18604452,49.16098796,49.17351303,21.52477223,49.17038119,49.1688154,42.84616515,49.1688154,47.39853425,45.7512979,20.91794394,34.31347343,33.35141342,34.31347343,44.94459995,37.8832403,37.8832403,37.8832403,18.80190325
1040,335,104.110436,30.61840969,690,104.1131027,30.61119346,839.622912,,77.50365342,69.12282712,111.3996001,138.1253229,65.69663567,71.20476992,99.67493762,90.27995929,66.10152547,87.86751405,85.9193429,73.79710213,123.517206,57.05790435,94.65477506,79.296607,113.1167997,108.5779284,87.35960934,91.22663431,85.87052509,83.38324092,99.59283305,91.68784073,67.56018067,68.2312073,101.248009,71.28873781,101.5066505,126.6359773,90.27946544,62.3011161,109.8476977,139.4452815,98.38619295,80.14076402,130.8503239,162.216949,78.61228825,71.96767817,117.0810516,105.3919973,98.2440677,212.4718126,86.56897936,85.66852261,64.38003159,88.29530137,90.71556072,84.29169911
1041,335,104.110436,30.61840969,794,104.1083697,30.61960094,238.0243358,,64.91572795,64.91572795,64.91572795,64.91572795,64.91572795,64.91572795,31.0466525,42.00429455,38.59854094,37.09470168,37.83168251,37.4595676,37.6447055,37.59824967,37.57506473,37.58665362,37.58085827,37.58375573,37.58375573,52.89429684,37.58375573,26.52902814,31.10332926,28.63464673,29.81797863,29.81797863,29.81797863,85.3473714,44.19534339,61.86914144,61.86914144,61.86914144,61.86914144,61.86914144,45.94571629,52.73154516,49.1053071,49.1053071,49.1053071,42.31543748,42.31543748,21.23637197,32.95721573,32.95721573,32.95721573,32.95721573,32.95721573,32.95721573,32.95721573,32.95721573
1042,336,104.1463549,30.60674406,15,104.149224,30.61054808,503.3719165,,56.23394568,52.34874047,54.22183467,54.10523479,44.7599587,44.7599587,44.7599587,48.28078773,42.46371176,41.99539753,41.99539753,52.26000199,75.98066664,60.70817083,51.60338583,41.15379787,38.51517321,81.17083536,86.29232854,47.15603084,52.98651753,52.98651753,62.15077067,58.12129345,60.06853225,60.06853225,63.84383666,45.19049624,97.42682255,74.55060781,74.92434335,69.11614396,74.71004764,116.9121871,74.13506109,55.35965216,57.38345916,55.8325122,116.9121871,61.20706184,77.58541131,45.44548964,54.14083604,49.75840465,49.91688455,49.91688455,58.89942251,49.37708173,69.82983988,99.02398357
1043,336,104.1463549,30.60674406,31,104.1427297,30.60890084,421.783258,,50.74084307,49.60804995,49.60804995,54.48874624,45.06532306,51.93397961,30.71651508,40.45523256,39.80130351,57.29885769,48.84996447,48.84996447,35.36691915,49.62155976,50.41792126,51.69088438,51.9117856,42.38436089,72.30570137,39.80130351,32.51434109,44.12407494,77.16500367,46.01271905,35.49783118,62.35809975,55.34944334,77.16423824,45.79070352,48.48083425,43.38342082,44.1401084,50.11286234,52.81459926,52.99894341,45.64224628,51.76430894,46.77818018,48.14852838,47.2830677,47.2830677,51.47185521,50.61399096,40.22303917,46.26977335,46.26977335,53.71280673,47.30279529,84.59162835,56.46497144
1044,336,104.1463549,30.60674406,93,104.1494061,30.60476611,365.5265608,,49.65643845,41.46729892,39.6391413,54.26373686,41.66973855,45.00711822,43.61783696,35.05938594,32.56159898,37.27749629,27.79082616,56.96517831,42.33444351,36.80826906,37.27749629,84.89649154,37.27749629,37.27749629,44.49351205,34.72020103,37.27749629,36.25056801,87.87282931,39.87562481,40.86632357,34.00247077,28.85736006,40.86632357,40.86632357,42.01454722,40.86632357,51.20216416,40.86632357,40.86632357,45.93003905,40.86632357,41.99666869,94.16068829,121.8421869,40.97653663,40.97653663,38.141902,39.19272134,33.29133118,38.92462544,38.92462544,46.54868856,40.99363299,51.60058796,35.26294646
1045,336,104.1463549,30.60674406,297,104.1441733,30.60359371,406.9886269,,55.28902101,53.13360134,47.86797899,52.57747811,46.39638126,42.50945039,38.40521774,39.03620933,36.25509575,55.28902101,47.13648441,47.13648441,47.26319538,47.88101493,48.64944294,49.87775513,50.09090793,48.45503288,49.54045839,38.40521774,44.36514934,40.50197807,50.5227261,45.50183406,51.9253062,60.17080316,53.40798507,45.50183406,45.50183406,46.78030194,45.50183406,49.66640871,45.50183406,51.40908971,53.27851116,63.60750213,63.54284722,45.13737082,52.09454424,48.83863523,52.09454424,63.56404762,63.56455257,63.56430008,63.56442633,63.5643632,64.39080271,51.82772742,63.56438292,55.93572284
1046,337,104.0257262,30.75797789,123,104.0354305,30.74630622,1592.572846,,157.9411087,157.9411087,123.8285582,128.3685921,162.6457375,205.2633608,175.4728566,297.06022,297.06022,297.06022,297.06022,297.06022,297.06022,297.06022,349.0570621,283.1240615,233.375668,289.4368825,292.7000508,291.8773801,244.3151525,292.6027966,322.1522988,514.1939234,322.1835321,322.199151,317.1834454,319.6716251,318.4226747,319.0459276,318.7339965,319.0456883,320.2389199,321.4412923,329.7610388,325.5480347,327.6410097,327.7320326,327.6865149,327.7092721,327.8410319,410.4961034,365.5733729,373.3033266,564.8534232,344.685105,339.4138344,337.2506295,338.3287743,337.2507316
1047,337,104.0257262,30.75797789,259,104.0067642,30.74617568,2237.323983,,226.5075654,194.2981414,173.9603961,171.153279,205.2744653,268.9988289,631.715007,220.092734,214.8821269,388.4742608,295.0925029,301.306783,303.8169415,303.7495693,325.4268705,322.6724518,291.6073526,309.6274293,332.8888637,424.563127,322.1864,388.3688497,321.2093038,382.6763885,324.7667505,307.3707306,327.5780113,442.6844791,365.0037171,410.7918878,379.6035829,403.5240546,389.094036,340.5881735,400.8644815,283.252725,383.8487584,422.7226859,404.4230854,375.4723684,395.9458641,420.5009776,443.0559508,373.86248,557.8178223,422.5800614,320.8910892,420.870126,467.6823133,318.1677287
1048,337,104.0257262,30.75797789,285,104.0154355,30.77055541,1706.847673,,169.2741494,157.6529209,132.7138579,130.5723168,155.4386614,212.4492385,174.0342357,161.2416783,249.7825863,234.3133815,228.9903912,245.9191363,248.5827018,244.1008056,275.0207043,285.489452,240.2604372,266.976376,292.5330472,300.7625863,247.5157284,289.9275316,262.1111287,271.7627635,207.8236174,234.4236648,212.6624366,575.6113932,256.9192316,291.3307762,273.0450637,281.8916925,277.397863,279.626724,384.0407264,279.626724,279.626724,233.6369438,315.7217132,337.5047343,326.2500265,331.7819623,367.9432109,319.2026817,341.8443184,341.8443184,365.0288093,355.4389948,362.6946358,360.3901245
1049,338,103.9906099,30.68806191,110,103.9945152,30.68621014,426.6868549,,54.08706611,54.08706611,44.31085395,50.5287065,42.78753977,36.57678764,39.5555196,51.29503864,37.53766853,33.54175622,34.86012507,34.77703551,35.27231733,42.51859093,39.83440316,36.81637088,35.67034193,39.2622115,37.32635144,43.14810892,37.0920055,61.68966577,32.28739207,49.7597358,35.43420248,34.14443296,36.24950272,38.5947909,39.01330477,46.6241865,47.44626031,48.08814286,44.9274056,42.67609453,44.0450947,39.69180046,45.710265,50.11656371,43.68496773,42.4036626,49.64469849,56.48191247,57.01035222,38.90902386,44.27785763,30.73682196,36.71960025,44.61641772,67.22418721,43.39188355
1050,338,103.9906099,30.68806191,325,103.9832126,30.69147087,802.9820999,,75.32861393,86.45190459,85.31962545,117.0338283,80.52188188,92.02500787,84.88120564,89.17722733,88.67924545,88.4323343,78.5817913,57.64178584,80.64956416,44.4557564,80.14432321,86.36704678,72.76213203,91.40549288,101.9918511,133.0093049,96.20285191,91.62394801,81.36251518,98.1018855,94.65585639,93.84935621,110.1232594,81.36324023,80.67681488,123.0100238,84.51976415,84.51976637,84.51976637,84.51976637,125.0723877,71.02544373,72.69242815,94.31437389,75.97202522,80.53590276,78.1874211,78.7616066,79.05187348,78.90647309,78.97910637,78.94277304,78.95185323,78.9563941,97.65998512,81.6591966
1051,338,103.9906099,30.68806191,484,103.9889788,30.6857075,304.1389632,,40.07687656,40.07687656,40.07687656,40.07687656,37.15724889,37.15724889,37.15724889,37.15724889,64.46910311,47.14317621,47.14317621,47.14317621,21.85429676,25.23902072,27.35754553,27.35754553,27.35754553,30.1625418,30.1625418,30.1625418,29.0810164,30.1625418,29.61190717,30.1625418,30.1625418,91.24168896,45.3374852,60.57539516,51.86028502,55.88007745,53.79519202,55.88007745,55.88007745,60.40829062,58.05602081,59.20880196,58.62674513,58.91633598,58.77118384,58.84367041,58.80740479,58.81646699,58.82099916,58.81646699,56.1263681,53.67158174,39.67029955,35.09295729,37.2415057,36.68007596
1052,339,104.0469719,30.72484761,802,104.0496414,30.7228819,335.8573166,,28.70991902,37.64669454,36.47319275,32.33391515,40.87512981,52.34139999,25.67062292,50.41535869,58.33950976,44.49089218,43.60013846,33.1483575,43.30344593,48.62277505,45.28413258,49.89486204,55.48471438,44.41088484,39.00278515,57.95472753,40.11899925,31.24254108,49.80790801,49.18984295,50.5057333,51.62209016,42.08338044,44.20791005,41.2765067,45.1216233,44.67808154,41.30640009,43.8877566,57.38198977,51.4314076,47.56777114,45.64860952,60.75492742,32.27437935,46.64684953,42.63593368,45.65451938,47.04110156,28.14283014,45.59722211,34.65092682,31.83376902,55.62214329,34.46240692,54.45517219
1053,339,104.0469719,30.72484761,1054,104.0419706,30.71987075,730.4668847,,71.84920177,134.167387,134.167387,134.167387,134.167387,134.167387,134.167387,134.167387,113.838995,92.6759748,78.14801738,69.75280597,78.14801738,123.8468188,72.34335034,60.73165785,67.34137733,71.65342738,76.00233482,221.9139903,90.05756113,95.7989357,106.0355155,118.7214801,139.8766375,198.2171445,139.8766375,139.8766375,110.7234015,125.5217558,125.5217558,125.5217558,125.5217558,125.5217558,125.5217558,133.8259941,133.8259941,133.8259941,174.1510454,133.8259941,124.0415465,143.6984035,133.8259941,133.8259941,96.14920603,111.90131,255.3088141,82.17752453,79.60688553,67.95040788
1054,339,104.0469719,30.72484761,1357,104.0558211,30.72479253,847.3250267,,78.94332547,64.48985404,91.19193112,78.11447109,95.82314439,100.713829,197.4349577,197.4349577,204.0381335,200.6822432,202.346275,201.5108239,201.9276853,201.8233083,201.7711603,201.7972309,201.7841948,201.7907126,201.7874536,201.7882684,201.7882684,201.7882684,92.43545746,126.7905288,106.9210885,116.0111894,111.2808137,113.5967775,112.4268698,113.0087959,112.7170818,113.0087959,113.0087959,185.9981766,140.5949153,160.1405451,149.7325679,154.7617656,152.2056343,153.4730574,152.8367183,152.9953079,153.0747261,153.0350067,153.0548638,153.0449346,153.0474168,153.0486579,153.0480373,153.0481925
1055,339,104.0469719,30.72484761,1441,104.0460135,30.72269194,255.9334246,,25.17377947,39.1770527,29.03718746,19.60341125,33.56503929,22.47220314,24.01460457,52.95174302,44.83505248,17.31880317,17.31880317,17.31880317,17.31880317,17.31880317,17.31880317,17.31880317,17.31880317,17.31880317,17.31880317,17.31880317,17.31880317,18.48265453,17.88181133,18.17726912,18.02832977,18.02832977,18.02832977,15.27960744,16.54055008,15.88509497,16.20619781,16.04403992,16.12471119,16.0842744,16.10446741,16.09436457,16.09941441,16.0968891,16.09815165,16.09752035,16.097836,16.09775708,16.09771763,16.09775708,16.09775708,17.18955837,16.90295527,16.76320801,16.76320801,15.88552291
1056,339,104.0469719,30.72484761,1678,104.0456118,30.72816811,390.3773495,,36.54698463,42.99884735,42.85271023,38.12175392,64.18993814,46.12931651,41.50701821,72.62834409,72.62834409,72.62834409,72.62834409,72.62834409,72.62834409,72.62834409,72.62834409,72.62834409,72.62834409,72.62834409,72.62834409,72.62834409,72.62834409,72.62834409,72.62834409,72.62834409,72.62834409,72.62834409,46.76733638,56.89710357,51.33729528,53.9744007,52.62283017,53.290047,52.95433696,53.12166159,53.0378673,53.07973137,53.05879108,53.06925916,53.06402461,53.06664176,53.06533314,53.06566029,53.06582388,53.06574208,53.06578298,53.06576254,53.06576254,53.06576254,38.71510904,41.52234661
1057,340,104.0782592,30.72025506,971,104.0780206,30.71824697,223.728578,,24.66838839,24.66838839,24.66838839,24.66838839,24.66838839,24.66838839,24.66838839,24.66838839,24.66838839,24.66838839,24.66838839,24.66838839,24.66838839,24.66838839,24.66838839,24.66838839,24.66838839,24.66838839,24.66838839,24.66838839,32.65227895,32.65227895,38.29268848,35.24826612,36.70746133,35.24826612,33.31635495,25.85627226,31.58521101,28.92003163,30.19392243,29.54325102,29.86504309,29.70327554,29.78393966,29.74355291,29.76373258,29.75363933,29.7586851,29.756162,29.7574235,29.7574235,29.7574235,48.81350793,36.97459611,42.07715653,40.67388914,40.00677887,40.33757599,40.33757599
1058,340,104.0782592,30.72025506,1152,104.0717722,30.72101788,626.8812743,,109.0228303,35.53972579,64.06735522,80.45535071,47.88907347,112.6977572,73.27183726,53.22576857,75.8579021,41.71483526,74.60405248,27.52161692,57.02520752,333.5131903,36.39955786,74.72756912,74.72756912,74.72756912,74.72756912,74.72756912,74.72756912,74.72756912,74.72756912,74.72756912,74.72756912,74.72756912,45.18967936,56.32075337,50.14493029,53.05371936,51.55833081,52.29533709,51.92421884,52.29533709,52.29533709,80.31219173,63.3441129,70.82605324,66.87646951,70.82605324,70.82605324,79.0967564,84.00138162,81.475324,84.00138162,82.71907225,62.34178418,71.98636643,66.81784123,69.30587601
1059,341,104.1638951,30.70182076,7,104.1642292,30.69574474,674.1569701,,62.60443058,88.18913853,62.60443058,65.10972749,60.71840115,64.002244,77.53882084,93.88646392,96.88483403,92.45581304,102.5271916,83.3531228,92.10493709,99.05979969,186.6896225,127.7350049,109.6107682,72.05240255,88.46774335,74.44678197,70.21114056,74.44678197,66.22005709,103.7164569,76.08041042,76.08041042,76.08041042,84.9469997,87.19058916,85.53180942,120.5731416,76.68136153,114.3446451,84.12357339,88.0931068,90.86566392,59.29067816,109.1997792,102.7456695,132.0516607,126.4044319,106.4458374,79.31258472,92.84882393,87.48447313,56.88199435,86.780635,89.36355051,89.36355051,83.96073793
1060,341,104.1638951,30.70182076,328,104.1612313,30.70292569,282.9827895,,24.13118142,36.10359123,28.28808252,31.05908665,27.64710014,24.03817938,32.88904091,33.90143235,34.59212367,38.01261351,38.55570223,31.51548468,44.94432538,30.58125455,31.04311554,35.3766873,35.04904489,40.51990887,41.53558259,29.08187389,32.76263492,39.87233042,36.66379953,35.61534684,36.13196896,35.87179792,36.0014134,35.93648878,37.13504407,27.60807702,33.12969243,42.1546776,30.24457325,41.58114458,31.36474263,30.28578349,29.16930686,35.74519446,36.23253262,43.39672171,38.95747771,30.74971452,62.30813714,37.83613899,36.1896285,38.08366513,29.40825424,34.33466229,45.889101,32.71466392
1061,341,104.1638951,30.70182076,411,104.1692364,30.7015895,512.1666139,,53.11248193,40.46378515,40.46378515,40.46378515,39.38060252,39.38060252,38.01649093,39.38060252,43.72647771,56.60168258,49.55341035,48.2039166,50.9806399,50.9806399,51.7921295,51.7921295,112.1532731,57.29645152,42.30839399,42.63120948,51.20954895,46.52828995,48.75681248,47.61649094,48.17990538,47.89654133,48.17990538,48.17990538,50.74678377,49.43004281,50.74678377,50.74678377,74.24697223,60.28773221,106.373066,48.90715676,45.67629587,47.23654509,46.44332015,46.83657434,46.44332015,46.03744844,42.68055116,44.37544669,43.51149994,43.51149994,43.40905968,59.57349952,51.7921295,50.58435693
1062,342,103.9957969,30.67074439,604,103.9956027,30.66942661,147.2319748,,14.60151816,14.60151816,18.22052627,24.22463936,24.29496299,24.6719213,27.97019046,35.10166287,26.50175546,27.46295903,19.73325053,27.32139739,27.32139739,27.32139739,27.32139739,29.20303632,56.9930225,31.36302422,22.13090227,23.74177421,33.70652523,25.60556083,31.8339405,45.89048565,45.89048565,57.82201192,35.39466506,17.15323978,28.80625594,25.68829286,25.68829286,25.68829286,25.68829286,25.77156122,39.06892696,25.85537118,29.44639496,22.69957641,25.63652282,22.69957641,24.07882382,42.06627851,30.90583728,26.11010391,28.30628087,26.11010391,24.68149519,31.17853584,24.68149519,24.68149519
1063,342,103.9957969,30.67074439,797,103.998596,30.67045434,270.0882232,,41.5335454,42.52892744,55.56100592,41.95545215,41.44134698,55.56100592,55.56100592,51.30963607,46.52237337,45.70235504,42.28600958,38.1301021,38.1301021,39.12746895,38.62234771,39.12746895,38.87326751,49.608041,26.17274841,34.69465133,41.44134698,41.44134698,44.74282904,48.61588018,54.01764464,66.59709613,137.9173906,99.21608199,123.0781777,123.0781777,123.0781777,123.0781777,123.0781777,123.0781777,41.73036925,62.32805151,49.99062229,55.48174628,52.59324427,53.99889502,52.59324427,48.86018108,47.08559823,47.9564786,47.51704843,47.51704843,46.15431662,46.15431662,41.73036925,47.31472523
1064,342,103.9957969,30.67074439,874,103.9960912,30.67274279,223.2747683,,16.60721417,16.60721417,16.60721417,16.60721417,16.60721417,16.60721417,22.05182897,23.06425153,31.73896015,18.001997,24.24703366,23.39997572,57.74347456,30.33166664,30.33166664,22.57834736,37.21246138,32.80772106,35.80352632,23.53701803,22.08211994,23.53701803,25.79692429,30.04819312,28.53689346,30.04819312,40.10923981,34.35730566,26.01259437,53.58594439,25.17742101,25.5712354,25.37280018,51.26206415,23.23090075,31.97252052,26.90958038,31.97252052,31.97252052,46.78633096,37.98625548,31.77032276,31.77032276,21.32066753,31.77032276,27.78873521,24.69398359,30.6789758,30.6789758,30.6789758
1065,343,104.0353868,30.62436116,61,104.0377793,30.62313997,266.2771936,,37.8145127,22.79662062,26.85148171,19.75472225,40.10030943,31.32672866,31.30115582,25.63095981,33.87271721,35.53653001,29.54076724,22.13851956,21.73691376,38.62718187,26.55395836,39.94157904,25.80344272,28.89881865,31.84710621,23.69834109,23.96494742,23.72767072,26.41974793,22.66188882,28.60063342,34.92462844,34.92462844,30.23968129,34.79484197,34.98532471,35.96990232,30.89759539,23.49504649,37.64127867,34.6637781,25.97826279,34.96405703,42.74684044,30.96413126,19.97078952,20.4174206,29.7597236,32.49484396,28.20572176,31.41495489,55.41028306,29.04506898,31.68008438,39.3160957,31.69345838
1066,343,104.0353868,30.62436116,213,104.0389082,30.63011246,721.2610681,,158.1327555,68.22227654,158.1327555,79.16280016,74.91819703,59.01226921,99.48428526,65.56918801,72.66436135,64.22359424,61.16701638,45.81455395,67.86565199,93.28885672,73.23037435,48.2500104,71.9263115,74.27780513,69.05691078,50.35306745,85.15572052,78.78587785,76.11510198,82.42983635,72.9365125,60.66681881,71.20310361,63.84934045,84.44032017,77.13449224,105.0167784,71.10560963,81.75933256,89.48445084,66.90919143,55.0114374,66.15388141,83.89466382,77.97416952,67.26787164,64.00147511,215.18286,69.10292627,88.31768181,99.77098348,132.9853954,85.06273039,70.59651564,88.61910734,71.96903154
1067,343,104.0353868,30.62436116,644,104.0318082,30.61918283,668.6110217,,59.92405995,66.03792114,52.09956013,95.51586024,95.51586024,95.51586024,95.51586024,95.51586024,95.51586024,95.51586024,95.51586024,95.51586024,95.51586024,95.51586024,95.51586024,95.51586024,95.51586024,95.51586024,95.51586024,59.32223483,73.18889177,65.53002357,69.14802918,67.29042913,68.2065836,68.2065836,68.2065836,83.38336066,75.03524311,78.98934329,76.96153863,76.96153863,76.96153863,61.34046071,68.26880679,64.61945417,66.39402156,65.49471967,65.94130461,65.71725345,65.8290884,65.801094,65.78710572,65.79409911,65.79060223,65.79235061,65.79191351,65.79169496,65.79169496,62.8459446
1068,343,104.0353868,30.62436116,695,104.0302157,30.62701444,576.3072459,,64.00121599,59.31968793,45.72355009,66.01337544,66.61560746,56.04428581,60.69618867,65.24232972,60.31122341,57.59380549,48.22405674,59.07103691,63.09047745,58.57442364,53.71021075,71.06589451,67.93747886,64.03413843,53.77419166,76.84096612,49.94477817,54.40068398,85.98545054,70.57895137,59.85448497,121.3278412,54.93484779,50.97557949,47.36771884,66.92600275,45.15138379,56.20333823,75.37533461,51.32587897,53.24879269,45.79925133,40.05224103,50.09638702,55.28337494,57.43131032,50.99646257,53.33434666,47.58500196,54.48282787,57.43926039,58.60751653,42.08328773,59.31120884,55.54092709,49.80743549
1069,344,104.0859453,30.66383958,1440,104.0844988,30.66419702,144.1296845,,25.34148299,25.34148299,21.9510043,25.34148299,25.34148299,17.7087667,24.50374801,28.8259369,20.81712595,35.29706559,28.32242709,30.05020448,30.44993335,67.38530704,67.38530704,67.38530704,67.38530704,67.38530704,67.38530704,67.38530704,67.38530704,67.38530704,67.38530704,67.38530704,67.38530704,67.38530704,67.38530704,67.38530704,67.38530704,67.38530704,67.38530704,67.38530704,67.38530704,67.38530704,67.38530704,67.38530704,67.38530704,67.38530704,67.38530704,67.38530704,67.38530704,79.82567142,43.78623327,56.55224678,49.35713334,52.71028462,51.82999736,51.40078834,51.61450055,51.50742279
1070,344,104.0859453,30.66383958,1464,104.0847123,30.66162768,272.1220643,,47.84563768,47.84563768,47.84563768,47.84563768,47.84563768,47.84563768,44.40292041,41.42238611,72.92601229,44.42809213,35.4941823,39.46180993,37.37298737,39.46180993,50.6273608,44.35266243,47.28274782,45.7708597,46.51452156,46.32634976,46.23283365,46.27954447,46.23283365,46.23283365,34.55518277,39.55002455,36.88427242,38.17066258,37.51644357,37.84072564,37.67788687,37.75913069,37.67788687,37.67788687,36.79396926,37.23068239,37.01103761,37.12053509,37.06570548,37.09310003,37.0793977,37.08282233,37.08453488,37.08367858,37.08410673,37.08389266,37.08389266,37.08389266,34.49434618,51.22297681
1071,344,104.0859453,30.66383958,1750,104.0861632,30.66401786,28.74746286,,6.141891175,5.032378619,4.058465345,4.70948197,4.604710402,4.679139428,7.249797989,5.063773274,4.430496764,5.820224467,5.512622092,4.231538376,5.967309737,5.954769286,5.104641138,5.28505068,5.594440494,5.50150404,5.733566,5.399015696,5.281101726,4.96359071,5.427842637,6.068910708,5.29365045,5.304854645,5.697214987,5.696862096,5.477050332,5.178943897,6.297771086,6.24079172,5.175719984,5.78712395,5.353081118,7.905094814,6.634029891,6.15559056,5.632155989,5.519512869,5.741518241,7.064222955,5.429029052,5.326001482,5.377021792,5.351390032,3.794348902,7.040849828,6.202607305,7.02393329
1072,345,104.1641678,30.65959378,280,104.1656774,30.66435346,546.975464,,125.2217278,125.2217278,125.2217278,125.2217278,126.1240461,190.559194,127.0394626,51.27894975,51.27894975,51.27894975,83.61408367,63.57099824,72.22784669,69.84987635,68.718658,69.27964977,68.9980136,69.13854488,69.06820776,49.04387722,43.18227347,69.06820776,90.777334,78.75685263,88.78904479,84.75570468,86.72550546,84.75570468,79.99187468,75.73506425,65.52784261,105.5116769,67.81271357,69.01596216,57.3379803,69.01596216,69.01596216,105.0192891,83.2935538,92.90316764,87.83631079,89.05049465,89.05049465,64.70119576,58.08588998,66.25844429,62.27377517,60.45591762,62.27377517,82.38960964
1073,345,104.1641678,30.65959378,634,104.1748633,30.65937538,1025.033509,,182.0783206,151.2344521,228.7264855,181.4813426,181.4813426,181.4813426,181.4813426,181.4813426,181.4813426,181.4813426,293.4489569,183.7378406,183.7417494,183.739795,183.739795,137.9852801,190.1144066,157.6974629,190.1144066,167.4473344,166.8133868,142.6330449,426.6035413,426.6035413,426.6035413,426.6035413,426.6035413,426.6035413,426.6035413,426.6035413,426.6035413,426.6035413,105.613069,169.3104213,130.0826873,147.1266636,138.0807084,142.4602302,140.236285,141.3395098,140.7857362,140.9237724,140.992892,140.9583237,140.9756058,140.9669642,140.9691245,140.9702047,140.9691245,79.35743295
1074,346,103.9854006,30.60176279,146,103.9938473,30.60135673,811.0468057,,96.84475558,91.53895615,95.98745819,100.8904112,104.0174029,107.6610804,101.6839017,104.8390844,91.62453453,87.29570402,98.00792884,92.06390859,103.7621101,103.411834,92.03972418,91.80759754,96.95257649,92.10626185,94.83752097,109.0822603,87.35283472,114.1361594,98.92263491,63.13012974,95.232486,95.05756582,94.14561867,79.95558412,105.5909047,88.88184172,92.66287396,92.76910312,89.86643524,92.56083723,106.3667942,163.572465,85.37334797,89.30321152,79.29843836,64.45405078,101.3808507,96.01869556,100.3069625,81.82443253,134.8000231,143.1259069,101.3808507,85.5609817,105.9710916,98.09196012
1075,346,103.9854006,30.60176279,216,103.9856557,30.59995126,202.2574813,,26.19946984,27.26726749,23.9357966,20.85825541,25.88128908,26.60634346,27.27067164,22.18208477,34.08833954,22.9989292,22.4586125,24.25068885,26.13286434,28.42580256,26.13286434,23.89259828,22.37977743,17.75919348,19.90641604,19.06507351,26.24669027,26.85576515,25.0559853,24.82956292,16.90697212,24.39967381,21.30687474,23.00195649,24.2962063,20.27855687,19.01114707,22.41468191,38.00988882,23.02013698,27.09813668,27.09813668,27.09813668,21.69627332,22.53797769,23.85302804,21.72702522,20.70993883,22.14834776,24.47656892,27.88422911,24.85781847,23.72553986,23.34305196,25.12946603,23.91147324
1076,346,103.9854006,30.60176279,320,103.9872194,30.61048908,982.7385679,,129.5548241,134.0883721,115.6073068,114.2473254,87.86073288,119.5895948,114.8034238,99.35015008,115.0523201,118.3626244,117.5368387,133.0438926,161.7537977,117.5368387,97.92025587,127.2611095,122.065285,109.9781261,118.3230383,117.5368387,105.6865973,127.4138839,95.57475491,108.4124263,97.79093857,186.353991,87.46251779,117.5368387,125.3078694,104.4386375,122.5869315,130.2279329,126.2168692,123.270343,159.363011,127.5670257,121.9951326,176.3889737,125.3192506,169.410639,111.1660281,171.7407206,87.19307072,143.0549455,152.4939157,135.2909692,128.4742204,88.33605105,91.49634942,126.8049765
1077,346,103.9854006,30.60176279,383,103.9816494,30.60279961,377.5490226,,40.2763709,48.95149426,37.17829446,34.59931646,40.73455988,43.58197353,49.69566659,49.69566659,49.69566659,49.69566659,49.69566659,49.69566659,49.69566659,49.69566659,49.69566659,49.69566659,49.69566659,49.69566659,49.69566659,49.69566659,49.69566659,49.69566659,58.08446502,58.08446502,62.34754502,58.08446502,58.08446502,36.004675,58.08446502,114.216511,66.46339762,66.46339762,66.46339762,66.46339762,66.46339762,66.46339762,66.46339762,53.93557466,59.54771003,56.60287273,58.03796024,57.31143419,57.31143419,45.38151858,45.38151858,33.47725324,47.30312581,46.32240209,46.80762743,46.68537057
1078,347,104.057738,30.5910549,243,104.0577985,30.59397529,323.7161354,,31.77040279,38.46132302,58.38567572,30.30454431,29.48458159,36.81248471,40.52079581,40.89045921,37.62318281,48.15611932,32.77830736,41.41810688,39.50434195,42.0714111,43.32260548,35.78438344,39.30448862,37.64804395,34.96134263,61.33568881,33.20508653,43.02934477,24.61199762,49.40368717,28.81033591,51.22541044,47.71038805,35.69912454,43.88619981,31.27692129,40.72968414,32.91313303,34.30946283,27.42066088,39.94440745,28.53521272,41.39886634,34.2758261,38.71687998,46.83123024,32.06482051,34.97008514,25.8398689,36.04881521,57.10305044,54.14551515,40.63247524,34.57240309,42.22384375,49.64336901
1079,347,104.057738,30.5910549,1101,104.0614931,30.59120869,360.4435431,,144.1774172,30.13843815,36.15734602,43.9490857,30.71234923,30.71234923,29.09409765,36.00684718,43.5070161,42.07512176,40.06694876,45.37051591,39.79195657,39.52071336,33.33581902,35.99436214,30.46001773,66.54342334,35.10180582,41.30281448,41.30281448,41.30281448,41.52309617,30.21179872,30.21179872,30.08920012,30.21179872,30.21179872,35.79577256,32.76759483,35.79577256,41.11740445,48.29764597,48.37266562,48.29764597,48.29764597,36.41099278,41.52032815,38.79817127,38.79817127,38.6589297,28.79282741,38.52068399,39.85597756,38.52068399,38.94598472,39.38078164,33.22911025,39.56087668,28.08650985
1080,347,104.057738,30.5910549,1137,104.0518496,30.59103671,564.5887476,,34.39119275,50.08448568,73.11221192,42.73365553,46.00352758,48.83907468,53.41706942,45.69513245,61.81628623,61.81628623,61.81628623,57.41580484,57.41580484,44.2814704,49.48312821,32.39074887,56.06950321,75.54356481,44.67566747,51.2744574,51.2744574,51.6654675,40.19106339,44.7199008,40.30111351,44.59452809,42.33925569,80.49582144,36.53677842,45.16709981,56.61614182,45.49567972,52.11588439,48.27837272,64.01636193,60.29227232,47.57377303,66.09819484,46.01062799,66.63998332,48.20680679,50.62315047,89.53830358,72.89370562,35.27658938,45.77746602,42.52132827,39.69764632,59.95632718,43.13337175
1081,347,104.057738,30.5910549,1161,104.0575483,30.58488558,683.9834798,,65.34874011,52.03043903,78.11994059,67.25409429,62.53563244,66.94781205,61.96515954,61.40500068,69.36170499,75.76432392,56.73595685,61.46631371,43.02283973,64.40297805,69.39724776,95.16291893,53.41302662,64.66597025,73.20224533,66.67588755,68.58887263,64.86671568,59.33350668,61.71279517,59.33350668,60.49976726,44.74271098,65.09208342,76.47020271,65.09208342,65.09208342,46.02505658,53.92267697,49.66184165,53.92267697,63.16585869,133.5808605,76.23345286,80.07611471,56.18575077,66.03662158,85.57221641,79.8165487,69.16686874,53.28299761,43.67788075,38.8995344,45.26361263,66.9417452,66.17712504
1082,348,104.1094514,30.61987173,794,104.1083697,30.61960094,107.9411169,,8.839438283,10.20681481,11.04204653,9.186478034,9.160310874,9.221383926,9.957706868,9.598574905,8.924478515,10.76918303,11.14002722,8.401903153,8.811519747,10.41232639,11.1093165,9.325646218,11.08140744,8.658860695,9.329377783,10.29216446,12.59604606,13.46869971,11.79184303,14.63608365,14.63608365,14.63608365,14.63608365,14.63608365,14.63608365,47.53370286,17.58316836,17.58316836,17.58316836,17.58316836,17.58316836,17.58316836,17.58316836,17.58316836,15.57467017,16.51808803,16.03251246,16.51808803,18.24356905,17.33800428,18.24356905,18.24356905,21.89228286,24.32475874,23.04450828,23.35176839
1083,348,104.1094514,30.61987173,948,104.1130701,30.62038703,351.5193312,,55.02041706,48.66021023,60.83988425,48.1243388,52.80123472,51.91670122,39.01087971,30.31064892,30.31064892,30.31064892,30.31064892,30.31064892,30.31064892,30.31064892,42.46542256,35.37301446,35.37301446,35.37301446,32.57321988,33.23077872,33.56961531,33.39933767,33.48426001,33.48426001,33.48426001,48.42358134,39.59151558,43.56441206,41.48305834,42.49826688,42.49826688,42.49826688,47.93445425,35.68053361,34.81346884,52.36425899,41.82218427,41.82218427,41.82218427,36.52148896,38.99251536,38.34393235,38.02766527,38.18514396,38.10624191,38.14565213,38.13579194,38.13086375,38.13332769,38.13271168
1084,348,104.1094514,30.61987173,1046,104.1096745,30.62304108,351.9052814,,47.50721298,48.40288239,55.26102565,55.37172884,52.08053497,42.87905112,34.72961047,40.69774451,29.53625054,35.91280037,40.4389687,39.41996151,54.43003278,37.97728743,46.90286744,36.97778789,39.71344868,38.3784915,41.54602748,47.33793678,42.62648092,56.88178652,39.91903259,44.13414851,54.5516855,44.08416528,54.5516855,48.47241582,40.36359145,41.78229277,62.87290049,42.54492779,51.36665919,62.5436571,48.2494247,48.50342778,47.35921544,44.41038189,42.39630522,40.06454148,45.9269368,77.96055465,77.96055465,77.96055465,77.96055465,77.96055465,77.96055465,77.96055465,77.96055465,77.96055465
1085,349,104.1386726,30.62175858,145,104.13936,30.62338859,192.2927303,,35.93012953,25.75828201,35.93012953,27.52500314,23.15230198,22.54898466,18.34594954,24.12874971,35.77539168,24.3180502,35.77539168,35.77539168,27.67433926,22.54898466,32.38614405,32.90570786,32.64385872,32.77426029,22.54898466,22.54898466,32.73339802,22.54898466,25.24170753,32.73033746,32.73084751,25.78912615,32.73072001,32.73065625,32.73068813,28.21686804,32.73068016,32.73067617,32.73067816,22.54898466,32.73067767,31.48198313,18.41100609,32.73067748,32.73067751,32.7306775,38.56567293,22.54898466,23.91204936,22.54898466,22.54898466,22.9730253,24.25556514,22.54898466,32.7306775,32.7306775
1086,349,104.1386726,30.62175858,871,104.133929,30.61760426,647.0811089,,58.15007469,77.64973307,81.11279895,110.2283277,110.2283277,110.2283277,80.37350175,92.96276657,89.45964928,86.21096039,80.33802841,64.79810826,75.21422484,90.55362457,90.55362457,90.55362457,90.55362457,55.87986788,60.01267476,60.01267476,118.2483245,155.6453446,66.9875483,76.83865833,76.83865833,76.83865833,80.57428105,76.83865833,76.83865833,49.04193667,76.83865833,76.83865833,137.8397628,98.75959691,76.94440932,142.0421946,89.94177575,140.161973,75.22579091,64.6482514,63.73439103,94.69479642,94.69479642,96.59261887,94.69479642,86.39040983,79.42511807,95.82380169,120.7559468,118.1256743
1087,350,104.0101252,30.73331802,179,104.0161501,30.7362136,660.0908925,,113.9725282,75.43895914,79.2109071,72.94941559,75.43895914,110.0151488,91.309403,80.41716457,96.31115296,193.1973344,193.1973344,193.1973344,193.1973344,193.1973344,140.6110777,162.7621379,150.8779183,156.594874,153.6832474,154.400956,154.7623299,154.5814318,154.6718279,154.6266167,154.649219,154.6379169,154.6435678,154.6407424,154.6421551,154.6414487,158.951653,154.6416252,216.0297466,154.6416694,154.6416915,154.6416805,154.641686,154.6416832,154.6416846,154.6416839,154.6416842,154.6416842,154.6416841,154.6416841,154.6416841,154.6416841,154.6416841,154.6416841,154.6416841,70.7240242
1088,350,104.0101252,30.73331802,837,104.0071302,30.73264917,296.1770007,,24.92178892,23.81259306,30.58407178,29.56978607,31.7568787,28.79560337,63.76169318,63.76169318,32.43033059,63.76169318,63.76169318,63.76169318,63.76169318,63.76169318,63.76169318,63.76169318,41.02117534,26.1903243,63.76169318,42.04221171,63.76169318,63.76169318,63.76169318,63.76169318,63.76169318,29.36393765,63.76169318,63.76169318,63.76169318,39.51059114,63.76169318,63.76169318,63.76169318,63.76169318,63.76169318,29.83640831,63.76169318,63.76169318,63.76169318,29.34373465,31.2028836,63.76169318,63.76169318,32.86347542,37.89568496,63.76169318,42.37639577,63.76169318,40.92604679,40.96535676
1089,351,103.9942328,30.67855575,290,103.9971883,30.67721485,319.7622898,,57.5129714,63.52893175,36.08602644,94.04773229,45.65390704,45.34614351,39.39576466,42.51686956,77.6052299,73.08852338,75.93299758,43.1140166,104.5137446,80.79697312,57.65330099,85.55159526,48.2344059,80.49959743,59.98383078,48.36740518,110.5351126,89.75783573,54.1714938,67.71436725,57.42561181,52.014425,47.43726277,63.35411355,66.99190554,75.24971306,71.98392314,85.79195853,58.58240424,88.68355708,70.19172215,127.7895504,75.05422939,39.74030759,93.49691493,94.54983518,34.86203038,85.96157268,60.70635429,42.63497197,37.80440865,72.94957182,51.79501657,63.04185341,46.2306925,78.99479108
1090,351,103.9942328,30.67855575,716,103.9950242,30.6798424,161.5027547,,25.84044075,33.80290215,29.81589318,31.68446414,29.81589318,42.33567357,35.56023957,34.91951453,36.05642896,45.66046469,35.88950104,40.18962558,37.91803807,37.91803807,37.91803807,31.09143941,31.09143941,25.44463531,30.20311257,29.36413722,22.44825934,25.44463531,23.85271454,24.6229716,23.85271454,23.85271454,14.7192384,23.85271454,29.46334039,29.46334039,29.46334039,43.38879977,29.46334039,29.46334039,26.73149043,26.73149043,17.56525429,21.19999697,19.21222361,21.19999697,21.19999697,25.65515353,28.66736108,27.07774318,27.8498875,27.8498875,55.37237304,27.8498875,27.8498875,27.8498875
1091,352,104.0402926,30.68684125,1157,104.0422872,30.68440161,331.0817861,,51.859076,42.11641095,76.73140109,42.06686224,32.40101363,50.71891191,28.92070197,44.66812355,51.44868042,52.50636255,41.17079205,49.05546207,44.93677385,54.27251371,35.01281067,70.52629763,41.37216387,33.90880313,68.43916778,55.85259747,36.67367477,29.07059585,50.27676166,37.34151337,59.06315312,34.81000088,39.48122882,60.19668838,43.42056211,63.80370805,32.99035591,42.37846862,52.77761314,56.4433037,48.7866108,48.18168489,59.11441686,33.93562123,25.43763308,95.3515544,36.1453959,39.22548664,30.58753883,46.68603329,23.23380955,36.33824482,39.51428189,52.81659216,33.6503227,38.36570053
1092,352,104.0402926,30.68684125,1492,104.0396273,30.6876936,113.9476218,,16.18191079,15.20709689,15.20709689,15.20709689,15.20709689,15.20709689,15.20709689,15.20709689,33.21550109,20.86262878,25.62820389,23.00116704,24.24372709,23.92066883,23.762347,23.84124509,23.762347,23.762347,21.59007571,22.09503865,22.35648273,22.22499184,22.35648273,22.29054338,32.81691508,18.23161949,23.44065363,21.70430891,21.70430891,21.70430891,21.70430891,17.71971657,19.51065106,17.71971657,17.47439568,15.62710242,17.23577473,16.39206547,16.80333593,16.59515301,16.69859564,16.67261427,16.65965388,16.66613156,16.66289209,16.66451167,16.66451167,22.87424379,19.28174511,19.28174511
1093,352,104.0402926,30.68684125,1636,104.041945,30.68582265,194.4176342,,21.20919646,23.51299495,26.37827198,24.86335642,25.59842059,25.22553476,25.41060978,25.41060978,56.10448762,45.44827812,45.44827812,45.44827812,45.05816416,55.28671486,75.25843905,71.52298367,78.93648306,57.72399861,66.68393648,64.19292479,63.0159291,63.59898186,63.30611299,63.59898186,63.59898186,64.44783454,64.44783454,79.08513934,64.44783454,64.44783454,59.3138545,61.77435862,60.51910792,61.14029117,60.82811369,60.98380292,60.90585881,60.94480594,60.92532612,60.93506448,60.93019491,60.93141227,60.93141227,56.36032701,45.89531037,52.4272272,44.48539089,45.17935339,44.82968667,45.00384085
1094,353,104.0757464,30.71118555,421,104.0723412,30.71409949,458.9497758,,22.10326679,22.10326679,22.10326679,22.10326679,22.10326679,23.07165918,24.12879435,24.92034982,27.43410864,28.89126457,28.14383806,28.51265392,28.32704555,28.37322073,28.41954669,28.39636481,28.49882178,26.86535273,26.86535273,26.58437961,26.58437961,22.60217774,24.43207679,24.43207679,24.43207679,32.42824716,31.05675175,31.05675175,31.05675175,31.05675175,31.05675175,31.05675175,29.43820388,27.98000327,27.92089891,27.92089891,27.92089891,27.41135119,27.66377887,27.53698655,27.66377887,27.72179854,27.66377887,27.66377887,26.7349384,26.7349384,25.95788206,25.95788206,24.49546617,23.1890413
1095,353,104.0757464,30.71118555,1182,104.0771725,30.70831924,345.7876087,,112.6547865,112.6547865,28.61690555,16.42263049,35.56672547,72.05993582,26.56947787,29.08663804,29.09343596,57.63126812,27.06163894,122.0426854,17.34962218,25.58494279,24.74821852,17.29538578,27.17981204,25.79719103,14.63651254,16.86768823,17.47137391,24.2934212,30.9083896,20.0618113,29.99603353,18.00195794,31.30086476,75.62790956,119.3132963,74.99008381,17.7706694,18.95688413,21.76285649,84.30036508,14.25928283,26.58484552,26.79793781,84.68267968,25.48281251,13.45767991,13.45767991,16.3686442,42.99949538,17.15831001,20.53336728,18.87902015,19.26710158,19.46718755,19.36662778,19.3916702
1096,354,103.9299735,30.69461569,166,103.9499056,30.68406085,2239.113637,,439.6804961,857.5328823,295.6286953,249.560653,138.3829887,268.2465588,327.6751664,330.5303575,260.1047605,310.8281142,433.376833,516.7185316,322.9860541,241.3415896,317.9806348,295.8143543,229.980288,295.8143543,615.3289384,289.2634842,458.0005167,228.1253458,449.0701445,301.6205461,202.2787727,273.0626387,227.7064716,279.3597468,952.0640661,281.0327297,234.517229,148.1766377,244.6402154,250.0366585,247.309002,248.6653504,244.2669422,248.3248705,396.1085549,436.9002219,468.1073806,319.9722224,290.5610089,397.0841918,375.4202505,248.811739,374.9213532,252.4118999,279.8892046,121.0331696
1097,354,103.9299735,30.69461569,622,103.9328245,30.67415763,2283.836889,,171.1986007,164.3951572,230.9497978,295.7486619,295.7486619,226.4962204,295.7486619,211.0321561,295.7486619,254.5452879,215.6541062,409.7248903,409.7248903,129.4264117,250.8434699,210.8292275,277.5763943,139.6367663,270.0102726,270.0102726,191.7996765,211.1766987,220.7198067,314.4096673,196.7725441,319.914895,263.2384035,314.4096673,277.9517512,343.5297828,309.770027,343.5297828,372.0277285,203.3424436,262.9577654,229.3392692,245.0006298,229.3392692,229.3392692,128.465825,229.3392692,262.1194304,275.5914905,262.1194304,290.5234205,354.0070097,335.669826,232.3263805,240.9524697,330.3228357
1098,354,103.9299735,30.69461569,732,103.9313093,30.70607506,1276.518468,,40.95781181,40.95781181,40.95781181,40.95781181,40.95781181,40.95781181,40.95781181,40.95781181,40.95781181,40.95781181,40.95781181,40.95781181,40.95781181,40.95781181,40.95781181,40.95781181,40.95781181,40.95781181,63.51715943,55.82950931,52.6437057,54.18982478,53.40557735,53.79484293,53.59950339,53.69699551,53.64820516,53.67258925,53.66039443,53.66649115,53.66344262,53.66496684,53.66496684,63.34241437,77.27802384,84.32048596,80.64579968,82.4422153,81.53411372,81.98564998,81.75925842,81.75925842,81.75925842,51.57650376,69.00099827,69.00099827,64.31723562,66.5768415,65.42753493,65.71112539
1099,355,103.9894097,30.66622431,86,103.9894492,30.66832512,232.8683491,,28.64439829,30.23848711,41.43291879,28.64439829,28.64439829,30.85862785,30.85862785,29.3548663,30.35580169,30.07447737,24.41726379,34.64157259,38.69197184,37.63528874,54.79255273,35.52229054,32.65145304,36.40938357,41.99504354,32.96170604,44.67101545,70.2788311,37.01474138,60.09505783,34.07072083,36.88559725,51.85522,45.66667884,24.31251932,25.59774219,25.59774219,25.59774219,34.71329428,29.15916719,35.29793923,30.10147421,44.65118811,35.96036705,29.46664523,37.7996813,39.01783508,44.71072303,72.68723038,33.19555413,39.11319083,51.03963816,31.81503062,28.41783243,49.31329746,53.05061683
1100,355,103.9894097,30.66622431,846,103.9916224,30.6660987,212.4484364,,43.08813358,49.26340554,45.96930855,47.55938568,46.7508307,46.7508307,46.7508307,32.61468533,35.28173838,36.78581098,36.01807945,36.39789727,36.20699231,36.25453056,36.27834653,36.27834653,36.27834653,45.30890824,34.39944698,69.52857919,47.09448098,41.56599843,49.02656225,44.98908065,46.92112706,44.98908065,45.93479706,44.12390603,53.60848394,49.23697669,49.23697669,49.23697669,49.23697669,49.23697669,49.23697669,49.23697669,49.23697669,49.23697669,67.6826877,55.96202714,55.96202714,37.67558478,37.67558478,37.67558478,35.24490189,36.41973195,36.11874243,35.97010563,36.11874243,54.82540294
1101,355,103.9894097,30.66622431,993,103.9888739,30.66393196,259.2004389,,35.66069732,35.0490139,47.73000409,47.73000409,47.73000409,47.73000409,47.73000409,59.5609519,56.08544433,54.495481,55.27903221,54.88446018,55.08103956,55.03176282,55.00715751,55.0194574,55.01330678,55.01638193,55.01484432,55.01522871,55.0154209,55.0154209,55.0154209,62.6256094,58.57436392,60.53227794,59.53722851,60.0306301,59.7829113,59.90651462,59.7829113,59.7829113,31.17332673,40.97865671,35.40972801,37.99119705,36.65506812,37.31117458,37.31117458,37.31117458,37.82925324,37.31117458,35.82040614,36.5505959,36.18181739,36.36527173,36.31923395,36.29625875,36.30774272,36.30487104
1102,356,104.0560473,30.64264166,1737,104.0541861,30.64382805,221.5894798,,21.88538072,21.88538072,21.88538072,21.88538072,34.28605131,42.81156319,56.98015195,70.38724655,41.33275271,41.33275271,41.33275271,45.80848968,33.80178505,53.61035802,53.61035802,53.61035802,53.61035802,53.61035802,31.20164774,42.88828641,55.62915811,41.22594973,42.77330441,79.65841503,45.69291422,39.49119442,49.0402947,50.97265989,29.32801939,36.64879604,91.69219854,42.17033271,31.34468084,49.6507548,39.91937251,48.05554984,43.61123246,45.72565335,44.6434209,44.6434209,44.6434209,43.41098816,37.80673589,50.54205665,45.9671814,42.15176366,47.68451071,47.68451071,47.68451071,47.68451071
1103,356,104.0560473,30.64264166,1831,104.0551586,30.64072392,228.971762,,47.2377274,39.62972804,39.62972804,37.28802231,60.02172403,35.06409117,39.08479579,28.39610434,30.2217541,33.23783642,37.38314482,24.20846823,43.55605512,28.86487445,28.64357177,35.94324171,40.70609102,35.37128595,36.56776383,40.95892389,43.27025424,44.37676141,57.77792124,56.78289389,46.39577916,37.43265892,34.9278959,34.59562156,32.48253027,36.88135764,33.73663069,39.94983893,42.82069315,36.71707542,37.84078087,30.5862094,33.4524323,26.11017875,24.14641796,33.32742628,27.49035662,24.97117065,37.24800466,30.29712996,26.3552914,32.60397458,34.20325076,42.24463002,31.86720399,48.39324912
1104,357,104.0901728,30.66338933,1238,104.0889082,30.65955812,441.5596409,,52.63624858,102.5557876,88.32726277,61.85271234,102.5557876,85.38664496,105.3888204,97.82244352,83.44434159,83.68228335,92.62139591,86.09964562,80.57181197,68.15068413,99.84494368,57.43865247,79.45235951,145.8362117,145.8362117,145.8362117,145.8362117,145.8362117,145.8362117,145.8362117,145.8362117,145.8362117,145.8362117,145.8362117,145.8362117,145.8362117,145.8362117,145.8362117,145.8362117,145.8362117,145.8362117,145.8362117,145.8362117,145.8362117,145.8362117,145.8362117,145.8362117,145.8362117,145.8362117,145.8362117,145.8362117,145.8362117,145.8362117,43.37284331,66.86076581,58.88825033
1105,357,104.0901728,30.66338933,1563,104.0941404,30.66764376,605.6576391,,77.99213059,84.13895383,89.45097439,86.18053363,104.8722247,75.59783301,89.94915432,127.0293176,90.92230976,89.04002045,124.1490392,86.41535797,103.6727489,69.56769478,145.6005009,81.73649708,101.3787612,118.7563998,98.17789874,111.5634155,56.28207281,80.1053502,97.1210468,92.60099102,90.41540538,106.4730048,102.5251176,88.63282523,105.0329578,71.61464353,118.7874015,79.61177547,105.3317633,128.8252585,137.3459843,85.84124019,66.07174245,126.7655524,98.21475229,101.1458559,117.4044039,95.83374772,105.1624197,102.8778532,97.84013914,139.5993598,97.24558179,119.8004121,102.0737168,96.48978015
1106,357,104.0901728,30.66338933,1656,104.0896351,30.66368435,61.01116025,,7.968804604,7.817411372,8.081022231,10.74879831,8.532082344,8.470322836,7.831705363,11.23479166,9.39413849,11.43959255,12.64701034,8.459900892,8.958810749,8.363262328,12.74199721,7.656238886,7.656661468,7.741759798,9.196378657,11.91095716,5.669596719,9.508232766,10.70669386,9.983644405,10.29261788,10.13626429,9.001646594,9.451971034,9.008184295,8.859807968,9.007991875,8.446345529,10.74691997,8.750604657,13.60001095,7.528369388,6.331969064,10.39962959,8.702929248,12.99934464,9.034706849,12.06814159,12.06814159,12.06814159,12.06814159,12.06814159,12.06814159,12.06814159,12.06814159,12.06814159
1107,357,104.0901728,30.66338933,1722,104.0919183,30.66268492,184.5621388,,19.37095334,31.5533643,28.86288878,31.96540135,21.53992044,19.98600701,17.51248549,33.98586699,22.98160376,24.40491092,30.58336938,20.76324062,26.08993585,19.35684486,38.74190669,22.59245965,22.91116206,19.93769541,21.91371041,30.8317262,17.15084408,18.0672658,24.67225027,22.11060565,20.60228526,18.30368319,31.24249371,27.00909348,21.87203108,19.80398509,37.18789363,28.06435901,27.2304795,28.95092373,42.5912628,21.25022493,16.77837625,38.62928487,27.90021535,36.30730599,35.77666075,23.70296365,20.84466509,27.46971368,38.07585672,31.84139135,25.8933632,32.25357765,26.32125579,27.78354778
1108,358,104.1571519,30.65730466,27,104.1747682,30.65471347,1712.154667,,274.6228278,230.482359,261.6314567,230.482359,230.482359,263.4662145,230.482359,230.482359,458.8404568,230.482359,230.482359,230.482359,263.2618834,251.3620601,428.0386668,271.2324225,251.3620601,251.3620601,251.3620601,251.3620601,251.3620601,251.3620601,251.3620601,251.3620601,251.3620601,251.3620601,251.3620601,276.4016503,251.3620601,720.9072282,251.3620601,251.3620601,251.3620601,321.7139468,272.7326018,268.5696308,265.6663922,268.5716134,268.5726048,321.7438217,268.572357,268.5722949,268.572264,268.5722795,268.5722718,268.5722756,255.7954505,255.7954505,238.3509977,239.3675362
1109,358,104.1571519,30.65730466,187,104.1550545,30.65083151,745.0250747,,43.22466187,37.07104726,97.99827427,45.89673187,39.73467065,71.78562112,81.11160087,43.28744785,66.95037098,38.50258784,38.65302229,35.46800144,42.22434302,37.3475868,111.3478057,49.91483131,41.21537102,52.53883823,38.61901035,43.09073189,46.42302499,37.74933524,30.23777079,38.26091682,57.1265233,48.8185342,39.51999414,36.03507012,38.59122689,41.94042641,82.40963572,39.50544154,38.62209987,73.64270334,77.74174693,44.06500989,41.39028193,35.02947674,42.74247441,83.35944892,50.89355349,39.05956702,34.15950247,41.56990497,43.39951891,46.42485123,95.44805227,37.56428948,101.9430666,95.44805227
1110,358,104.1571519,30.65730466,607,104.1602845,30.66523385,928.6178001,,45.638554,40.19668233,42.55918626,46.25422456,41.2846444,42.05061736,41.45101154,42.05061736,48.21205769,44.63316529,44.30780756,39.98832632,46.53244892,40.71066467,37.68911026,51.57850686,45.33528723,49.47741609,49.47741609,49.09593558,48.0664857,48.72029264,48.1010659,45.31377947,57.09691,46.39598562,43.58571161,47.53114806,45.81969557,44.22720794,49.23452254,41.5799015,36.37675822,43.359586,44.34895304,44.34895304,44.34895304,46.49546704,42.47806964,59.03422947,44.96333666,44.96333666,44.96333666,44.96333666,42.72235246,48.78546633,46.62516151,44.90294265,44.36661022,42.28999469
1111,359,103.99377,30.60329675,320,103.9872194,30.61048908,1014.781469,,175.0042294,175.0042294,114.1629153,114.1629153,110.9756677,128.1192374,95.01204911,117.8455899,121.3692122,158.9340772,116.3443722,120.2374094,153.1745614,91.33033221,110.4384921,99.14775103,99.27210023,103.6556351,143.2632662,146.4213743,150.3379954,104.8267802,95.43399395,136.4412059,99.65422846,128.4759377,118.6108211,97.81026207,129.393623,124.311809,138.9054482,156.9586805,193.2917084,127.2896616,92.72114945,131.7264407,118.9197034,146.664906,112.6131312,194.3198558,148.4040604,186.7695955,250.5633257,145.1903783,137.081174,238.7721104,124.2589554,90.7856185,199.0851928,100.0880353
1112,359,103.99377,30.60329675,405,103.9983609,30.6065462,568.6881187,,58.16128487,77.59384497,82.88571771,82.88571771,73.45433415,67.05056422,68.18575278,71.88473411,85.05009253,68.49371788,92.5446751,132.2957821,91.26050049,95.22219662,104.7736554,118.2030732,118.2030732,103.5285576,68.47081028,102.8385006,117.3224772,85.66013503,102.2244644,86.49020579,80.85613062,94.72653452,172.4022928,129.683946,123.2186113,114.6934021,112.6115087,106.2600637,109.3436297,112.7286329,147.8034291,129.6771007,102.2135473,115.0155746,123.8896961,86.77731972,168.6737159,101.10011,141.1915329,77.03771316,76.9653093,73.55487045,89.33573354,106.4442233,116.6955313,89.55718405
1113,360,104.0463432,30.61345444,581,104.0454455,30.61929188,652.6608608,,147.3090344,106.3759637,142.3555952,135.5200634,133.4040652,131.0174219,145.4847739,92.00505527,179.0837728,161.1307362,145.0108821,154.2730859,129.8109999,98.8949463,167.0316895,153.5672614,130.5321722,110.0505433,117.6996418,160.9300753,110.4817758,97.84816653,98.6862696,135.5526403,134.2616628,134.2616628,125.4223718,104.9387717,132.8947454,132.8947454,145.0357468,112.7437188,137.4575509,129.4912959,131.7028643,132.8947454,131.8454767,130.8801065,115.4584324,131.1201213,122.1618249,122.1618249,127.539795,122.1618249,144.145957,118.8845167,131.4757102,119.1168111,103.5056872,118.9588598
1114,360,104.0463432,30.61345444,954,104.046579,30.61154818,212.4766895,,62.44212916,62.44212916,62.44212916,62.44212916,62.44212916,62.44212916,62.44212916,62.44212916,62.44212916,62.44212916,62.44212916,62.44212916,62.44212916,62.44212916,62.44212916,19.61323288,62.44212916,62.44212916,72.16189455,66.9510794,66.9510794,41.34681525,41.34681525,31.47802807,35.74374216,33.4755397,34.57247829,33.4755397,33.4755397,23.53587945,27.63924416,25.42305217,26.48486759,25.94309977,26.21118448,26.07645312,26.14364521,26.14364521,26.14364521,38.05552648,30.99448658,33.69674371,33.69674371,33.69674371,33.69674371,33.69674371,33.69674371,33.69674371,33.69674371,33.69674371
1115,360,104.0463432,30.61345444,996,104.0484851,30.61334283,205.6968116,,29.21138153,37.58926506,23.88737167,29.54156336,30.30253643,31.10375051,41.06331914,28.20984845,37.52576969,35.77335854,22.20415358,24.79381211,41.02540287,35.47346212,37.63702779,33.65947826,33.65947826,25.62313224,33.18186057,42.96954673,55.17947256,21.81173849,38.36831719,56.81651064,38.43469835,38.43469835,38.43469835,39.72685203,62.4024035,41.10891128,50.10206507,52.14848745,48.21019022,37.68491205,48.21019022,57.57417119,81.37456283,71.45257669,57.270574,39.35734902,28.37197401,71.20274248,42.19421776,42.19421776,42.19421776,27.78643609,24.43922514,28.04956522,28.73901119,51.06955322
1116,361,104.1072423,30.59430952,62,104.1041006,30.59388005,304.9521499,,49.78810611,39.41930843,97.36831394,36.02387989,32.81996232,49.34057257,39.49020646,32.81996232,39.41930843,32.81996232,34.72764696,29.22183303,28.14942922,31.07517706,31.18828806,31.13162982,34.89148102,34.85599669,31.15285252,28.14942922,31.1501981,34.86818629,33.63155174,35.0266221,34.8677706,34.86783988,34.31493043,42.98008798,33.70154228,34.25471173,43.58621299,38.37370708,44.56251659,39.55635001,38.94615731,32.83223147,39.09693375,39.17276061,39.13481045,39.15377634,39.16310984,48.87123654,40.76418953,50.59114008,49.41985568,37.27768216,42.37752896,42.37750761,42.37751829,42.37751561
1117,361,104.1072423,30.59430952,190,104.1071128,30.59610836,199.749515,,24.54260253,30.36732492,30.99672778,17.18275398,25.04114639,22.2286941,24.54260253,24.54260253,26.06608986,24.54260253,22.29762028,27.40727028,23.99994173,23.61570621,23.61570621,25.14329559,26.1966577,32.48326387,26.30346061,24.54260253,27.07976616,24.54260253,28.25023929,28.89648526,32.46493246,26.59632932,25.20940417,36.11290667,25.42293304,28.01738363,30.28313406,29.63825879,26.05035184,28.48383908,31.14664879,26.84454518,27.0570794,25.94607798,27.44022514,27.45181899,19.04896037,28.52136855,27.15935344,29.45866364,31.13962398,26.78205788,27.6654686,32.81056672,28.11632521,28.11632669
1118,361,104.1072423,30.59430952,1332,104.1074328,30.59240675,211.6694912,,27.10574187,30.23250023,30.23250023,27.70946067,20.77737337,16.45810299,16.45810299,16.45810299,20.47497093,23.32089268,21.80546565,22.53773373,22.16555348,22.25744138,22.30367162,22.28053252,22.29209607,22.2863128,22.28920406,22.28848117,22.28811974,22.28848117,22.28848117,25.37214767,23.73055704,24.52391171,24.12071257,24.32064115,24.22026429,24.27034894,24.24528075,24.25780836,24.25154293,24.25467524,24.25310899,24.25389209,24.25350054,24.25369631,24.25359842,24.25364737,24.25362289,24.25362901,24.25363207,24.25363054,24.25363131,24.25363093,24.25363102,24.25363107,24.25363107,32.19761274
1119,361,104.1072423,30.59430952,1342,104.1130509,30.59436059,556.9343313,,59.26000767,54.58158601,50.88740083,54.58158601,75.0360626,73.29996945,71.64239483,85.80443334,81.76373521,78.08649006,69.42852622,60.14890779,62.49886511,64.78072997,65.73651124,78.42100101,85.77384354,49.66879255,62.909042,58.97855213,58.97855213,64.74433962,71.7596132,220.3256695,72.52536056,73.30762679,38.55699217,77.57812699,51.51205348,77.57812699,77.57812699,98.57244802,86.82419447,92.32608834,89.4906569,90.88626335,90.18306111,90.53329677,90.35783953,90.44548306,90.40164005,90.40164005,90.40164005,86.54519104,86.54519104,86.54519104,75.20963775,70.58695353,72.82501131,71.6885191
1120,362,104.1396892,30.59845534,219,104.1430664,30.59666843,379.5489489,,55.71360718,55.7704578,55.65687234,38.47140918,43.2682797,45.37571494,44.7625296,39.95252094,36.53412342,35.58271396,40.30608307,30.62397667,44.47735828,37.54941338,40.54528831,42.80627243,65.14308539,43.9437577,43.9437577,30.50627855,32.48352212,54.81950716,45.66002393,41.78520538,32.15002861,36.76430995,35.17961421,41.50596039,82.31182024,44.37246859,47.27945384,35.78306183,35.78306183,48.5103982,48.21369852,41.95644611,45.62191039,27.8852289,42.3748245,41.78520538,43.59267963,48.62548812,51.83029743,49.86449535,40.67604711,40.67604711,43.17997128,45.86654623,44.55574617,39.05791947
1121,362,104.1396892,30.59845534,297,104.1441733,30.60359371,713.5162585,,102.9694417,85.065481,70.71324241,224.3369896,71.23208126,75.99581451,67.33049884,78.07472737,77.79688137,83.21787895,88.37127971,84.16903319,94.53527716,84.39124536,70.13402131,78.28193258,78.90865061,70.3290464,97.36017065,70.30237911,85.31623451,70.817683,88.98098313,76.79098746,110.5245031,109.0725491,58.37860297,109.0725491,94.63603318,93.57590275,95.33411387,76.30056529,91.85364688,70.05432356,88.4727393,90.6266457,86.97708506,93.01818897,81.4512126,86.51889791,100.9296083,111.4379578,111.4388431,90.95279541,76.1742305,79.53529189,86.05221208,92.39778887,97.29767161,85.33749271
1122,362,104.1396892,30.59845534,763,104.1354405,30.60123549,510.7314006,,78.91128936,78.91128936,78.91128936,78.91128936,78.91128936,78.91128936,43.41518399,56.01319245,52.83428282,50.23587547,55.71615279,52.83428282,54.2369629,53.87935655,53.70231594,53.79069057,53.74646693,53.79069057,53.79069057,81.35544434,116.3691799,95.76213761,95.76213761,95.76213761,90.12907069,95.76213761,123.1227484,95.76213761,95.76213761,60.28305056,73.98925723,66.43660496,70.0098255,70.0098255,70.0098255,117.8610924,70.0098255,70.0098255,63.40113938,70.0098255,110.097787,96.31078302,90.63584279,93.38717884,91.99094312,92.6838029,92.50961132,92.42276083,92.46616568,92.45531067
1123,362,104.1396892,30.59845534,1216,104.1360359,30.59511501,509.629512,,66.95862201,55.83493721,62.24482589,76.22211231,59.43642539,55.37222063,51.75363168,62.63262757,46.47813403,42.30590876,54.44618361,54.71074585,50.61584601,60.27650902,54.44113481,52.98675071,53.43688088,66.23717469,61.84385161,44.2134862,45.91975079,47.04272418,51.81392292,42.32217401,55.37222063,48.5789826,48.83761073,70.401621,55.73105235,47.28521245,63.48326101,54.93012704,66.52312618,52.01406884,48.25760085,59.14884117,65.27609493,65.59037477,64.90564539,55.36525819,67.45096482,96.68860307,74.43620015,67.92334841,69.20004689,65.55863636,61.2576375,69.49493345,68.45769564,54.90273046
1124,363,103.9897196,30.67889818,273,103.9914211,30.68156318,337.3580849,,37.54744283,35.77287498,46.2838836,28.91640728,22.05154981,45.24875322,35.36818632,33.58034393,20.86751041,32.1901694,25.79608948,22.57414694,23.85443861,26.29013258,24.82031638,33.00455673,25.06685461,37.48423166,47.16740083,35.6743633,24.65967727,32.21456514,20.49770642,32.53676832,33.12243015,24.97235995,27.0286893,38.5348209,35.93783263,36.15447598,30.92926415,46.07049423,46.03970705,28.45347378,33.41097952,35.62857662,38.45686322,28.44236781,41.12033539,33.41097952,35.87855556,33.08107881,42.3905447,25.5681917,33.92427669,16.80953779,30.91286301,28.11317374,23.92296334,25.70347314
1125,363,103.9897196,30.67889818,550,103.9885823,30.67709803,227.3259256,,64.43884505,21.65008815,17.98622708,16.23756611,13.49337728,15.96047454,19.15443727,15.69268135,15.74930637,18.02017403,15.77587146,21.70751544,26.02968614,25.93893287,42.07574973,16.92602548,27.83582762,18.70567616,28.35830201,20.85913336,14.39530927,20.85913336,21.51255199,52.45982898,22.20823154,31.39539637,18.96577827,15.25392977,15.26815918,26.6137669,17.50531192,17.50531192,20.36387763,46.76419041,24.33824036,15.0022609,15.78347796,24.0168256,19.2332158,20.99739146,17.33841805,22.46221406,18.95579418,15.66264751,25.00122196,18.31294807,14.77208181,17.39369463,18.18102376,17.48961268
1126,363,103.9897196,30.67889818,724,103.98599,30.68063674,405.9290698,,40.99404824,48.38889574,48.38889574,48.38889574,48.38889574,48.38889574,48.38889574,48.38889574,48.38889574,49.45328769,48.91530213,49.18282377,49.04869818,49.08216095,49.09890946,49.09053377,49.09472126,49.09053377,49.09262743,49.79027773,46.31837247,47.99161416,47.14015004,47.56207164,47.35017096,47.45588476,47.40296892,47.42941208,47.42941208,47.42941208,57.30763338,57.30763338,61.01647813,59.10392927,60.04497797,59.57073738,59.80691756,59.68859384,59.74769712,59.74769712,59.74769712,71.45939615,96.93828533,82.27133857,89.00462284,85.50562962,86.35433053,86.78503042,86.5691448,86.64098721
1127,364,104.0198136,30.68603439,725,104.022819,30.68524364,300.925423,,50.74152332,46.59490421,43.07481204,44.7657654,43.90401308,44.7657654,47.47983299,50.54423902,103.1744307,43.85957582,48.01469353,39.63408011,53.03948704,41.30911431,121.1780227,45.51813121,45.51813121,42.05479514,42.05479514,34.94993621,32.22762228,34.94993621,34.94993621,54.05075311,54.05075311,54.43876999,54.05075311,30.14837262,38.70686853,38.70686853,42.78721455,47.8292063,119.7051406,88.43522635,102.2010871,77.93751963,52.2927525,62.59016984,56.97996175,56.97996175,56.97996175,46.037993,42.0048573,42.0048573,42.0048573,37.8126186,50.98030696,45.15449209,43.33326091,45.15449209
1128,364,104.0198136,30.68603439,1437,104.018984,30.68389135,250.4579211,,38.70566714,32.55048794,33.45634568,37.41280149,41.61454688,50.09158422,54.6453646,54.6453646,54.6453646,66.297685,41.5158379,54.6453646,57.29299545,82.72004734,82.72004734,82.72004734,82.72004734,82.72004734,82.72004734,82.72004734,82.72004734,82.72004734,82.72004734,82.72004734,82.72004734,82.72004734,82.72004734,82.72004734,82.72004734,82.72004734,82.72004734,82.72004734,82.72004734,47.70627069,60.51332322,53.35198319,56.70745383,54.97856805,55.82962947,55.40083047,55.61440345,55.40083047,37.72587933,44.88604933,40.99566995,40.99566995,36.06594064,38.37312476,37.18377796,37.47414888
1129,364,104.0198136,30.68603439,1612,104.0209353,30.68733577,179.8530481,,27.5519563,27.5519563,27.5519563,22.63884522,25.64241478,22.63884522,22.63884522,21.69081987,21.69081987,21.69081987,19.70992308,20.6529816,20.1704353,20.40885652,20.40885652,23.587285,21.88326061,22.70334335,22.28576007,22.38870912,22.44054115,22.41459518,22.42756066,22.42756066,22.42756066,40.59379142,19.38535848,22.5207295,20.83575135,21.64549848,21.2329075,21.43721794,21.43721794,21.43721794,36.52868678,38.81914402,48.92727758,41.41605373,49.17501061,60.22985797,41.24018937,32.05301847,28.84057787,30.36206205,29.58176919,29.58176919,26.18689477,27.7810018,26.96040487,27.16097551
1130,364,104.0198136,30.68603439,1672,104.0155067,30.68723514,433.4806221,,88.83473848,58.66655036,71.36571216,64.3960209,67.70196267,66.0076238,66.8440581,66.8440581,100.0339897,94.29185738,94.29185738,94.29185738,63.69511182,63.69511182,63.69511182,56.13418128,59.67610859,69.42546789,43.75318428,53.00714129,53.00714129,53.00714129,53.00714129,53.00714129,53.00714129,53.00714129,53.00714129,53.00714129,53.00714129,53.00714129,53.00714129,53.00714129,59.02156731,56.23532395,56.23532395,56.23532395,50.29333184,53.83459214,56.88445588,51.6304463,78.418605,62.79799757,74.90545151,68.31945594,71.46102986,69.85493939,69.85493939,67.27933847,64.88691225,60.66201126
1131,365,104.0811893,30.67984653,399,104.0835475,30.68354394,467.922171,,110.0993344,67.96986479,84.05088476,67.96986479,69.51250959,54.29556215,71.12680433,63.56678549,63.56678549,63.56678549,48.22098709,69.60825684,69.60825684,69.60825684,69.60825684,60.16142199,67.82846046,102.09211,66.13740933,61.19962999,66.13740933,63.57278293,76.74349957,50.08483099,76.74349957,66.82392658,108.2596283,59.17516916,72.40056513,65.12318874,72.40056513,72.40056513,111.5576037,69.80054485,66.58181089,67.38079262,87.46208804,91.84949921,78.62402873,138.6436062,78.62402873,75.97338214,75.97338214,75.97338214,119.4694905,75.97338214,69.09433206,72.37075627,70.6946021,71.10631934
1132,365,104.0811893,30.67984653,718,104.0839234,30.67841788,306.0426804,,87.96436323,93.67136292,88.85110076,81.31023243,85.28705237,91.50777819,58.23222249,81.61138144,92.58434029,78.27734632,78.67327456,70.17539168,79.07322845,68.77363604,79.83722097,93.17155598,117.207835,93.17155598,65.58057437,75.26925018,55.29503887,71.77548205,76.5106701,71.77548205,71.77548205,55.57395457,62.64413074,55.15662826,73.35244004,138.2954372,80.15252072,88.34221703,61.03898335,87.2676158,76.66191282,87.2676158,68.35471034,76.66191282,72.12789849,72.12789849,72.12789849,69.00336008,63.68518205,77.04570975,58.14003427,66.27089621,60.87036737,67.26212756,71.69763444,71.69763444
1133,365,104.0811893,30.67984653,1410,104.0783637,30.68119666,309.2799252,,85.12291519,85.12291519,85.12291519,85.12291519,74.94330696,59.38174564,66.93834054,54.04891897,76.11185658,78.04259793,77.06513626,80.46967828,73.73561131,56.51815892,45.81924818,45.13815124,90.70531411,67.07275486,61.17624894,72.36633345,72.36633345,72.36633345,72.36633345,72.36633345,72.36633345,68.09833215,122.6895571,79.38736048,54.63237148,95.16305391,67.61585408,132.5485394,65.7709208,138.4835486,125.1019922,92.59107948,71.37229043,81.04878841,78.32190629,81.04878841,92.47435362,132.286067,59.66815277,84.90037165,74.64185903,67.27539158,74.64185903,78.77884889,78.77884889,85.64674852
1134,366,104.1696646,30.69594523,7,104.1642292,30.69574474,521.0576293,,87.65455446,55.25206084,57.05258422,64.44370256,59.45507022,67.81048226,56.18993906,62.42287739,62.94655924,76.14915287,63.45226099,63.34512336,58.77970906,74.26489472,67.11296835,172.092428,72.00796413,94.97759319,66.45066932,53.02885787,53.59449901,55.19021061,51.18164981,53.06386041,55.44258519,60.56785814,100.4640571,65.91189091,55.9942527,108.7424618,67.59666542,64.31099881,88.34258081,63.64062648,51.96142564,83.92874566,87.14552685,118.0991059,73.09018792,46.53165806,57.01542448,57.36414268,56.60251857,61.60287243,64.23998169,70.12364357,61.50188411,78.70520835,71.79142842,55.13837347
1135,366,104.1696646,30.69594523,183,104.1699986,30.6912367,522.8182633,,56.69113698,56.69113698,59.86944725,51.28462528,55.59080268,54.46380033,54.47599849,58.74313399,62.35151016,47.11253436,38.06929102,49.2708311,51.23280736,57.55797394,48.27779701,52.57158449,35.00581056,51.13947463,52.40009042,52.07914562,24.22324,48.713394,48.10596161,46.87785175,49.52794504,49.25590448,51.97469056,49.15112541,53.94416832,53.94416832,63.47877733,51.25058624,59.60908551,52.63051316,59.41075245,59.31208004,56.80520366,57.21264366,54.98273043,54.64133867,45.83147113,59.34519122,71.00370301,56.02848027,62.63341258,59.34495045,60.63247622,61.50991547,61.0680442,38.88730884
1136,366,104.1696646,30.69594523,389,104.1769595,30.69629187,699.7236653,,97.71160571,78.37601727,65.42870637,78.37601727,78.37601727,150.2986393,95.23649131,95.23649131,95.23649131,69.52176252,80.37240717,74.5543528,77.35413561,76.63465916,76.27991665,76.45687643,76.36829401,76.45687643,85.39471809,96.69885586,107.7649281,101.9324308,104.7675673,103.3305554,104.0440997,103.6860999,103.8647913,103.7753687,103.8200608,103.7753687,103.7753687,80.13802318,90.43770895,84.9769088,87.62230928,86.27933622,86.94563713,86.61120523,86.77809896,86.69457178,86.73631526,86.72587561,86.72065675,86.72326612,86.7219614,86.72261375,86.72245068,86.72236911,86.72240989,83.09419987
1137,366,104.1696646,30.69594523,411,104.1692364,30.7015895,626.8900077,,71.53103099,71.53103099,71.53103099,71.53103099,71.53103099,71.53103099,84.05229154,77.28780917,78.8747585,79.69292528,79.69292528,79.69292528,93.25636478,93.25636478,184.9839367,93.38499424,93.38499424,93.38499424,93.38499424,93.38499424,93.38499424,93.38499424,93.38499424,93.38499424,93.38499424,93.38499424,93.38499424,93.38499424,150.4536018,115.2410568,130.5139678,122.4029303,126.3283887,124.3346839,124.3346839,124.3346839,109.7174733,116.5696358,113.03981,114.7775905,113.9020724,114.7775905,171.8378702,137.6278632,152.8419876,152.8419876,161.2002877,156.9099087,159.0261658,157.9609496
1138,367,103.9977251,30.63671174,72,103.998373,30.6369159,66.08638951,,11.84619098,31.51139102,11.12166742,14.83852405,8.730678981,14.83852405,22.5152368,14.41884862,10.01730536,14.02225946,14.02225946,14.41884862,14.21778898,14.26752637,14.26752637,13.36766412,12.57457729,12.31423407,14.60921107,17.42937745,19.26404876,39.00180365,25.78981054,31.04874417,28.17598842,29.54269333,28.84315996,28.84315996,28.84315996,21.72703217,24.78441303,21.72703217,19.44114421,18.88182557,14.0775741,15.34909692,15.34909692,15.34909692,15.34909692,15.34909692,15.34909692,24.71802621,19.70277451,22.95884219,21.20655173,22.04793534,17.63256097,15.08949274,10.12387244,11.64802949
1139,367,103.9977251,30.63671174,986,103.9960972,30.63746196,176.7870752,,35.8554068,19.70382262,29.56030983,24.38442417,42.95147432,29.03878953,47.31847366,48.5055678,48.21465687,29.87950567,36.78806189,65.951655,47.67291916,47.67291916,39.0449982,46.72786129,42.5423443,48.78754088,43.51681851,43.76745264,43.89385547,43.83056292,43.86218637,51.65839715,46.34934008,43.85032223,43.85229915,43.85131067,42.60887966,58.17483344,53.90461645,53.90456979,53.90459312,53.90458143,43.85163499,53.90458143,53.70746588,53.80584312,43.65611881,43.68858368,53.76890945,53.77198532,53.77198532,53.77198532,50.91467766,50.91467766,50.91467766,76.67873141,61.19552603,64.44895906
1140,368,104.0158985,30.65212806,1577,104.0196414,30.65228885,359.0957098,,57.06431731,58.82796611,55.40333809,57.06431731,56.22156261,56.63980527,56.63980527,56.63980527,50.47421547,45.51917448,36.46670114,40.49317323,38.37460646,40.49317323,58.31930324,47.79828891,54.4313497,54.4313497,54.4313497,54.4313497,54.4313497,54.4313497,54.4313497,54.4313497,54.4313497,38.47454034,45.08263488,41.51728801,43.2265682,42.35469005,42.7861879,42.56934555,42.67749128,42.62334981,42.65040336,42.6368723,42.64363676,42.64025427,42.64363676,57.39358766,104.8171261,95.52299672,91.46777516,93.45141366,92.44895511,92.94748153,92.82234655,92.75990533,92.79111543,92.7833109
1141,368,104.0158985,30.65212806,1697,104.015711,30.65440143,252.5996352,,40.82418347,37.73272559,39.2176253,58.66830237,34.47151959,34.82131674,35.17828575,30.86058891,35.40865683,21.75499251,35.02023183,29.08396652,37.73272559,44.39505387,58.57382845,53.91454663,32.56432182,16.99735863,40.9160264,40.2816694,43.26845456,44.84017193,38.55120555,29.52463269,34.76141769,34.76141769,45.26674878,43.5910955,42.03507027,49.17667525,40.65687123,38.77862203,38.77862203,26.62836564,26.62836564,23.3168894,24.86284858,19.77726591,34.01591098,41.33448576,42.14872244,106.9833749,35.110374,41.44212766,33.13989383,24.71083388,43.93037134,31.49294153,38.69611433,37.91251224
1142,368,104.0158985,30.65212806,1709,104.0112513,30.65234786,445.962037,,83.99285004,85.03799394,86.10947558,85.03799394,85.57038071,68.97801646,113.6611209,131.5953552,126.6013471,121.9725229,102.7085699,84.5536976,88.69963167,109.029768,117.5548465,113.1319324,123.9740026,84.7955986,89.35788495,89.35788495,89.35788495,70.88138336,88.83050536,191.1265873,88.30931426,113.3801789,118.0487745,115.6673871,118.0487745,118.0487745,136.0562147,126.4144357,136.0562147,131.0582313,183.4815238,94.99783037,101.6116034,101.6116034,101.6116034,101.6116034,101.6116034,185.6026975,120.2594257,120.2594257,96.27966016,80.27316666,133.7886111,85.39698581,104.2508658,98.79774358
1143,368,104.0158985,30.65212806,1741,104.0159762,30.65041126,190.4208117,,24.26601494,24.26601494,24.26601494,26.06520616,14.64775475,15.92369157,17.44312779,12.46390767,36.63678325,30.26555948,36.73713409,19.94708794,25.85547858,25.85547858,35.45766839,22.2750584,31.30205124,23.31683409,21.42234132,30.12306625,27.60462774,27.60462774,27.60462774,25.86848763,16.60847782,27.44804493,68.89597207,29.23304572,27.12225211,27.12225211,27.12225211,19.3102795,57.12624351,29.48451278,30.87905055,30.87905055,35.78155314,52.13041233,42.53453497,42.53453497,26.89465693,25.88351435,38.58432957,21.01195164,23.75585961,26.38625566,32.69546528,21.55707302,20.38706088,27.5031062
1144,369,104.0892991,30.66187992,1384,104.0881928,30.66001727,232.05714,,25.73118185,40.91115103,26.23395442,28.82697391,20.26454103,24.863265,27.9399901,31.15732229,34.04261222,31.23011978,54.33533034,25.50857111,40.35776348,36.5444315,52.87377873,32.29066774,34.15295621,36.24319757,20.57649517,31.52474355,69.90842711,33.3628476,50.27058393,45.80303416,50.27058393,42.06473837,48.15018467,33.0199883,20.62730133,33.55042988,34.098192,44.59461054,40.61940213,25.94427652,33.05628198,27.86749939,73.12084937,26.69027808,67.30358139,62.34370925,74.99153537,37.57446945,88.87294723,44.43647362,65.39379288,94.93246636,41.42507622,27.07960143,25.04213741,30.21358785
1145,369,104.0892991,30.66187992,1656,104.0896351,30.66368435,202.5600685,,28.36037906,26.95808675,29.91656396,25.78254261,33.87370789,54.96604872,39.0372723,33.56873657,50.03198948,47.12221303,41.43274128,47.08418057,47.04620946,49.60654739,31.68209615,39.84788233,39.20517455,39.71766049,36.33968006,35.51377825,43.60538734,27.36271094,35.92198259,38.50138578,33.33559984,37.18119804,59.16561839,47.32376821,65.4592681,34.50550063,38.69804294,37.01605313,40.54016659,71.14304845,52.65099253,55.66536234,49.94631826,33.65613445,32.84757868,17.48720016,32.44952903,32.57247333,45.76671005,49.94631826,32.99621025,46.78211686,32.6380775,26.98302485,41.29197319,38.01301026
1146,369,104.0892991,30.66187992,1659,104.0880259,30.66262974,147.6014535,,19.6801938,19.64381636,19.3928917,13.87376586,17.01730128,34.28162791,32.91885798,22.42047395,47.87074168,27.67527253,31.24758792,25.12365166,44.91201121,37.4200868,34.67309838,43.28840999,41.92230632,25.92025525,25.92025525,25.92025525,25.92025525,25.92025525,25.92025525,25.92025525,25.92025525,25.92025525,25.92025525,25.92025525,25.92025525,25.92025525,25.92025525,25.92025525,25.92025525,25.92025525,25.92025525,25.92025525,25.92025525,25.92025525,25.92025525,25.92025525,25.92025525,25.92025525,25.92025525,25.92025525,25.92025525,25.92025525,35.66209615,30.02063461,32.59909402,32.59909402
1147,370,104.1515025,30.62822194,173,104.1534238,30.63133569,391.1443351,,93.0475511,144.1760689,68.68876129,70.99762722,69.637071,60.91360949,75.18324927,43.76440113,76.77162777,74.93082067,43.30772076,88.84035371,73.74498959,52.4439332,62.3521597,78.22886702,78.22886702,77.45432378,86.42084274,78.22886702,70.07620991,64.55562665,84.72440471,60.3049082,65.19072252,64.73648072,65.49393518,42.06481274,79.61100248,62.30617727,111.9331961,71.23707957,83.22834762,85.64878807,95.46573602,85.07472369,84.74671319,117.5072336,76.37043148,72.53897151,82.34617581,79.23502609,82.11643104,81.12675411,65.71087931,69.53677068,84.94374905,84.94374905,73.9170397,81.74365495
1148,370,104.1515025,30.62822194,679,104.1482109,30.62933224,338.6277925,,101.1668094,115.2472739,92.50877298,94.60554732,113.9308461,105.6988486,109.5374065,105.6988486,105.6988486,89.09086869,76.99326652,42.32847406,76.99326652,97.4814791,132.8273665,54.54407396,72.85219442,72.85219442,88.01877639,82.13109117,88.98248562,92.79239224,90.01498284,135.451117,90.8052181,67.47564868,68.00892904,75.19260157,153.1482479,84.0731071,84.0731071,68.1991638,68.1991638,61.33635487,42.92464975,55.72845957,48.4956759,55.72845957,62.93276248,98.70931603,72.27628771,73.51115899,74.14455465,73.82649829,73.98518467,73.90575628,73.94544914,96.90461471,73.6592177,62.19694148
1149,371,103.9718535,30.60676545,118,103.9721097,30.60924975,276.4329203,,24.62806442,25.59344655,24.42106781,26.20562246,31.26561633,21.78980414,22.92331732,36.51957846,26.13336431,26.66555501,25.74462587,26.53048555,26.46346265,33.25879284,41.90141108,27.61772007,27.8755886,24.91299924,29.72785461,42.61920827,33.24007527,39.85790669,43.5012259,41.59994829,42.52934851,39.23125359,43.27051728,39.30325881,42.29075073,36.66759444,43.46944538,47.75795106,39.57841953,41.55150368,46.72105695,41.64116815,53.03976086,38.85440754,43.64730321,37.94694044,36.41600999,40.69969891,39.56155341,39.73060406,28.57598028,46.55712342,39.6882061,44.18966149,42.50543569,46.59219316
1150,371,103.9718535,30.60676545,383,103.9816494,30.60279961,1036.890505,,103.7370769,127.3999689,88.98226026,124.6207151,117.1382579,129.8819004,125.4074774,123.042631,119.8492838,114.5325232,124.6530106,131.8624369,150.1096905,136.4828453,125.2925977,121.9815125,121.788118,117.7541268,110.8240234,123.654023,112.7877875,124.4527883,125.0390309,124.7452208,107.1230611,123.2814536,118.1481991,111.6399514,124.8460621,111.8862741,123.6651189,124.8414749,124.8221307,115.3613789,152.1420753,122.1867698,133.6246937,137.5642461,116.7520358,131.8708478,114.2622787,129.9468965,120.4454687,124.6345849,124.6345849,98.42599388,132.5158489,114.9970985,132.0703763,128.215449
1151,371,103.9718535,30.60676545,416,103.9694659,30.60783411,257.7163082,,18.53703715,18.53703715,18.53703715,18.53703715,18.53703715,18.53703715,18.53703715,27.48973954,26.89213651,26.89213651,26.89213651,20.68625885,23.38446653,23.38446653,24.27151627,24.27151627,24.27151627,28.54703722,28.54703722,39.69106779,21.9592594,28.27516067,24.72016545,25.24567917,25.24567917,25.24567917,29.22137668,30.67037056,29.92834547,29.92834547,29.92834547,21.83008728,25.24567917,23.41397374,24.29535082,23.84652105,24.0688437,24.0688437,24.0688437,24.77379732,24.77379732,28.11450635,26.33864328,27.83336129,27.83336129,27.83336129,27.83336129,28.58221533,28.2028182,28.2028182
1152,372,104.0266743,30.57742312,217,104.0201993,30.58034411,700.2356892,,44.59705407,53.42195457,44.59705407,48.9802166,58.76103686,98.27869322,41.32877254,52.1452109,45.05940622,57.42251665,62.30085835,46.89950663,37.7938303,65.23653606,39.85531195,49.91779171,65.23653606,45.43706707,52.40849233,61.01902526,53.46444287,43.88536453,52.64563483,65.98755902,75.47450542,46.51011958,36.48116471,38.66332026,60.08935237,48.39641912,49.60672642,39.03752971,58.62438328,49.07557069,60.78605802,40.01346795,58.30798338,67.48356261,76.29301834,61.86131242,76.85513662,72.54240233,53.27880244,35.50490818,69.56120773,38.07928219,44.89489726,64.30363103,45.70894798,56.83987556
1153,372,104.0266743,30.57742312,706,104.0435588,30.57197098,1728.254341,,142.6998997,156.2575916,89.21621262,134.8881437,84.99611513,184.8034345,85.90563518,95.20605398,192.0529583,144.6069873,118.9904973,158.1111678,227.4828661,129.9537365,189.1069038,159.814865,212.670358,131.6300908,186.6981434,139.8138343,101.8323746,212.0480039,160.171661,134.8150732,175.7546787,246.1121688,161.8552453,179.7711371,185.1184566,162.7124061,63.0366325,63.0366325,63.0366325,63.0366325,63.0366325,63.0366325,63.0366325,63.0366325,63.0366325,63.0366325,63.0366325,63.0366325,63.0366325,63.0366325,63.0366325,64.30713827,63.98473457,63.82474196,63.90463813,63.88464534
1154,372,104.0266743,30.57742312,877,104.0283682,30.5816609,496.9689526,,64.71652123,53.39113001,81.17460206,68.8938909,54.44577691,57.89929545,28.19435136,29.77488775,64.93968165,62.62624249,78.80481616,39.06306178,80.41347932,73.95473217,41.01649473,45.95563521,88.16861909,61.51592766,53.6860684,44.69926869,85.97779627,56.70002311,46.08506939,54.71217827,68.81108574,114.1728289,53.26252543,51.69417001,55.55558436,42.95529962,33.72002586,41.54631592,32.73720456,33.72002586,35.46260118,25.43124704,25.44110985,26.97691467,29.24541446,40.11408586,29.76852295,26.62333675,21.97897088,21.97897088,21.97897088,21.97897088,21.97897088,21.97897088,21.97897088,21.97897088
1155,373,104.0957303,30.60007481,941,104.0946732,30.59714389,340.2725957,,32.2242368,38.60640859,35.06625987,40.4117557,43.68757303,47.54131996,78.90379031,64.64281501,45.49605736,37.36977866,41.03446427,66.63543126,31.90055585,45.65147868,46.16763862,59.23507469,46.69560399,59.23507469,44.57719594,50.45227943,44.32984359,51.25444956,33.88606762,39.34629587,36.27782856,42.98180156,39.34629587,51.25444956,33.68417996,42.11004966,42.05222604,42.16803251,52.12686572,65.85921207,58.89333387,44.70734834,38.32058429,37.20520409,30.07934548,45.61370335,53.72725195,35.63582093,70.67200066,46.91649645,40.75508275,55.2727059,32.15174133,32.62267229,45.45385323,39.54742032
1156,373,104.0957303,30.60007481,1262,104.1004776,30.60140334,478.3520148,,49.86079633,47.19608779,47.11538313,31.61448335,58.62356607,84.00328065,84.00328065,84.00328065,80.09615132,161.9498985,107.1826091,128.9938017,117.0810597,119.8480907,121.2812386,120.5604057,120.9197479,120.7398094,120.8297117,120.8072236,120.7959827,120.7959827,120.7959827,114.4230733,109.1643267,85.4623947,104.3677123,93.97365639,98.89833472,93.97365639,93.97365639,68.24572999,79.06947402,73.43570376,73.43570376,73.43570376,73.43570376,73.43570376,73.43570376,73.43570376,73.43570376,73.43570376,73.43570376,73.43570376,73.43570376,107.6292033,96.40684413,91.62978401,91.62978401,76.60441518
1157,373,104.0957303,30.60007481,1312,104.0957079,30.60237883,255.3599632,,20.8930879,25.19481651,28.53690055,26.6720271,30.42476139,21.89378885,24.03387889,24.03387889,25.12309362,24.56641891,24.56641891,24.45884465,24.35220841,32.24185419,25.69211158,32.24185419,29.75428628,34.35702655,27.62307294,29.95424788,21.86197069,32.71515543,23.83138996,23.37688156,35.93807144,30.52617857,47.30510468,26.53090527,26.53090527,25.57151231,23.24389046,20.6583341,21.3046551,32.80856058,42.51079156,44.26785878,26.07931539,28.70108859,33.38846977,18.28352958,21.80848674,22.78304504,29.46461114,28.74296616,29.09931524,28.74296616,21.88799685,36.56705917,19.23883922,23.18526778
1158,374,104.1638932,30.57872323,177,104.1497085,30.58671198,1622.907788,,207.0573433,140.0232004,124.4212846,87.06024642,160.0049932,228.0432489,245.0406007,77.55488545,123.0965085,125.9548465,360.0112346,337.7149154,317.2380834,185.9474232,320.7210267,73.39783966,79.19306048,111.6572965,118.2386651,77.28611528,77.10045968,268.4135392,239.9370857,289.2310909,244.838891,294.6163091,112.3158833,228.2214077,184.888229,403.8572375,220.470492,156.2157229,85.61019909,151.2808917,91.33851382,112.8252598,185.7700489,269.2381584,109.8208278,109.8208278,206.4476338,354.0889719,113.3909372,331.9584112,250.6301827,332.5883132,132.9344263,132.9344263,118.7493503,476.288155
1159,374,104.1638932,30.57872323,191,104.1771707,30.59277035,2011.063681,,141.6796331,111.8984428,111.8984428,127.349679,111.8984428,111.8984428,111.8984428,111.8984428,111.8984428,101.1149337,106.2337381,103.6111521,104.9060569,104.5793058,104.4166923,104.4979358,104.4572982,104.4776131,104.4674547,122.5526,106.0006461,104.4706289,104.4709464,104.4707877,104.470867,104.4708274,104.4708472,104.4708373,104.4708422,104.4708397,104.470841,104.4708404,104.4708407,104.4708405,104.4708407,104.4708407,147.626085,143.5406048,130.7123314,104.8443391,105.7319381,118.6192604,118.5488886,118.5840641,118.5664737,118.5752683,118.5730695,118.5719702,131.1765787,118.5723824
1160,374,104.1638932,30.57872323,205,104.1502536,30.57428621,1397.328501,,178.2769972,126.9897786,119.1227274,77.74934472,135.9300453,159.3910838,62.4375168,52.56408154,105.9864652,108.4475028,134.1435361,134.1435361,98.53834679,104.2566343,135.5898276,63.19576135,70.71351402,96.13726906,101.8038473,80.84487077,70.31696943,114.7179613,106.6889205,124.053825,136.0942199,248.2607084,96.70431429,187.5696147,154.3062148,155.4986894,154.3062148,134.5022087,73.71063966,130.2533041,78.64273593,97.14288904,127.701695,156.2230622,94.55606398,94.55606398,158.6871484,160.2032676,95.83963046,133.3140266,131.0659142,139.1530457,103.2932773,103.2932773,94.11379988,89.85500334
1161,375,103.9627835,30.70116449,247,103.9636875,30.70216665,140.8318461,,16.00795003,18.48321713,16.27525849,20.58443548,15.96833531,15.96833531,15.96833531,14.27023368,15.96833531,17.43747708,16.67060077,17.04541781,18.19528814,16.90290279,18.10291081,18.75442587,17.35490573,20.92137466,18.65394708,18.71309979,18.71309979,16.39344619,16.13309179,15.46894419,15.1738016,19.50783302,19.6604807,19.08386371,14.84610969,19.35094069,19.20434265,22.99295447,19.72741813,22.13950419,22.13950419,20.95019198,22.46445399,25.06550735,24.7957033,25.01618318,25.01618318,24.75156938,22.18794949,15.24386587,19.00093996,21.0225838,23.57900842,22.34419677,21.30229605,13.51985723
1162,375,103.9627835,30.70116449,312,103.9619769,30.70213373,132.3131901,,15.03965896,17.36520176,15.59045853,23.34938649,20.66496678,15.00244045,14.05614118,13.40705383,15.00244045,15.90674518,15.66222719,19.64237049,26.89596185,15.88047769,17.00789946,17.62000559,17.01169587,19.65587969,17.52560457,17.58117924,17.94077154,18.0746579,15.15723113,15.16966511,14.25596661,18.32784054,18.47125485,17.92951635,13.94809617,18.18043833,18.04270774,21.60215349,18.9018843,25.0698676,19.6829539,19.6829539,21.10562102,21.33719534,23.2958574,23.50300087,23.50300087,21.30938745,20.84584177,16.19178046,19.7373267,20.64652533,22.15275813,20.99263794,21.83221147,15.89082517
1163,375,103.9627835,30.70116449,583,103.9627994,30.69202232,1013.258931,,182.5691768,157.6003679,170.898435,359.382478,158.4157963,162.2352783,107.2074108,175.9356343,188.0274305,121.8143981,152.3697641,150.4219444,151.3895892,150.9042156,128.7297198,162.3469108,143.7143756,151.90972,138.0736088,176.4812727,264.9684371,177.851397,162.764449,169.9737987,169.9737987,173.040042,176.2189445,188.6309423,200.608551,266.6470871,220.5019436,164.7810529,262.4267735,193.0617888,136.5552513,147.9210118,293.1587264,163.400971,185.477906,172.0628373,201.1616996,163.1880173,151.8622877,199.1482521,167.5467524,158.1117964,178.1989327,138.2839158,167.1918214,194.5457148
1164,376,104.0213322,30.69724433,125,104.0229801,30.69537616,260.3460928,,32.58852344,73.79889245,19.2058593,30.70061553,35.00451668,40.43726465,45.0350073,34.3313529,29.95352937,50.79923762,38.622772,36.99655003,28.74987528,41.06725125,39.43531279,38.53015145,85.20417583,34.64864821,44.25146053,39.81020352,29.75383918,46.97974607,43.28381488,39.62984922,40.52955391,41.47105903,30.09505293,37.98912298,41.30136317,37.43991748,36.23373456,48.7725551,37.26006695,42.17079568,37.47318262,34.75572067,46.42704317,31.98791584,26.25338751,34.24771988,36.89944622,38.17260648,29.04687812,29.70668571,29.94395956,30.56236741,22.31537938,29.65968146,35.85196849,48.22464286
1165,376,104.0213322,30.69724433,430,104.0233096,30.69872934,250.9085722,,55.48346805,55.48346805,41.64670973,67.91510225,90.78099095,67.91510225,55.5517134,67.91510225,67.91510225,58.73022496,62.98959972,60.78538761,60.78538761,30.15929415,40.31559294,34.50561971,40.31559294,40.52359174,40.73374791,45.06964789,46.72090656,43.53112578,46.72090656,62.29454206,46.72090656,46.72090656,34.30142506,46.72090656,46.72090656,63.1657944,53.71283606,58.05704511,55.80051644,56.90641983,55.80051644,47.30714815,23.9277049,41.05776636,30.92069696,27.14563065,35.91534234,33.00624335,33.00624335,33.00624335,33.00624335,33.00624335,31.86140599,31.31826154,31.86140599,36.42221209
1166,376,104.0213322,30.69724433,1453,104.0197676,30.69901835,247.2161626,,54.46622921,52.73076805,52.73076805,48.73511546,102.1495765,95.69657907,151.700827,143.5448686,80.4339668,81.09140641,41.68516091,58.16850885,43.9133973,26.52692058,46.6567856,46.40136524,46.40136524,29.7651567,32.49281436,24.15137545,30.781779,28.73214481,33.14630113,29.46947634,43.9133973,47.08879288,45.44569458,37.06036466,55.27814816,24.31634386,54.76788833,54.76788833,54.76788833,30.90202033,39.51068525,34.68010464,36.9381348,34.68010464,34.68010464,31.41099478,34.68010464,34.68010464,32.98506131,25.03454811,31.44799242,25.98476454,25.98476454,22.96717898,24.38296398,24.38296398
1167,377,104.0903802,30.68823322,758,104.0875661,30.68960162,309.2870407,,66.66948708,68.54240849,64.89619837,52.27386603,50.75479642,50.01385049,62.69331906,61.32929477,60.023361,76.32790722,67.20080552,71.47415665,67.20080552,63.69755987,79.31849307,52.9575908,80.29567401,50.43865669,46.88140406,98.53392447,32.43009747,82.78314844,71.37393247,163.2600215,85.13933829,79.53095332,82.23963987,75.5154493,98.09985432,75.31679911,97.6695918,64.36030905,88.19274032,86.83622288,55.25723804,56.66327463,56.66327463,56.66327463,63.44349553,53.78905056,42.9897045,43.53600573,43.53600573,48.50680761,61.85740814,54.75901705,56.37637198,57.22141396,56.79574987,57.00778734
1168,377,104.0903802,30.68823322,852,104.0882401,30.6850032,412.5236789,,68.4897115,69.9412203,50.7721451,53.97856407,63.83541118,86.09189821,61.7499062,77.6176957,49.66840281,48.34786469,72.90039768,67.4600695,68.9134684,60.24686588,72.97716187,66.6555316,57.85468436,72.44318264,70.05119076,81.07165103,77.53174033,77.53174033,77.53174033,57.27601492,96.15659856,76.55078578,69.07373228,67.84027278,56.7826711,90.87060061,59.40340976,50.8300711,62.39853967,46.78907511,69.57713274,101.9976129,52.1540033,49.58548394,46.77433839,75.89873478,111.4928862,61.62179436,104.4363744,65.79491588,67.96728806,66.86346169,91.86094291,83.78478105,73.57978089,74.6273992
1169,377,104.0903802,30.68823322,1329,104.0929173,30.68648862,310.5509927,,117.6824814,117.6824814,117.6824814,117.6824814,117.6824814,117.6824814,54.08725562,35.11254943,51.91874182,41.38125504,48.27217503,48.27217503,48.27217503,45.53904577,79.00943984,48.085315,48.085315,48.085315,47.43918983,47.59908776,47.67944161,47.63923081,47.65932773,47.65932773,47.65932773,57.39135389,57.39135389,57.39135389,81.30789627,52.83476246,48.94849272,41.66398412,63.70276773,47.62443339,79.57178461,79.57178461,79.57178461,91.63799785,85.17970085,88.29090414,86.70740271,87.09792905,87.29451439,87.09792905,87.09792905,38.09143352,44.32663664,50.81743517,50.81743517,50.81743517
1170,377,104.0903802,30.68823322,1349,104.0925297,30.69156196,422.4853881,,51.57696524,70.41423135,49.04699765,63.18134959,55.77364859,50.78288471,69.02938263,69.78823732,67.89943737,66.48143066,57.58740671,61.71562929,54.66118229,45.50328787,57.36331779,49.3013743,86.41746575,84.6852671,62.88618889,55.40791975,55.95832955,55.95832955,55.95832955,56.04080314,56.12352019,57.99608759,61.74346674,102.998695,81.47932483,44.68993332,66.0006103,84.7968645,73.69823851,65.17764044,57.66625203,58.42307544,58.04219674,55.57664057,60.27532618,58.83742349,70.41423135,79.15711362,81.2672263,79.47300573,79.79142924,71.68644447,37.61617635,59.68100262,72.97893727,52.26623358
1171,378,104.1372523,30.69613294,169,104.1476634,30.68782026,1357.614927,,85.81938081,81.36648841,88.88900402,149.2650825,99.41881207,115.5872386,90.58391089,94.90123762,88.89670303,88.59360248,134.132738,97.35883939,102.1694244,122.4477314,101.2370596,88.45997714,97.78086837,99.60761692,121.4132704,100.5197478,115.9681615,119.4132501,109.3652999,112.0324066,132.8101559,132.8101559,131.2663054,148.6065416,131.5778457,132.4502368,110.4916444,126.4723101,104.9620287,127.8758173,92.12843991,100.460714,125.7923205,106.0176516,100.2639894,120.5124326,115.1140517,99.17641512,118.8188105,98.02273841,116.4594218,92.74029862,117.9379465,89.00919058,131.1737379,92.82837108
1172,378,104.1372523,30.69613294,315,104.1454657,30.71104408,1830.238566,,124.1034469,120.169321,145.0168719,163.8828517,132.9152637,125.1068942,132.8678,138.3517681,152.7925137,166.171141,165.3855975,167.282107,137.3871521,165.6631873,169.725728,173.9769406,146.1314614,147.2919263,215.1337998,180.9628903,147.451244,191.3563863,175.5501087,199.0239481,183.3094821,147.0604322,195.4944216,207.1651681,205.7260784,202.166777,154.0352738,201.0082231,201.007161,157.8391407,172.6362119,194.9727463,194.4811158,174.8260057,222.2055886,224.0711532,200.8798412,223.3679071,171.7712494,205.5774869,197.7042827,201.5640312,184.658183,200.099093,200.3417688,196.444923
1173,379,103.977821,30.66658483,487,103.9776502,30.66449919,231.735123,,34.97888649,30.33623428,41.29932885,38.13698024,38.13698024,38.13698024,38.13698024,38.13698024,38.13698024,66.47382014,63.38054646,63.38054646,63.38054646,63.38054646,63.38054646,63.38054646,54.01838561,47.06608986,46.26135543,45.92182253,45.58723731,31.86579231,37.51108106,34.45875435,35.92019129,35.92019129,35.92019129,67.27793894,46.83488802,46.83488802,46.83488802,30.78400158,37.14985551,33.66866713,35.32369986,35.32369986,35.32369986,69.23206994,46.77949125,49.00125949,49.00125949,49.00125949,23.63304371,63.52130277,39.86840826,40.99491119,39.86840826,39.86840826,39.86840826,39.78917851
1174,379,103.977821,30.66658483,514,103.9779032,30.66846905,208.9813393,,33.4866241,33.4866241,33.4866241,26.32375163,26.32375163,25.02215592,26.32375163,26.32375163,30.64492145,30.64492145,30.64492145,30.64492145,30.64492145,29.04759928,50.37943002,43.57139892,38.38432763,78.36800224,40.49154045,33.2890629,34.99222425,34.99222425,40.80449201,48.93221603,75.99321429,48.93221603,54.39096613,32.36834512,61.22057317,35.9537788,36.47674286,36.47674286,37.06073012,37.06073012,37.06073012,55.86629861,44.56068045,55.86629861,54.11168701,62.69440179,52.46393455,46.2974044,91.85992936,42.08854945,48.12363465,35.52929499,52.48833639,43.57139892,47.61600136,45.50400131
1175,380,104.0331866,30.6533746,1117,104.0344558,30.65335487,121.6308203,,12.78455337,12.23103221,13.39054902,12.78455337,13.30914751,13.30914751,13.30914751,13.30914751,13.30914751,13.30914751,13.30914751,13.30914751,13.30914751,13.30914751,13.30914751,13.30914751,13.30914751,13.30914751,13.30914751,13.30914751,14.66904365,13.95604631,14.30366527,14.17058101,14.17058101,14.17058101,14.17058101,14.17058101,14.17058101,14.17058101,14.17058101,14.17058101,14.17058101,14.17058101,14.17058101,14.17058101,10.38839746,15.39089466,12.40427629,13.73712794,13.73712794,19.76844032,16.20993811,17.81320938,16.9737983,17.38337634,17.17614599,17.17614599,10.05444209,13.0318736
1176,380,104.0331866,30.6533746,1646,104.0295853,30.65343078,345.1284077,,33.65152205,32.30989349,32.30989349,24.77492059,32.13091366,26.23996342,31.95359454,33.0794001,49.94106158,24.82442093,34.17381483,48.06430436,35.02584558,30.98409645,30.60251891,42.52927078,31.61481597,52.70761645,27.40251499,42.53967167,29.44921232,38.86945934,61.02466934,30.51369713,28.58425462,28.69869729,32.97405169,38.74622456,64.12708479,54.31985701,23.87055269,40.33968402,27.42742313,34.34113509,34.34113509,49.58829449,34.34113509,36.21635059,22.00996046,38.30818914,32.04376784,49.89808304,49.9984816,47.12787913,39.25631178,48.83344118,37.74369121,32.68920678,42.61575262,36.89568724
1177,380,104.0331866,30.6533746,1789,104.0309005,30.65657928,417.2953069,,42.75245884,38.38312329,47.80471296,37.57223272,36.90639081,43.3053648,45.06451331,48.71151442,85.35585823,85.35585823,85.35585823,85.35585823,85.35585823,85.35585823,85.35585823,85.35585823,85.35585823,85.35585823,85.35585823,85.35585823,85.35585823,79.48482036,85.35585823,85.35585823,90.6342748,87.91590957,89.2543991,88.58009831,88.91597032,88.74771654,88.83176373,88.78972024,88.78972024,88.78972024,64.75272004,110.8681258,81.75581523,94.1120191,87.49985321,90.68556754,89.06423225,89.46410653,89.66539324,89.56463679,89.6149867,89.5898047,89.5898047,62.59429604,73.69772177,70.56824619
1178,381,104.0696483,30.64887984,925,104.0724705,30.6485309,273.1858841,,53.9774524,36.94047783,53.99438652,48.77439591,50.48138596,52.31219057,39.57622466,30.42441401,36.97252567,44.23399623,34.38703436,32.13951578,24.58672957,33.0102339,33.3379384,41.06343143,33.3379384,33.3379384,32.61921004,38.87229971,45.40485608,26.26787347,43.70974146,29.84731966,29.84731966,28.93265553,28.07238391,26.8707427,26.5443774,35.82765693,28.79851194,31.65673335,20.77020449,42.53759441,30.22073872,52.80371451,36.80648139,29.42756382,33.39453931,30.92670386,36.29037575,38.03471977,29.59285405,27.04314893,21.46141152,24.89795399,24.89795399,26.08671572,26.08671572,26.94436117
1179,381,104.0696483,30.64887984,1509,104.0698233,30.65116749,254.0940805,,65.3093219,55.52726871,48.00377963,66.45139489,50.46834151,54.85689294,92.66527972,52.96649295,41.17794746,41.17794746,36.58954759,40.95080872,39.84053527,43.75065476,36.37935577,37.47052118,38.62916764,36.19144173,35.90730873,41.35346699,43.56886478,41.35346699,36.71713965,26.24788206,33.01560802,30.36117036,39.29430562,46.19892373,31.79856395,37.24126981,31.79856395,23.3948514,32.15250228,32.51440841,38.35382347,35.19353728,52.27078227,32.09609438,44.64119604,80.95032653,30.10989762,27.04327243,33.34405917,26.51416492,45.38779759,37.79911941,31.43431924,26.32341553,26.32341553,27.89900693
1180,381,104.0696483,30.64887984,1837,104.0637012,30.64989872,580.9478058,,104.3437708,126.3383637,95.81076378,117.8562147,79.12025603,110.8914157,76.32890879,90.41989195,116.3477533,174.6481921,163.1232755,138.1499576,163.6821993,77.51712753,72.99867717,97.40442254,140.4679769,160.2614637,135.1077033,109.7854121,85.64779528,135.8460768,141.4937311,132.4821947,151.886575,142.0396977,109.4980158,127.5958575,75.00776285,118.7017679,68.23530509,67.91524052,109.950317,116.1895612,80.9886235,81.8497271,120.0974956,83.89335942,66.89599626,53.91229868,49.91436995,59.92584816,53.5801563,61.64161981,82.01616082,48.47777711,47.47324208,58.86564015,59.06426986,46.48443269
1181,382,104.1509475,30.63246953,535,104.1523394,30.63505025,315.5945741,,54.88601289,39.72519115,61.9712982,61.9712982,61.9712982,61.9712982,61.9712982,61.9712982,61.9712982,61.9712982,61.9712982,61.9712982,61.9712982,74.25754685,67.56038453,70.75083344,69.11881167,69.92530118,69.51971753,69.51971753,69.35571107,69.19247666,49.29025886,57.5698235,53.10928909,55.24967318,54.15834193,54.69856461,54.42711279,54.69856461,54.69856461,79.78514514,64.9020305,71.57811878,68.07679027,69.78356312,68.91961137,69.34889656,69.13358756,69.2410747,69.13358756,65.42075623,65.42075623,65.42075623,60.21945936,62.71244526,60.21945936,49.46910595,54.31747251,53.01841571
1182,382,104.1509475,30.63246953,544,104.147912,30.63352447,313.5298126,,65.74994127,71.09967404,82.31229355,90.4412921,61.53388846,93.98774094,71.73987239,52.41674886,66.06422741,57.88242694,69.84575033,84.23188995,77.06510098,101.9148827,51.2715852,65.18040376,67.75631769,83.53060687,70.54420784,67.11837414,116.0624499,47.9790574,94.32094638,112.3091866,80.71064485,154.6174418,104.9960303,58.33112793,63.17391745,73.61134732,75.60718925,69.45891233,72.81982744,84.80724439,89.01796439,93.66865771,103.5511308,93.28159714,99.00941451,93.04130451,89.1377947,87.0049006,84.97169327,68.40650457,105.7690934,80.76617713,84.57376152,84.57376152,82.7018037,80.91091938
1183,382,104.1509475,30.63246953,553,104.1510429,30.63182274,72.26269556,,12.56742531,17.75738594,14.06192995,14.41250438,23.12406258,23.12406258,23.12406258,13.76432296,23.12406258,24.08756519,23.59598222,23.83923977,23.71698726,23.74743269,23.74743269,23.74743269,21.67880867,23.74743269,31.53281261,29.14415134,29.14415134,29.14415134,33.67581929,26.3756907,21.10715651,24.08756519,25.7570004,12.507005,36.13134778,18.581836,34.35886657,34.35886657,34.35886657,34.35886657,34.35886657,34.35886657,34.35886657,27.04485042,22.2982032,21.236384,22.2982032,25.13485063,24.93409304,24.93409304,24.93409304,24.93409304,24.93409304,26.54548,26.14529689,26.14529689
1184,383,103.9816494,30.60279961,12,103.9826185,30.61386248,1229.628076,,123.0197612,161.8523244,104.649198,185.474626,154.0243937,154.0243937,154.7467967,151.7712368,142.8723316,135.8218688,201.900163,161.8523244,183.1090413,161.8523244,144.4261362,161.8523244,144.4261362,148.0488653,140.9764673,146.2150644,148.9831241,147.5861162,148.2813298,147.9329062,148.1069131,148.0198585,148.063373,117.262545,148.052492,148.0470521,148.049772,148.0470521,148.048412,110.3630285,216.4626442,144.8988895,205.1754843,175.6611537,193.9391489,184.3481967,189.0220901,186.6558893,186.6558893,147.8017053,147.8017053,109.0310609,164.9277598,150.8660405,218.0956957,152.0481817
1185,383,103.9816494,30.60279961,346,103.9854006,30.60176279,377.5490226,,78.3387021,46.38844074,78.3387021,45.37646833,42.65198163,49.66540126,45.66294154,44.80186177,43.41261054,41.75269903,45.38822767,48.01329932,54.65742683,50.48067805,45.62111193,44.41549092,45.99678274,42.8762297,40.35286419,45.02447971,41.06790326,49.53342276,112.0200397,126.6313492,39.00528247,44.88882103,41.7010644,42.12245509,48.1408435,40.73964725,45.02851994,46.35650016,45.4498071,43.0293993,55.39745186,49.783645,48.65496622,50.08942257,42.51135177,48.01636188,41.60478994,45.7378513,43.85619192,49.89755017,55.12502839,49.80949084,48.25121744,41.61756237,48.0890135,47.13992023
1186,383,103.9816494,30.60279961,371,103.9718535,30.60676545,1036.890505,,90.29525443,89.3728448,96.56930002,96.63179767,108.2495646,81.73281602,115.5667436,355.505316,94.50141311,103.9489228,82.85917465,115.1034788,114.9351341,167.140559,159.1814848,111.8256965,118.4077976,114.7011582,113.1571188,147.1781496,67.44003285,130.1905026,161.3259765,157.7615988,131.1747601,118.8161003,231.851293,118.2586231,147.736378,130.8829541,124.8430039,206.2323656,121.3920591,117.4299903,151.1257416,137.1134435,177.6469158,146.9247062,137.0780195,142.7118114,115.2500735,102.3387476,152.7637384,135.7441779,150.2135138,120.8842796,138.7460356,198.0268338,150.6682469,147.9145796
1187,384,104.0501779,30.62083968,849,104.0493077,30.61950946,169.3920086,,36.04795453,52.29941946,34.25905792,44.54428276,36.29828756,50.87817181,45.81602036,60.30271752,50.97206339,34.7047042,46.66922685,33.62929583,38.66556718,46.22965914,36.08350479,30.72096881,39.70125202,27.22371567,24.10321071,26.4560187,30.03996212,30.95488482,25.06073552,27.34579511,26.44167939,25.59543467,32.13761428,28.29750492,28.33037078,50.81760258,32.09532795,47.24602784,50.81760258,44.14352242,50.95915578,31.13551142,20.1257832,31.13551142,43.55794507,32.63931656,37.31634253,62.03087639,41.76789253,31.43356861,33.25033975,31.24947744,30.83748323,37.07059155,36.29828756,44.8390611
1188,385,104.117088,30.61514917,396,104.1173197,30.61854787,377.3260739,,28.74865325,28.74865325,28.74865325,29.85437068,77.1803333,31.04854551,66.84910758,53.90372484,53.90372484,53.90372484,37.89048441,44.50037235,44.50037235,47.13302797,43.19153787,47.13302797,47.13302797,92.19732125,62.37749269,62.37749269,56.42259049,62.37749269,73.82466663,62.37749269,60.37217182,60.37217182,29.72371698,39.83501073,39.83501073,44.85100563,51.31219962,90.10771914,38.09711684,44.90492119,93.35902859,70.2001998,71.31908542,72.47421542,32.57491285,72.44660619,43.81851181,48.18149006,67.88475093,36.94579871,67.88475093,83.85023864,75.02755405,67.40473222,61.18801198,40.26799999
1189,385,104.117088,30.61514917,690,104.1131027,30.61119346,581.4989553,,57.32191235,65.83007041,106.0506802,61.1000705,62.48943997,58.04240958,56.8943565,67.27932634,87.2248433,79.65739114,74.69745724,65.63580978,90.17741559,109.3027647,68.63594226,67.63800449,107.9070226,120.9000958,79.05823719,100.1624995,133.1054355,125.3530682,77.86966792,120.5410502,99.44200376,91.12226902,114.6685632,81.99549518,75.70248045,106.2547791,78.58831493,147.0629757,97.93666616,90.03854792,89.33412117,105.6470471,101.032637,86.88544702,69.18338963,66.99761267,155.8912093,69.56730785,70.28046885,123.9195944,86.14799338,86.33409469,94.85712938,109.0310541,103.7618954,99.6477898
1190,386,103.9917914,30.7107053,36,103.9945272,30.71275996,347.1260675,,78.84251375,27.69754421,43.33433352,49.36555814,91.88631199,36.53715801,52.4183659,63.31368426,26.81660607,51.11058663,58.12343456,51.97609567,56.15274622,51.41550475,42.72320831,44.00189588,35.10263604,44.71033428,43.0729459,44.00189588,109.3788922,33.30005245,52.15719705,38.96036923,48.95803499,94.67074568,38.68897347,43.4851272,47.87945759,68.10102687,64.63726775,58.94593599,37.2586119,44.00189588,44.00189588,44.00189588,44.00189588,44.00189588,69.04164878,96.56050298,54.9701104,92.56695133,93.49031242,47.60586069,61.74179066,43.2406174,72.86832624,68.38051124,64.29362937,83.58888582
1191,386,103.9917914,30.7107053,592,103.9957364,30.70717338,544.0247366,,82.1513864,80.54526311,95.79566016,89.3380713,83.69611332,111.4889403,88.79519645,75.06665587,81.36156299,94.05763857,84.12753659,86.88948766,104.9190563,122.4055657,137.6793709,80.26594474,148.0899094,57.1821621,93.70761013,77.22280156,74.22535658,77.22280156,99.96999244,150.9432795,141.7141137,107.9057329,121.4566854,138.8999327,88.47928854,140.292912,112.7187943,109.3110168,105.8642731,97.01493755,76.10708751,89.53092808,187.9548034,124.6122408,102.8618199,95.14333961,98.85214193,75.61733791,96.04057969,111.4587265,95.53605131,97.36274442,114.420003,82.56699206,62.81234932,98.14149629
1192,386,103.9917914,30.7107053,691,103.9901669,30.71201697,212.9194736,,22.11086841,38.71263156,31.77243958,29.93887726,28.30539531,27.3949287,31.80539855,36.00752108,25.42322073,89.12908197,51.87885651,65.5837523,65.5837523,83.31631576,73.3941453,78.04111791,75.64633264,76.82506729,76.23114361,76.37876199,76.37876199,76.37876199,40.3426371,45.96762249,33.36279021,53.41533832,41.07220924,46.43756789,43.59040938,44.96896757,44.26895882,44.61621764,44.44190989,44.44190989,44.44190989,40.98984519,44.44190989,61.07650239,46.31836299,40.23675092,48.36025899,46.03664294,44.9566044,44.9566044,44.9566044,44.69446676,55.9496427,49.85431577,52.72640447,46.21010429
1193,387,104.0060803,30.72767637,942,104.0068158,30.72585148,214.165958,,37.91790732,25.69991496,72.2810108,45.21979172,45.21979172,45.21979172,45.21979172,45.21979172,63.71879742,30.19572254,40.97417796,34.76876883,37.61727744,36.86227157,36.49602086,36.86227157,40.96624053,59.30749606,46.09850217,38.61422948,38.61422948,38.61422948,38.61422948,38.61422948,38.61422948,38.61422948,38.61422948,38.61422948,38.61422948,38.61422948,40.99233224,50.72351637,43.682575,43.682575,33.66801086,38.02700117,38.02700117,38.02700117,44.73873011,38.02700117,41.11072821,48.38896123,36.36065783,41.52123588,38.76997281,41.52123588,83.80407052,43.55661453,34.88676239,34.88676239
1194,387,104.0060803,30.72767637,1417,103.9990459,30.72573991,706.9015351,,74.63802107,72.03667233,76.15260452,76.9331834,70.67992783,64.42646902,83.57456573,83.57456573,70.29960018,71.43426039,83.57456573,83.57456573,95.19372294,83.88064361,64.98860677,77.68318116,74.52190787,75.10957851,94.27640046,64.06357724,65.75347846,69.37382306,55.3055532,55.3055532,55.3055532,89.7652743,68.44268056,77.66709329,72.76370248,75.13548325,73.93057538,74.52815965,73.93057538,73.93057538,73.23296479,73.5801166,73.40613027,73.49302046,73.44954967,73.47127864,73.46041254,73.46312877,73.46448694,73.46380786,73.46414739,73.46397762,73.46397762,69.16212577,58.99950989,58.99950989
1195,387,104.0060803,30.72767637,1702,104.0040185,30.72959782,290.389597,,41.52027004,29.7174039,32.93822186,33.88663044,39.12770273,52.62093368,32.64332706,24.93010849,34.7309817,33.78532921,34.02449306,36.32392457,48.11056793,34.4575094,33.50649196,32.30824655,43.27389118,43.72878061,46.53127073,54.42147645,35.05917616,29.19609144,30.04030314,35.08062246,27.82792943,35.47244618,30.4893197,36.23579027,47.35685387,36.44104747,45.52938954,26.44357207,49.0247886,30.88338402,44.71612927,43.3706694,34.55876196,34.55876196,34.55876196,37.57737416,40.94265859,34.55876196,34.55876196,37.55037892,38.88664164,33.62323932,50.20609895,35.60108137,34.55876196,34.55876196
1196,388,104.0738458,30.71401447,421,104.0723412,30.71409949,144.3885285,,36.89430873,29.49212497,24.07569531,21.47928523,27.72259747,30.08964993,33.91834927,27.72259747,20.83361533,20.83361533,20.83361533,20.83361533,20.83361533,20.83361533,20.83361533,20.83361533,20.83361533,20.83361533,20.83361533,20.83361533,20.83361533,20.83361533,20.83361533,20.83361533,20.83361533,20.83361533,20.83361533,20.83361533,20.83361533,20.83361533,20.83361533,20.83361533,20.83361533,20.83361533,29.78789127,24.51880673,26.89773364,25.6532364,26.26074911,25.95343811,25.95343811,21.97880349,23.80132859,21.97880349,21.97880349,17.93955833,18.80348009,19.26741397,19.03262027,19.09078057
1197,388,104.0738458,30.71401447,1304,104.0780641,30.71194952,464.2773981,,71.30540244,87.85275339,135.5188081,78.83955817,69.46793987,79.87568139,65.79661975,59.99892529,66.79218914,65.06872436,80.18864386,55.92299902,66.16125218,77.76659919,56.75377362,76.9048451,67.25950234,94.29611471,65.59649267,39.82681413,91.18377704,73.64341326,90.34587206,65.69659367,86.15456872,107.140938,159.8332026,94.78631192,87.19392935,74.40463362,77.02297849,82.41610617,76.87536832,91.49992516,66.85594533,64.59511626,52.01448029,77.42437212,79.82799442,51.69274124,72.82782715,70.69359779,91.45820154,74.17449557,82.33490804,91.96141035,76.31957229,79.15068506,98.31756666,79.64459108
1198,388,104.0738458,30.71401447,1319,104.0739313,30.71549927,164.7646902,,24.51044978,24.51044978,24.51044978,24.51044978,24.51044978,24.51044978,24.51044978,24.51044978,24.51044978,24.51044978,24.51044978,24.51044978,24.51044978,24.51044978,24.51044978,24.51044978,24.51044978,24.51044978,56.89715921,42.76902278,38.04548469,38.04548469,38.04548469,28.79382936,32.77936674,30.65760922,31.68300508,31.16187416,31.42027893,31.29054306,31.35527679,31.32287648,31.33906827,31.33097028,31.33501874,31.33299438,31.33400654,31.33350045,31.33375348,31.33362697,31.33369024,31.33367441,31.3336665,31.33367046,31.33366849,31.33366849,25.06279794,27.84959597,26.38280921,26.7348277
1199,389,104.1769595,30.69629187,23,104.1847307,30.69654394,744.8007551,,42.39182163,65.55703468,42.39182163,71.1121262,70.97095602,94.35322313,75.47859442,83.8670723,81.5998773,75.96419071,81.05210297,78.69056732,80.12848447,79.764101,74.88570642,79.67352236,64.13047701,64.02371409,64.70690067,64.65933784,64.63558262,59.77023844,62.107772,60.91658911,61.50641374,61.21008056,61.35788936,61.28389583,61.32087028,61.30237748,61.31162249,61.30699963,61.30931097,61.30815529,61.30873312,61.30844354,61.30858834,59.6047337,61.90995952,60.73548067,54.89510364,54.54397315,55.68967066,55.11086808,68.18265018,59.96431788,61.82739476,62.80303228,62.31139476,62.43358111
1200,389,104.1769595,30.69629187,39,104.1766587,30.70212293,646.8891553,,47.74579106,58.02660198,60.4883366,62.40088315,51.60777749,56.11568576,73.23273456,78.72557647,74.26541501,72.21962998,73.22823694,68.92492665,71.51330436,70.84815391,62.51814655,55.02187736,68.78073225,70.68379513,69.72892897,69.72892897,72.08515253,62.15660922,53.51807851,62.29603402,77.63478559,68.9844767,77.80161721,75.83097892,77.84343721,77.76034924,77.84343721,63.24662308,63.2523006,63.24946172,63.25088113,78.41499652,63.25052628,63.25034884,73.93018918,73.93018918,73.93018918,73.93018918,73.93018918,73.93018918,74.97145945,73.93018918,73.93018918,73.93018918,73.93018918,73.93018918
1201,389,104.1769595,30.69629187,302,104.1772935,30.69163092,517.555183,,54.54328626,58.78641427,46.78464931,56.38367858,55.33250687,50.56598853,56.64921732,56.06141602,59.29712646,59.81376112,51.46957621,48.96289091,47.55717982,51.18149151,47.26749365,51.28396254,54.39166863,43.55090788,47.05518729,61.81813732,45.04620203,42.8530268,43.49259503,45.33835595,48.14203034,45.3383565,45.33835678,45.33835663,48.11348053,45.33835667,49.87935616,45.33835668,44.90356665,45.11991424,45.01148048,42.24790582,42.20031055,46.34342192,52.1660847,49.00284948,52.5436734,44.11203892,43.59712011,50.80411712,47.06285093,48.97992492,46.55996878,49.8425153,52.51682998,48.23707454
1202,389,104.1769595,30.69629187,366,104.1696646,30.69594523,699.7236653,,96.60614363,63.9882776,70.71777964,65.08847118,73.35983359,76.20908739,72.90897815,81.23120962,81.8604855,146.0292867,127.5445668,76.2205764,73.38678087,77.90516146,68.96188338,79.97683245,82.59033426,75.13464274,73.84405116,70.4484439,74.85204405,64.82913769,66.48644527,65.44331425,68.07420427,67.62052356,69.05075171,67.73337588,109.7605749,70.24731797,133.2806982,68.50211295,73.66324108,69.41244505,70.80489706,76.5848112,77.17094518,89.96447125,90.84511265,71.40379052,72.17779929,78.21149183,77.93951717,77.39751776,81.85207311,79.69600043,80.55419493,81.12860625,88.46523794,69.75905441
1203,390,103.9733365,30.67656097,68,103.9731061,30.68598032,1044.207014,,141.9032181,99.54463301,94.32092494,138.4656743,74.30976527,119.7353344,103.775536,76.93392105,101.2117837,89.84052236,107.3360002,158.6652216,107.6913269,103.5814994,87.59816997,77.54180844,186.038738,131.5344598,117.6308304,159.7781984,120.5015173,150.6802732,134.0886178,100.0624268,121.2287448,143.7781563,103.4749625,120.4854247,123.7500336,140.2666138,151.9870048,125.8291297,116.4489694,106.4449755,123.0650576,136.3916482,117.6871101,165.5759603,121.0970258,139.1470769,114.0781073,153.062057,120.0414843,159.0215724,132.2977213,95.53101018,142.5268341,132.7649685,109.2607614,106.4913669
1204,390,103.9733365,30.67656097,264,103.9766069,30.67623085,315.4313458,,49.37186282,37.47699158,35.40555923,51.97038192,37.60108758,32.86014846,41.17305456,46.13183431,30.86440348,69.6658187,23.15092446,40.58444764,33.76750176,34.51528404,32.12313564,45.48275747,35.89735021,34.03255279,29.90264239,38.5259659,33.16866227,36.2025349,39.14661093,42.45057364,41.14321902,35.65315055,33.79621562,37.39471498,37.00878365,44.06247181,34.66278525,44.16345532,29.97763582,38.79217793,37.63669467,52.41013129,25.47510589,36.04929666,50.72923754,54.72543831,68.5444373,45.22613389,45.7269602,40.92082324,25.03975402,42.1485745,33.40407127,34.85429235,57.27883202,60.14182561
1205,390,103.9733365,30.67656097,429,103.9634227,30.67938619,999.998034,,60.94796144,77.08764288,77.08764288,77.08764288,119.5649823,78.82150109,56.69280193,80.63514995,70.90406831,63.26876841,92.81749707,67.84758617,67.84758617,66.72213738,66.72213738,66.72213738,204.9331834,100.6685971,100.6685971,56.24988941,91.28335947,83.49884181,187.1746754,79.39909822,71.28698856,75.68310278,73.41929822,75.68310278,78.69983799,81.96705197,90.98549929,90.98549929,90.98549929,235.8073966,235.8073966,235.8073966,272.7267365,102.1757689,104.0460382,103.1024226,103.1024226,103.0335696,103.0335696,103.0335696,92.36672027,351.7908394,114.6494561,114.6494561,114.6494561,114.6494561
1206,390,103.9733365,30.67656097,613,103.9735737,30.67465759,212.1769259,,21.93358028,21.93358028,21.93358028,21.93358028,21.93358028,21.93358028,21.93358028,21.93358028,21.93358028,21.93358028,21.93358028,21.93358028,21.93358028,21.93358028,21.93358028,30.05260065,20.70018789,24.51469163,22.44653654,26.86019985,29.70201944,46.29314747,29.70201944,22.46579215,26.89566666,26.89566666,26.89566666,26.89566666,42.24761799,32.86733792,42.24761799,42.24761799,45.63626188,43.87660994,44.73914021,43.87660994,43.69932754,43.52347198,19.56048485,49.3860086,20.47820196,20.47820196,22.97253935,26.15879908,38.48045004,38.34522757,38.34522757,38.34522757,26.15879908,26.15879908
1207,391,104.0560656,30.65699134,1445,104.0574646,30.6553011,230.3455076,,27.56794639,39.58204427,31.05782125,42.10122787,31.05782125,31.13069272,35.86694755,25.45644904,32.22102297,25.3901968,26.40903909,29.088925,28.8660826,26.2932328,28.49635146,32.22069694,36.54037424,41.69438785,32.20885557,28.51034769,33.39797257,32.58325451,26.62098964,41.51037306,32.90650109,26.53580248,26.53580248,26.53580248,26.53580248,26.53580248,36.77356219,30.82690808,36.77356219,36.77356219,47.65769123,41.51408397,44.37425163,42.89654458,43.62288752,43.25666717,43.43900548,43.39327694,43.37044876,43.38185986,43.37615356,43.37900651,43.37829324,43.3779366,43.37811493,43.37807034
1208,391,104.0560656,30.65699134,1797,104.0549972,30.65769089,128.4185079,,19.75669352,19.75669352,19.75669352,19.75669352,19.75669352,19.75669352,25.61255559,19.75669352,17.44553315,14.96137956,16.10824489,15.51364525,15.80535482,15.73140378,15.69468715,15.71302401,15.70385023,15.71302401,15.71302401,17.99843313,19.40999391,18.67758177,19.03674581,18.67758177,18.67758177,14.65314195,16.4224011,15.4874059,15.94120527,15.71102937,15.82528039,15.76794793,15.79656214,15.78224206,15.78939886,15.78581965,15.78760905,15.7867143,15.78716166,15.78693798,15.78704982,15.78702185,15.78700788,15.78701487,15.78701137,15.78701312,15.78701268,15.78701246,15.78701257,15.78701257
1209,392,104.118797,30.66166685,729,104.1164633,30.66075295,245.4629425,,46.78234904,46.78234904,46.78234904,46.78234904,46.78234904,46.78234904,42.63885556,39.16961848,95.58893434,40.10589681,45.72265917,53.16886841,39.49347902,39.49347902,48.95659795,43.71881722,56.46431904,29.80325777,29.80325777,29.80325777,33.48807553,38.21260943,64.50121117,47.99275454,55.03567726,51.27349225,53.0880146,52.16497897,53.0880146,53.0880146,55.92826538,54.47114082,55.19008703,54.47114082,54.47114082,32.09442832,35.97014625,30.54147211,40.91049042,40.91049042,40.91049042,39.40542221,23.62744901,38.00716529,44.57334643,38.00716529,32.60762336,40.27650834,36.03860493,38.03988777
1210,392,104.118797,30.66166685,1677,104.1179911,30.66457956,331.9189396,,29.72408414,25.05048601,36.54153463,22.69531211,28.50108963,29.96634941,84.34645993,31.59043444,33.48645071,33.48645071,33.48645071,33.48645071,33.48645071,33.48645071,33.48645071,42.07423178,37.29232299,38.95381198,38.10496464,33.23805793,35.86966402,35.86966402,35.86966402,41.88985741,29.93685497,30.61250681,29.07319179,29.00262579,29.03786592,29.03786592,29.03786592,33.85009016,31.13091227,31.13091227,31.13091227,31.13091227,30.54915003,30.54915003,30.54915003,21.29012352,25.09275817,25.09275817,27.48664307,30.38545919,36.72873512,32.15360061,27.51131656,27.51131656,27.51131656,27.51131656
1211,393,104.1417226,30.6285471,75,104.1426242,30.63145711,333.8853966,,42.19350339,39.8448871,26.5339388,39.06784705,33.38853966,38.95657545,34.27255395,34.30166262,29.82599076,29.11791249,35.79118892,41.11701578,39.67578746,36.22262465,37.58168091,40.155482,48.17584881,32.45106446,42.68613751,35.95176753,39.85013723,37.14136509,38.92726466,40.1810506,36.18348167,37.10455251,35.72912839,42.46055088,32.51543988,39.22935469,47.88794533,45.00631585,53.13303954,43.66067315,49.26177983,37.3288021,38.51700794,42.14419031,49.68601147,51.80980292,34.69940611,36.67391084,33.0936082,56.61740121,41.56347741,43.05021862,43.60292966,42.45590874,48.97892834,36.29815356
1212,393,104.1417226,30.6285471,267,104.1447199,30.62736142,315.9036749,,30.11040397,33.18294397,29.04148109,28.9930715,28.91485131,91.34564093,38.08050848,44.64740933,30.1544417,26.72745546,38.7933406,35.05847881,39.21562861,49.37066332,39.76409894,34.50370227,41.70855365,27.67039488,41.50342843,44.84437025,44.8879402,44.64243031,32.62110375,38.63827508,35.39104244,32.54525429,56.91958106,20.8135657,30.24609653,30.16753524,40.68884543,37.13479934,30.94566611,37.93478458,35.02608599,49.33089145,49.93884824,32.1144576,40.65248363,50.67731428,34.20163519,33.39542091,35.02576494,27.2722597,40.32812871,33.04207728,36.63634565,27.94233979,29.28130186,47.18456046
1213,393,104.1417226,30.6285471,445,104.1365745,30.63082945,554.456952,,62.10617516,61.511403,58.20221686,57.42637336,51.11510953,51.11510953,51.11510953,197.6282205,62.86755991,98.81411026,325.442124,230.7566505,166.3370856,166.3370856,100.8831421,114.7152314,114.7152314,130.4604593,151.2155324,89.91193816,101.839032,101.839032,92.83930359,85.30106954,71.50012037,78.08489104,90.20216391,71.99441036,102.6772133,92.66690006,92.66690006,92.66690006,84.86586,72.9370899,78.27627558,57.35761572,66.20381516,114.0597158,43.67713407,114.0597158,118.0393275,117.0186151,116.5148502,116.7661893,116.6403843,116.6403843,76.33059377,70.11867776,76.33059377,115.2118342
1214,393,104.1417226,30.6285471,661,104.1400381,30.62512518,412.1781335,,60.77165654,192.7066598,36.07393713,37.23566576,72.91603344,37.23566576,37.23566576,35.24563612,35.72293182,35.96646037,35.84428246,35.96646037,35.96646037,47.7711402,47.7711402,47.7711402,37.9984963,42.32806779,40.04660092,40.04660092,40.59359578,36.01556506,57.96255002,36.01556506,36.01556506,28.38982042,31.75123996,31.75123996,31.75123996,178.7760579,41.21781335,47.25609174,41.21781335,55.36721196,56.06453201,127.5508264,40.93355257,62.87463053,62.87463053,62.87463053,60.47239045,58.246959,57.54110637,57.89188122,57.54110637,57.54110637,37.28244424,35.62644131,36.43563611,36.22991071
1215,394,103.9642428,30.61742585,76,103.9487338,30.61070341,1662.937701,,116.9862374,158.3750191,139.4721943,141.145268,138.5781418,148.7810059,150.9764503,159.41015,177.2924696,164.9607539,165.5509134,178.4374284,137.6224304,168.6778608,138.4179358,134.4136173,140.939563,136.0585392,163.4559925,121.2593827,151.3035145,111.2746417,146.1031293,119.8513658,100.4459014,147.9384446,121.3700096,126.8342314,168.2804139,107.5086123,133.0350161,171.1148635,150.4164755,185.630255,149.2911652,169.9323682,146.0327882,150.6327465,233.8280173,187.4710561,198.4641584,153.8965482,198.9450144,157.4033933,171.957448,163.9629246,141.4151746,174.8862727,157.5414664,189.2321579
1216,394,103.9642428,30.61742585,174,103.9663699,30.61838763,230.0838524,,22.56953321,21.7974176,23.39835787,30.01093727,30.70627873,17.53947843,23.73782894,24.72542891,25.33033237,22.72121434,19.10730954,31.52933362,31.32555956,27.51071803,26.12939649,27.69468494,33.8542998,29.32042013,52.75808081,36.40887335,33.0263903,33.0263903,33.0263903,33.0263903,33.0263903,33.0263903,30.22654783,28.07802945,39.18452571,32.6961264,32.73920429,34.15677809,43.18240241,28.14162634,27.38187996,27.38187996,50.81606556,32.4506119,26.0498935,36.34451198,36.14556086,25.80379653,36.21991176,30.26220863,23.23427402,38.25874682,36.21060117,30.45227458,32.41181225,72.02624945
1217,394,103.9642428,30.61742585,188,103.9698331,30.60822849,1151.644154,,109.6803956,103.2714633,109.6803956,117.3788544,113.5608935,90.77826377,94.73228439,173.1072632,150.9665527,114.8135961,138.1306313,142.1275192,138.6377622,124.3136636,149.527512,127.8735619,133.3092911,133.8522843,125.185375,152.6873,139.280592,135.1012287,140.0944103,141.8165757,222.5001228,170.7454032,140.9178104,154.0088765,152.8930925,136.2199202,152.368987,151.7191509,145.7872444,145.9873454,154.1998123,122.2984942,150.4870764,121.2257004,168.2291164,219.5846843,168.1914383,195.5198058,195.5198058,195.5198058,148.8125971,108.8167705,144.3025239,154.9595097,161.6978493,178.4231512
1218,395,104.0484533,30.61816335,581,104.0454455,30.61929188,314.2687725,,52.37812875,77.75722206,64.64957606,55.59545853,72.31286105,178.168123,109.0850285,73.5497089,51.37909087,51.5194709,79.95530608,51.66062014,58.11819764,66.42079733,49.13902628,38.15742263,117.714546,77.49093021,67.46377943,49.7669024,69.40905405,72.67885958,71.6055431,55.45919515,55.45919515,53.81058649,54.62245412,45.80435551,73.56096105,69.12632876,69.12632876,69.12632876,69.12632876,75.00779544,71.94706397,73.44555569,71.94706397,71.94706397,51.07754316,51.07754316,51.07754316,51.07754316,51.07754316,80.81197007,61.0312923,55.25604791,68.15467355,68.15467355,107.2386333,69.837505
1219,395,104.0484533,30.61816335,800,104.0518713,30.61623795,390.9992642,,50.3612648,55.47181679,46.73134662,47.26653295,49.52840785,51.52888411,58.12340948,72.2021113,39.90757982,65.77557716,46.62848368,56.84965069,61.62860557,59.02700661,67.92955159,56.85985708,64.17617103,54.68848046,43.25364995,52.03687065,57.92581692,48.15042251,57.87085885,42.11211222,51.11101493,68.96606326,62.72715468,56.7325399,64.12744196,44.1080251,53.93093299,51.62337473,37.28734705,48.20538874,63.69218783,51.69806631,41.39992209,64.34730748,61.57313335,79.97712222,59.02827601,48.74796021,41.39231321,46.37882541,66.71077493,44.82794112,74.87219953,39.09992642,48.37104299,69.25448222
1220,395,104.0484533,30.61816335,996,104.0484851,30.61334283,534.2668117,,59.63908596,57.93254585,92.64742399,85.76858516,69.53876834,90.78572928,151.4457104,61.05906419,86.46475875,62.4873464,95.42582522,85.41941622,136.9382896,80.95519561,66.13274002,76.93442088,125.3003597,59.50991714,103.5456539,131.7370221,83.9666258,80.09830389,69.79535331,89.62537382,78.47705557,68.34969872,90.40472489,71.55359085,79.88206924,71.55359085,97.26222615,129.5192271,121.7316786,121.7316786,73.22438535,121.7316786,129.2774062,125.3911242,127.3046126,125.3911242,126.3406237,140.7336967,104.4038087,89.18209529,115.2575594,100.5569165,135.4479241,76.62790925,76.83197826,93.5833433
1221,396,104.1173197,30.61854787,385,104.117088,30.61514917,377.3260739,,43.889301,43.889301,68.81471829,39.6469323,97.49094735,37.66286135,36.91790668,43.65656005,56.59891109,38.99637893,72.25392904,42.59010646,58.51479159,70.92494782,42.95253331,43.889301,70.01927145,112.7281217,51.29972113,64.99396488,86.37014895,81.33975246,50.52847611,78.21730513,64.52644587,59.12789301,74.40673511,53.20566441,49.12222021,68.94715502,50.99479553,95.42699044,63.54965455,58.42468241,57.96759031,60.10503832,37.26677273,56.37868186,55.43404112,69.77947941,175.2740472,45.14119743,45.60395705,80.40959249,55.9001591,56.02091749,61.55138868,70.74863886,49.81811244,64.65997738
1222,396,104.1173197,30.61854787,627,104.1169274,30.62064379,235.3112937,,24.94588439,24.94588439,34.36594959,34.36594959,34.36594959,34.43579908,34.36594959,33.22041793,33.49958111,33.64092955,33.57010654,33.60548073,33.58778433,33.58778433,33.58778433,28.71595449,30.96139346,29.79643017,30.36774338,36.47812149,60.94393218,45.6668818,52.21082634,48.72009532,50.40509675,49.5482746,49.97301324,49.75973757,49.97301324,49.97301324,51.49669649,50.72341495,50.72341495,45.82029796,41.78153674,38.46177786,40.05298616,39.24125801,39.64296729,39.64296729,39.64296729,45.53341122,53.47983948,53.47983948,69.7218648,53.47983948,42.90304671,39.04231627,40.88173529,40.40582068
1223,397,103.9833818,30.68521098,221,103.9875546,30.68324826,455.0693512,,45.86079932,43.75147472,48.18381366,57.95450487,48.65967667,59.55037294,65.92553981,51.69067095,51.16865167,61.53050382,47.23449297,45.11703482,58.3006998,46.97115953,40.71871577,148.9317877,70.01066942,49.56346904,40.75247921,75.99148038,71.89810438,49.67290859,41.42224183,43.60913037,48.85436375,63.99412751,43.06933064,54.14916749,32.24900914,77.64216419,98.98789513,56.58893486,60.45442802,65.7525336,111.7147093,69.62720295,51.67980014,53.36318125,59.01861217,69.4053203,73.01391262,87.94285007,75.66973045,58.57865307,57.60371534,46.90764966,60.00914521,44.78539268,62.61800474,46.14787787
1224,397,103.9833818,30.68521098,325,103.9832126,30.69147087,693.9903655,,60.63993485,56.01715955,67.89497427,71.59152707,69.93569588,71.59152707,68.3547282,101.1074592,71.66854033,71.66854033,71.66854033,71.66854033,71.66854033,74.03112277,74.03112277,74.03112277,70.55037955,74.03112277,92.64356413,79.46033339,82.52238863,78.41083769,80.41409184,73.93664118,77.03945084,74.15437923,75.56938864,73.30181187,99.96741442,110.8325716,90.99441168,91.95452443,84.31404516,74.57806913,79.65451723,78.89455733,92.53204873,79.74715923,81.4684342,91.29227706,99.67829703,86.76762547,80.38175156,72.08772513,80.46130142,83.45923752,86.63149003,70.12282493,77.50784801,70.12424247
1225,397,103.9833818,30.68521098,475,103.9769843,30.6953588,1280.812706,,120.1134287,129.1676342,119.9005556,152.4272972,124.2837127,139.2264155,122.0225138,148.995877,128.7968084,114.2024951,125.3434625,125.3434625,125.3434625,128.6417051,129.6159596,114.7710203,163.5587924,129.708298,129.8159309,124.9573372,119.6826036,111.2406693,129.7789119,129.7805942,129.779753,131.2719072,129.7799633,119.1856979,151.1778932,133.7469396,129.780029,125.4182655,151.0460743,130.1104821,179.7631868,149.8675756,155.7745183,129.3127538,121.7061847,155.7745183,157.2927885,135.5174786,158.4510564,152.463298,135.3666273,125.3110835,151.6751889,151.7084583,136.8678485,145.5162763
1226,397,103.9833818,30.68521098,724,103.98599,30.68063674,565.1937117,,56.60718174,65.17549108,55.15019108,57.27508409,47.97258818,68.62385707,54.1232881,63.7170364,51.44925275,54.54520214,66.96162515,59.24606593,58.99109552,260.8586362,260.8586362,260.8586362,260.8586362,260.8586362,103.2841301,121.6560456,121.6560456,121.6560456,62.5099036,82.58538253,71.15881485,76.44747633,73.70840051,75.05295592,74.37460193,74.71223918,74.54303823,74.62754279,74.58526657,74.60639869,74.59583115,74.60111455,74.59847276,74.59979363,74.59913319,74.59979363,74.59979363,99.8016135,120.0857069,109.00808,114.279069,111.5813602,112.2437759,112.5779419,112.4106106,112.494214
1227,398,104.0498319,30.68693798,1139,104.0526151,30.68752187,274.3328539,,14.72928075,79.00786192,19.37009784,15.65131972,18.37392138,27.99314836,18.9922745,19.653697,18.41675103,20.09355593,20.09355593,20.09355593,20.23766955,27.30686472,16.95932926,17.85891996,17.85891996,17.85891996,17.85891996,16.94720333,15.75116864,16.12405345,17.27325359,27.54258135,17.27325359,14.85110187,15.97086354,18.11276064,12.35269886,19.13950143,18.35116025,14.84738072,16.33744043,18.27193847,17.47188455,15.85229974,14.22027752,28.87714252,16.3104587,20.84640156,16.3104587,15.57725984,15.93543,17.26570409,13.20318548,20.17565422,15.52827475,17.14580337,16.78161893,16.96175653
1228,398,104.0498319,30.68693798,1343,104.0488623,30.69056278,412.3358877,,49.33520299,55.05093707,47.87451548,54.94220842,46.6517797,46.75304553,47.03764963,46.55071487,54.32803926,55.04607647,63.09312655,67.25304439,60.96970956,46.35629532,65.16062652,67.95991047,37.46931078,35.17557336,43.38374823,67.97523506,43.85256117,37.29671346,47.15404052,36.76100039,58.50528909,45.81509863,45.72437567,65.017923,50.30271601,44.07152808,49.9801076,46.02819212,57.63097265,52.5737781,67.56088668,61.38534268,55.84422086,42.41169131,61.36227416,43.27723603,50.84318639,72.71032231,51.48239986,46.22270628,50.31263908,54.41667646,40.34717359,38.01303958,44.7279607,47.27417821
1229,398,104.0498319,30.68693798,1579,104.0455297,30.68596676,425.9140946,,30.97557052,34.61711074,40.864402,33.57472936,49.33079306,43.03741687,37.83747082,33.88238231,77.75308015,40.88134033,42.27268682,25.38560829,28.72798185,37.51170007,49.6899777,37.01684837,36.76662315,41.70328396,27.5177807,55.91869951,31.13732284,29.81895645,33.10848528,37.39733514,38.38825138,40.50966289,44.99092549,36.43842911,26.03210086,37.48877116,30.55470679,65.87715319,35.61332791,33.9724684,33.55121971,32.10821461,38.58721978,71.73290014,28.9354735,42.65064647,43.22607807,31.05827851,33.6432417,32.4391553,28.84655852,22.90202749,26.60703288,29.31722257,28.00019614,31.23281045
1230,398,104.0498319,30.68693798,1618,104.051193,30.68263452,494.4566028,,40.49388672,40.28767492,40.70222036,45.73009043,43.0699168,36.06978258,46.75098543,46.75098543,48.63507569,47.67442304,48.63507569,48.14995828,54.54679582,40.18157495,40.18157495,36.66413533,54.18702496,46.23490312,49.89611128,49.89611128,63.12211951,42.20113253,47.09110503,44.51222231,33.79829943,52.25177407,40.41879587,44.87505302,47.72235309,42.3483847,56.18825032,54.35248153,54.35248153,54.35248153,54.35248153,58.36209082,54.35248153,47.94730694,50.94937446,47.94730694,45.87249058,43.9697926,45.00742781,37.51409421,38.23939356,37.8732717,37.8732717,37.39587752,50.98585808,51.54566902
1231,399,104.0835475,30.68354394,126,104.0853272,30.68633229,352.9318802,,54.49683445,45.37695603,42.44615041,102.0525919,57.38729759,51.20623753,50.6197119,55.07389548,69.55591798,59.83366028,79.40967305,62.25666487,63.8469733,88.97442358,72.79511678,57.88404413,55.65634155,40.17564486,52.32209069,73.65534891,53.64385766,52.82972011,63.0055053,46.370612,36.33617069,80.75559972,25.30985595,72.5277761,100.5185735,49.5423468,52.07191675,74.73851581,50.31900074,62.74344537,77.59113091,63.00271579,51.02629593,113.4423901,53.29508258,44.99131617,67.39040184,67.12364815,67.2973017,69.55591798,54.53024758,56.97555017,109.2950339,86.96473434,51.9123501,40.42061831
1232,399,104.0835475,30.68354394,365,104.0811893,30.67984653,467.922171,,104.7214805,128.5892989,55.59471339,77.60013324,82.507093,76.42021199,89.03381689,86.75638534,74.04482706,78.53239234,78.71587923,60.50717728,80.79231729,85.50862008,91.83519245,73.07762323,77.21875958,80.24462296,71.83453371,62.78493536,66.40682584,58.18721297,73.23999198,109.4859676,51.1124348,75.87927097,88.98930206,84.33140504,82.6555356,101.1723613,82.03830272,103.4399641,72.15406128,130.7277018,63.86804988,72.60861274,73.52414326,117.2117844,70.04240398,80.37926863,74.65639796,86.83091833,88.04110536,79.30884254,89.12803257,115.3780696,57.59042105,98.98023154,109.62168,65.39284998
1233,399,104.0835475,30.68354394,796,104.086401,30.68210717,316.333154,,30.62464648,35.05196371,47.05782456,53.84394111,74.64817325,35.29792652,65.14870449,57.55664606,54.34931695,35.16526529,37.29183314,43.07515289,29.47711875,46.61751743,58.2718968,29.91591999,63.97749182,46.70588426,42.75842383,29.6048359,55.28152206,33.29822674,34.71361283,26.79527893,41.46114154,37.5717372,46.54096978,59.84494088,52.4076744,49.0585974,28.64904036,38.37865472,23.05261851,57.80707383,38.45130065,46.66254269,39.12055494,73.58961902,41.62416647,33.89283793,41.23594524,49.29867335,27.93314375,41.49711339,44.79934518,28.38129232,37.33768375,66.62642488,34.12985078,30.95404606
1234,399,104.0835475,30.68354394,1076,104.0809578,30.68481948,285.5168819,,39.26463061,67.1804428,48.3087132,56.93935356,50.6647332,55.11317828,75.60216766,66.61256079,62.12345341,62.49660162,52.44187627,50.62137149,52.59841917,53.31842635,60.36444404,62.22602379,78.67462033,86.04345519,77.153853,83.2275931,50.91570402,45.64689961,40.95062848,58.13017724,33.52934749,62.27472806,47.94832978,39.59167429,70.96852302,53.60421251,58.88632339,63.01062221,64.05779954,54.02039427,42.9652414,50.7659302,63.54158454,70.97594805,40.31485308,52.80106719,41.81128576,45.77170163,41.45885844,38.80811986,57.97764241,60.52713343,67.8455957,47.56699763,39.14831558,50.95145944
1235,400,104.1722518,30.72037834,67,104.190672,30.73707999,2556.670043,,194.2602918,202.1748963,290.6912643,335.1992287,210.4074789,138.1508438,207.4143584,206.4294573,204.249923,190.6779263,145.1450764,167.7236891,144.7171722,155.3904685,206.9167988,206.431718,206.6739738,206.5527749,206.6133565,206.5982078,206.5906342,212.5787648,335.6066419,206.5934743,206.5930009,160.6947482,206.5931192,206.5931784,206.5931488,184.8195212,155.9267913,118.3795776,214.2925105,166.2874825,222.315405,222.3154051,234.5967414,148.8720122,182.4641322,240.7851447,277.852602,281.2300175,277.7396082,277.7584342,176.9383672,221.7834254,245.6504145,277.7519624,277.7522566,277.7521831
1236,400,104.1722518,30.72037834,263,104.166912,30.7139627,875.792814,,69.25544493,81.59384409,71.45278482,93.11146982,80.5473683,137.3194308,91.38707624,90.46927203,120.7990088,88.35059612,145.7405607,91.94228326,77.75225969,107.0578652,87.33667951,100.3120302,85.80862719,88.46687797,67.16606544,81.77794034,80.05554289,93.16158259,99.19834706,148.0213207,91.71939288,86.30055621,90.26911877,104.630115,79.61752855,82.77017501,81.9227131,85.95567422,90.21041861,112.2844623,89.23172068,103.8617791,93.42655077,91.51971351,83.40883943,99.99990445,87.97026033,74.01066034,80.34796459,100.81801,157.6427065,63.34609919,83.1541206,87.24372859,101.2152209,165.5041538
1237,400,104.1722518,30.72037834,432,104.1609358,30.72308424,1124.238202,,88.9018677,96.57693176,132.5136756,150.6598637,124.1864177,101.2302079,355.0225901,355.0225901,355.0225901,355.0225901,355.0225901,355.0225901,355.0225901,355.0225901,371.30803,362.9827379,367.0981884,365.0288638,366.0606017,365.8021208,365.6730172,365.7375574,365.7052845,365.7214203,365.7133522,365.7173862,365.7153693,365.7163779,365.7158736,365.7161258,365.7159995,365.7160627,365.7160313,365.7160468,365.7160389,365.7160389,365.7160389,211.5291391,268.0302991,236.4512671,251.2524069,243.6272399,243.6272399,134.9085842,173.6554583,151.8492682,156.770756,159.3531009,158.0513812,158.3748132
1238,401,103.9932544,30.63065031,100,103.9911436,30.62966155,230.078411,,16.1458534,33.5880892,19.11788297,22.72379368,19.42045204,61.30378715,23.64269114,17.11327024,27.4076585,16.02093384,28.28108509,26.60079581,26.10133234,18.84601319,23.16873509,19.12892101,21.43957583,20.276188,19.02184078,16.98169717,27.1440822,16.0675515,19.03404954,16.65726052,21.73969238,15.89793243,13.72464424,46.6637904,31.9800108,25.80318628,21.20176483,48.35273086,46.10105451,19.19541784,33.49978886,28.0140568,29.83984673,34.15597029,18.80322996,27.45780934,32.86834443,27.73885732,25.36852311,24.72484417,19.8357029,20.89862775,13.66802442,26.91412769,25.63894924,25.65023874
1239,401,103.9932544,30.63065031,225,103.996384,30.63202614,336.4806058,,35.0433032,28.50188661,29.77704476,32.21622821,29.47275379,30.78348617,27.22090294,28.8183231,33.27883737,22.97449371,24.34834534,23.40734649,19.63257992,30.61022741,33.21312678,23.75157217,29.94635799,33.64806058,37.77536946,38.61839046,47.22534818,39.44095013,29.5086524,28.74992518,39.97789376,19.38128289,29.45483723,26.00218113,35.84781273,25.26612416,18.62152469,38.63892124,20.34139682,25.09661977,28.84119478,29.0952005,42.06007573,25.74559364,34.14121141,30.74442083,29.0952005,53.5197429,30.35281305,44.28394317,29.78680772,49.99565119,52.59411741,41.30708204,29.78332022,35.5228792
1240,401,103.9932544,30.63065031,759,103.9906239,30.63479511,524.0079589,,87.9453917,77.72219285,88.10969883,71.29359985,78.83582426,101.4988514,82.53698525,122.6546588,78.2750478,76.39182249,92.67389664,75.41405235,87.23369489,81.37535362,100.7438532,101.4891003,125.136229,97.48985282,88.90623466,102.2241454,94.79540965,107.3359119,92.64666596,74.53784599,96.18862351,88.89420732,100.2086933,119.5688565,75.96356989,122.6546588,103.0173051,109.9958398,96.98861964,94.47889742,119.6466375,103.3942807,103.3942807,87.70948667,103.3942807,95.28620543,128.1106046,97.4158174,101.0586778,84.84686592,89.78243188,64.46573779,86.82690016,87.06593777,86.82690016,83.84127342
1241,402,104.0567203,30.64769724,1050,104.0563422,30.64710146,75.31901328,,7.871454258,8.235134596,20.69835479,20.69835479,20.69835479,20.69835479,20.69835479,20.69835479,20.77765884,20.737931,20.75777591,20.74784871,20.75281112,20.7515703,20.75094993,20.75126012,20.75110502,20.75118257,20.7511438,20.75115349,20.75115349,20.75115349,17.83871367,19.1850303,18.48739352,18.82975233,18.65700247,18.74297935,18.69989209,18.72141093,18.71064533,18.71602658,18.71333557,18.71468097,18.71400824,18.71434461,18.71417642,18.71426051,18.71421847,18.71423949,18.71423949,20.4640338,7.703080904,11.19291838,9.125736569,10.05417188,9.804791604,9.684683796,9.684683796,6.970397116
1242,402,104.0567203,30.64769724,1129,104.0509942,30.64871622,560.1996504,,65.19564898,70.10609761,57.09041023,64.06349242,67.73194766,70.94183573,63.30822696,53.97106355,70.91134815,59.25716185,52.04435462,93.031618,108.0823686,77.17036001,72.54383962,60.16065189,61.5957934,82.6766102,96.84807516,93.81178004,96.14868851,57.15397242,75.08726311,63.71939151,92.08761376,99.62619049,67.9945631,82.92429036,68.00706977,80.82578261,84.91447332,95.57908727,52.27368433,83.04135993,114.02676,69.09951634,57.62053547,93.05329765,86.81239616,88.26397813,89.76492913,75.41409046,75.70265546,77.55505772,73.71817853,72.0542623,58.54492909,85.81781878,102.5797936,71.5692329
1243,402,104.0567203,30.64769724,1890,104.0574018,30.648771,135.7444148,,19.83815535,26.99888913,22.36521251,19.83815535,30.54249333,22.04018562,22.31415038,21.77286654,18.65190432,17.90036239,38.32783477,24.78092765,26.32973563,56.8232434,42.77285718,24.07290115,27.85918153,26.91392016,28.8732581,21.05244559,29.7522005,16.56542011,28.51523812,43.08713239,27.37702483,17.8025462,51.98722269,25.4331543,26.37624546,23.33661799,21.55940705,20.33624192,24.12042909,24.75791067,25.43000312,28.00457841,31.32563418,45.24813827,35.54035587,23.19683037,19.46931846,30.98513816,16.4262149,22.51981075,19.36132699,20.88375612,20.88375612,25.01774198,22.41650887,18.40602235
1244,403,104.1012867,30.62466428,88,104.0997464,30.62619552,224.9325864,,52.54752181,58.25592166,47.85799711,62.98890058,42.84430217,68.62350094,44.49215995,42.39567074,52.04653313,56.38978489,47.26209988,57.73670667,43.18705659,55.36358506,49.8999315,55.37164467,54.85607155,54.71333183,90.37469989,33.18677504,46.56751309,60.65597836,46.91072199,54.96090348,55.97400766,45.84829588,64.92899402,57.02516275,69.28898826,60.75695569,58.84864179,66.46434839,65.30300895,68.3339503,85.59802442,49.67836264,75.75692098,41.88399885,60.42965008,59.36637178,63.54597734,46.40443043,52.71857494,45.11182791,42.22984673,51.04853025,55.27353659,57.73036172,64.75234664,42.99596343
1245,403,104.1012867,30.62466428,1004,104.0994736,30.62275755,273.5937563,,33.04697406,33.52978801,32.57786735,33.74518279,33.96336285,34.51077515,26.02212742,28.48698547,28.48698547,27.76706669,27.76706669,27.76706669,20.93384745,34.66055798,34.66055798,34.66055798,34.66055798,34.66055798,37.70095781,36.89192437,36.50029036,36.69506246,36.59741726,36.64617481,36.62177981,36.62177981,31.15501238,27.10837219,20.18314596,28.46640239,20.18314596,19.19956185,22.98570648,26.69207379,30.2437315,26.52434981,28.59034899,29.73845177,25.81749732,26.85582884,26.85582884,47.39073887,26.85582884,25.36864192,27.99111965,33.33121904,23.93529824,23.25708436,23.59131791,21.8875005
1246,403,104.1012867,30.62466428,1292,104.1048034,30.62147959,488.0512947,,105.9488238,115.8451425,97.61025894,107.0606767,114.6690497,100.3991235,166.5388304,123.7313141,123.7313141,123.7313141,63.33758691,83.78562999,63.33758691,59.91422544,112.3391727,112.3391727,131.6586483,210.1656293,159.0031367,91.50961776,88.51308115,90.30760677,111.5040129,216.9116865,57.09129686,118.9160515,99.45196192,108.3165473,99.45196192,160.8223946,122.9018708,160.8223946,173.5293492,188.4165856,222.4031216,91.22454107,91.60503967,95.14357368,167.3318725,121.3107936,140.6525412,130.2676301,130.2676301,112.6272219,94.41078242,78.85927562,88.6918052,97.61025894,103.3520389,85.70656883
1247,403,104.1012867,30.62466428,1716,104.1022894,30.62560224,141.573317,,24.5030741,24.5030741,24.5030741,24.5030741,24.5030741,24.5030741,24.5030741,27.69912724,26.82441796,26.40745809,26.61430502,26.51047809,26.5622901,26.54931812,26.54283688,26.5460771,26.54445688,26.5460771,33.16769397,49.96705306,44.19051515,44.19051515,18.04120146,25.6219828,21.1735063,23.18630384,22.13424037,22.6480609,22.38820291,22.6480609,26.85717959,54.50951243,32.98795736,41.10193074,36.6006421,38.72090721,36.6006421,36.6006421,22.75285452,28.06133193,25.12980912,25.80372774,26.15442588,25.97789326,26.06586068,26.02180263,26.03280318,26.03830693,26.03555476,26.03624276
1248,404,104.145429,30.65737253,481,104.1443436,30.65238121,562.8715458,,73.50680404,73.68500236,73.32946557,73.32946557,73.32946557,71.50485435,72.40566679,71.50485435,66.49179868,68.90727095,67.67798924,68.28709825,67.98117937,68.05740183,68.13379543,68.13379543,68.38034528,70.50174188,73.15298068,95.75133207,62.34884815,42.09842587,66.43729721,78.69272097,71.09956368,71.09956368,54.12226402,61.4600414,57.55823221,61.4600414,61.4600414,113.5203118,79.74567355,93.68181067,79.74567355,66.64487962,45.84474129,57.24117415,67.80828439,62.07825064,64.81687533,64.10981321,64.10981321,65.54596463,67.04793414,71.55146769,102.3402811,82.03795809,61.82570755,72.56356544
1249,404,104.145429,30.65737253,499,104.1480248,30.65670291,259.5491809,,24.69447113,30.1411952,20.91498716,30.0829701,31.55080369,34.3702619,30.15740887,40.21708973,26.78449337,24.12852295,28.32625871,28.39512406,23.5656255,36.16943425,23.80578474,25.4499586,28.22891393,33.27487767,28.504486,50.91973031,50.91973031,50.91973031,50.91973031,34.16369474,40.89177467,37.22617734,38.97297398,38.07955379,38.52108431,38.29904655,38.40974454,38.35431567,38.38201009,38.36815788,38.37508273,38.37162,38.37335129,38.37248562,38.37291845,38.37270203,38.37281025,38.37278319,38.37276967,38.37277643,38.37277304,38.37277475,38.37277475,98.35547908,55.20691647,62.00760244
1250,404,104.145429,30.65737253,526,104.1458357,30.65918716,204.8524914,,17.13052193,17.13052193,17.13052193,17.13052193,17.13052193,17.13052193,17.13052193,17.13052193,17.13052193,17.13052193,17.13052193,17.13052193,17.13052193,19.20492107,21.85093242,21.85093242,30.01908964,23.2273691,23.2273691,23.2273691,23.2273691,23.2273691,23.2273691,23.2273691,23.2273691,23.2273691,23.2273691,23.2273691,23.2273691,23.2273691,23.2273691,23.2273691,23.2273691,23.2273691,23.2273691,24.83060502,24.00224472,24.40939906,24.20410975,24.30632095,24.20410975,22.58710472,24.20410975,26.22014778,37.43497305,28.60254567,32.72791283,30.60037216,31.62840467,30.60037216
1251,404,104.145429,30.65737253,625,104.1407514,30.65747915,448.3341374,,45.71167037,46.58017012,45.66855632,51.96403395,50.90287455,53.18362667,52.09261629,69.46927811,46.26638655,44.55080647,48.92956594,49.04852101,44.30584695,62.47753141,50.8422912,68.00573995,59.55730239,57.47759838,54.29782656,75.74742826,52.93982434,92.94797715,57.45641373,56.13923112,53.57685957,53.57685957,56.43276141,64.19329695,66.539671,63.23610974,49.87648006,65.08076188,66.29944015,60.47219538,82.48737109,53.70611079,43.08316035,59.84715252,67.65984435,66.28336181,63.1395058,51.06425794,65.71003769,61.51389805,72.45804241,59.66371368,66.78632667,66.14765962,76.55349699,69.47550797
1252,405,103.9983609,30.6065462,104,103.9922157,30.61292033,919.8431229,,77.22563532,88.07008624,167.3498543,149.9234971,118.8111056,101.4843776,110.289267,116.2723049,137.5670427,79.92200908,149.6893994,171.3993397,147.6122694,147.7719581,169.469562,195.1490382,125.9536226,144.6041591,108.6904346,166.3394828,189.7670626,138.5537758,165.3462899,139.8964008,148.8285502,153.218519,199.6558716,209.7615229,194.0294087,185.5145794,126.8749135,163.5853684,199.5842436,182.3365995,239.0694712,298.9259496,165.3286318,177.0820985,200.3894247,125.3540155,272.8267965,216.8536298,320.3876529,276.8179931,298.5343839,191.5354575,193.9128745,218.1817057,188.7529885,293.0473666
1253,405,103.9983609,30.6065462,359,103.99377,30.60329675,568.6881187,,73.73147276,71.7818166,65.33367034,68.10474321,80.06112063,80.10605909,63.84440417,61.4201233,66.57812121,89.0673747,65.1999117,73.03010324,93.4189928,76.22207245,64.24930168,57.97035478,66.08688306,60.31937324,89.99020779,83.65989838,85.17646709,69.28180126,68.1971095,71.96505223,61.27067599,87.67782558,74.64384985,54.81331265,77.29741418,75.61196055,86.626681,144.1744526,84.5594082,105.2442298,62.69414262,79.50591174,69.29743521,82.19167579,88.78933762,108.8977249,85.67805931,177.1001062,151.0905703,81.3653438,79.50591174,90.86583802,95.59271099,90.72129514,107.0938392,67.49232475
1254,405,103.9983609,30.6065462,754,104.0009258,30.60599487,253.3709515,,36.92855973,36.92855973,36.92855973,36.92855973,36.92855973,36.92855973,36.92855973,36.92855973,43.02525592,51.53307488,46.8964229,58.94251537,40.09386485,42.42490351,44.91894985,42.42490351,76.97345362,46.12568523,46.12568523,46.30129063,56.93729247,53.97251038,53.97251038,53.97251038,30.3035025,60.48643405,76.81140424,60.60700501,54.89831029,46.982693,50.17246564,47.34266913,48.7165084,40.72033149,69.23229035,39.6006697,38.05850175,51.24356322,56.18904059,46.72824925,95.67854113,34.35538325,62.90589141,34.32306398,34.29080547,30.20315978,39.8022731,47.42471883,52.54236321,39.90093724
1255,406,104.0617289,30.58131137,500,104.0658265,30.58140576,393.0597599,,36.00547419,36.00547419,35.57943692,42.62093782,42.62093782,42.62093782,42.62093782,42.62093782,42.62093782,42.62093782,42.62093782,42.62093782,42.62093782,42.62093782,42.62093782,42.62093782,42.62093782,42.62093782,42.62093782,42.62093782,42.62093782,42.62093782,42.62093782,42.62093782,42.62093782,42.62093782,42.62093782,42.62093782,42.62093782,42.62093782,42.62093782,42.62093782,42.62093782,42.62093782,39.48879449,40.99512705,40.22786455,40.60787189,40.41697501,40.51219857,40.46453077,40.51219857,40.54484629,40.52851586,40.53667943,40.53259723,40.5336177,40.53463823,40.53463823,47.8378668
1256,406,104.0617289,30.58131137,590,104.061686,30.57805291,361.1545333,,62.6581359,34.54799787,32.77705008,34.54799787,34.36536529,40.12828148,34.18465346,54.51389182,39.98430507,43.99852182,41.89547755,43.99852182,43.99852182,50.6389998,50.6389998,50.6389998,32.72205503,39.66914782,39.66914782,39.66914782,39.66914782,39.66914782,40.35246182,39.66914782,34.59395973,34.91914915,34.91914915,34.91914915,34.91914915,36.55547291,35.71858022,29.68393424,61.91220571,40.73403451,49.13835945,44.54323607,46.72810134,45.60951791,46.16203433,45.88411289,46.02265405,45.98794037,45.97060319,45.97927015,45.97060319,45.97060319,43.66603929,29.82009908,35.43867311,33.84446615
1257,406,104.0617289,30.58131137,989,104.0574511,30.58122199,410.3207952,,56.45177819,45.661665,45.661665,45.661665,45.661665,40.77722188,45.661665,47.26895561,46.85661737,46.45141078,46.45141078,39.54899231,42.72320644,41.88282439,41.4749106,41.67786942,41.57614232,41.62694372,41.60152752,41.60787866,41.61105495,41.61105495,41.61105495,57.70136183,48.35275619,52.61502208,50.39392524,52.61502208,51.48052782,54.8109411,34.35243867,42.23459222,37.88790927,39.94334596,38.88848672,39.40885873,39.1469435,39.27746448,39.21209538,39.24475272,39.22841725,39.23658328,39.23658328,48.43130697,43.35176777,45.75097923,45.12662001,44.82078751,44.97318382,44.93498767
1258,406,104.0617289,30.58131137,1119,104.0617764,30.58492614,400.6480744,,29.86196828,29.86196828,30.736986,31.66483135,43.86657749,34.69927188,40.55294473,40.55294473,40.55294473,35.55463602,35.67188132,35.67188132,35.67188132,35.67188132,35.67188132,35.67188132,35.67188132,35.67188132,35.67188132,37.88966027,39.10527975,38.48787372,38.79412039,38.64039028,38.71710274,38.67870847,38.69789608,38.68829989,38.69309739,38.69069849,38.6918979,38.69129819,38.69159804,38.69144812,38.69152308,38.6914856,38.69150434,38.69149497,38.69149966,38.69149731,38.69149966,45.78835136,64.70762978,45.78835136,45.78835136,30.95135339,33.67969802,35.23256349,35.23256349,39.14065313
1259,407,104.1027248,30.6056882,537,104.1029171,30.60286602,313.3206268,,57.54868656,28.53172656,37.12411157,37.94631645,47.94704597,74.69895738,53.12186452,39.13393878,44.72173076,52.66712481,35.91257914,38.43115014,37.93568128,37.93568128,35.24857052,35.24857052,35.24857052,35.24857052,35.24857052,77.25714085,48.41005393,59.52265206,59.52265206,59.52265206,83.75897942,69.59100813,76.02050591,72.66380929,74.30426724,72.66380929,73.47488286,55.02215885,121.2854039,68.98802792,68.98802792,68.98802792,68.98802792,68.77769857,68.88270269,68.77769857,68.77769857,56.87164319,52.3412648,54.51248923,53.40481783,53.95296892,53.81487893,53.74609866,53.7804668,53.77187064
1260,407,104.1027248,30.6056882,815,104.1002196,30.60546663,241.4176786,,48.3602981,52.79865914,49.75784214,49.75784214,49.75784214,49.75784214,49.75784214,49.75784214,40.73923327,59.29075451,73.34207957,105.9882491,32.55069824,46.66328284,46.66328284,46.66328284,46.66328284,46.66328284,46.66328284,50.10446177,54.09358772,54.09358772,74.49459795,62.67574347,68.07600335,68.07600335,68.07600335,79.55182087,73.36787702,75.73887956,74.53452716,75.73887956,52.99412457,49.94848523,51.42625106,50.67659726,51.04867213,50.86195423,51.04867213,51.04867213,82.37949222,71.42094652,66.96681092,69.12219852,68.02743613,68.57044796,68.43388395,68.36580568,68.39982785,68.39131913
1261,407,104.1027248,30.6056882,1162,104.1065063,30.60564708,362.5421336,,69.47575486,45.39282097,61.46711214,61.46711214,61.46711214,43.18834153,61.46711214,61.46711214,61.46711214,61.46711214,50.75119951,55.5975157,53.06393418,53.06393418,53.06393418,48.4286338,50.64043382,49.50984367,50.06875717,49.92784908,49.85769205,49.89274589,49.87521281,49.88397781,49.87959492,49.88178628,49.88069058,49.88123841,49.8809645,49.88123841,52.19022022,66.47631653,54.72334092,60.02997382,57.25395786,58.60911281,57.92361026,58.26434532,58.09347817,58.17878629,58.13610092,58.15743577,58.15743577,74.29705962,65.24393847,69.47682551,68.36793419,67.82665737,68.0962202,68.0962202
1262,408,103.9804376,30.7055703,4,103.9812278,30.70951601,443.815225,,61.92770581,80.49041864,85.44036417,90.01322873,77.37214576,77.37214576,72.70693106,71.40714235,93.98440059,93.16237959,93.98440059,93.98440059,93.98440059,93.98440059,93.98440059,93.98440059,93.98440059,93.98440059,93.98440059,93.98440059,93.98440059,93.98440059,93.98440059,93.98440059,93.98440059,93.98440059,93.98440059,93.98440059,93.98440059,93.98440059,93.98440059,93.98440059,93.98440059,93.98440059,93.98440059,93.98440059,93.98440059,93.98440059,93.98440059,93.98440059,93.98440059,93.98440059,93.98440059,93.98440059,93.98440059,93.98440059,93.98440059,93.98440059,93.98440059,93.98440059
1263,408,103.9804376,30.7055703,619,103.9789201,30.70587597,149.2203639,,20.79457975,29.27483978,20.79457975,28.20529303,41.70755513,28.27333211,27.3903536,30.26204391,30.39283225,27.26869594,24.81262402,24.81262402,24.81262402,24.81262402,24.81262402,24.81262402,24.81262402,34.32545112,28.80393083,30.01079944,30.65297062,30.3284861,30.48986506,30.40896147,30.44935953,30.42914709,30.43924995,30.43419769,30.43672361,30.4354606,30.43609209,30.43577633,30.43593422,30.43585527,30.43589475,30.43587502,30.43588488,30.43587995,30.43588242,30.43588242,30.43588242,34.30718372,36.6372252,35.43394144,36.02553845,35.72729108,35.801389,35.83855335,35.801389,28.88136075
1264,409,104.0298713,30.69080358,765,104.028725,30.69153993,136.8058842,,30.12239652,30.12239652,30.12239652,30.12239652,30.12239652,30.12239652,20.60674406,27.96977851,40.47954929,31.74014069,35.58106078,31.74501181,31.74501181,31.74501181,31.74501181,31.74501181,31.74501181,53.9234872,39.96338813,42.72887768,44.26029677,42.72887768,42.72887768,21.55366228,28.65362195,24.60162903,28.65362195,28.65362195,51.30220658,42.82618984,42.82618984,42.82618984,42.36569317,41.91499431,28.4135298,33.8682762,30.90203502,32.31723417,31.59379457,31.95141989,31.7716009,31.86125668,31.86125668,46.90487458,37.94646821,41.95276762,40.87392426,39.84917618,39.84917618,35.54793441
1265,409,104.0298713,30.69080358,1005,104.0290737,30.69002869,114.9437404,,20.03861818,20.03861818,20.03861818,20.03861818,20.03861818,20.03861818,20.03861818,20.03861818,24.48505713,24.92755816,24.48505713,23.11717684,23.78146353,23.78146353,26.42384837,25.03311951,25.7096903,25.36689443,25.53714205,25.49436626,25.47303207,25.48369469,25.47836227,25.48102821,25.47969517,25.48036167,25.48036167,25.48036167,41.07170873,29.34054901,34.57917538,21.40331718,50.21813901,44.97798537,47.45383778,46.18275284,46.80966804,46.49409724,46.65134898,46.49409724,34.87057292,24.26964607,27.89645835,32.84106869,30.16749444,18.9380991,30.65166411,34.48312212,34.48312212,41.07170873
1266,409,104.0298713,30.69080358,1082,104.0316701,30.68976828,207.0063574,,35.71355686,37.47977637,39.42978236,39.42978236,57.99399896,57.99399896,61.84422296,57.99399896,58.91090013,59.85725997,72.43964876,91.71973989,98.92339204,69.53868302,60.54620611,64.73162968,62.56900218,62.56900218,52.64655025,45.44041992,56.59920657,52.03767612,48.1565678,59.49883326,49.84768473,54.24734389,51.95453676,53.07619046,52.50937438,53.07619046,53.07619046,133.0755155,75.88586276,96.65470614,75.88586276,75.88586276,62.88800731,75.88586276,68.77823166,95.23615165,52.66592838,35.04182852,44.96065681,44.96065681,44.96065681,51.15946589,24.75823544,30.79433416,77.02562136,50.35289775
1267,410,104.1122596,30.71737887,249,104.1075671,30.71792339,453.3683008,,73.94745101,68.43295106,80.4285898,68.49449148,86.98872127,52.76269018,70.35025357,43.63972949,86.58492747,111.0289716,89.28478572,90.74568052,73.566524,107.0246481,74.46962202,102.0787557,60.38520708,77.65094893,79.55122092,63.7549173,78.25596082,65.49461809,90.04832457,111.7044331,79.22941179,94.12490674,77.24836813,156.184295,73.41325966,105.9510255,127.5098346,92.04149911,88.2230207,96.57549603,98.71709691,209.2469081,143.5286581,76.49096112,91.52107756,83.59159451,71.06498763,82.99012793,107.9448335,101.5845985,110.6526022,91.8357796,76.35676645,68.86607101,81.30141384,97.96673967
1268,410,104.1122596,30.71737887,992,104.1128505,30.72010892,307.8154888,,36.75408821,36.75408821,36.75408821,36.75408821,23.20703162,28.45021206,25.56253194,26.92918007,26.92918007,26.92918007,35.34723316,30.56926234,32.78508165,32.78508165,40.69041958,36.3124771,38.37699601,37.3162035,37.83916658,37.70705643,37.64134667,37.67417289,37.65775262,37.66596097,37.66185635,37.66390855,37.66288243,37.66339548,37.66313895,37.66326722,37.66320309,37.66323515,37.66321911,37.66322714,37.66322312,37.66322714,37.66322714,40.74028528,37.66322714,35.03063519,36.2992618,35.97356812,35.81290319,35.89305586,35.85293473,35.87298408,35.86796964,35.86546295,35.86671625,35.86671625
1269,410,104.1122596,30.71737887,1164,104.1118347,30.71478063,290.8233659,,27.08833421,39.1388455,34.14013425,28.60557697,31.53506377,31.53506377,31.53506377,31.57310366,31.61123542,40.01136753,35.37040937,36.31089424,36.31089424,27.40743762,123.1722491,54.9876112,29.57525755,29.57525755,29.57525755,34.62946364,29.24480774,28.1441967,28.90835114,28.57954824,39.47084325,33.15363348,36.03748844,34.53546207,34.53546207,34.53546207,32.64960864,33.56606785,33.56606785,34.01563749,34.4774133,43.04066258,34.4774133,38.2860564,26.64030833,52.34820586,26.23970219,28.11900047,28.11900047,29.45737258,30.92951602,84.77442245,35.89591259,36.18539576,75.86696502,49.26889963
1270,411,104.1692364,30.7015895,39,104.1766587,30.70212293,713.2862675,,51.08416239,66.45032881,87.34117561,58.76042478,73.74970285,54.8447365,80.74938877,92.20217461,81.64803062,81.90847091,119.526636,63.05292972,56.62250415,69.683326,78.52692853,75.56783816,101.7634305,86.77546255,67.28905645,62.75756976,87.34117561,82.93001939,81.5794958,82.24921411,81.91298608,82.08075577,81.99678511,82.03874894,82.01776166,82.017721,82.01774133,74.39392951,75.48002831,82.67323126,97.36689485,105.3829232,124.8539982,105.6720396,101.8403056,91.4617892,69.58890415,83.53385046,69.21376181,71.03265734,58.98538813,76.08386853,69.54963719,82.41232083,106.9929401,76.75667394
1271,411,104.1692364,30.7015895,113,104.1692351,30.70602859,491.9788734,,51.01898154,38.86885027,56.13705053,56.13705053,56.13705053,56.13705053,65.87164832,62.19926055,50.04647632,58.17095988,45.64752434,58.90452058,74.79408548,54.91857191,56.56284053,40.3751659,86.70848076,60.9104615,51.86307304,61.53519548,61.53519548,57.47292409,59.43472818,56.32580745,77.45439988,61.15231573,68.34468151,64.54876376,69.70094265,68.38671652,69.03757561,68.71060479,76.01112444,68.79205679,88.70515805,68.80796646,64.0348975,64.03145214,51.04548699,64.03231344,61.28456554,71.76828506,137.1192731,86.96189577,56.12963774,73.74561876,65.97183799,68.53752766,65.97183799,60.1911281
1272,411,104.1692364,30.7015895,341,104.1638951,30.70182076,512.1666139,,39.4536336,84.83741459,41.82848934,56.21340884,36.65605984,41.82848934,50.86344304,63.14382911,69.14249287,39.4536336,40.97332911,57.95075358,76.1900748,65.07528742,39.99565748,42.19221533,72.44792967,43.22370619,51.7921295,56.36705082,50.46897291,56.55827638,56.38759918,64.45972078,65.39474796,57.79936709,65.15845727,64.53544075,66.23992749,61.5658099,62.35911246,61.95992203,49.63121965,63.9098721,72.19263156,53.25053603,62.09656602,82.96062137,63.57930379,93.15060613,93.05753486,56.80221226,112.7706306,64.82108708,36.51088733,68.9270957,65.92847949,50.10325571,54.12328209,53.18653298
1273,411,104.1692364,30.7015895,366,104.1696646,30.69594523,626.8900077,,93.84667674,76.14048677,122.2831803,61.27861983,74.09769321,76.50183145,66.95919973,89.13128072,62.38339511,75.22680092,151.9733352,78.38393149,74.420578,133.1447804,65.4353544,148.669567,73.07514392,64.3575293,157.0861272,84.91592578,64.48011508,63.16739417,57.68189208,63.8416981,50.20698616,67.91619026,111.0631903,71.18081455,68.18141189,86.74454942,76.22091485,70.37850114,106.285904,74.86041864,93.38499424,112.8402014,68.11279762,66.23049238,95.62728931,65.51819557,54.95464353,110.4922413,81.24566725,75.86345314,76.17879874,121.3335499,110.0880014,98.55039422,94.42694677,74.976878
1274,412,103.9926702,30.62703779,100,103.9911436,30.62966155,325.53111,,27.44524581,47.02696613,66.19752172,38.11095922,47.76004059,31.12648064,29.85763047,28.72333324,67.25463392,41.92887284,30.20391742,29.97217381,34.79548682,32.0632557,40.24883787,52.84375978,30.83978937,39.19438114,32.50796105,45.77781234,46.49983121,39.69219292,25.58759817,47.34997964,38.67696356,42.21204848,29.55641856,28.27290702,35.33403003,45.42294558,47.76815202,56.03547886,88.82079326,60.3106849,51.62607912,57.29543419,45.32178088,42.46057957,38.4264376,39.35892514,57.86159383,49.39565842,50.57833204,35.12223764,73.91175866,48.30634773,29.26122337,35.08718551,47.80875047,33.26145684
1275,412,103.9926702,30.62703779,658,103.9880426,30.62480647,507.8290308,,107.224898,87.05640528,139.5560695,107.224898,121.2726044,113.8169345,117.4265443,113.8169345,96.60155936,67.67920447,72.40334697,49.61151997,51.11419881,70.77545754,50.90663448,52.76145775,54.24879854,55.10268117,55.23216045,55.19973362,55.18353447,55.19163285,55.18353447,55.18758337,49.54429569,83.56353782,137.9761895,66.72206244,208.9353727,76.36526779,64.82923797,89.26682182,51.3534975,73.03973276,73.03973276,71.87268865,70.74235256,62.02491979,69.51271904,65.55569739,67.47624492,66.50210793,66.50210793,59.89138447,66.50210793,75.40362744,87.05640528,90.12177164,93.41088742,60.07178021
1276,412,103.9926702,30.62703779,703,103.9943014,30.62444502,327.1391113,,36.72663619,36.72663619,36.72663619,36.72663619,36.72663619,36.86074494,36.99583667,44.95041224,39.30036042,27.48426606,41.91106052,33.19804935,37.04917973,37.04917973,37.04917973,54.02297251,43.95431027,48.47128697,46.10242293,46.10242293,46.10242293,41.0348711,43.42129288,42.19436622,42.79903823,42.79903823,42.79903823,54.39726562,47.90615608,50.94578174,49.37923576,50.15027817,49.76177039,49.95526893,49.85833191,49.90675335,49.88253088,49.89463918,49.88858429,49.89161154,49.89009788,49.8908547,49.8908547,113.787517,69.36721593,86.19076491,81.26357515,79.00536105,80.11855883,79.83732871
1277,412,103.9926702,30.62703779,902,103.998551,30.629674,634.8676795,,77.40977633,128.7618956,77.40977633,61.60441095,68.60858975,68.60858975,68.60858975,76.82432424,74.9966742,74.9966742,74.9966742,135.5819112,96.57385058,104.0584761,104.0584761,99.14678178,94.67786438,85.24097515,85.24097515,88.43622331,91.88034759,133.0727014,93.28667944,112.4028023,101.9564452,157.6223204,59.28725412,90.33690301,90.33690301,134.8391532,134.8391532,134.8391532,277.0331692,145.884488,145.884488,145.884488,113.144735,74.52794498,99.22678639,93.03352697,87.56795579,99.22678639,99.22678639,94.96635648,97.04983636,94.96635648,56.29368587,70.68629834,62.67432302,77.30068701
1278,413,104.0351193,30.64569618,931,104.0350085,30.64701254,146.2787448,,32.57341121,43.88362344,23.19839125,29.48979495,27.32679847,29.48979495,30.21495384,32.34002956,31.64367438,29.8479706,43.88362344,19.3248984,29.72509253,24.01366763,24.01366763,24.0297336,26.92246837,24.04582106,22.60100778,24.18385678,24.32348643,28.16061397,24.34222564,24.34222564,24.34222564,24.34222564,25.9837244,38.80236178,27.86261806,21.42406352,43.2824779,33.38215412,31.43901381,35.5813163,40.82197529,46.80919834,33.37459818,28.22530144,17.37965285,26.31451067,24.64602876,27.65935997,31.51217641,37.10289719,49.44633627,45.10522324,43.70153372,42.38257395,42.38257395,32.17372728
1279,413,104.0351193,30.64569618,1523,104.0388748,30.64572827,359.9021833,,63.16809718,63.16809718,63.16809718,97.66189896,65.97824875,62.10076889,62.89552718,57.63558096,62.76494824,52.48573506,60.04574847,57.55237579,78.35143736,116.0281665,63.82501773,137.1055936,47.17164538,57.84142232,74.74891501,77.97278995,73.55665062,96.81054995,89.35502482,93.38002594,60.15078272,93.21207625,90.60474545,91.88991914,130.8735212,87.30780727,70.03501945,70.03501945,70.03501945,67.13201347,130.4343483,65.10793266,151.0959603,66.90092219,78.52411272,100.5677511,100.5677511,161.9559825,102.0195165,72.24802194,107.970655,74.67711008,104.7290418,80.80963785,54.78426469,94.34329079
1280,413,104.0351193,30.64569618,1559,104.0350719,30.64438023,145.9190187,,20.72222751,26.93199012,38.45596393,31.67848439,31.67848439,31.67848439,21.6176324,25.69845128,24.54031585,23.99953022,24.26691057,24.1324798,24.19950849,24.18271643,24.17432914,24.17852206,24.17642542,24.1774737,24.17694955,24.17708058,24.1771461,24.17711334,24.17712972,24.17712153,24.17712563,24.17712358,24.1771246,24.17712358,23.77275101,23.38168252,18.6610468,40.40834364,21.70696146,28.24239072,24.54712464,26.26542337,25.37722064,25.8136839,25.59359159,25.7031666,25.64826206,25.7031666,30.99164999,28.10075385,29.47548826,28.77170895,29.47548826,37.86006972,33.14575758,37.86006972
1281,414,104.1214114,30.65498432,534,104.1203144,30.65880798,436.6127438,,90.50705628,71.58129235,67.95773925,69.75469872,71.93619577,73.42028235,82.52754555,77.63601784,73.40929194,68.99559408,63.38193148,62.4602946,74.99670193,61.63944618,76.60339337,76.69684063,103.4082814,97.02505418,78.70917752,102.7324103,81.57059453,72.55884029,95.9881452,76.96015162,88.71905235,88.71905235,88.71905235,88.71905235,88.71905235,88.71905235,88.71905235,88.71905235,88.71905235,88.71905235,88.71905235,88.71905235,88.71905235,88.71905235,88.71905235,88.71905235,88.71905235,79.28402914,83.73660615,81.44951108,82.57722556,82.00949172,82.15069202,82.22147471,82.18606812,82.2037676
1282,414,104.1214114,30.65498432,570,104.123888,30.65480711,238.1140514,,47.66694635,25.80405133,39.3015551,47.8888595,47.8888595,47.8888595,47.8888595,47.8888595,47.8888595,47.8888595,47.8888595,47.8888595,47.8888595,47.8888595,47.8888595,68.5768468,56.39543323,61.89246101,59.01621928,59.70992321,60.06292691,59.88590486,59.97428526,59.93006246,59.9521657,59.9521657,59.9521657,71.13780789,65.06776271,67.96752851,66.48604256,67.21862364,66.85032616,67.033969,66.94202163,66.98796379,66.96498483,66.97647234,66.97072807,66.97360008,66.97216407,66.97252307,66.97270254,66.9726128,66.9726577,66.97263525,66.97264085,66.97264368,66.97264226,66.97264263
1283,414,104.1214114,30.65498432,862,104.120455,30.65309272,228.7977051,,47.42831506,68.63931153,42.38448054,36.55347952,35.30526097,40.26914182,42.02406828,41.31916543,43.4679165,54.36777151,44.56294347,43.35114412,39.80693056,35.2781685,94.13391296,94.13391296,94.13391296,50.84393447,66.02579065,61.43938375,59.37710211,60.39064183,59.87958341,60.13402679,60.00653538,60.07021344,60.03835752,60.05428128,60.04631834,60.05029952,60.04830887,60.0493042,60.04880653,60.04905536,60.04893095,60.04899316,60.04896207,60.04897761,60.04896982,60.04897372,60.04897179,60.04897227,60.04897249,60.04897236,60.04897245,60.04897241,60.04897241,60.04897241,60.04897241,60.04897241
1284,415,104.1386582,30.63500595,508,104.1377241,30.63284921,255.2407113,,41.24523768,26.30343208,24.60732755,19.28366339,19.28366339,19.28366339,19.28366339,19.28366339,19.28366339,19.28366339,19.28366339,19.28366339,19.28366339,18.32236412,19.28366339,19.28366339,20.08451499,19.52957621,19.52957621,19.64964578,21.2127717,19.77120088,21.29470593,24.26050325,23.68212785,23.68212785,23.68212785,19.20306292,20.30644333,19.73934609,20.30644333,18.71418657,20.30644333,20.60238925,20.90708898,25.52407113,19.80315864,23.47041023,20.39659402,20.39659402,20.39659402,19.39355341,22.66008781,20.89995589,21.9824536,21.9824536,21.9824536,21.9824536,21.9824536,21.05078031
1285,415,104.1386582,30.63500595,616,104.1398098,30.63635551,185.8841351,,18.19137943,18.1104976,16.43462926,20.96766055,17.07462181,20.74985694,20.74985694,20.74985694,20.74985694,20.74985694,20.74985694,20.74985694,20.74985694,20.74985694,20.74985694,20.74985694,20.74985694,20.74985694,20.74985694,20.74985694,20.74985694,20.74985694,20.74985694,20.74985694,20.74985694,20.74985694,20.74985694,20.74985694,20.74985694,20.74985694,20.74985694,20.74985694,20.74985694,20.74985694,20.74985694,20.74985694,20.74985694,20.74985694,20.74985694,20.74985694,20.74985694,20.74985694,20.74985694,20.74985694,20.74985694,20.74985694,20.74985694,20.74985694,20.74985694,20.74985694
1286,415,104.1386582,30.63500595,1834,104.1356858,30.63618962,313.6144504,,43.9589366,40.58761011,40.58761011,37.69656165,39.08870242,43.09206189,31.10225954,34.13490617,34.13490617,34.13490617,34.13490617,34.13490617,34.13490617,34.13490617,35.39222638,34.75219766,27.94584211,44.37940336,44.37940336,86.18412377,58.58910334,58.58910334,47.99711006,36.30263735,40.64849762,38.35284999,82.4096366,25.89477113,41.97070712,35.17171406,35.17171406,35.17171406,35.17171406,35.17171406,35.17171406,35.17171406,35.17171406,29.71084267,29.71084267,29.71084267,23.66901512,31.60285574,31.40506318,38.5328335,25.34258185,34.2470785,55.61635574,39.66084384,46.84697184,46.84697184
1287,416,103.9694659,30.60783411,188,103.9698331,30.60822849,56.12003488,,4.586427368,4.418014591,4.599479239,4.920362284,4.747181333,4.2909478,4.2909478,5.986137054,5.85600364,5.85600364,5.85600364,5.409159988,5.409159988,5.409159988,5.409159988,5.409159988,5.409159988,5.409159988,5.83811071,7.450797204,6.656742193,7.194555996,6.913193039,6.922339392,7.206425025,6.937873358,6.394581709,7.067767205,7.409760465,6.788693013,7.497487525,6.640054954,6.538894723,6.58192297,6.902361652,5.377664297,6.315354125,6.277762367,6.53848793,6.426229656,6.338752152,7.03316727,6.272580036,6.176102236,5.793038224,5.793038224,6.10522666,6.548305064,6.715656312,7.634056545
1288,416,103.9694659,30.60783411,281,103.9604905,30.60401625,958.8743236,,95.22613972,80.18461243,95.22613972,72.81492528,79.90619363,73.09576633,80.18461243,102.2799279,116.2924503,92.29806323,100.0564512,97.37510762,91.79490932,94.78011564,99.78529546,96.15452827,94.84675271,93.97374714,106.2137712,147.204587,98.48637846,101.8837134,93.97317332,93.93054599,86.20632521,93.93054599,101.6773951,105.3225802,111.3531473,111.3531473,111.3531473,93.97316418,93.93054599,109.759859,90.39469892,136.2017239,89.55194331,90.65913022,113.0285409,101.0106696,94.78794973,102.7620213,97.99709198,115.5462519,103.558427,103.558427,115.7724169,106.344657,104.9330499,130.3754097
1289,416,103.9694659,30.60783411,371,103.9718535,30.60676545,257.7163082,,23.72608022,23.86057547,22.43721184,24.43130242,29.13153533,20.77164955,21.38222842,29.87413836,68.72434885,24.86009404,24.72428273,24.78703472,24.75561896,27.58304515,34.6556511,25.74779028,26.8532188,24.0060674,27.62976914,34.65902254,27.22921312,28.52783579,30.28091051,30.24620503,30.92267101,32.35443101,33.98904848,31.58067108,34.72835347,30.66910324,34.95901614,36.57141829,33.70739702,32.95400114,40.48341702,34.07917258,38.15271757,35.17811117,33.87779514,34.02724065,30.92788998,34.89406662,33.04858253,33.73884535,28.64619713,28.04899996,34.85062264,33.74957832,35.90734528,36.02076967
1290,417,104.051983,30.60576544,230,104.0553258,30.60561598,320.892888,,34.72588367,38.07203756,41.44266894,41.55447471,34.06798489,31.59776796,40.74830324,33.32349221,44.49243895,55.53915369,55.60598781,38.80899429,42.02962981,43.56012054,33.15773802,37.90542612,38.86339434,40.71240165,44.62748773,37.20497252,37.96924887,35.16634389,28.38582561,37.33121334,44.38864157,28.2794222,43.15869477,32.07277563,37.16507443,26.4049005,35.70987316,54.36303044,33.05842046,29.98998953,36.58636253,42.82220766,33.22445777,37.00238299,38.44307477,35.16634389,30.09391187,88.1843051,38.31556872,34.72716106,28.68742663,33.58181386,31.44051625,37.36139705,39.74361456,40.27944201
1291,417,104.051983,30.60576544,778,104.0518659,30.60293304,314.1148675,,25.90638082,40.43433336,38.72649051,38.72649051,23.03082532,34.06064828,34.06064828,34.06064828,33.27879703,29.14467843,29.14467843,29.14467843,23.4365497,24.6431713,25.294305,25.294305,26.15920822,44.17240324,27.08535384,29.98511165,31.68099522,31.67544882,31.67544882,31.67544882,31.67544882,31.67544882,31.67544882,30.19528766,29.27672551,27.44026991,28.41240008,37.34522863,28.41240008,28.41240008,24.16268212,26.11578575,25.10129907,25.59849514,25.59849514,26.82036224,28.16472037,93.84344589,40.29026804,40.29026804,34.70527437,27.0529551,27.34736452,27.34736452,25.26957593,25.75885018
1292,417,104.051983,30.60576544,1209,104.0468563,30.60374601,540.0478393,,53.98336197,51.91914313,49.47003108,49.47003108,49.47003108,49.47003108,57.69057037,53.26499237,54.30648663,54.30648663,50.72856416,43.78766265,47.59295524,43.78766265,43.20382714,43.49378572,43.49378572,43.49378572,83.26219364,57.13952157,57.13952157,45.96151824,64.27015608,53.59537482,58.44937156,55.91723089,57.15526972,56.52947262,56.84064876,56.68463363,56.762534,56.72355707,56.74303884,56.73329628,56.73816713,56.73573161,56.73694935,56.73634046,56.7366449,56.73649269,56.73656881,56.73654976,56.73654976,56.73654976,74.06370368,54.92011925,51.77555849,46.62283505,49.06428319,48.43025929
1293,418,104.0785558,30.60016577,771,104.0773184,30.60357397,395.9190753,,33.78008997,25.72585197,40.1212856,49.14857486,31.70875798,39.31885989,37.60708895,34.31722322,81.67958,81.67958,81.67958,81.67958,81.67958,81.67958,81.67958,81.67958,81.67958,81.67958,81.67958,81.67958,75.01624585,78.2062371,76.57803471,78.2062371,77.38357223,111.135179,46.80816654,69.07796468,55.80327586,61.7350805,58.61949809,61.7350805,79.87719348,124.662566,113.1197358,118.6109851,115.8002983,115.8002983,115.8002983,102.9103734,108.9754957,107.3931657,106.6191081,107.0047371,106.8115745,106.9080686,106.8839287,106.8597998,106.8597998,74.67930105
1294,418,104.0785558,30.60016577,801,104.0753692,30.60061324,309.5056067,,28.22597047,18.63244455,18.63244455,20.67198857,23.35891371,17.39609967,17.39609967,17.39609967,17.39609967,17.95681199,17.95681199,17.95681199,20.13044596,15.66015719,16.73003279,16.17742554,16.44908927,16.3121264,16.44908927,23.38342464,16.37355157,18.50864093,17.91350778,18.11740137,18.11740137,18.11740137,18.11740137,18.37131384,18.11740137,18.11740137,15.61626046,18.11740137,18.57807727,19.06279186,29.47672445,23.1526272,23.1526272,23.1526272,18.66365468,20.66719562,18.66365468,17.05004107,17.82039479,17.42670865,17.62135311,17.52349039,17.54785402,17.56006126,17.56006126,23.06874087
1295,418,104.0785558,30.60016577,1138,104.0800594,30.59987606,147.6764057,,9.287360678,6.609088271,8.022661879,7.930117251,9.077434157,7.225756854,10.47212857,9.455959575,7.265255354,10.7184488,10.32301088,9.317849161,7.398047299,8.854681221,8.233468492,8.298693628,9.50026913,6.649594253,8.899147314,7.578546836,7.746958988,9.582463239,13.95367613,9.379588224,7.240518359,8.372205677,12.52871313,14.27926971,6.499206119,9.79070093,8.64330135,8.837569837,8.837018958,8.920051351,10.86355168,7.860547963,7.842877605,10.88301045,7.923026237,11.83054377,8.137271335,8.585144296,8.413611245,8.183197442,8.515698551,9.510466199,9.510466199,9.510466199,9.510466199,9.510466199
1296,419,103.9887776,30.71046208,208,103.9805092,30.70204313,1223.809673,,134.3205739,144.766095,94.77313966,140.4313621,184.3395323,120.6494246,106.9348258,146.7959958,127.5632232,103.1783331,122.1628194,100.1059335,120.3574143,129.5397425,129.3081919,124.0270047,143.5670818,126.2382471,160.5581204,119.8507841,91.53147139,114.0606044,95.69130823,177.9219187,129.5798477,111.7350957,108.9680587,113.4518839,85.43726223,145.0441094,87.93841962,97.94830642,191.8865341,134.5580801,157.7224877,142.6567131,114.0084703,115.9017382,102.3692088,122.2790681,140.6079199,113.774916,110.1428706,96.99944568,162.7727151,104.5246696,95.9328214,128.9729164,115.7114858,96.37269509
1297,419,103.9887776,30.71046208,286,103.9941339,30.70578931,728.9290015,,92.12991173,101.1857651,113.6916071,128.7038595,112.2428546,107.9793826,115.0940529,107.5322117,77.46032056,76.06215668,72.53024891,76.87945145,200.3163668,99.90397481,106.6725368,96.71887973,101.4521501,97.29413377,111.0699982,137.5980025,94.86377261,136.6741878,114.3418042,86.70598188,168.9363351,94.88741674,99.23215553,80.33443097,102.8459532,88.58110671,72.89290015,96.4027857,87.97654989,105.7057162,95.38008964,98.36956332,97.77144642,98.06959293,115.0130555,84.54293934,75.52735657,100.728373,110.7567732,104.7788705,108.1127318,106.4196972,104.9682566,69.07708095,70.42267808,89.90493286
1298,419,103.9887776,30.71046208,691,103.9901669,30.71201697,217.7154892,,43.66438781,30.91817598,59.4670532,41.63483459,24.88177019,36.45468656,34.32594575,51.17143162,33.85640437,39.28700557,33.85640437,31.8284573,30.02972265,27.86404432,30.81687135,27.66267393,28.3976725,41.19714907,48.92482903,39.00999225,25.69756594,32.95483229,38.91637344,28.81528534,36.45468656,38.72409887,41.29482408,60.35676926,49.922023,45.48021826,50.17770558,58.93050835,48.87906212,47.64594293,36.37010492,34.80354179,52.9578217,60.87578727,71.4378949,52.85960284,37.62123654,25.65550773,30.3201455,30.53671796,29.40997227,53.52614955,27.95455234,27.95455234,26.19133705,29.61136288
1299,420,104.0364018,30.69170185,530,104.0350245,30.69048312,188.8040849,,20.22437897,14.2344441,14.2344441,14.2344441,16.99236764,26.14210406,18.02903728,21.20732311,16.31080884,33.41665219,15.53943086,25.19720874,20.80167424,25.04632725,25.04632725,25.04632725,18.75019878,50.57252274,32.83549303,13.91391414,22.27898516,19.33697598,19.48386715,19.33697598,19.6330071,19.6330071,21.9578319,20.73044352,21.32649256,21.02424431,21.02424431,21.02424431,12.87300579,13.60750161,13.60750161,13.60750161,23.45797086,19.77773149,14.97124902,14.07235415,22.92393611,16.71037998,66.3116786,28.60667953,22.69431404,16.51748981,15.18870851,40.9454642,22.15793661,25.36174275
1300,420,104.0364018,30.69170185,1033,104.0335529,30.694869,444.6049052,,42.29246756,37.60755777,36.95346296,54.63819316,46.67379134,48.83532139,48.57595322,51.30056598,29.56732128,52.754702,33.76033872,32.41129245,42.43688003,33.50825524,35.35625489,51.31884192,39.1100222,35.33284015,40.7409891,52.05130597,46.02299977,31.94765786,36.21216422,40.87276963,41.17241566,44.73664263,34.83302848,43.74358182,48.68677289,49.6110859,34.11937217,33.76746115,31.32245907,37.22273625,40.48678732,33.64189097,42.24173284,37.80520009,57.26574808,40.88722649,54.56514746,70.67986448,31.47203261,28.60728613,43.52621569,32.24970484,40.70127549,43.64418266,40.60506053,35.82714401
1301,420,104.0364018,30.69170185,1498,104.0390211,30.69392231,351.4324351,,25.64940226,29.93947723,27.50340796,50.45490594,41.48735092,45.34612066,35.73889171,32.12312102,43.1163455,41.75434872,24.25995717,31.5715164,31.80541512,32.0428054,25.26271498,25.51362271,25.82910993,33.6776424,29.27097917,31.36536298,38.48385601,21.14762668,38.9279005,32.70547436,19.25657179,31.25773357,32.3983807,32.31562622,45.19658688,28.68836205,36.50660755,25.93597307,25.67977198,25.36400895,38.99990032,29.62896408,26.51814868,26.7361954,25.08241012,28.77972626,83.78521632,19.81761852,37.71762081,35.27798582,65.21426631,41.61699889,28.07893901,33.05199099,32.01127607,38.75362385
1302,420,104.0364018,30.69170185,1516,104.0385937,30.68899368,366.2891095,,31.90420793,27.71786159,27.59239996,25.82676429,29.77896191,28.82653013,38.01334769,28.52348679,35.84886618,33.07973143,26.97477938,28.2122549,36.09805717,35.97928497,31.03089855,32.57759469,32.93857105,27.26576985,33.78073162,35.22637919,32.40699912,28.92460918,36.20797462,27.46024145,43.09283641,35.2700759,33.14000488,31.20304766,34.34622945,28.95725049,29.96059743,29.41342912,28.01492127,36.12714505,32.74600762,29.88421063,27.94914782,31.98467196,33.04227125,31.20826048,29.92880081,38.65951156,27.8455353,36.97814902,27.08237409,34.51939252,27.35390943,35.93602677,36.16843322,30.55737936
1303,421,104.0723412,30.71409949,353,104.0757464,30.71118555,458.9497758,,149.5220989,149.5220989,37.10767418,21.79708698,55.63027585,95.64221088,30.85376644,39.05186196,66.22121014,70.98686113,66.22121014,94.00962691,23.0274452,19.72799036,43.91280247,22.95545944,66.22121014,66.22121014,19.42644554,22.38779394,23.1890413,22.43339026,25.24399072,26.62722309,21.79708698,23.89326382,66.22121014,79.79807742,93.38968587,79.52920303,23.58628398,25.16069837,28.88495092,83.20029508,18.92576395,20.38518437,85.49646535,94.51379008,83.47176219,29.36544429,29.36544429,27.72179854,65.0620079,22.37263633,39.21018553,34.81562898,35.81925692,36.34308685,60.49661213,19.3808703
1304,421,104.0723412,30.71409949,388,104.0738458,30.71401447,144.3885285,,19.99225779,21.47928523,21.47928523,10.5062901,21.47928523,21.47928523,20.46250182,18.6594406,20.77212017,20.23612909,21.47928523,17.39184283,20.57590114,21.47928523,17.65021061,21.47928523,20.91745282,42.78178622,28.3423502,12.38598974,28.35781247,22.90282516,28.09722717,20.43139409,26.79374756,26.86623619,27.76482313,27.30813957,27.11698481,23.13956184,23.95385726,14.41148485,27.07284909,27.45632386,20.7919481,20.08883875,16.17630817,24.07868918,24.82620669,16.07624854,22.64918094,21.98544362,28.8777057,23.06798976,25.60584742,27.45868839,21.96332546,24.40548504,26.00127677,23.42857822
1305,421,104.0723412,30.71409949,522,104.0712971,30.71726067,364.3413238,,54.16755965,25.60837126,42.61302033,98.61870419,98.61870419,98.61870419,98.61870419,98.61870419,98.61870419,98.61870419,98.61870419,98.61870419,98.61870419,98.61870419,98.61870419,98.61870419,98.61870419,98.61870419,98.61870419,98.61870419,98.61870419,98.61870419,98.61870419,98.61870419,98.61870419,98.61870419,98.61870419,98.61870419,98.61870419,98.61870419,98.61870419,98.61870419,49.96681012,66.32762405,56.99636135,56.99636135,56.99636135,36.09987429,41.63900843,41.63900843,41.63900843,41.63900843,63.21102485,50.20588577,55.96282734,52.92827302,52.92827302,51.69192558,39.31740904,50.51201921
1306,421,104.0723412,30.71409949,1430,104.0719539,30.71412139,37.16157929,,3.985551701,3.973713429,2.777276921,4.151487523,2.86164033,5.910825573,3.37832539,5.55110728,3.141336905,4.59336259,5.662716844,3.064872519,5.361991401,3.216615697,4.816622338,3.218452048,5.361991401,5.361991401,4.138644561,3.071910114,3.635371887,2.72884621,4.380539798,5.152054638,4.287874533,3.703299251,5.361991401,3.423715558,3.423715558,4.633131963,3.816881182,5.361991401,3.300195756,4.023509337,3.806022345,4.029568839,3.408450585,3.322220964,3.508260982,3.436909067,4.727268037,5.656730886,6.125798003,11.05633764,11.05633764,11.05633764,11.05633764,11.05633764,11.05633764,11.05633764
1307,422,104.1645632,30.69122648,7,104.1642292,30.69574474,501.773329,,66.16791152,52.16491268,109.8105766,49.22027205,54.38185602,57.10381405,57.39107178,57.39107178,60.92357452,64.80301289,61.56503142,60.853024,56.39914313,65.97988219,65.98856885,65.98422523,62.95270899,73.4379272,75.26599935,90.31919922,52.47243245,52.5146409,49.57614504,50.19700919,53.39394744,53.39394744,61.3026239,67.48632569,57.41517923,54.49401313,56.10481955,80.01700928,58.02661986,59.55704858,57.92854659,54.10171714,106.2578814,54.05898152,51.02496756,53.54154268,62.43463218,59.56890674,56.09969045,59.83865185,57.01486101,59.37760829,57.24572446,57.19261716,57.21915849,57.20588511
1308,422,104.1645632,30.69122648,71,104.1649449,30.68504344,686.2321224,,77.50386324,107.4102452,77.50386324,83.13299968,120.5090556,80.35803665,121.1740351,53.38019967,82.19129982,82.19129982,82.19129982,64.67109007,80.47021631,103.365508,79.18062951,79.18062951,70.51671668,80.73319087,67.19226583,58.71737381,57.54120281,58.71737381,58.71737381,67.02212807,62.59549765,86.6819523,66.40956023,84.31520958,66.40956023,66.94947536,79.2996196,77.20969691,78.24070454,77.7217817,77.98037982,45.12211216,77.9155691,77.88320411,77.89938325,69.19987789,77.89533783,74.60734287,74.60734287,70.13302032,68.13820074,72.58870639,65.30684882,183.6755123,65.26919015,65.39447177
1309,422,104.1645632,30.69122648,183,104.1699986,30.6912367,520.6009924,,58.66844804,70.47052351,73.80049508,62.93967092,62.94671736,57.34518635,68.29212582,68.29212582,68.07919742,66.45128534,66.45128534,46.8687358,62.35335079,62.35335079,62.35335079,62.35335079,48.95934098,31.36675435,48.95934098,47.55345953,46.93234092,46.93229429,46.9323176,35.19556005,47.48725268,49.10901143,48.28451817,48.69327488,48.69327488,48.69327488,56.017248,49.398091,52.49985704,50.90176527,51.68846176,49.01544678,49.10540751,35.49552221,49.08288639,38.40499124,49.05029554,47.18154374,39.12658816,51.7690464,54.54026355,38.01548829,33.70797793,41.49439644,54.10892903,54.15416265
1310,422,104.1645632,30.69122648,237,104.159153,30.69079437,520.3990842,,33.78605416,60.43344204,52.1122866,51.04732161,51.04732161,58.91310387,51.04732161,51.65785553,223.9167374,54.34189132,47.18984139,49.04284563,54.65898477,63.97165949,72.47337343,74.17103412,65.83224206,57.71524039,55.88178085,53.48092216,38.66742421,51.75891115,51.71937475,51.7391354,51.72925319,55.92348368,54.46036928,57.61973318,63.57816865,57.04792149,59.99237926,58.55140593,59.33326299,56.19186272,59.13584765,59.03763182,59.08669892,58.93958166,51.75239511,59.0682892,57.1750774,64.75011647,57.32030896,60.80910537,59.01318866,59.89768826,59.07033815,59.56291116,59.07033515,59.59066626
1311,423,103.9401081,30.63831074,622,103.9328245,30.67415763,4033.865372,,302.6187099,301.754085,382.6591657,379.9062221,336.9353907,357.4350364,380.9339215,357.5106579,380.7622523,333.8371342,307.5048245,336.9353907,311.2299246,298.5753601,173.6032916,173.6032916,173.6032916,173.6032916,173.6032916,173.6032916,173.6032916,173.6032916,173.6032916,173.6032916,173.6032916,173.6032916,173.6032916,173.6032916,173.6032916,173.6032916,173.6032916,173.6032916,173.6032916,173.6032916,173.6032916,173.6032916,169.9960824,171.7807522,171.7807522,171.7807522,182.4361224,179.6502458,178.2889719,178.9670203,178.6273527,178.9670203,203.8163556,190.5851098,191.0778334,191.0778334
1312,423,103.9401081,30.63831074,909,103.9425616,30.630378,910.1111512,,81.89123686,73.34882092,73.91926048,77.24756151,75.84259593,81.42653356,82.62808098,40.61653071,40.61653071,40.61653071,40.61653071,36.14341031,37.34498645,37.34498645,37.34498645,37.34498645,40.21767771,38.72813409,39.45885361,39.27360077,39.18162513,39.22755903,39.20457863,39.21606547,39.2103212,39.21319312,39.21175711,39.21247511,39.2121161,39.2122956,39.21220585,39.21225073,39.21220585,39.21220585,32.78585868,35.71223332,34.18653573,34.93273364,34.55560678,34.74314684,34.64912305,34.67258125,34.68432227,34.67845077,34.68138627,34.67991846,34.6802854,34.68046887,34.68037714,34.68040007
1313,423,103.9401081,30.63831074,1070,103.9556823,30.64225974,1555.395818,,106.6557132,78.80964032,125.9713148,134.6015612,197.278624,143.5030071,139.3439082,186.0274068,180.918415,149.702949,165.6634599,136.8216236,183.8388491,233.0319537,107.8516189,145.7550962,105.1809538,161.3086048,117.3883636,98.19245848,78.80964032,94.10798227,97.29669756,124.3395621,104.6450337,119.4737422,95.30899865,93.37116412,114.2643633,198.9643382,138.8451102,146.4114599,102.4265259,104.7796367,101.4148218,192.519338,93.40164317,205.3220252,158.6913687,181.6356983,102.4988347,187.2717373,103.9336463,113.4348007,110.7289635,105.4898891,105.2523486,101.1080662,173.0506605,104.1805062
1314,424,104.0598002,30.62746869,587,104.0599492,30.6251091,261.9023515,,54.81677124,54.49991129,54.49991129,54.49991129,71.42791405,82.52502979,52.96901491,39.44972659,52.09107544,52.09107544,57.90266933,50.96478191,57.90266933,65.32437406,91.09647009,88.11667901,88.11667901,88.11667901,60.18181693,53.57093553,71.9731653,71.15837475,71.15837475,71.15837475,67.34631896,101.7462373,41.84238752,41.84238752,41.84238752,35.89524614,50.81219273,53.49494839,67.22627204,64.49031911,68.55162222,111.2505564,75.12736776,48.78905384,56.12193246,81.74986697,40.93408678,55.61160768,86.69870946,40.17820164,67.28624196,67.28624196,73.66003636,70.32902306,126.556841,72.52680503
1315,424,104.0598002,30.62746869,1165,104.0597716,30.63202286,504.7456495,,83.02604677,73.83707787,144.6723199,67.4868835,59.44659775,63.96630955,67.03129475,88.78985283,79.61908007,75.58860515,79.01798174,83.35249258,62.18159333,84.0904221,80.14864756,52.87345309,65.93593003,87.37982847,73.12210616,80.05878951,87.88799701,77.62302027,76.0286334,80.72306461,84.08102337,113.7900173,76.37214829,85.03596658,99.18582632,107.0973087,79.75498194,91.08192171,103.5797261,86.87885127,76.46052338,93.69255003,83.67234096,73.01716628,75.52034941,78.20125401,68.16906645,109.2161886,117.6896859,117.5401944,83.50920292,84.51555061,69.56297713,88.43694052,145.3667471,103.478607
1316,424,104.0598002,30.62746869,1562,104.0642777,30.62758318,429.3251195,,70.99542628,48.94918227,60.82262297,60.82262297,60.50843943,47.70279106,60.19748511,43.90825086,52.74984403,82.82799733,57.88653297,38.0682372,69.24598702,73.52856471,98.44397645,137.9973598,159.7488817,79.46377533,119.8116613,111.9978573,111.9978573,111.9978573,126.1690147,84.11267647,79.5319261,81.75818893,125.0461513,59.21725786,74.37778779,66.26239786,70.08595081,70.08595081,70.08595081,107.1452638,52.93049418,37.88162819,60.55124114,46.60596849,52.67119677,49.45330844,51.01155564,50.61285962,50.61285962,62.6958239,82.35721651,92.18113896,89.51180096,88.23427763,88.23427763,59.44501655
1317,424,104.0598002,30.62746869,1765,104.057619,30.62742855,209.1068497,,86.03253245,35.21799574,29.88723212,22.14072526,25.95809169,25.95809169,26.62368378,27.32430704,19.8101226,37.08298812,35.8042644,32.64460793,48.410589,41.21083898,42.67486729,41.93007756,42.29919416,42.29919416,42.29919416,34.59488322,38.50560915,36.14192464,49.24759449,40.91220972,42.21222387,39.68987656,47.54429426,27.42384914,20.82391864,42.77185562,34.65061721,29.1212634,43.70302809,32.03338974,25.34628481,52.70371009,34.77065399,41.27674621,40.80133653,41.76336527,26.37647719,32.94462402,20.73786939,23.03855115,23.03855115,32.80901662,37.95552903,24.46754037,31.71845473,43.93313158
1318,425,104.0691154,30.63175477,1791,104.0669157,30.63191109,211.5300381,,32.39311467,37.89383225,37.38118486,39.719685,41.79685039,37.60176918,48.44859769,56.40801016,56.26907419,56.26907419,56.26907419,56.26907419,31.14552708,40.09696202,40.09696202,54.19986741,46.09380907,49.81925934,49.81925934,52.33732901,51.0472601,51.68424557,51.36377802,51.52351349,51.44352176,51.48348657,51.44352176,51.44352176,25.13228175,33.76766613,28.81695247,33.76766613,33.76766613,57.25625091,57.25625091,57.25625091,63.19569603,60.07953745,61.59823152,60.82940686,61.21140515,61.11545649,61.01980816,61.01980816,37.1467384,46.18043377,37.1467384,36.61096813,36.87690737,36.74345656
1319,425,104.0691154,30.63175477,1822,104.069232,30.62745007,477.2200282,,181.798106,78.91039837,116.0805474,91.07976681,108.5333257,117.6706919,101.9075888,72.56566427,84.7693471,86.70888805,88.73926144,111.5579287,98.84879756,104.8195303,104.8195303,145.592551,85.13340444,80.84668713,87.20772089,84.97899924,139.2966569,129.3993548,214.7490127,120.815197,112.5322337,116.5267082,114.4946419,116.5267082,116.5267082,152.0346992,128.5681648,128.5681648,128.5681648,88.46509277,121.3271258,89.71238128,102.0185333,102.0185333,114.6665844,130.8946363,140.8190247,215.2381904,196.5023645,161.3138123,191.9544248,111.0770755,106.0488952,88.30342039,88.30342039,91.85759045
1320,426,104.1375902,30.67794134,99,104.1409475,30.68134439,495.6572492,,47.25545808,46.49813934,51.26568065,51.32404881,36.82902161,73.00153525,43.65421644,48.31316148,47.72855437,47.72855437,51.19464546,70.52830423,36.56487904,47.36207292,43.89584495,45.87059376,60.69272439,53.42413464,58.18585099,54.07169991,50.40582195,44.77706643,53.31771206,55.76144054,48.65347231,47.18594753,58.76068376,58.76068376,64.3169325,93.17838627,34.9191017,37.56560204,71.56548519,56.04164878,67.58962489,56.82694577,47.12234411,37.92489048,64.1438793,43.78812508,58.19850284,57.76205331,50.50092728,38.23641636,61.10842798,67.64086797,55.30060218,39.35522931,49.98224362,46.12467754
1321,426,104.1375902,30.67794134,1055,104.1323968,30.68182927,658.1514157,,272.3385168,153.0255176,320.1817698,113.0952313,102.6431089,92.26421715,93.95948828,163.4031101,119.3123842,119.3123842,107.4045828,161.8089335,94.47149508,98.70985951,149.9585504,99.05806518,121.5048767,121.5048767,149.6142139,141.434248,134.1023723,108.2679242,90.77950561,87.21515692,126.4774963,97.13274189,105.3677817,115.1285275,83.47663289,96.78038381,89.63757104,93.072135,93.072135,93.072135,178.1462479,93.072135,75.09810132,78.31251352,81.8144025,64.86913337,72.36298684,70.33175923,70.33175923,72.35953378,74.50770744,99.7618988,96.20310716,92.91549398,96.20310716,110.4589789
1322,426,104.1375902,30.67794134,1874,104.1347948,30.67503343,419.0126428,,68.42401907,70.0697271,66.85384167,36.78238269,38.54630786,38.38283751,38.38283751,38.38283751,38.38283751,38.38283751,39.02834448,50.78941125,39.69593458,50.09069545,36.20269234,44.78314243,53.96942805,50.26628493,50.26628493,50.26628493,46.81705506,48.48039694,53.53843883,34.41320565,41.89641515,71.22027923,28.19524325,49.84399761,56.36941383,44.67262134,104.390693,82.12951981,82.12951981,82.12951981,39.03844498,142.9806174,75.0470405,75.0470405,75.0470405,75.0470405,75.0470405,44.94437286,43.65978333,28.01198726,34.12772656,30.76890391,33.59566847,33.59566847,33.59566847,33.59566847
1323,427,104.0480615,30.59370278,536,104.0479366,30.59092737,307.8306456,,30.84732983,21.97700197,30.14116929,30.14116929,30.14116929,46.89098692,30.27842416,27.93757119,65.50878762,45.1401354,52.52086844,39.57822586,43.62954032,48.60483878,33.58970428,25.22914796,31.74193553,37.00134638,36.25486338,29.1373442,44.37198495,45.7929886,43.03651744,52.52086844,43.03651744,37.10458674,37.7363334,37.41779372,37.7363334,35.86376454,22.29759204,27.49851921,24.62645165,25.98336047,25.2867159,25.63030527,25.63030527,25.63030527,37.25009493,33.32903231,33.32903231,33.32903231,34.24744757,35.33019099,35.21791284,35.27396257,35.24591542,35.24591542,23.99719195,29.67836969
1324,427,104.0480615,30.59370278,863,104.0519979,30.59381519,377.6218647,,53.07345785,49.61455157,33.71623792,56.09788362,58.64705405,50.08458417,75.13478518,47.53282213,64.92066442,52.38684828,45.13908288,52.38684828,52.38684828,57.08928978,57.08928978,56.79413914,56.50202464,49.03295628,51.90183117,55.12727952,47.66336865,51.12433657,49.33322614,50.21281403,49.76913408,49.76913408,49.76913408,40.4594855,61.23597806,53.9673963,53.9673963,53.9673963,71.03533444,58.79218863,64.56437158,52.00038793,75.41962346,56.90673682,56.90673682,56.90673682,49.64726723,34.36397151,44.03040366,52.74253008,72.66487554,65.75277934,57.04936021,53.50804282,55.22198471,53.60034354
1325,427,104.0480615,30.59370278,947,104.0481868,30.59674836,337.7534872,,35.41063135,30.43585867,35.6463706,32.56472492,35.00707929,40.27867673,50.24432041,25.14813969,25.14813969,25.14813969,25.14813969,25.14813969,25.14813969,25.14813969,25.14813969,25.14813969,25.14813969,25.14813969,25.14813969,25.14813969,25.14813969,25.14813969,25.14813969,25.14813969,25.14813969,25.14813969,25.14813969,25.14813969,25.14813969,25.14813969,25.14813969,25.14813969,25.14813969,25.14813969,25.14813969,25.14813969,25.14813969,25.14813969,25.14813969,25.14813969,25.14813969,25.14813969,25.14813969,25.14813969,51.90661916,33.88122756,37.1023188,38.95399882,38.00561815,38.23835754
1326,427,104.0480615,30.59370278,1107,104.0446628,30.5936807,325.8740239,,36.66082769,31.51501641,32.70094735,19.59326073,31.06301375,48.47712752,48.47712752,48.47712752,46.0780238,43.90518286,43.90518286,37.42094054,40.40456298,39.61492503,39.23156814,39.42231463,39.32671009,39.37445432,39.35056773,39.35056773,23.43949023,29.37908573,26.07532598,27.62879323,26.82959149,27.22332804,27.02502572,27.22332804,27.22332804,40.59330402,32.59037784,36.15426505,34.27994122,35.19216432,34.73006367,34.95958704,34.84444738,34.90192225,34.87316114,34.88753576,34.88034697,34.88753576,48.77947967,40.6802091,44.36320895,42.44195866,42.9064997,43.14260463,43.14260463,53.28447324
1327,428,104.1365144,30.61517896,163,104.1381502,30.61375537,222.4363981,,21.77191499,26.62580326,17.52413955,28.96097769,18.99008125,20.36659908,22.33670943,27.99898717,16.62500415,23.68545466,16.8581791,25.02409479,52.85617381,24.27498395,22.32114378,27.92372655,23.79705893,22.95843363,23.87434268,17.52234208,15.65316178,20.49318063,24.37659157,13.58390217,22.21895209,22.2017912,28.93481601,25.41553948,14.33788779,18.80433922,22.87917238,19.17906784,19.53100081,42.97518962,30.62221924,17.54473689,37.07273302,24.48128068,22.04968425,19.67496396,26.69236777,34.3678555,21.61714298,30.11172098,20.63842869,20.63842869,24.18030296,26.93176121,18.68232215,17.97970324
1328,428,104.1365144,30.61517896,715,104.1328426,30.60870213,799.4633154,,120.43805,123.204963,117.792685,120.43805,119.1006801,119.7656318,119.4322304,119.5986987,119.5570381,119.5154066,119.5154066,97.56162493,107.4283833,104.7792086,104.7792086,104.7792086,135.3747853,118.1280614,126.1647446,122.0142086,122.0142086,121.6942045,122.0142086,131.0805303,154.1822108,141.6023584,99.24372191,116.6981423,107.2655182,111.7831945,109.4777699,111.7831945,114.0275775,116.3639327,123.3457687,137.4435499,146.0948191,141.6372015,143.831481,142.725908,142.725908,126.9735854,125.4629561,93.0409893,123.9878486,131.5688199,165.8828781,190.7584381,177.453129,177.453129
1329,428,104.1365144,30.61517896,871,104.133929,30.61760426,365.6032421,,43.65411846,44.01451927,46.45311783,47.60114545,45.22926706,42.87204142,35.81658814,48.61206543,39.32294301,46.23553881,37.49776842,54.2378436,52.61680013,43.54579559,50.20861118,58.19878881,57.5585279,51.47998715,41.25930005,39.84374385,36.38346017,40.90312515,45.2625974,49.76074373,52.208317,38.82512305,38.82512305,38.82512305,38.82512305,38.82512305,38.82512305,38.82512305,53.79448248,38.86333675,42.24140161,38.86333675,46.26262466,32.85637624,28.45776587,17.05990501,40.27042341,40.27042341,40.27042341,41.25930005,41.48689272,47.60114545,44.46525917,43.0473155,43.74480005,43.74480005
1330,429,103.9634227,30.67938619,152,103.9659117,30.68588758,758.9915608,,107.1517498,107.1517498,55.73420946,63.17617616,156.1354068,56.32432102,47.72906448,59.1851443,58.04804006,53.40570963,58.49705576,52.13948323,64.11504776,50.8560722,49.15181038,51.82303687,73.1021934,58.80483281,60.27673733,51.9626552,65.27005498,80.80518519,94.69584238,63.16157233,56.31816459,62.76499891,58.89124254,65.68196199,60.91666949,62.3680725,65.52475819,46.01885674,111.7207204,63.15184018,79.80634155,55.73989431,60.05207954,64.99198111,67.95731864,117.2690824,73.09710056,63.37278399,63.92255513,62.92732947,81.91988863,80.85927355,57.64492867,65.0564195,63.04498428,65.03706323
1331,429,103.9634227,30.67938619,390,103.9733365,30.67656097,999.998034,,84.08742592,97.29710601,104.5496493,113.2073246,73.66468022,61.43332632,88.6152104,127.8860718,91.87561691,80.40185198,105.4942981,107.1614072,120.2287713,175.731872,96.67949742,72.83012184,97.34972749,181.3091007,91.43668526,88.43520028,88.77911029,190.5564748,128.4116582,143.8643152,126.7603142,81.21811444,107.1426465,122.5877272,91.95384221,111.8589204,137.960129,128.5036844,128.4794048,155.9402875,211.6864636,187.5694117,96.04249683,346.8201274,273.7637203,280.3109061,217.8707002,152.8659415,410.9580962,177.8262146,285.713724,167.9623448,165.8982914,179.4612623,93.72540803,190.8797944
1332,429,103.9634227,30.67938619,764,103.9583001,30.68082983,516.1461434,,48.5150422,62.98732597,54.17277307,62.98732597,65.78731333,66.83906893,60.16057216,54.85243148,56.50253176,62.98732597,60.49496496,67.14096174,62.98732597,56.84826404,58.43163888,42.0152881,48.5150422,51.95981031,51.95981031,62.98732597,59.23887724,52.45609757,73.7397355,62.98732597,62.98732597,58.15731193,37.89516213,64.56310341,48.38870094,51.62258079,90.49315503,90.49315503,90.49315503,90.49315503,90.49315503,90.49315503,90.49315503,90.49315503,90.49315503,90.49315503,90.49315503,90.49315503,90.49315503,90.49315503,90.49315503,90.49315503,90.49315503,90.49315503,90.49315503,90.49315503
1333,430,104.0233096,30.69872934,376,104.0213322,30.69724433,250.9085722,,34.26672458,53.51835246,53.51835246,38.7669897,63.1657944,46.6806646,67.71611869,59.03731111,42.65268008,62.72714305,90.32708599,59.03731111,44.56928584,39.57856738,42.16786742,41.52492173,48.76394782,53.76612261,32.97812559,32.92603378,31.24153428,45.27673483,34.74118692,22.66677189,39.99723366,43.01289809,57.53317579,43.21870143,31.5828972,36.0827241,52.82285731,50.9363267,28.13927913,35.40503126,40.10081509,46.20803716,46.39593502,34.15012703,29.44048433,33.00624335,35.56184488,36.7888532,30.49122774,29.64784004,31.91769823,29.45448456,26.60591635,40.2646743,28.83909652,44.16792437
1334,430,104.0233096,30.69872934,458,104.0216448,30.70036077,241.0734313,,45.22482296,42.54237023,42.54237023,56.72316031,85.7149978,65.25295885,49.3416246,61.55066331,48.65071431,51.23166191,48.02791105,57.55068652,50.22363152,45.49747589,39.60515005,42.85353098,43.10049346,51.55629819,39.81029141,39.81029141,39.81029141,48.89376635,45.91874882,45.91874882,45.91874882,47.59767931,49.40404284,52.59783956,43.17733098,52.59783956,60.4783521,56.26349126,60.4783521,60.4783521,91.83749764,60.4783521,53.32499863,56.67685569,54.94986008,55.79999856,55.37166641,55.47813175,55.58500733,55.58500733,61.84306553,58.54728204,58.54728204,44.33534369,50.45971275,44.33534369
1335,430,104.0233096,30.69872934,830,104.0249996,30.70016139,226.6947229,,82.95817051,82.95817051,82.95817051,49.46066681,65.2880802,65.2880802,65.2880802,65.2880802,65.2880802,65.2880802,72.64994089,55.32888152,55.32888152,55.70655307,72.86616093,56.08941598,69.75222243,62.179124,69.75222243,98.32542198,75.82819999,42.72780117,83.06371526,44.84071442,29.53320878,47.17346835,36.32497043,41.04447624,36.32497043,38.54077934,21.19742863,87.28352967,60.00742665,60.00742665,60.00742665,60.00742665,60.00742665,60.00742665,56.16662095,39.56853345,52.78790443,52.78790443,62.77700019,52.78790443,27.11299011,52.78790443,66.62049,58.90299548,62.52449741,55.22591795
1336,430,104.0233096,30.69872934,1385,104.0250491,30.69704864,249.9088715,,55.26240402,44.10156556,44.10156556,44.10156556,44.10156556,44.10156556,44.10156556,40.89417897,62.04634051,66.03096788,74.97266145,70.56250489,70.65486421,70.65486421,77.02670697,60.78864442,67.95105267,60.78864442,60.78864442,45.81814158,28.38081821,48.11079879,36.72130357,40.58670394,28.38081821,40.58670394,40.58670394,41.84520639,41.20634828,41.52332018,41.36422701,41.44362092,41.4038859,41.44362092,47.62268746,57.21284181,55.96715007,38.4201539,38.6125295,38.5161015,38.6125295,59.77886627,59.77886627,59.77886627,67.47539532,46.13702243,36.85501792,42.63848045,42.63848045,48.89521399
1337,431,104.0830485,30.69118929,831,104.084873,30.69103796,175.556399,,21.02172134,16.5327786,22.41145519,15.34919336,18.98721568,19.07213991,18.08823802,19.55152471,28.11245088,35.90926343,35.1112798,22.76121379,25.39907378,15.9094534,15.65914362,15.9094534,15.78330615,20.22409716,14.87065968,56.93721049,56.93721049,56.93721049,56.93721049,56.93721049,56.93721049,56.93721049,56.93721049,56.93721049,56.93721049,56.93721049,56.93721049,56.93721049,56.93721049,56.93721049,56.93721049,56.93721049,56.93721049,56.93721049,56.93721049,56.93721049,56.93721049,56.93721049,56.93721049,56.93721049,56.93721049,56.93721049,56.93721049,56.93721049,56.93721049,56.93721049
1338,431,104.0830485,30.69118929,1116,104.0818796,30.69184404,133.4161403,,23.7100616,21.81266503,24.64647108,20.20889642,15.69922305,13.77458717,18.53410549,22.59163241,17.21204814,24.13558317,20.82270952,27.60333937,32.37964754,32.37964754,32.37964754,32.37964754,32.37964754,32.37964754,32.37964754,32.37964754,31.80782153,32.09118741,31.94887618,32.09118741,32.09118741,36.94600808,34.34789787,35.59961247,34.96255542,35.27820819,35.11967254,35.19876185,35.15917273,35.17895615,35.16906165,35.17400822,35.17153476,35.17277143,35.17215308,35.17246227,35.17230768,35.17234631,35.17236565,35.17235597,35.17236081,35.17235839,35.17235901,35.17235929,35.17235914,35.17235919
1339,432,104.1609358,30.72308424,19,104.1588451,30.73807002,1672.884115,,132.2873765,132.2873765,221.5638653,240.1348854,231.2965075,122.9266776,135.715669,232.3293769,274.3682375,274.0561008,274.0561008,274.0561008,155.5480448,253.2186187,239.6173534,239.6173534,239.6173534,239.6173534,239.6173534,239.6173534,239.6173534,239.6173534,102.4214764,239.6173534,239.6173534,239.6173534,239.6173534,239.6173534,239.6173534,222.9823936,231.9274511,209.2315975,219.9957192,214.4786875,217.2021753,217.2021753,239.6173534,239.6173534,243.1648504,243.1648515,243.1648509,256.2048891,239.6173534,239.6173534,256.331083,239.6173534,233.277349,239.6173534,239.6173534,239.6173534
1340,432,104.1609358,30.72308424,263,104.166912,30.7139627,1161.652744,,88.26442099,108.2261825,123.3499826,145.9774519,106.8381356,111.7825946,146.9512672,180.8410758,223.0373268,177.6313662,253.1957544,183.0508793,140.5697438,152.6955684,158.7077753,174.1373751,156.7951213,160.1089301,136.7834096,151.646718,149.399817,139.6381578,178.9069467,220.6833709,164.0784651,157.4131755,136.7736489,178.9707508,139.6310477,147.9245283,142.2777602,146.7865875,123.7263278,127.8557925,113.6656818,121.9116299,131.9573982,113.7343776,129.7650748,144.9826047,134.3656814,127.7801265,126.1942185,136.502815,171.3587829,125.5813183,114.727891,133.901021,145.5221933,139.0159887
1341,432,104.1609358,30.72308424,400,104.1722518,30.72037834,1124.238202,,87.12699216,102.8478955,123.4566902,144.2711829,97.65769566,90.35779763,102.6245966,101.89891,113.746918,96.41417338,95.17826725,90.77854758,77.71977969,91.27624255,100.4510265,106.4833798,99.59191972,100.9304898,90.85358085,97.40206019,96.43759269,104.9330476,163.85658,122.9210736,102.5577336,86.28646572,101.8451245,108.3824814,96.18991387,99.84325927,83.0091795,99.64762627,103.9081244,97.02260467,105.487947,112.8046228,279.1212088,110.0712178,125.5855979,140.3130012,135.9672879,138.9385717,136.1481887,140.5227723,177.8895621,122.2931699,111.7190585,136.1283792,140.8352107,174.7331148
1342,433,103.9759777,30.64764778,649,103.9807086,30.64868896,467.7929198,,90.29782902,118.5953881,102.529955,175.4223449,76.2015616,175.4223449,94.87631049,87.61990173,73.9701835,99.11503277,55.60994534,44.55170665,40.64959165,42.51129311,49.11621007,76.37435425,58.15105357,63.21525943,73.99567509,63.81008567,56.51189635,43.37551864,68.31864143,92.24887765,78.50053399,84.82121357,78.50053399,81.53856617,66.76868107,111.738214,97.3441914,50.48557421,95.6355169,93.9063854,139.9879062,85.03178547,77.65732264,81.65112782,48.04097414,85.55738416,56.09775187,68.06224931,50.42079375,69.7976188,71.72293489,71.62379633,57.32951528,43.1808849,68.73691883,45.33426237
1343,433,103.9759777,30.64764778,804,103.9755348,30.65367442,669.2937082,,72.31264554,70.48944374,77.86796606,75.70957893,77.86796606,79.50754926,103.8559202,81.21766346,77.82903956,76.23859774,77.02560958,76.23859774,71.1460194,66.691188,62.64141671,59.05532719,84.84004752,56.12712628,87.29917933,52.83897696,106.7312226,98.6135341,147.8194693,118.3039615,131.4249464,118.3039615,79.9598678,60.38740224,59.05532719,60.27410505,172.1040964,70.14431876,77.06153569,55.70999652,84.48677973,109.6142098,87.17284188,87.17284188,87.17284188,81.86151811,109.3550991,78.99860162,96.28201197,106.3778079,94.61219958,87.15564236,74.08016447,107.4280347,63.40677236,58.76725243
1344,433,103.9759777,30.64764778,811,103.9771835,30.64323835,502.1806243,,48.38136255,45.57605666,46.93683031,46.24643566,46.93683031,48.4895015,50.14841186,71.31559162,48.46783505,45.158624,49.3948155,48.01727085,48.01727085,56.17058404,90.12214594,67.65906615,40.80926067,59.56672974,40.80926067,40.80926067,72.02590627,59.56672974,84.67682658,50.78231032,52.86111835,56.18804188,53.46911675,58.94042701,61.97635404,63.25578193,44.20171754,50.00968873,55.31131245,62.33966371,61.87030279,62.33966371,105.545886,78.38310148,89.95878254,83.77295314,86.75574262,85.99030767,85.61263297,85.80105469,85.70674027,85.70674027,48.66948781,34.28287448,48.66948781,53.55711727
1345,433,103.9759777,30.64764778,1070,103.9556823,30.64225974,2034.517496,,187.6572633,221.2099965,197.9530537,192.7437628,237.8316335,213.3050379,228.9627192,232.7934203,195.4005243,166.8397035,178.3505597,228.7045429,146.1511998,195.6706928,256.0091923,254.039037,267.1463703,370.8487588,168.4513106,240.757537,264.3214814,214.1206062,213.0350387,166.3187734,204.0184676,346.9159496,197.1537816,185.5809878,259.2843028,224.891396,240.317689,282.5173765,257.3302762,225.5562634,368.5163766,199.8333676,249.0618395,258.3210552,360.0915922,253.9619621,234.5223405,218.8960844,168.9889556,138.6045983,228.6847073,198.8078787,223.590414,227.6247162,287.1134059,256.676467
1346,434,104.0325787,30.63747441,1676,104.0337714,30.63626349,176.2882066,,43.09932385,34.84147921,43.09932385,61.61529551,61.61529551,61.61529551,54.01170585,54.01170585,51.51278764,41.47957802,51.51278764,57.43326188,40.26887968,22.74686537,26.94851566,26.94851566,31.2244794,37.11330665,81.15569613,61.61529551,70.71170404,62.52586638,66.36732484,64.3893513,65.36337754,64.3893513,56.10572264,49.71051255,34.37906521,44.32858279,44.32858279,44.32858279,44.32858279,44.32858279,44.32858279,44.32858279,44.32858279,44.32858279,30.14905196,35.88902227,32.76958057,35.88902227,36.9691773,36.4210929,36.9691773,36.9691773,36.9691773,30.85757911,30.92775554,30.92775554
1347,434,104.0325787,30.63747441,1735,104.0310773,30.63634952,190.3866487,,31.01320974,31.01320974,31.01320974,31.01320974,31.01320974,31.01320974,31.01320974,31.01320974,31.01320974,31.01320974,31.01320974,31.01320974,31.01320974,44.57833726,44.57833726,69.70087478,54.37820312,61.09343156,57.54055602,58.38946271,58.82337892,58.60561765,58.7142964,58.65990668,58.68708891,58.67349465,58.68029102,58.67689261,58.67859177,58.67774218,58.67774218,58.67774218,56.99725034,57.82528944,57.4082842,57.61603229,57.4082842,57.4082842,38.72270821,46.24948068,40.31717267,40.31717267,37.79734938,40.31717267,44.25452367,59.3412931,53.70357965,51.26821396,52.45764633,52.155144
1348,434,104.0325787,30.63747441,1827,104.0319967,30.63805941,85.52590926,,20.42409773,17.66202629,17.51259287,17.54377626,11.85202063,11.15555338,11.32025593,13.12045199,12.61426863,14.83823004,27.99029758,27.99029758,27.99029758,27.99029758,27.99029758,27.99029758,27.99029758,27.99029758,27.99029758,27.99029758,27.99029758,27.99029758,27.99029758,27.99029758,27.99029758,27.99029758,27.99029758,27.99029758,27.99029758,27.99029758,27.99029758,27.99029758,27.99029758,27.99029758,27.99029758,27.99029758,27.99029758,27.99029758,27.99029758,27.99029758,27.99029758,27.99029758,27.99029758,27.99029758,27.99029758,27.99029758,27.99029758,27.99029758,27.99029758,27.99029758
1349,435,104.1063806,30.66837289,1306,104.1053761,30.66815363,99.25144125,,15.41057498,12.50411858,21.78690174,12.68163934,12.68163934,12.68163934,12.68163934,12.68163934,12.68163934,12.68163934,12.68163934,12.68163934,12.68163934,14.91879701,15.84501945,16.89386234,24.22408058,22.90417875,22.90417875,22.90417875,22.90417875,10.41706089,14.32084924,12.06093463,14.32084924,16.20431694,18.65823439,24.64173714,21.23656395,22.81278139,22.81278139,22.81278139,26.467051,18.18347015,18.18347015,18.18347015,17.3029147,17.73226742,17.51496022,17.62294395,17.56878616,17.58229437,17.58905628,17.58567468,17.58736531,17.58651995,17.58673128,17.58683695,17.58678412,17.58679733
1350,435,104.1063806,30.66837289,1772,104.1094437,30.66934232,312.5007547,,51.78378444,38.2798656,81.22763299,38.2798656,41.44504484,26.75847441,45.180832,49.27019199,44.55456305,42.33312199,39.10785806,51.08488624,44.30113522,52.71802797,46.83175048,46.83175048,46.82904297,46.82633577,33.60223169,40.04756037,34.90184231,86.72928435,34.2727408,33.54878878,42.40369765,45.6575778,45.97209001,62.94308376,61.4755583,69.16000308,83.4426099,63.42510032,31.25007547,54.20248635,44.78514,58.43277172,41.82166234,70.75488786,68.66751071,44.88788895,75.40232687,41.13355455,69.09564426,41.13355455,37.20042051,33.95380434,39.92911151,127.2987516,38.59357519,46.23694701
1351,435,104.1063806,30.66837289,1808,104.1084008,30.66561391,361.8827805,,51.13947045,38.0620097,84.52736479,35.24858769,77.77779163,55.20245804,47.54664269,45.63145393,62.18510787,53.72280453,44.33731174,46.39935927,50.69175135,51.87767087,48.34055695,45.98378151,49.98801817,54.22593173,38.91212694,52.64192648,40.41710475,71.02718058,54.7961308,36.68935958,49.10441904,57.16132331,67.15350566,59.33705509,52.95845568,68.73608917,59.62370754,59.62370754,59.62370754,59.62370754,59.62370754,59.62370754,59.62370754,59.62370754,59.62370754,59.62370754,59.62370754,59.62370754,59.62370754,59.62370754,59.62370754,59.62370754,59.62370754,59.62370754,59.62370754,59.62370754
1352,436,104.1488547,30.63519483,454,104.1506899,30.63573235,185.6881094,,45.01529925,27.91136509,34.45758731,34.45758731,35.03549234,35.63311268,36.72951615,31.93870969,28.93840666,24.22018818,28.93840666,27.59451781,37.43222738,33.66088844,44.34342911,30.57992653,30.57992653,28.62176377,30.85754088,31.14024194,37.80979603,34.1524452,22.66024386,52.84404694,39.09223356,39.09223356,36.31054828,23.03505148,33.89843782,31.53194311,30.30268331,28.14640816,29.16567163,42.94286041,25.85985276,33.87553348,29.84273187,37.39383892,41.97658988,41.72766503,45.62984258,43.59160051,40.18699627,25.66131262,37.27567996,26.81058264,34.90742527,37.98165874,32.29358424,19.9545431
1353,436,104.1488547,30.63519483,544,104.147912,30.63352447,205.9934587,,35.82494934,52.6874921,52.6874921,52.6874921,52.6874921,52.6874921,52.6874921,43.84783156,37.54817475,31.15867443,34.05632383,32.54312458,33.28253358,33.09454911,33.00135096,33.04788432,33.02460125,33.03623869,33.03041895,33.03187369,33.0326011,33.0326011,33.55562065,43.24060941,34.09546903,38.12732398,35.99885686,37.0325319,36.50837914,36.76858761,36.63802137,36.70318837,36.67057592,36.68687489,36.6787236,36.68279879,36.68076108,36.68177992,36.6812705,36.6815252,36.68139785,36.68142968,36.68144561,36.68143764,36.68144161,36.68143964,36.68144013,36.68144038,36.68144025,36.68144029
1354,436,104.1488547,30.63519483,670,104.1496203,30.63655116,167.2679445,,16.61143725,17.14347616,17.14347616,17.71072354,17.14347616,17.42248391,15.19658297,18.61405256,16.73260438,16.73260438,15.13927342,32.03003193,21.97681023,19.97229188,21.97681023,20.92665856,21.43888207,21.17967378,21.30848967,21.27613902,21.2600005,21.2680667,21.26403284,21.26604958,21.26504116,21.26554536,21.26529326,21.2654193,21.26535628,21.26538779,21.26537204,21.26537991,21.26537597,21.26537795,21.26537597,21.26537597,20.20686578,20.72261252,20.46148972,20.59122331,20.46148972,19.11633651,16.19592792,34.80720232,20.48178912,20.48178912,20.48178912,20.48178912,20.48178912,18.5566903
1355,437,104.0649681,30.60794349,464,104.0669796,30.60781326,193.3696927,,10.485873,45.94923391,10.92612743,11.57324844,9.896657574,8.924755048,10.72896317,10.18032895,12.56601215,32.3781811,32.3781811,32.3781811,32.3781811,32.3781811,35.12264852,33.69462215,34.39381886,33.69462215,33.69462215,29.61628988,27.92622179,28.74643653,28.33039374,28.53689883,28.43327134,28.48499083,28.43327134,28.43327134,20.17770706,23.6044712,21.75698534,22.64310598,22.19120323,22.41487715,22.30247939,22.35853702,22.33047302,22.3444962,22.33748241,22.34098875,22.33923545,22.33967375,22.33989291,22.33978333,22.33983811,22.33981072,22.33981757,22.33982099,22.33981928,22.33981971
1356,437,104.0649681,30.60794349,1010,104.0648521,30.61124243,365.7887633,,19.06095293,16.36842197,21.19052146,19.51162465,21.82004222,18.8658961,21.80197927,19.27317304,18.83890626,21.56985336,22.41429018,19.79465686,17.3725534,21.4906495,26.3192448,19.35105875,22.44102842,21.84142797,19.37478491,21.17862032,21.60524279,21.95647433,19.33685092,24.6291686,22.23639898,19.18193078,22.23639898,22.23639898,22.26271425,22.24954884,21.49190216,22.37620302,22.84593248,26.4425612,21.6496432,22.26271425,22.26271425,22.26271425,24.16219354,19.62503052,28.76451612,21.46437731,19.95967484,20.68469739,21.60524279,18.27674598,22.10575034,25.53994468,21.69422649,23.20013298
1357,437,104.0649681,30.60794349,1239,104.0650829,30.60485238,342.7623639,,92.77778271,92.77778271,92.77778271,92.77778271,92.77778271,92.77778271,92.77778271,92.77778271,91.0660155,91.74308625,91.0660155,91.0660155,16.52973222,20.78222333,23.85009925,22.21072355,22.21072355,22.21072355,15.20572409,16.73145098,16.99648085,16.99648085,16.99648085,16.99648085,16.99648085,16.99648085,16.99648085,16.99648085,16.99648085,16.99648085,18.83884748,17.87030427,18.34179874,18.34179874,18.34179874,84.13258021,18.36226949,18.36226949,18.36226949,18.36226949,18.36226949,18.36226949,18.36226949,18.36226949,18.36226949,18.36226949,18.36226949,18.36226949,18.36226949,18.36226949
1358,438,104.0682341,30.61107062,829,104.0685052,30.6057055,595.1792172,,80.02409643,73.88431662,85.4494589,266.9962844,168.712219,72.30523674,59.22999812,143.8016901,205.0378165,51.01536147,76.50027428,73.96082782,84.65607198,90.4069697,90.4069697,90.4069697,90.4069697,90.4069697,90.4069697,90.4069697,90.4069697,90.4069697,90.4069697,90.4069697,90.4069697,90.4069697,90.4069697,90.4069697,90.4069697,90.4069697,90.4069697,90.4069697,90.4069697,90.4069697,90.4069697,90.4069697,90.4069697,90.4069697,90.4069697,90.4069697,90.4069697,90.4069697,90.4069697,90.4069697,90.4069697,90.4069697,90.4069697,90.4069697,90.4069697,90.4069697
1359,438,104.0682341,30.61107062,836,104.0696995,30.61099633,140.7218803,,20.30455988,10.29672295,25.07914698,22.02603344,26.59311124,19.6356112,22.87127626,22.87127626,21.02069581,21.02069581,21.02069581,19.87961161,19.87961161,17.77539541,18.76871018,18.76871018,18.76871018,30.33525563,23.1897205,24.640767,25.43658665,25.43658665,25.43658665,38.96913608,25.43658665,23.17673525,15.70848896,21.28566257,31.66242307,25.45722458,25.45722458,14.8999638,18.79772798,16.62342146,17.64384046,16.62342146,17.11843781,14.99552351,25.20391886,28.86602673,24.29730307,22.97500087,11.51360839,31.46576205,39.11959607,34.87771216,34.87771216,34.87771216,14.70533437,13.72896393
1360,438,104.0682341,30.61107062,1010,104.0648521,30.61124243,324.7603541,,33.82769769,63.05459458,94.57126591,62.8146286,42.74724953,48.57911113,54.10745664,58.84302106,58.38388388,52.95348381,53.700531,43.14159685,51.44718481,74.70525717,55.73956018,47.21402422,62.39238329,54.68937355,38.84176993,71.83639169,75.88515412,51.34832939,57.19050262,96.95678853,73.01892331,62.07162295,57.08171338,55.62504334,51.52447926,59.34706978,56.52206982,52.82246724,70.96432624,58.78343839,72.24031604,63.66589121,86.28319371,57.26386651,42.54502455,59.46025555,39.791182,64.30455963,71.32510063,82.97103241,62.1995615,64.29719202,71.55062881,67.66252884,64.80805292,59.03313964
1361,439,103.9540216,30.72742297,32,103.9354466,30.74137286,2356.527401,,211.4706766,167.3273894,156.608799,157.5638194,166.3431107,162.3636104,224.6292668,154.1053341,111.1254052,109.8069073,121.9316857,128.6548172,220.7807064,209.9875902,203.4412145,111.6372231,113.7801936,108.276945,115.4142938,110.4510866,109.8898788,105.9995666,244.1294574,104.8545463,279.6757795,115.9287402,108.1041202,116.4737483,119.2110521,114.1723807,113.9758261,109.3216485,107.8574623,171.0813944,160.1667459,263.8724306,121.8499407,113.2293576,114.2324405,111.1466373,86.98050558,86.98050558,86.98050558,86.98050558,86.98050558,86.98050558,86.98050558,86.98050558,109.0891381,306.8173108
1362,439,103.9540216,30.72742297,150,103.9650646,30.73928236,1686.876154,,163.5951484,125.7461712,128.3558125,124.1377516,142.9789214,146.3534666,184.1417562,163.5383384,201.5073355,213.7522999,162.8084224,193.8503172,196.6883937,196.6883937,198.9727505,198.9725179,198.9727505,207.2770388,216.3046894,226.5812134,202.343639,210.1935414,197.3275111,153.87046,139.0707058,230.6549216,224.4989165,226.3346639,197.8911003,216.3013287,252.9159218,219.1929985,214.1259138,203.9605524,174.5099961,205.5077548,200.3374914,222.0302061,184.6984791,123.3046529,109.0261069,170.8192214,194.1862722,187.9727735,191.4940214,179.7739348,208.0275727,189.3405863,169.8249978,169.987714
1363,439,103.9540216,30.72742297,457,103.966997,30.71641552,1741.28061,,178.3569612,167.6542587,164.5484787,165.2502813,185.8513214,170.3164972,182.1749275,216.6882395,255.9338377,234.0024469,230.5393453,170.5744271,167.8342757,167.8342757,167.8342757,167.8342757,167.8342757,167.8342757,167.8342757,113.4590081,135.3911489,123.4585957,129.1498366,126.2401046,127.6783949,126.9551763,126.9551763,126.9551763,123.885577,125.4015949,124.6389762,125.0191226,124.82876,124.9238687,124.8762962,124.900078,124.888186,124.900078,124.8941317,140.7095442,120.0116821,161.250423,134.8088214,146.8488479,140.571497,143.6416228,142.8615873,142.4747379,142.6679004,142.6195607
1364,440,104.034183,30.70224286,963,104.0367435,30.70041989,317.7348058,,41.36872698,80.99612675,63.36060642,60.20238426,84.63971574,46.71480224,43.00170304,39.82055007,39.16559881,37.33176569,38.53184362,77.72448249,65.54987398,65.54987398,64.17084437,51.40877757,62.84864291,56.55600993,72.28090369,45.12506941,41.34380605,45.60786686,44.43843438,43.32747352,64.8070992,89.08452499,46.7087464,58.57529278,57.19226504,54.99256254,34.55725985,64.99121028,67.016236,44.80396792,53.21860892,51.5245631,48.96074054,45.76983148,40.87247118,42.96939522,51.64087137,38.21309469,54.59882104,100.0447785,47.98008812,59.67888525,31.42432145,58.35945413,34.98889526,35.14117668
1365,440,104.034183,30.70224286,1483,104.0289982,30.69883277,624.0356267,,144.6262826,61.51501249,43.86322661,50.89552008,49.0049791,53.23526673,42.09233885,73.70197272,66.3867688,69.53401877,47.09702843,74.19181823,45.0356483,123.5204539,55.06196706,98.39384443,91.26045724,135.9570415,135.2390245,118.5218745,76.84020776,100.9999858,83.33335109,82.1399728,221.9402229,93.06841086,45.95693671,95.52919585,60.28251134,129.8912526,125.5043719,43.5373693,114.3756431,56.44543357,107.5829814,73.27911366,88.97141608,145.0933212,83.12778006,75.70440627,78.00445334,58.14641446,49.59223523,70.26674617,103.3026247,91.97659186,56.14916911,89.01548315,80.64460406,140.6032983
1366,440,104.034183,30.70224286,1513,104.0375073,30.70419899,385.1798218,,26.01589791,25.8944418,25.77411447,28.95383383,32.8330077,37.5107491,39.93799996,39.50562275,66.66573839,33.86196236,37.08852848,39.56197884,34.90616384,35.20079605,29.378122,51.22180216,39.96101898,40.38778714,40.38778714,40.38778714,36.42681327,40.38778714,62.32122959,36.57091934,33.41318936,29.70856687,31.30129477,31.30129477,34.95749643,33.02851986,33.96564258,33.02851986,33.02851986,30.19373671,33.02851986,34.42948128,38.12962489,35.95455553,37.01016081,37.01016081,37.01016081,21.18636147,31.49085599,41.79796107,33.88264773,33.0154133,33.49389755,25.61935073,38.58496998,45.50114384
1367,440,104.034183,30.70224286,1522,104.0306416,30.70598336,535.6265217,,55.68394532,41.73713156,83.62941973,72.97087902,45.4419987,60.25798369,50.28641597,50.95812574,45.37071713,50.28641597,47.70226079,50.74356521,44.04923993,90.10539617,51.24931503,71.68235978,51.24931503,30.77003422,38.45295511,43.45568475,49.95480513,52.66059567,50.6768851,51.42014608,38.44976028,56.02136775,56.08654677,49.63334564,51.71566416,50.65311323,55.72992711,46.60999464,66.26307485,39.65563965,45.97652547,40.06070938,40.06070938,40.06070938,40.06070938,49.9386333,46.7142423,51.19262331,60.51010914,48.77543368,54.01275849,87.2513791,52.92558495,40.38865745,35.02734747,80.51171099
1368,441,104.0738929,30.67999518,288,104.0695938,30.68181648,458.6310303,,43.74113715,44.93585523,42.60830217,52.08428104,52.06375117,54.13349866,65.86722243,63.4214485,40.96952132,47.71883552,50.18455043,44.31217684,55.90930655,57.48856926,65.19532909,55.15062076,55.2197896,47.69126832,51.32067686,63.33022379,67.80581967,50.56881192,80.73700289,41.03740785,49.9316041,52.41497489,53.9565918,70.2583706,79.31489394,57.51193182,83.93501594,73.89549646,55.64517075,98.27807792,65.01348814,67.65763049,73.11018639,70.74505646,55.59164004,59.93000759,41.46337793,46.37841879,59.37327094,39.43642617,78.06485622,76.08625387,72.29651709,39.26448773,52.15969595,74.59661337
1369,441,104.0738929,30.67999518,301,104.0753424,30.68266948,327.3042833,,73.41404485,57.47782536,73.41404485,57.47782536,52.13696548,59.61022359,51.93848774,57.47782536,57.97271439,57.47782536,57.47782536,57.47782536,57.47782536,68.01127965,74.8718297,71.2768496,73.0301248,72.14283638,72.58376907,72.47303135,67.76356293,60.94631483,56.28799777,69.00705241,63.34921612,80.0472432,71.99361016,72.43633766,72.43612191,72.43622981,81.82607083,72.43620283,101.9286695,70.55661197,72.43619272,51.67962368,72.43619356,57.06031089,58.04410935,52.9967955,66.57036271,72.43619383,72.43619383,46.32878454,47.70426801,47.70426801,72.43619383,65.35193677,72.43619383,98.19128499
1370,441,104.0738929,30.67999518,1083,104.0744869,30.67978055,61.67462177,,9.738098174,9.738098174,9.738098174,9.738098174,9.738098174,9.738098174,9.738098174,9.738098174,19.30683812,12.94627629,15.49938139,14.10825343,14.77113602,14.59964333,14.51538164,14.55739055,14.53635574,14.54686555,14.54686555,22.77216804,17.7530678,19.95180705,18.78832828,19.35259634,19.06628834,19.20837552,19.06628834,19.06628834,10.47304898,13.51974619,11.80295693,12.60315546,12.18993822,12.39310337,12.29068127,12.34167983,12.31612775,12.32889055,12.32250585,12.32569737,12.3241014,12.32450036,12.32469984,12.3246001,12.32464997,12.32462503,12.32463127,12.32463439,12.32463283,12.32463322
1371,442,103.9970406,30.66825083,330,104.0009914,30.66823038,378.5234856,,68.47661046,69.25969749,58.08269445,33.28695079,44.31494466,49.07627424,78.10802082,87.72647308,45.77887619,62.77022625,43.9859441,51.73441717,58.11021527,70.15107069,46.74732584,60.48311354,65.30437131,61.5207471,64.03592802,37.36794921,42.95301964,64.91351824,79.53411761,116.9230112,64.45129621,76.34087105,55.39368082,53.64899796,54.54374443,49.19438802,57.08433176,52.98838165,58.2343824,89.25881318,34.04583506,53.86104933,54.50738193,67.29306411,67.4596311,67.01727287,75.78890702,53.39672994,36.51351951,71.28875481,76.89129113,57.98657652,51.18064031,66.53733145,46.34981456,47.45274108
1372,442,103.9970406,30.66825083,604,103.9956027,30.66942661,189.6240581,,26.61390289,24.18588518,22.16385095,23.68244958,23.19954492,35.09751204,23.70300726,30.61195557,28.09245305,24.14311615,15.98704003,22.90760433,20.68626088,18.85764114,26.57936181,22.06237358,26.57936181,26.57936181,48.30046764,48.30046764,55.20053442,27.03550927,26.35701194,35.97610588,35.30930738,42.13867958,36.9497488,41.66108337,41.66108337,41.66108337,41.66108337,55.9546401,29.68028735,38.78673916,33.62791178,36.02356777,34.78454059,35.3932137,34.78454059,35.08623754,34.56438527,32.40411119,41.92302616,36.5540353,36.5540353,36.5540353,51.32681272,20.7807187,20.7807187,26.63120712
1373,442,103.9970406,30.66825083,1049,103.9953365,30.66818834,163.4086438,,17.5420044,22.30411821,22.5315696,22.92337526,21.37224769,18.76035455,18.94592972,21.66744448,21.64990128,21.68741448,18.94592972,25.16499668,18.23695936,20.424603,21.40396636,13.41383344,25.58963587,20.5151218,21.49589955,26.32085538,24.20868797,28.35041531,22.33940953,19.58727362,23.21168405,22.37623118,23.17025757,23.17025757,25.13811279,19.33512301,23.10272238,21.61106203,22.50355732,21.84445294,20.21839729,17.46907551,22.38811786,22.43391952,22.93953052,22.41121763,25.74490668,22.09468987,15.31956036,16.38638211,18.97648767,24.05401963,24.17552539,23.10626705,19.54389095,22.28299688
1374,443,104.0192041,30.66475911,129,104.0192612,30.66338368,152.5390573,,15.51975336,16.67853018,15.66734968,25.51029062,16.7676521,14.44156756,17.58656866,15.80260737,25.58895361,19.8655852,15.79881869,14.20803638,14.17137048,13.66021409,13.12163934,13.79750267,23.15420687,22.50576255,13.41002702,27.93962382,12.62392198,15.46874947,14.7420297,33.41845073,13.29638272,31.1039709,25.3728333,18.39667023,25.69508185,15.66734968,24.5700495,19.30680183,19.23128516,14.6437495,34.32128789,16.23475554,16.68106337,20.34386859,14.21723253,15.29639572,57.20214649,14.90205173,29.35085959,15.79503182,14.33787484,23.33930931,19.18730281,16.69120384,16.02160777,14.31918139
1375,443,104.0192041,30.66475911,1064,104.0190987,30.66725688,277.0152853,,30.77947614,30.77947614,30.77947614,30.77947614,30.77947614,30.77947614,30.77947614,30.77947614,30.77947614,30.77947614,30.77947614,30.77947614,30.77947614,31.6924267,32.169517,31.92918977,32.04890285,31.98893431,32.0188905,32.01139619,32.00765036,32.00765036,32.00765036,28.21089186,36.6975171,36.6975171,39.10804028,39.10804028,47.82997732,80.91318678,61.55895229,78.6478728,78.83438949,78.6478728,46.7463294,78.6478728,111.692563,111.692563,146.655151,126.808087,126.808087,94.08066293,97.29317337,25.40777139,100.732831,75.1699769,75.1699769,75.1699769,46.58256258,33.74805506
1376,443,104.0192041,30.66475911,1571,104.0210888,30.6647771,180.5880068,,27.60580996,58.83410176,18.0337538,19.78444384,19.78444384,22.82713569,26.97580185,39.28198335,27.14475259,34.39771558,23.68367302,20.06533409,15.47897201,42.03341537,19.88124846,20.0035946,35.33243611,16.76639135,33.5777462,19.73040438,16.82061642,23.85749815,20.12745587,20.12745587,22.12894613,24.57245017,28.30110555,28.30110555,36.11760136,31.97295859,31.97295859,29.73095233,25.97498728,27.78277028,15.51591467,32.64575159,15.55303408,33.51117652,18.87131566,21.96711689,18.87131566,26.2779638,27.5007117,27.5007117,27.5007117,31.01332496,36.27884065,42.77084372,32.79277803,29.75363041
1377,443,104.0192041,30.66475911,1799,104.014074,30.66498919,492.1675524,,127.6113033,132.2620812,102.7403008,134.4538676,122.7410522,144.3844275,100.7747419,127.9037256,123.2130173,85.86275429,102.3088455,74.99696037,74.23756376,105.9147935,91.70823958,134.3817634,98.34538739,102.2896686,62.10627101,95.12002027,111.3563457,109.3705672,107.0845544,116.4383256,110.9688844,124.2422967,96.24134648,93.91954772,100.3380758,117.9534098,112.4015379,102.6537189,92.73759054,95.3721812,127.4067489,88.52206552,106.1565391,92.2377429,108.6519695,155.9186807,137.6906426,61.13882639,67.16463945,61.18708594,81.20764614,137.3490844,71.92705774,105.7582484,54.26656014,78.45622977
1378,444,104.0794847,30.67048239,1271,104.0778208,30.67124474,180.4126342,,28.18743507,24.94822599,32.71967169,32.71967169,32.71967169,32.71967169,32.71967169,32.71967169,32.71967169,32.71967169,23.94416528,30.06877237,30.06877237,30.06877237,30.06877237,52.16750868,34.91857436,34.91857436,34.91857436,19.27256626,27.63768013,22.70928263,24.93226423,24.93226423,24.93226423,61.27221539,24.93226423,24.93226423,24.27983114,24.93226423,24.93226423,32.80229713,28.33088258,32.80229713,30.40306533,33.36398029,24.78952226,24.78952226,20.17035662,22.24265353,21.15587893,21.68565887,21.68565887,49.20344569,30.10361451,37.35358638,37.35358638,55.39321818,44.61901129,46.89954972
1379,444,104.0794847,30.67048239,1503,104.0811962,30.66967255,186.9244155,,35.88948778,43.48483979,43.48483979,43.48483979,43.48483979,43.48483979,43.48483979,43.48483979,43.48483979,43.48483979,43.48483979,43.48483979,43.48483979,43.48483979,43.48483979,43.48483979,43.48483979,43.48483979,43.48483979,43.48483979,43.48483979,43.48483979,43.48483979,43.48483979,43.48483979,46.36884726,53.40697586,49.66257534,51.46676067,50.54857433,51.00353545,50.54857433,50.54857433,22.5436481,31.18113621,31.18113621,31.18113621,36.57216825,31.18113621,30.9392136,31.05970383,31.02949338,31.01441017,31.02194994,31.0181796,31.02006465,31.01959337,31.01935774,31.01947556,31.0194461
1380,444,104.0794847,30.67048239,1674,104.0803937,30.67192313,181.8802626,,27.11258573,28.10167147,28.10167147,29.16565458,28.62377903,28.8921763,28.62377903,28.62377903,27.68091366,26.79818331,39.28613671,31.86223578,35.18686675,35.18686675,45.15647899,22.81424897,26.4019736,25.25627562,26.4019736,25.25627562,24.71992243,24.98522091,24.85186366,24.91836386,24.91836386,24.91836386,27.16883591,25.9949831,26.91753116,26.91753116,26.91753116,38.4028707,34.37107325,34.37107325,34.37107325,24.43167707,34.37107325,34.37107325,35.97631568,35.15537962,35.15537962,28.90812121,31.72714454,30.25210259,30.97207133,30.6078537,30.69810266,30.74342703,30.72074813,30.72641473
1381,444,104.0794847,30.67048239,1704,104.0784525,30.66903116,188.8080619,,33.90069939,32.6325596,31.7872596,32.99558363,26.06246253,29.68161672,31.47711828,25.26799341,28.61932728,28.61932728,28.61932728,28.61932728,28.61932728,28.61932728,55.8282565,37.84044664,37.84044664,37.84044664,29.89922388,49.49337546,42.88948743,45.95539559,44.3695415,45.14854694,44.75565467,44.95124231,44.85323529,44.90218532,44.87769695,44.88993781,44.88381653,44.88687695,44.88687695,44.88687695,62.35862595,52.19955886,56.82863725,54.41582822,55.59606673,54.99961651,55.29623329,55.22177957,55.18462782,55.20319742,55.19391109,55.19855384,55.19739309,55.19681271,55.1971029,55.19703037
1382,445,104.1365745,30.63082945,393,104.1417226,30.6285471,554.456952,,297.9171682,85.54478689,48.52621622,55.4264499,55.4456952,170.6021391,56.9137075,56.96204596,51.17126969,48.35380395,63.4682442,61.53273561,230.7566505,62.13873454,104.5049752,64.26114981,234.8288267,53.88890462,72.84456072,59.70224409,201.6207098,61.67771424,64.64341577,66.72547847,60.08703335,59.2840423,59.33252495,42.71137719,53.5371934,65.14507269,71.41484892,65.17698048,55.4456952,72.50381121,75.4173184,273.4308256,269.7358145,69.98550863,82.50961186,169.1563582,60.02885028,60.90145011,61.47531799,77.87544607,70.78173855,71.49007786,64.30212167,49.04287536,51.39294877,219.3456074
1383,445,104.1365745,30.63082945,1449,104.1358325,30.63115239,79.61011847,,14.7580877,10.27534245,7.599171659,8.099280819,7.63747972,11.29444045,7.733159816,12.69764489,8.100847912,9.32324094,15.25145091,13.95011659,27.75752315,11.48683072,14.7404481,11.82780858,22.13099818,10.9513346,16.10092284,10.30304709,19.4302662,11.03089445,10.94343589,10.75120571,9.375716674,11.21159615,12.95142018,10.33711187,14.74261453,13.30531228,13.30531228,13.30531228,12.18522221,10.47246382,11.23907555,22.13099818,22.13099818,16.37693866,11.84690705,22.13099818,16.94833983,16.80178376,16.72945211,16.76553992,16.74747658,16.74747658,10.95971038,10.06779016,10.95971038,22.13099818
1384,445,104.1365745,30.63082945,1662,104.1355886,30.62881312,242.6223644,,21.90904294,27.295016,25.10607967,22.54040031,22.58897875,22.29789782,22.52586749,23.64199882,23.47472949,21.60644433,22.13483304,24.5425058,20.38367589,21.57827232,19.44760394,26.34813007,21.67346183,23.137497,24.8136509,22.33149279,20.29908228,22.52707784,23.26073267,22.72611913,22.56952227,21.39474616,26.97469153,22.45348359,25.59532635,22.87092202,20.48726768,25.40917853,20.97096067,20.97096067,19.95295287,20.44929498,24.04847224,18.19667733,24.29598086,23.0459238,22.00102045,18.13998986,25.46473795,23.47257273,19.19649477,19.98719707,20.94581563,22.5113534,22.00102045,25.25002684
1385,446,104.0320147,30.60709687,554,104.0189873,30.61381968,1454.215153,,73.80762091,79.95202674,77.40047386,82.49365959,82.47461782,72.20930415,75.77558672,92.56693704,85.74785567,80.20725248,70.86051097,61.99140972,72.7999733,79.88567474,83.80749014,87.25290918,90.41752247,109.033686,99.23874418,92.89430278,83.38075734,87.92527896,83.47658738,80.97445506,88.83214736,76.20341413,85.02603679,79.75330057,85.52459956,78.62098068,80.43287192,77.21496388,74.03407198,75.29120373,74.55277804,78.47027459,76.4208348,84.27970835,82.98209724,82.61468474,80.58623015,82.69230336,72.71075765,72.73320617,74.42093571,75.11010833,76.35159772,79.76974718,77.16618626,74.75422868
1386,446,104.0320147,30.60709687,698,104.0343852,30.60567934,276.2753372,,15.52987159,27.4594084,33.89881438,39.00357702,24.91460957,14.79496042,16.89142155,21.85914756,27.7732576,17.07639544,18.81913366,14.94689363,31.03248717,20.85096885,22.42234621,16.48038465,16.14596126,17.79232941,37.78063536,17.64828593,21.87116468,18.00708293,19.64818676,39.70424008,17.85384135,23.17044179,19.36886493,29.7114627,19.75894537,39.14172428,18.89420999,26.97806186,18.47886094,18.68361704,15.36048207,52.346906,32.08358755,17.13089503,26.91515979,17.64071408,18.72225094,16.77219585,38.9526585,31.3084509,25.61179092,22.88586891,26.36774162,16.4395242,20.82913537,15.98553967
1387,446,104.0320147,30.60709687,835,104.0333621,30.61112478,464.7243505,,27.49914143,45.8149063,28.28654429,37.15214794,38.53228656,24.23008495,27.46500122,26.28035912,35.27743089,28.05444646,32.4226291,27.48455328,33.72799318,30.97901571,32.91470948,27.02914692,32.12688741,29.6961644,40.02251094,31.52343236,37.71928969,30.61079811,31.75491434,40.13211782,29.98918298,152.7860878,152.7860878,152.7860878,152.7860878,152.7860878,152.7860878,152.7860878,152.7860878,152.7860878,152.7860878,152.7860878,41.48810073,152.7860878,152.7860878,181.8486589,166.055351,169.74079,171.645544,169.74079,169.74079,123.9264935,132.893745,137.8822875,135.3420639,135.9683045
1388,446,104.0320147,30.60709687,1113,104.0314235,30.6044106,303.0645202,,45.84169213,45.84169213,45.84169213,45.84169213,45.84169213,45.84169213,45.84169213,45.84169213,45.84169213,45.84169213,45.84169213,45.84169213,45.84169213,45.84169213,45.84169213,45.84169213,45.84169213,12.8356738,20.05574031,17.58311479,16.56215974,17.05737382,16.80611954,16.93081457,16.86823661,16.89946766,16.88383769,16.89164906,16.88774247,16.88969554,16.88871895,16.88920723,16.88920723,16.88920723,34.85726111,22.75368833,27.53404563,24.91665635,26.16004465,25.52321625,25.83770703,25.75835999,25.71886895,25.73859932,25.72873035,25.73366389,25.73243033,25.73181359,25.73212196,25.73204486
1389,446,104.0320147,30.60709687,1167,104.0318858,30.59596115,1234.234482,,64.93894146,88.83527094,75.12459439,73.76974802,78.20318219,63.56193553,72.2087346,62.5192646,73.09921048,72.63805913,75.15000652,64.23193546,56.83714916,53.18065991,53.18065991,53.18065991,53.18065991,52.81193505,52.99565612,52.99565612,52.99565612,57.1846092,52.99565612,52.21203449,52.60092697,52.40575927,52.50316175,52.45441529,52.4787772,52.4787772,52.4787772,60.56216449,56.23145543,58.31651859,57.25501029,57.78088953,57.5167479,57.64851616,57.58255664,57.61551752,57.59903237,57.61551752,230.8178772,92.21325748,131.7796711,108.5019319,113.5147831,116.1990135,113.5147831,54.95663742
1390,447,104.0716305,30.6042902,283,104.0716706,30.60211143,241.5011285,,24.84011607,17.8705871,18.45868498,19.71437784,45.75810856,26.38555577,32.02119603,23.19183895,27.08423871,30.80262401,21.7486945,20.20108191,25.39147379,22.05210051,22.26386844,22.68503751,34.68367271,20.44453998,25.41497869,28.59881785,38.8705244,53.66691744,63.69260532,29.08400688,35.41360744,51.73099666,28.12751997,26.34557765,22.01022943,53.69799267,30.88469139,35.85286898,34.80117585,38.29973844,36.37911736,43.7069491,23.935586,41.64809881,37.10539575,28.00013084,37.14247165,24.66634105,26.09272523,26.13439066,24.10537127,32.27985381,31.02244648,30.77536505,27.64435606,44.07657658
1391,447,104.0716305,30.6042902,1025,104.0736856,30.60409951,198.1395557,,19.71810368,19.71810368,20.4384642,20.81115684,21.19769392,23.20311414,24.42189166,25.65835973,25.65835973,24.34479183,24.34479183,24.34479183,22.53720065,22.53720065,22.53720065,17.22952658,20.23552909,18.43158658,22.4308931,17.41886204,17.41886204,15.74618986,16.54034552,16.13350072,16.33439017,16.23332396,16.28370024,16.28370024,16.28370024,31.98665473,28.60073779,28.60073779,28.60073779,23.00975486,25.50240974,24.19204343,24.19204343,24.19204343,15.99332737,24.19204343,25.52750829,27.01903032,27.01903032,17.44015649,21.19769392,19.13621464,19.61305793,19.86050363,19.86050363,22.53720065
1392,447,104.0716305,30.6042902,1222,104.0716805,30.60578435,165.6644771,,16.4182276,15.9037898,15.96766044,15.96766044,22.65497123,18.7274772,21.23147446,18.22714296,18.89559184,20.73505841,20.99972245,17.7497654,18.84335285,18.84335285,18.84335285,20.19386403,23.79223873,21.60841006,33.34904665,23.74881503,30.08283065,24.93403293,23.59422809,23.54323486,24.29295795,26.85442931,19.29486176,18.07248841,15.42559632,32.43887312,22.46721106,24.24358201,23.91307609,26.27278051,24.95527658,28.12949222,20.22696685,28.56968228,26.47356908,19.20747561,25.47892087,22.0863247,18.8821948,17.92761876,17.72339131,22.14327169,21.28071784,21.1112254,21.78135133,33.99066763
1393,447,104.0716305,30.6042902,1287,104.0696463,30.60460144,193.3238535,,34.97315943,17.0162805,33.22032805,31.38515773,31.38515773,31.38515773,25.30784991,13.6196844,30.02009516,46.50106052,36.88865048,30.0525026,25.353948,23.75310145,22.93133023,28.87825198,25.56348476,27.11995607,26.31872834,25.07514497,23.94378002,22.09415469,23.94378002,25.10623921,26.38733166,39.09920633,26.38733166,24.33447107,25.31935871,31.42058116,23.17311452,43.49786704,29.34501219,33.03635471,33.03635471,31.84712657,27.1861669,30.74054208,24.07145258,25.96887584,42.43694345,25.96887584,19.7157471,22.41435983,20.97862465,21.67274029,21.49494057,21.49494057,22.21943291,22.99446715
1394,448,103.9709046,30.73015438,52,103.9691811,30.72962272,175.2258277,,18.83961114,24.12286729,24.01572258,22.10055485,15.15163282,19.72523389,15.14678197,15.8552634,19.29091681,22.39572709,32.31091819,19.6209325,23.72071872,39.01935956,22.00830282,22.82109061,20.03853176,30.87176084,26.21106564,16.44577601,42.9124476,76.00156382,20.61480326,21.84633696,37.2023873,17.28254739,18.23158901,36.96169802,20.58490507,25.43600725,15.7506362,24.22709476,29.60173532,29.96736246,19.72831836,18.58064741,18.73238247,30.79416542,23.08790898,21.55397425,19.76343713,27.69760613,57.87275043,57.87275043,28.54357374,57.87275043,46.95878262,57.87275043,24.98269227,57.87275043
1395,448,103.9709046,30.73015438,511,103.9731196,30.73083762,225.1874039,,25.3599996,28.00257872,28.00257872,20.86678646,20.86678646,20.86678646,20.86678646,20.86678646,20.86678646,20.86678646,20.86678646,20.86678646,30.90246458,27.58569644,26.18070605,26.86484407,26.51836333,26.6904793,26.60414294,26.62567463,26.63645354,26.63106299,26.63375799,26.63375799,31.33777162,38.05984291,43.35158578,40.5337327,41.89533096,41.2032861,41.54642686,41.37414502,41.46010697,41.41708139,41.43858301,41.4278294,41.43320552,41.4305173,41.43186135,41.43118931,41.43152533,41.43144133,41.43139932,41.43142033,41.43142033,41.43142033,45.20491053,47.36171528,46.2581861,46.5292191
1396,448,103.9709046,30.73015438,628,103.9806755,30.72036376,1432.752477,,392.2364196,392.2364196,392.2364196,155.8953472,321.3650416,321.3650416,321.3650416,384.9185759,366.7846341,358.3436503,362.5150128,360.4172625,361.4630941,361.2010677,360.9394206,361.0701969,295.7940598,473.202653,471.7599621,471.7599621,471.7599621,367.3288249,300.7527065,178.474357,541.0393969,491.2294207,367.110955,367.110955,349.2940575,357.9809544,353.5841588,357.9809544,357.9809544,563.0904931,437.698232,437.698232,437.698232,235.5209551,306.2512408,266.2690528,306.2512408,482.0475624,306.2512408,374.5474773,258.5418004,488.9013192,450.8661641,299.2983898,391.5982909,363.568305
1397,449,104.0295217,30.68599766,757,104.0311269,30.68739702,218.3910293,,23.12375604,23.12375604,23.12375604,23.12375604,23.12375604,23.12375604,23.12375604,23.12375604,23.12375604,25.06507031,24.05530971,24.54981126,24.30004498,24.36200888,24.39310949,24.37754927,24.38532689,24.38143746,24.38338202,24.38289586,24.38265277,24.38277431,24.38271355,24.38274393,24.38272874,24.38273633,24.38273253,24.38273443,24.38273349,24.38273396,24.38273372,24.38273384,24.38273378,24.38273381,24.3827338,24.38273381,24.3827338,24.38273381,24.38273381,24.38273381,24.38273381,24.38273381,24.38273381,24.38273381,24.38273381,24.38273381,24.38273381,24.38273381,24.38273381,24.38273381
1398,449,104.0295217,30.68599766,1217,104.0270254,30.68807602,332.0120067,,97.97075608,58.16268731,72.99195262,55.08033291,132.8048027,65.67270462,53.20073697,81.30906287,111.0133025,48.96029592,40.28909744,40.86301621,40.57402741,78.53109225,42.91717142,46.9643703,46.68918844,46.68918844,46.68918844,78.78251007,54.51508434,53.59835086,55.4637227,35.89318991,43.58225065,39.36577107,41.36684314,40.34150741,40.84774195,40.84774195,41.72295787,42.63650027,43.30591392,68.80511982,71.93450749,97.97075608,75.36212006,62.90753811,62.90753811,58.44710142,60.59534723,58.44710142,43.35827898,52.69257418,77.61319637,47.96962772,55.20753922,55.20753922,63.07352106,60.82662718
1399,449,104.0295217,30.68599766,1444,104.0280154,30.68462845,209.3926731,,68.21842744,27.18544751,55.68804468,38.61750119,34.36840228,40.12018101,63.88251044,27.45133369,20.70916547,52.59164814,68.75580313,21.53753209,46.14329356,46.18956024,46.18956024,46.18956024,46.18956024,32.66797934,35.89588682,30.47763975,37.45657755,39.36363567,31.19228785,16.00453552,18.41564226,28.57519421,28.57519421,40.36485265,33.46192978,54.4269764,28.49956987,48.47676033,40.09646932,40.09646932,32.88172838,27.01840943,27.86741675,45.2546772,33.37099168,30.46942697,31.85427087,20.51193532,47.82322748,36.83128451,33.305462,58.834234,41.60884764,32.45699131,27.5114461,22.43492926
1400,450,104.09088,30.67998414,1020,104.0927207,30.68269427,348.2928019,,81.34866482,81.47200044,54.61036964,90.8589918,86.87210765,86.87210765,61.46343563,61.46343563,61.16361399,62.31879159,95.83598118,75.04114098,73.42021327,88.78589129,73.84299687,75.15608914,61.91872034,75.15608914,75.30655176,75.2312452,64.57617614,49.55945007,56.56484601,47.64486713,55.64441215,55.64441215,55.64441215,55.64441215,53.69824783,62.87609294,76.17582545,72.26824708,74.17060555,73.20706973,74.17060555,81.93785897,107.3964957,91.52219612,91.52219612,89.5610062,91.52219612,156.7317609,115.5625886,133.0349164,115.5625886,115.5625886,79.73634892,79.60978329,71.24170948,119.8296695
1401,450,104.09088,30.67998414,1264,104.0890923,30.68076523,191.8857738,,18.66996718,20.34723964,20.89342263,13.94124694,15.21561202,13.46566834,20.91714718,19.62468141,19.56908741,18.47028839,15.23238778,17.23202459,19.21526525,28.45679859,22.98797956,22.98797956,20.60518376,18.66996718,17.48094776,13.20819858,18.40876178,18.48882665,21.41980731,18.56959101,14.22107639,17.09873232,19.36338572,19.64561068,20.31731723,19.93618429,15.92596624,20.30835766,27.45583409,20.694691,23.96491884,19.68059218,16.64551291,17.68985367,17.68985367,18.38426575,18.03037614,21.33710535,16.46695556,25.7372871,17.72389444,25.25735962,17.67627394,20.51441652,24.43828251,17.86137778
1402,450,104.09088,30.67998414,1406,104.0925699,30.67906708,191.1436769,,37.2963272,28.83978361,23.38546259,28.83978361,30.31353466,29.75642105,56.86919313,33.08255946,26.98498968,23.38546259,30.89190738,48.02413417,37.70505407,20.91541753,37.75677568,47.01422114,52.32830698,40.39827223,49.1512312,28.2015261,17.78080715,50.90879679,47.05075124,106.1909316,59.46692171,47.91664418,40.12345404,28.82166437,27.36052632,43.52667973,42.03526187,37.57270405,32.76748747,37.57636788,29.12665553,91.14135587,32.68965496,25.95036719,21.88358704,40.26693843,75.95112989,40.57798727,42.67393717,35.28806343,62.10444376,35.72315311,32.98740349,35.74634997,35.33336261,34.87922272
1403,451,103.960834,30.6715286,303,103.9672858,30.67160707,618.1668241,,58.69556884,102.7898645,50.63482518,50.9244981,67.87714146,78.63606243,108.5561252,79.47859167,95.70273086,95.20430232,67.57815316,271.390313,61.1493777,79.31335552,99.23748347,75.79056847,101.3849917,125.0225038,64.45765581,97.78910211,91.51750102,55.05691655,77.94748045,64.42433403,60.25452799,90.77974342,94.29663418,85.3952635,66.71436388,67.19880926,137.6536433,97.60528802,83.81923039,146.407932,80.48464979,89.23017509,68.53377073,180.9268753,55.60721056,100.5830765,63.04250897,61.93137014,75.01350224,83.53605731,104.6754735,76.34307262,152.2682564,53.65643319,131.7671388,178.7470335
1404,451,103.960834,30.6715286,541,103.9609762,30.67452502,332.3824495,,53.95386454,53.95386454,53.95386454,53.95386454,76.40975851,53.95386454,53.95386454,48.22313884,50.9277942,55.39707492,47.53710402,47.53710402,47.53710402,48.99342093,50.54178746,61.73225202,63.51256997,49.04003353,55.34582878,49.04003353,48.09392356,48.56237087,46.3276423,61.77018973,37.21856355,46.44967545,42.232123,42.232123,42.232123,42.232123,54.05480492,42.232123,42.232123,38.49764551,40.95528185,58.36960089,39.75338266,151.0829316,75.25640366,53.47829355,55.603012,54.51995982,54.24909542,53.98090908,52.75136598,47.01677085,62.89497073,57.37830896,60.0101215,56.01842121
1405,451,103.960834,30.6715286,853,103.9562316,30.67153976,440.927846,,49.81937701,41.82714745,41.82714745,41.82714745,44.02145355,46.45873889,97.08503031,46.45873889,38.83995096,39.38809542,38.30685359,49.87714833,61.90874593,39.19358631,44.31055013,44.31055013,42.8051036,41.39859061,38.24916254,45.58048085,45.58048085,32.46094572,39.73317261,39.73317261,43.94021441,54.73587054,49.14366085,60.81763393,42.14643865,49.78914709,45.6501194,47.62988219,46.61899168,47.62988219,47.62988219,47.83203495,47.73074453,47.83203495,47.78133606,48.24742388,43.97064392,65.78674789,67.11798079,66.23116462,66.23116462,57.94093673,51.49522289,46.24443541,49.44985189,47.79345866
1406,452,104.0572518,30.63571665,704,104.0559369,30.6356958,126.0383256,,31.72992812,31.72992812,31.72992812,30.43519098,29.24197457,19.22618526,19.22618526,19.06462068,23.38855527,21.10409173,11.86243064,28.53697938,20.1661321,23.65785646,30.79669495,24.23166741,18.22240852,24.23166741,24.77750019,25.34849006,12.5689189,22.02611515,25.03381915,28.99284167,43.21314021,26.00217606,13.30609889,23.57080375,21.52967839,43.21314021,19.81388525,26.53438434,26.53438434,26.53438434,26.53438434,22.6303228,21.46601879,16.68154309,20.41565679,11.371879,42.17548929,22.65453498,30.52538016,22.65453498,22.65453498,11.3151614,22.67070525,22.68689861,45.8321184,19.96646742
1407,452,104.0572518,30.63571665,994,104.058489,30.63572687,118.5706484,,15.63409913,12.99404366,12.99404366,12.99404366,12.99404366,12.99404366,14.14986743,14.14986743,17.66293797,15.71242948,16.63068834,16.15852369,16.63068834,24.04813151,16.63068834,14.20480314,15.3223213,14.74241477,15.02677524,14.95466164,14.88323688,14.88323688,13.67027492,13.67027492,13.67027492,12.28357796,13.67027492,13.67027492,25.20793313,17.72712237,17.72712237,17.72712237,14.71911497,16.08368635,15.37117524,15.71936095,15.54331842,15.63084403,15.58695835,15.60887034,15.59790665,15.60338657,15.60338657,21.34271671,21.34271671,21.44996654,21.34271671,14.44515514,17.2292365,16.43723068
1408,452,104.0572518,30.63571665,1725,104.0574161,30.63195061,417.6863188,,56.8764349,67.58450464,83.25973132,88.94828439,115.3711571,95.47115858,96.74352239,83.40487506,89.01849516,56.42291736,62.65294782,68.97572237,77.1678536,87.56155758,46.8641818,79.98248658,68.71305779,68.71305779,68.71305779,61.91585431,72.99372562,122.5342868,70.92786546,46.98971087,58.2066096,117.2452825,88.04838469,76.05271123,78.829397,69.73178005,86.91738426,156.6323696,97.72027605,91.72219582,85.49655992,86.41785906,76.71789529,64.31440324,76.71789529,112.4940709,91.96762983,102.2905271,107.867342,89.92050984,145.2821978,114.521763,98.02286491,87.16931871,97.01101598,88.45122045
1409,453,104.0966689,30.6364747,200,104.0988698,30.6401137,455.1286603,,88.37449715,62.19762603,64.78984443,63.82985107,75.46657418,66.23398391,53.3267104,76.24558579,70.35385779,53.06285928,48.33224711,61.29678927,77.00349134,106.1909036,77.52980334,77.28599892,88.7870834,110.8139346,70.87800332,72.44494518,71.13443606,72.69135657,65.93413187,88.72544279,65.41338842,75.69124623,83.59506006,72.79747533,80.19586334,64.60816944,80.19397624,61.70461376,95.85393004,81.95242759,64.71875616,81.38062139,71.64487488,107.7936301,60.2007291,75.97201747,60.83402886,56.30457653,85.24782399,74.96019008,77.34680617,96.52961354,72.79747533,76.3538213,59.41842891,91.72304176
1410,453,104.0966689,30.6364747,1372,104.100512,30.63473368,415.7874044,,40.4276747,56.18748708,43.04783316,67.69403869,56.45769565,49.83911174,50.89543202,46.6667079,65.29004152,64.15578487,62.77498558,63.45787481,74.15316765,44.63721638,58.97195773,62.72748689,66.02295269,54.4713327,54.09060846,56.41336643,43.01249011,59.84014171,72.75016553,63.71015325,39.83297428,52.71704709,51.63724557,60.84693723,44.59691554,51.8683681,44.47644845,66.36212759,58.94707506,61.48066652,64.24183072,56.80586929,48.61287634,53.92055677,40.28562171,62.67102059,65.20126067,45.56040864,37.4208664,45.99983577,52.12149798,42.14739578,85.82767522,62.76036293,73.28443847,61.772903
1411,453,104.0966689,30.6364747,1388,104.0952575,30.63396936,308.857987,,35.08642326,35.73563486,36.71330788,38.34099149,44.98159305,42.32311731,36.30657153,36.07100578,82.02458013,61.71445438,51.88814181,35.52360234,35.52360234,34.88278441,34.26467652,37.37441187,145.6622821,47.65237514,42.11699823,48.76705058,33.16242553,30.11616341,43.14792176,38.47365928,41.99768662,42.37629373,36.17859284,43.08663963,44.2983567,40.75340574,41.06698996,34.14192691,30.87150633,36.04177482,36.77945018,41.22687257,38.87637956,35.95172335,51.63570062,48.71956563,44.56467949,50.54039787,41.59184863,29.49307038,29.49307038,29.09434156,28.70625009,33.3399926,34.59516967,35.21421229
1412,453,104.0966689,30.6364747,1533,104.0913246,30.63909142,588.5777404,,68.59436275,80.02878851,80.10282268,94.05842824,87.67778752,90.10119908,62.54072802,82.26377735,93.85957322,70.94463834,99.59482329,113.4860897,113.4354601,73.8640655,56.42822544,63.21583542,91.05070018,84.06497691,110.9108714,99.52617754,134.4253681,90.26112313,109.650169,77.62412499,85.35266326,102.6446994,87.85022564,85.82321687,83.66000904,94.78090847,92.12521154,112.7063758,100.1695153,84.86835241,76.04593398,140.4077019,103.6712015,146.038086,100.352903,112.1100458,112.6664232,102.6016663,89.9524471,63.43951693,97.81760743,87.67778752,122.4179519,117.0403155,107.4210325,124.3474099
1413,454,104.1506899,30.63573235,535,104.1523394,30.63505025,175.2294273,,20.61522674,20.61522674,20.61522674,19.65189839,21.90367841,23.36392364,33.82444709,23.10717723,22.16340582,21.23993058,21.691844,15.32991345,33.00593529,23.94026331,25.38534963,23.36392364,22.71200498,24.1788401,22.5294978,21.51154095,32.68528178,44.58133839,18.69113891,27.42721471,25.25829583,27.42721471,27.66780431,27.91265214,32.57276789,36.15048357,31.7263674,20.85375003,30.92284011,23.8949219,19.62133556,23.8949219,24.85523791,24.36562141,23.62643964,26.97758824,25.30896442,25.70646493,25.90993457,25.90993457,25.90993457,25.93323487,33.14321918,33.20136517,30.3646661,28.9635417
1414,455,104.0112729,30.62008866,554,104.0189873,30.61381968,1014.67495,,43.628902,46.7168097,60.50895081,55.85366697,41.38011691,50.1211556,51.27292709,46.90464885,56.36539408,52.18328314,47.65942068,60.23512071,46.78450033,45.97646092,52.47633279,55.96919972,53.12855748,63.46804018,48.16653793,51.4724728,54.41474496,54.6421813,50.36782739,53.64905188,99.14621459,65.09625443,65.96957879,47.27562321,51.15112648,53.53322165,56.14802095,58.49519301,53.65890297,56.08571798,53.65233518,51.64835376,51.54510564,53.42933148,57.97120152,55.33752189,57.32626836,54.87475944,48.9409455,45.38804448,57.76408875,57.62387498,61.4437312,53.54092811,57.5766916,49.63083995
1415,455,104.0112729,30.62008866,798,104.0191596,30.62797015,1155.187674,,76.84986639,286.8052156,286.8052156,286.8052156,286.8052156,286.8052156,169.7418623,213.2654167,213.2654167,213.2654167,345.1183092,263.6244454,298.9164871,350.7580918,424.3546558,701.8861817,433.1953778,536.6033066,479.3862394,536.6033066,536.6033066,536.6033066,536.6033066,536.6033066,276.3239619,364.7961076,277.5093363,315.2217584,277.5093363,417.0591603,417.0591603,417.0591603,563.6759132,383.7933998,355.4423612,319.8981251,349.9586783,430.9508421,344.6416264,515.9647179,571.6392614,356.9678649,413.2845343,356.9678649,351.2394955,351.2394955,162.4482667,308.0500464,285.329374,265.730072
1416,455,104.0112729,30.62008866,940,104.0056635,30.61351558,905.4421895,,126.5448531,108.2644212,152.2526994,188.9618482,304.6347553,187.3328668,179.7569053,185.7317312,423.0004733,443.6594235,242.9331959,281.8829459,219.9949526,144.8707503,219.5011368,347.6898008,253.3361566,177.1517327,169.6441872,311.9226682,158.2326156,151.0494822,141.0400334,144.4902,180.0879493,160.3370028,124.4752501,208.5026791,213.2775496,124.8407462,118.407593,178.8037237,150.2116075,122.8180815,70.93779939,87.35506577,103.6586028,87.35506577,68.89234051,84.8832316,92.76015601,94.75557797,79.30880492,325.9591882,88.03759304,89.85780516,70.97641551,71.59348876,114.774362,68.49937909
1417,455,104.0112729,30.62008866,1731,104.0008795,30.62747673,1289.528685,,86.87060847,100.167391,108.6554305,209.427215,125.3829376,124.5030377,189.481766,113.6581322,386.8586055,386.8586055,386.8586055,221.0620603,281.3517131,263.3930931,255.246915,259.2560288,257.235852,258.2419896,257.7379389,257.863767,257.9267271,257.8952432,257.9109842,257.9031134,257.9070487,257.9050811,257.906065,257.9055731,257.905819,257.905696,257.9057575,257.9057267,257.9057422,257.9057344,257.9057383,257.9057364,257.9057373,257.9057369,257.9057371,257.905737,257.905737,257.905737,257.905737,257.905737,257.905737,257.905737,257.905737,257.905737,257.905737,257.905737
1418,456,104.0695764,30.61879884,29,104.064657,30.61877337,471.5487556,,48.7283967,77.04578761,136.3514474,67.3195844,97.44180928,67.04106427,63.47771711,63.89870213,76.35272206,86.07425174,53.72074431,69.98708053,94.62516835,72.16901126,121.7296657,78.40995474,76.30871977,95.36941124,74.9150715,85.6640296,70.65202694,93.06033001,90.32659901,134.1294238,127.3977876,94.06854969,91.98181624,128.8971542,99.6062753,58.5370869,79.21490995,99.29981769,77.38235989,109.9940942,79.01354016,89.27379351,75.18049248,79.53834433,100.3260345,136.3514474,70.9392194,69.51578707,72.45749171,67.09784665,69.49139556,84.35157864,89.00092407,63.51617061,83.02948296,59.56405334
1419,456,104.0695764,30.61879884,218,104.0692372,30.62263344,426.2283593,,93.56232277,51.88240384,49.41778079,43.77809111,87.18307349,60.86293011,42.38735065,43.04129294,46.54217717,48.88918822,70.78836546,41.26375203,45.55112236,42.99305389,46.45924312,40.22076261,74.55384183,58.34304538,50.67444166,56.18878585,48.20174116,58.1587654,37.37934454,45.83785193,60.05565924,54.70310494,45.04489266,47.02008459,67.74490479,39.06038422,66.04778295,53.27854491,52.54870183,44.09258889,107.2486735,77.34956993,60.75200596,48.04076686,54.71936143,58.84945454,43.46804797,71.86988728,67.17789233,47.06816238,47.65286005,71.06547711,45.14213166,59.30266945,57.28020358,36.97402635
1420,456,104.0695764,30.61879884,1060,104.071513,30.61882626,185.6601824,,24.62699545,24.62699545,24.62699545,24.19901002,24.03368057,23.87059488,19.0964759,19.0964759,16.44223018,17.67023547,17.67023547,17.67023547,19.54317709,19.03867991,18.79607436,18.91659931,18.85614424,18.8863234,18.87122175,18.87876956,18.87876956,27.16978279,18.87876956,18.87876956,16.83568405,17.7987883,17.30384533,17.7987883,18.64323057,19.57179082,20.98513836,18.22431238,29.44390558,18.64370032,18.90740189,18.90740189,18.90740189,20.93583889,31.03916363,23.45181251,31.03916363,31.03916363,31.03916363,22.90530009,26.35901104,24.51109309,24.94834869,24.94834869,24.94834869,20.77316726
1421,456,104.0695764,30.61879884,1228,104.0695448,30.61657893,246.0498051,,42.73965251,55.36120615,55.79712116,44.39996483,51.79995897,51.79995897,51.79995897,59.1176395,33.09262634,40.66316596,36.48936348,38.46336739,37.45037112,38.46336739,42.58554319,42.58554319,43.47383059,44.39996483,56.96329893,56.96329893,55.18874133,52.75860532,50.5334563,32.7661886,44.64613399,44.64613399,44.64613399,44.64613399,41.391556,44.64613399,53.46756327,48.66028009,50.95077931,49.77919533,49.77919533,49.77919533,42.63678933,49.77919533,49.77919533,70.58002377,58.3821799,61.01852958,61.01852958,57.12736995,53.70273919,43.15611685,43.15611685,37.42729429,74.22731553,71.74238376
1422,457,103.966997,30.71641552,20,103.9717958,30.70900484,941.1702069,,96.80607842,114.0812372,128.3413919,108.0769616,104.7630841,88.0177732,93.55288812,124.110357,115.3250097,97.54784851,92.19626517,92.19626517,92.19626517,92.19626517,92.19626517,90.71520067,105.8816483,106.2968704,94.07976037,95.65613068,102.0127249,104.3028454,104.3028454,105.964433,101.6193897,100.3287832,100.9699625,100.6483517,100.8089006,100.8089006,86.20281902,145.7393747,138.2235174,165.3605946,158.4986205,153.7639537,84.65241086,133.2630381,104.8674376,130.8313574,91.55082337,92.50081005,86.05694044,100.4119315,104.4497346,124.110357,91.38745138,116.0999501,97.26786079,80.3923512
1423,457,103.966997,30.71641552,439,103.9540216,30.72742297,1741.28061,,168.8713538,153.6047585,172.2821805,160.2405469,150.5670984,119.9734009,173.4805209,113.8712116,215.929489,187.0010764,168.0592546,200.1023002,155.935577,111.0203062,205.3899402,180.6414373,205.3899402,208.9420204,169.8091308,167.6449177,184.1301951,193.8992168,180.3916603,159.8625488,206.657479,183.7635549,196.4084031,199.9718109,175.1754732,176.6600332,261.0728651,240.753152,244.6764323,126.4151287,118.3500981,133.8017118,178.243456,237.5552143,190.6553007,214.1894144,143.0892554,176.3284147,164.6972465,194.2804406,202.1724716,229.6194211,183.0017915,225.463175,108.0794861,197.8270082
1424,457,103.966997,30.71641552,664,103.9780511,30.71972036,1120.091888,,114.2534531,117.9044093,110.8218122,114.8266957,114.8266957,114.8266957,114.8266957,131.9551938,170.9132036,175.3187303,173.0879386,174.1961927,173.6402973,173.6402973,173.6402973,100.8923469,127.6276427,127.6276427,127.6276427,95.32696919,110.8696947,132.4681602,90.78904979,90.41100441,112.3659059,100.1999133,105.9347554,105.9347554,105.9347554,134.1873809,99.81016824,125.1413006,111.0495018,125.1413006,93.55755909,133.0070631,115.2643391,133.0070631,134.3737005,147.0758953,135.7687137,107.3141929,126.1680475,109.2772574,149.2350406,139.2459556,139.2459556,129.1551303,120.4279979,120.4279979
1425,457,103.966997,30.71641552,780,103.9464317,30.71977497,2004.171289,,205.2844893,192.9659411,198.2925657,190.1990221,213.9103142,180.733117,209.1182892,181.3469173,275.2872841,263.6425081,197.1484352,135.2392997,135.2392997,135.2392997,135.2392997,136.3897286,135.8120779,136.1002903,135.9560314,135.9920674,136.0100926,136.0010794,136.0055859,136.0033326,136.0044592,136.0038959,136.0041776,136.0040368,136.0041072,136.004072,136.0040896,136.0040808,136.0040896,136.0040896,196.3269834,159.2718905,159.2718905,159.2718905,159.2718905,159.2718905,159.2718905,159.2718905,159.2718905,159.2718905,159.2718905,159.2718905,159.2718905,159.2718905,159.2718905,159.2718905
1426,458,104.0216448,30.70036077,430,104.0233096,30.69872934,241.0734313,,53.30862117,51.42053439,51.42053439,42.54237023,60.68981487,44.85087094,65.06177507,56.72316031,59.85271398,63.69646625,77.25795427,57.76135459,58.8382612,36.59301557,74.30345485,47.48590946,34.85399007,58.63948329,58.63948329,52.62061905,41.57434025,44.4488785,33.37939818,39.09298886,31.40643014,41.32687394,49.45096027,44.6202752,39.18123488,40.98532952,44.6202752,48.93971915,39.94006608,36.75768898,45.9390041,83.0933955,53.98845118,32.81150672,37.24739711,36.61874906,35.64124652,45.48555308,38.85325523,41.61421015,74.81589247,40.20217036,25.79091687,43.33904383,41.13101198,44.96706491
1427,458,104.0216448,30.70036077,1453,104.0197676,30.69901835,233.370582,,43.7797861,37.80130912,41.18304388,43.3218318,50.1358795,59.66861472,53.68268979,58.01530221,43.15165132,49.59469275,51.84412806,55.71181003,35.16676832,44.04372714,38.33967462,41.48426233,42.64640077,53.06110076,53.06110076,53.06110076,53.06110076,53.06110076,53.06110076,30.830609,46.6741164,46.6741164,47.59966545,48.56266446,66.32637592,59.02581466,41.79771618,44.21758396,42.97361101,43.58672349,43.27799589,43.58672349,43.58672349,62.97856786,43.58672349,43.58672349,34.52605871,43.58672349,56.3848386,49.16658933,52.52890005,49.71207664,49.71207664,49.71207664,49.71207664,48.00766258
1428,458,104.0216448,30.70036077,1540,104.0232505,30.70150335,199.2089648,,37.37114504,35.1545232,35.1545232,39.27118599,55.88199534,49.28881603,40.7730288,46.8726976,44.35260507,32.89689327,32.89689327,32.89689327,48.45623468,43.33246364,41.15651497,42.21646936,41.67975435,41.94639507,41.81264962,41.81264962,38.28214983,39.96958924,39.10767535,39.53393503,39.31964996,39.42650133,39.37300315,39.39973409,39.37300315,39.37300315,36.84001403,38.06441583,38.06441583,38.06441583,61.47019484,38.06441583,25.34106973,30.42616919,27.65177871,30.42616919,30.42616919,35.32769819,35.32769819,35.32769819,35.32769819,35.32769819,32.30415645,29.75735574,29.11308282,29.27152136
1429,459,104.0726375,30.72578859,18,104.0730086,30.74887448,2558.887309,,201.3770754,185.1657148,220.6994325,145.672968,130.4815058,166.9444421,207.9750374,142.8216172,178.9084155,199.6098443,239.5752085,139.5228218,127.3254224,152.5274417,168.6055531,175.3923182,158.8959778,171.9642821,192.263691,206.6499223,183.0890409,208.983537,218.0353683,173.3206832,220.0667538,153.9437552,180.6273395,185.9756591,195.6035193,235.4387615,217.9493922,337.8482021,173.9570894,147.47056,231.6899978,177.9064178,195.0660521,191.4180636,194.474085,197.0480067,179.6644321,157.2012681,179.4597316,183.6056123,215.1078649,198.8557866,162.9287993,148.6604784,177.837728,133.9660728
1430,459,104.0726375,30.72578859,467,104.0596416,30.72731696,1255.795005,,157.5213247,107.0739283,120.3477178,111.5745678,93.37753041,128.7536353,81.7284812,85.70354536,222.1553817,222.1553817,222.1553817,222.1553817,222.1553817,222.1553817,222.1553817,222.1553817,222.1553817,222.1553817,222.1553817,222.1553817,222.1553817,222.1553817,222.1553817,222.1553817,222.1553817,222.1553817,222.1553817,222.1553817,222.1553817,222.1553817,222.1553817,222.1553817,222.1553817,222.1553817,222.1553817,222.1553817,222.1553817,222.1553817,222.1553817,222.1553817,222.1553817,222.1553817,222.1553817,222.1553817,222.1553817,222.1553817,222.1553817,222.1553817,222.1553817,222.1553817
1431,459,104.0726375,30.72578859,1152,104.0717722,30.72101788,535.196487,,54.25546629,45.06917785,33.34846133,36.36154476,49.33348098,38.38062457,35.06291817,38.96273717,102.4844337,102.4844337,102.4844337,102.4844337,102.4844337,102.4844337,154.7556107,123.3092706,137.2543083,129.908629,133.4804834,132.5692314,132.1182552,132.3433591,132.2307114,132.2870113,132.2588553,132.2729319,132.2658932,132.2729319,132.2729319,190.7631043,132.2729319,29.64165159,56.91897646,56.91897646,56.91897646,56.91897646,56.91897646,56.91897646,56.91897646,56.91897646,56.91897646,56.91897646,56.91897646,56.91897646,56.91897646,56.91897646,56.91897646,130.1829293,99.05950402,99.05950402
1432,459,104.0726375,30.72578859,1334,104.0982053,30.7212584,2499.055757,,262.1117606,213.0791379,202.3656975,210.4468006,112.668763,112.668763,112.668763,112.668763,137.0388534,123.6646148,130.008681,126.7573191,128.3624145,127.5548175,118.5322889,145.8120053,130.7645454,137.8789383,134.2275379,135.1221361,135.5739219,135.347652,135.347652,135.347652,110.387739,110.387739,110.387739,104.8554863,107.5505167,106.1859041,107.5505167,107.5505167,120.5170894,113.6652018,120.5170894,120.5170894,132.0117495,126.0028113,128.9373089,126.0028113,126.0028113,118.2596218,113.9170715,113.9170715,113.9170715,113.9170715,113.9170715,113.9170715,113.9170715,113.9170715
1433,460,103.9987553,30.6604005,668,104.000968,30.65963267,228.4536373,,98.2987762,98.2987762,98.2987762,98.2987762,98.2987762,98.2987762,31.33078454,71.90671863,71.36078909,66.02100526,35.75796062,35.75796062,35.75796062,40.95782342,32.746689,36.39487086,36.39487086,36.39487086,50.94217378,42.45698589,42.45698589,38.01693811,40.11447496,40.11447496,42.72140828,50.84594091,45.69072746,59.74090272,48.37841731,53.46260636,50.79360334,50.79360334,50.79360334,33.8449833,39.6991035,42.61311369,37.15812174,35.5007091,36.31051189,35.9010445,36.10461727,36.05350795,36.0280075,36.04075322,36.04075322,39.47407467,64.25258549,57.91782354,42.76081947,42.76081947
1434,460,103.9987553,30.6604005,1640,103.9990462,30.65355107,759.6472394,,281.9309342,203.5779203,202.0238903,159.3046638,200.4934063,186.0888049,175.5160664,181.2079555,153.6365203,134.8264616,191.9721166,132.3256481,144.149928,182.9721605,161.886769,244.3905328,197.7389777,236.9783416,128.5419536,190.9727697,82.28876817,190.656562,155.775763,199.615333,163.7562911,358.2615802,120.7386341,200.3465247,177.7897795,110.942396,157.848777,92.07845326,210.3638509,138.1176799,202.7871867,202.7871867,202.7871867,277.9197217,196.7431699,195.1387405,116.1244188,174.1866281,185.0917132,174.1866281,197.4534341,217.2144608,223.3952398,298.8776024,205.1560436,381.2356034
1435,461,104.0386555,30.65417493,1117,104.0344558,30.65335487,412.5509887,,58.35691785,58.35691785,58.35691785,58.35691785,58.35691785,64.68569509,64.68569509,66.30283747,59.05302423,56.09758487,53.42386904,40.74577666,43.36302363,43.36302363,43.36302363,43.36302363,33.51478052,38.11216832,38.43891451,43.39469859,59.34799438,39.25595311,46.55747835,57.1957725,38.51617114,46.33958063,42.06723012,38.32731766,49.4648979,46.85121638,58.01498279,51.83886769,54.30287237,54.30287237,54.30287237,54.30287237,54.30287237,54.30287237,47.07396385,49.17826355,51.47949946,67.81660088,42.43381598,52.20328855,52.20328855,52.20328855,52.20328855,47.44995397,52.20328855,52.20328855
1436,461,104.0386555,30.65417493,1295,104.0386069,30.65555632,153.1713089,,18.74570784,14.86298415,25.37436696,19.43318809,20.1416613,25.16926796,26.13349346,17.30904477,36.09929375,21.33140085,20.31000781,20.80817781,18.07923646,16.86289639,31.99710129,26.68006566,23.34906351,20.75749359,15.39732529,31.03658791,20.6214178,20.77290307,14.92556514,20.92663044,29.01238866,17.08936091,22.36984633,23.26652793,18.58708018,21.9313465,22.69204576,27.28434993,26.14057284,25.26123681,27.08333556,21.56077075,19.53069819,26.62776879,21.37964634,23.61527675,15.83620655,19.77416488,17.34560277,23.30586272,38.42625171,22.59192328,19.88281414,20.19841436,16.5094824,19.01436938
1437,461,104.0386555,30.65417493,1335,104.0387773,30.64862074,615.6853378,,57.38426449,72.95010037,66.10838424,87.52756322,73.5146672,81.92071023,70.01104176,96.53602857,65.57595314,68.54809562,54.02142319,60.26041168,64.21258124,76.04846966,130.9796779,70.69766121,80.88242154,65.97610407,64.49468135,99.14614782,62.74096597,90.44168179,84.20517073,147.7029382,78.12408924,55.83040847,72.86217015,78.15929061,94.67024949,79.93441789,97.09732925,72.76281265,75.68424639,83.60521771,73.50886219,84.6626133,56.03428355,75.8380643,69.32649917,52.61883457,63.70122086,92.43533221,76.24061695,63.13086322,75.96422294,69.01043262,64.23766837,77.64001738,56.14152016,77.28492399
1438,461,104.0386555,30.65417493,1387,104.0440881,30.65424778,520.6072071,,41.96565037,41.01879308,49.5685254,44.13587852,98.46861362,71.22995991,61.71852729,56.0294752,66.83972702,54.80075864,85.8143748,50.33060612,39.09207872,42.5674939,71.32962685,77.5458369,73.06767819,69.9323114,50.40597898,46.47702283,44.5307026,67.1235693,44.30699635,53.33049439,48.23794258,53.36415554,51.24226782,67.37399254,51.18395845,65.85605844,57.99168889,70.83091253,63.7706536,102.6695488,44.20249872,72.08407483,43.34380078,37.67965311,46.835134,46.835134,48.47032617,61.81722759,62.26531381,42.53712995,56.76893821,46.79615345,37.7606302,60.85019304,55.14113602,50.34443321
1439,462,104.1124124,30.65966078,729,104.1164633,30.66075295,406.5579245,,125.094746,125.094746,125.8116214,117.0886823,113.2823938,105.5994609,52.41212276,98.89246812,88.16918845,110.879434,55.96973339,101.9936257,47.21317833,85.2587492,102.889879,79.86949676,89.92986348,84.60164903,89.92986348,142.7910759,67.13800588,67.13800588,67.13800588,54.81679881,60.35499085,60.35499085,65.73584227,88.88310898,72.17004577,88.88310898,92.00263144,135.5193082,95.34908979,95.34908979,95.34908979,55.2305105,95.34908979,113.2823938,95.34908979,95.34908979,72.63565897,86.09461931,89.51734117,89.51734117,104.3571143,130.6793329,52.36524251,122.4777011,122.4777011,122.4777011
1440,462,104.1124124,30.65966078,777,104.1121511,30.65500441,516.6684936,,34.13995052,40.07306181,54.46259595,46.9040605,57.86901457,48.51437742,50.15258062,59.8182764,42.25266017,58.03883821,44.56675378,55.47464871,55.67871647,40.25196212,41.27996842,44.61137631,51.05782628,43.2197829,40.58870889,47.85374169,53.06723472,65.05088125,57.73056301,36.29281126,44.52143402,55.41231113,43.25868587,56.42716582,47.83785252,57.00046423,41.25014586,41.94557417,52.40548636,55.40371448,45.1666722,51.57134686,54.44585663,64.88838869,44.93047786,43.11013979,81.65085939,47.30652565,50.67301002,49.89479225,50.01752593,43.00141309,39.75392359,37.09348776,54.28216839,50.6419527
1441,462,104.1124124,30.65966078,876,104.1117457,30.66314868,391.8038404,,42.23035406,42.23035406,42.23035406,42.23035406,42.23035406,42.23035406,42.23035406,109.6238724,78.36076808,68.58154742,73.14574723,70.79015435,71.94867546,71.65550471,71.50981343,71.58258495,71.54618067,71.5643782,71.5552783,71.55755303,71.55869048,71.55812175,71.55840612,71.55826392,71.55833503,71.55829949,71.55831725,71.55830835,71.55831282,71.55831057,71.55831169,71.55831057,71.55831057,35.57361477,54.24976252,54.24976252,54.24976252,54.24976252,43.56737685,54.24976252,54.24976252,57.92582445,57.92582445,57.92582445,57.92582445,44.42500238,50.28498486,50.28498486,87.06752009,73.60698372
1442,462,104.1124124,30.65966078,1804,104.1082439,30.65965928,399.3886062,,73.83654906,60.94716303,68.76429915,54.05259332,87.40419345,72.7385657,65.38752319,43.24207466,53.20255254,79.95175065,61.70811083,53.93672495,54.62712673,40.90466522,75.4750122,64.47529069,86.41917249,79.04337451,53.95118133,52.03132627,51.42342569,58.80568435,71.02747267,57.8979456,57.0070398,38.93836106,58.09288817,56.72808035,56.72808035,56.72808035,56.72808035,56.72808035,53.91746183,61.9296044,57.64646771,78.14124904,52.92511591,64.47529069,57.66573459,57.66573459,57.66573459,47.89470294,117.531252,67.03025559,51.28890544,62.85460032,87.67066965,67.66112858,93.60670458,75.15938224
1443,463,104.1604886,30.67205697,59,104.1731426,30.67412276,1233.652182,,59.17585417,53.28311764,54.22646954,53.28311764,54.54280449,53.28311764,53.28311764,53.28311764,54.25959505,93.62925908,55.16953857,56.11052249,53.65325104,56.11052249,56.11052249,52.59530856,59.51286908,54.76137923,58.83613851,78.08611614,63.56604754,63.04344267,48.87543494,57.44101559,52.59686579,52.82364383,52.37202659,52.59686579,52.59686579,56.75361662,61.36301009,68.61564859,66.77162722,69.84996135,68.27611404,69.90407465,68.66288914,65.28830749,68.66288914,69.05281304,57.08416266,55.86349503,56.46723274,56.16374145,56.46723274,56.46723274,82.43429894,57.20671347,57.20671347,58.14923542
1444,463,104.1604886,30.67205697,197,104.1595999,30.6846658,1400.008339,,65.75771584,65.24310706,64.48585294,73.32730389,68.47866876,73.61290195,65.11666693,64.78187687,85.86081806,90.51109205,64.69871656,73.36288239,61.56978323,63.37667426,66.71854412,62.8903172,66.63180884,71.18686469,68.33939011,64.31344135,94.07542481,70.39148073,69.9356617,65.66339053,67.98219552,63.62335393,64.77355122,69.5089396,93.223412,61.9853649,70.68765807,75.8279341,62.82759936,56.10006701,67.24286945,72.36966183,72.51841756,70.44067114,71.37841694,62.46035345,74.71138483,63.03977511,67.80743829,67.65140967,66.75536451,71.77825806,65.792216,123.3002224,64.67499568,65.98422052
1445,463,104.1604886,30.67205697,607,104.1602845,30.66523385,756.4476166,,40.29909611,40.29909611,40.29909611,46.25019395,31.61011515,46.25019395,65.30483021,46.25019395,38.68198039,38.04253439,42.35165505,46.15612576,42.35165505,41.37047352,39.21110756,63.11034577,48.36965222,37.60043382,65.22662083,47.2205899,42.3956111,47.50477836,65.93732251,50.0820491,64.90459631,50.0820491,40.01780191,50.6290759,51.18818458,85.50114348,60.41511747,46.79057422,49.05214205,51.82134005,49.05214205,44.88686717,41.37361622,39.21110756,41.37361622,42.56569718,57.12032343,42.58344675,35.34343179,43.94639192,45.39946796,53.03235482,44.33392625,40.97365311,44.33392625,45.74903687
1446,463,104.1604886,30.67205697,697,104.1441848,30.66940351,1589.350889,,73.24197645,73.24197645,73.24197645,73.24197645,73.24197645,73.24197645,73.24197645,73.24197645,79.03629483,58.00942752,76.39069693,76.39069693,76.39069693,76.74076049,76.91699816,76.82877825,76.8728629,76.82877825,76.82877825,83.19519974,94.88662024,90.71206025,90.71206025,79.1378036,90.71206025,90.71206025,99.88355893,81.69428093,72.42611646,74.30731429,74.30731429,74.30731429,99.30569627,85.00675796,99.30569627,91.60157215,284.6598607,75.1531944,75.1531944,70.42047016,72.70989982,72.12369905,72.12369905,74.58276199,580.8795127,77.21542781,77.21542781,75.61907374,74.08738883,85.44046591
1447,464,104.0669796,30.60781326,437,104.0649681,30.60794349,193.3696927,,16.89931076,14.8507924,18.45452095,17.23309552,18.90375815,16.7540528,18.89093334,17.05680597,16.68378415,18.68807768,19.25673288,17.38697206,9.2539833,11.53967499,13.68036147,11.26368438,12.18756557,12.01809175,9.336728205,10.24265835,10.42502274,10.50169178,9.895250799,11.04385342,10.56184029,9.856720619,10.56184029,10.56184029,10.5674519,10.56464535,10.98245719,10.88554955,11.14567336,11.89205029,10.86855416,18.86107637,11.01908815,11.01908815,11.44011329,10.36680408,12.32308185,10.83050788,10.45437798,10.63911959,10.8643136,9.998289317,10.98258095,11.72332256,10.88554955,11.23154072
1448,464,104.0669796,30.60781326,829,104.0685052,30.6057055,275.604793,,20.63955725,40.47981999,24.80636937,24.51144303,21.21396739,19.27805547,22.87119251,21.50945217,25.61765861,42.97132736,44.74305546,38.93435925,41.16206415,44.94574201,47.87345017,45.33940236,46.57198144,48.02406848,46.25759627,46.25759627,46.25759627,43.57627251,49.16758005,51.37556681,50.44534908,48.76358616,40.52520203,44.27565843,50.73240298,50.36432765,48.87572684,35.35073354,45.69613148,39.40034326,44.19842325,40.63083365,45.99402021,36.61170682,49.36205248,50.7516655,39.50393558,49.32371004,32.85808489,46.6088223,44.78109435,46.6088223,34.61083447,62.39334027,37.8044296,50.09791382
1449,465,104.1059759,30.62083666,699,104.10601,30.6219429,122.6468622,,18.39702933,21.32988908,21.32988908,25.37521287,23.73810236,23.73810236,23.73810236,23.73810236,23.73810236,20.77782136,21.53798556,13.56462992,22.35588374,19.64532609,17.52098031,17.52098031,16.05558923,19.82913341,35.73815854,56.24569477,67.40896243,49.01336214,43.42905283,11.80558032,19.32291921,18.73530568,18.18237628,33.94198878,9.906092716,15.84433148,15.84433148,33.57632729,21.52923384,33.57632729,33.57632729,37.63028728,34.97257061,27.25485827,36.48997553,24.58400356,21.5787747,15.91094429,35.60715354,26.09507706,26.12595881,26.06426824,43.97696254,32.77867141,32.77867141,11.30675298
1450,465,104.1059759,30.62083666,1240,104.1041129,30.61840661,323.1423428,,28.03162492,36.58215202,36.58215202,51.70277485,42.84760347,46.86052101,44.76430723,44.76430723,39.03733,38.60550114,39.03733,39.03733,45.44189196,72.93494885,46.16319183,46.16319183,44.35891074,40.04517845,42.69036455,43.36672634,54.30963745,44.06486493,48.65380318,58.75315324,43.00600496,71.58845748,51.64539108,54.26530305,57.16523018,36.86034329,48.55806224,44.23241194,41.3569682,43.37683278,59.50447233,42.55372415,46.10221008,45.53081934,45.53081934,45.53081934,44.915538,40.53353429,79.13690028,42.61217707,44.06486493,43.32634764,39.38981154,37.02851249,36.93055346,32.54020795
1451,466,103.9754957,30.69767357,20,103.9717958,30.70900484,1304.912095,,86.51350906,115.111089,128.0022763,109.1976649,203.8040582,105.0348472,138.6258515,119.5149255,123.7810312,118.7079981,128.3629693,253.2443958,158.6385324,141.177567,147.3205344,124.2773424,154.0224112,157.5522708,80.30228277,183.1455572,127.6949271,120.2991944,225.5519646,226.3943876,130.4912095,292.2353681,232.5585912,216.8995864,164.9515801,90.03705878,156.8508695,133.2676182,210.0917136,152.5221929,146.4974077,228.9284601,197.9361043,212.3071875,204.8699318,336.7515084,87.07476445,107.9927251,256.6762532,207.2521769,207.3095724,213.7253659,142.570062,207.2916329,101.9020291,118.6283723
1452,466,103.9754957,30.69767357,138,103.9658007,30.70213225,1051.848713,,187.2264705,269.5128375,143.4339154,96.79589383,119.264736,119.264736,119.264736,110.6131071,135.6009084,98.01523815,112.7610011,224.5052589,125.8939966,113.4671349,156.959808,126.4210245,148.4962889,115.2126379,126.6852309,369.4297919,104.6863648,111.3978136,118.7394924,110.8019127,184.4899082,100.3657235,114.8341279,127.6400685,110.6562059,123.7469074,311.6588779,144.5288308,144.5288308,274.3953164,173.0890324,196.4379061,184.02581,121.953474,186.2462041,187.0752775,121.4320267,196.4542343,134.0408979,139.4016367,138.199101,79.99976128,132.4765731,108.7062398,113.9977931,80.91143946
1453,466,103.9754957,30.69767357,475,103.9769843,30.6953588,293.5099803,,32.22679158,28.37876265,30.44621608,30.57395628,35.44345765,33.6678839,30.00208494,28.77810065,30.31084134,27.55243622,28.87229932,30.31084134,30.63458585,31.31005049,31.31005049,27.95333146,45.15538158,33.14936248,26.53752856,27.80620866,27.80620866,27.80620866,27.80620866,27.80620866,27.80620866,27.80620866,27.80620866,27.80620866,27.80620866,27.80620866,27.80620866,27.80620866,27.80620866,27.80620866,27.80620866,27.80620866,27.80620866,27.80620866,27.80620866,27.80620866,27.80620866,27.80620866,27.80620866,25.96157074,26.85224724,26.3993986,26.51117275,26.56741552,26.53926434,26.54629654
1454,467,104.0596416,30.72731696,459,104.0726375,30.72578859,1255.795005,,131.7132036,105.7511583,67.12490004,117.348787,111.0971884,117.6694955,82.27228422,157.4116302,102.5526356,145.3069351,235.0534845,91.86409993,146.0698552,101.7925588,89.52202016,73.71972308,113.1158136,112.124554,72.64929781,140.836823,139.1034467,113.1913375,86.74503392,135.7616222,114.452203,102.033787,104.1925987,165.1456445,148.5171491,437.5027761,121.2027351,166.7096285,90.78036181,150.3374543,113.7037731,90.17676898,95.73027037,93.93998998,117.5776858,126.9508835,95.74040699,174.3823343,93.2497,118.4800978,118.9387534,99.96803238,86.27599271,106.8761706,88.9683276,88.75623089
1455,467,104.0596416,30.72731696,1684,104.0587728,30.72356968,423.565812,,92.83634236,92.83634236,92.83634236,92.83634236,92.83634236,92.83634236,92.83634236,92.83634236,92.83634236,92.83634236,92.83634236,92.83634236,92.83634236,92.83634236,92.83634236,92.83634236,92.83634236,92.83634236,92.83634236,92.83634236,92.83634236,92.83634236,92.83634236,92.83634236,92.83634236,92.83634236,92.83634236,92.83634236,92.83634236,92.83634236,92.83634236,92.83634236,92.83634236,92.83634236,92.83634236,92.83634236,92.83634236,92.83634236,92.83634236,92.83634236,133.7576248,120.4809421,109.6019352,109.6019352,101.9957808,105.6621515,104.7210678,104.2567845,104.4884103,104.4304075
1456,467,104.0596416,30.72731696,1699,104.0558705,30.72777242,364.5744015,,45.73058695,31.08502039,34.93858233,37.84509358,32.25302762,35.69762609,25.15912803,31.1688386,34.48676771,30.66513657,61.02136438,38.90955258,33.87013795,29.93572798,28.77693065,43.04937582,64.49473442,40.28858627,40.52816703,40.88684877,35.95802316,31.36498615,35.61649513,29.16595212,32.64845387,29.64912301,64.49473442,59.54485498,49.06421852,46.54141296,35.18680551,54.01102244,42.04755934,50.72339499,39.48261254,45.60699076,30.73695188,53.01710326,38.67023705,46.90642552,27.79474471,44.9860444,64.49473442,44.86521752,48.6099202,64.49473442,27.70088319,35.34076999,64.49473442,36.0957663
1457,468,104.1064432,30.68993585,702,104.1090332,30.68661379,443.9603623,,101.6056773,76.17550452,72.56126351,62.92351592,96.09531652,80.28922094,114.2973043,159.0305775,101.7998283,72.31933504,110.8125065,90.29702284,96.2805605,82.04606285,83.67839289,86.71100826,61.55034547,100.5193273,90.04266503,87.5757427,87.5757427,87.5757427,112.3914358,156.8316713,162.2596248,156.8316713,156.8316713,101.3158355,105.8448546,103.5308375,105.8448546,86.15942341,74.33754904,98.41485864,128.7433962,112.9510462,100.8818858,100.8818858,100.8818858,88.05825368,102.9473304,110.4256078,66.59405435,125.1898671,146.4797937,134.269726,144.7696834,108.8731134,101.247069,124.8638519
1458,468,104.1064432,30.68993585,922,104.1032345,30.69290878,450.5760534,,69.17159029,69.17159029,70.21964469,67.72750698,68.95106449,68.95106449,68.95106449,103.3168021,72.21252275,60.13248535,75.79784076,67.06248237,67.06248237,60.5251415,111.8671581,71.70971672,72.60849562,70.83291669,71.70971672,79.31901185,153.0258295,79.31901185,91.44883959,70.09826241,107.9583223,70.09826241,54.70737916,70.09826241,114.4095935,103.4108975,103.4108975,103.4108975,75.97535327,82.72049937,82.72049937,82.72049937,82.72049937,82.72049937,82.72049937,91.12774114,79.74797405,78.47478434,77.24160915,65.27459929,85.5975616,72.41400858,72.41400858,79.90511292,75.97535327,82.75886695
1459,468,104.1064432,30.68993585,1390,104.1050395,30.68844735,212.8187239,,50.15694966,61.10846708,78.17830674,68.59741744,73.07516242,70.76552747,71.90180217,71.32913985,71.32913985,71.32913985,49.11201321,58.17144009,53.25922023,54.40782161,55.00090306,54.70275485,54.85142379,54.85142379,54.85142379,72.79310271,72.79310271,85.60306213,73.43265875,73.43265875,73.43265875,73.43265875,73.43265875,73.43265875,73.43265875,58.74612697,48.95510582,40.68039325,99.49966312,57.74980446,73.08242349,73.08242349,73.08242349,94.97695116,82.60349391,82.60349391,67.08331905,56.47278176,46.85916857,51.2187681,44.80394187,62.12005997,79.80702146,67.65098508,67.65098508,67.65098508
1460,469,103.9938527,30.63635869,170,103.9954272,30.63381597,319.6698727,,35.03231482,28.01542839,33.32465855,27.5313766,29.57814153,39.61485514,27.44110979,29.28366784,74.74420057,30.5660436,45.55414317,39.69171086,42.65226932,16.52277878,38.46626712,45.87869636,40.80355043,40.8840995,40.84378526,47.02990568,18.08030702,25.06506757,21.00730943,16.76346019,21.8933838,22.3650554,22.12670625,31.44045242,27.54594443,69.01418541,18.26684987,24.80197288,14.99428719,16.60622715,38.23294159,24.74974416,21.20782216,16.98614822,34.14871044,25.50274885,16.15854453,23.30521551,17.27167255,17.12517175,27.31896835,18.31044617,27.81417623,20.62386275,50.66864245,17.38386015
1461,469,103.9938527,30.63635869,251,103.9911505,30.64022479,500.6634181,,29.04735383,64.71771293,53.49656112,64.71771293,64.71771293,63.35284025,64.71771293,64.71771293,35.28041703,37.63797035,47.79286192,49.97091125,33.97527437,31.60698475,52.9316948,56.3829653,48.12785862,49.21741352,49.22604452,50.84723055,49.22280755,54.12577493,60.07961017,61.30572467,52.91794494,52.90254932,45.93242368,37.16264547,40.87048311,53.54688964,47.93585918,44.46681674,60.68647492,48.38626323,59.88001014,34.22256275,49.47085925,34.59478513,39.33198702,66.68455674,94.86254238,132.1399051,122.4032805,145.3538956,77.42555166,63.94693207,127.3363607,133.5102448,72.31246962,73.41703891
1462,469,103.9938527,30.63635869,759,103.9906239,30.63479511,354.6651261,,77.49890464,46.11744673,72.13527988,62.5368712,62.5368712,62.5368712,33.24985557,52.32764156,52.32764156,53.14441015,52.32764156,45.70863201,45.70863201,48.84654659,85.83492127,52.44705654,65.30917923,118.7715771,52.70565341,50.59116212,38.77887484,48.63978872,66.79791614,59.58153446,68.58813181,53.77234482,60.28326753,51.77593082,87.66359338,80.04980903,79.55105632,80.55485514,79.55105632,75.50529,71.8511229,36.23825319,77.61668413,49.82612503,60.69135848,54.72464844,54.72464844,32.73831933,53.0822691,83.99963513,51.53559855,57.35180029,77.67570823,57.35180029,57.35180029,53.83059621
1463,469,103.9938527,30.63635869,986,103.9960972,30.63746196,247.4270666,,32.84833828,41.62324485,41.62324485,41.62324485,41.62324485,41.62324485,26.39222044,32.30235502,30.58982407,29.79989344,30.18969239,29.9935265,30.09128974,30.06678924,30.05455393,30.06067034,30.05761183,30.06067034,30.06067034,41.88618514,52.142262,46.45488691,49.13454216,47.75715521,48.43605839,48.09421105,48.26452942,48.1792197,48.22183684,48.20051886,48.21117548,48.20584657,48.20851088,48.20717869,48.20717869,48.20717869,33.48636992,39.52046266,36.25405417,37.81685596,37.0189685,37.21526717,37.31419927,37.26466757,37.28941697,37.27703815,37.27703815,37.27703815,20.73893923,23.32611951
1464,470,104.0543756,30.64982872,826,104.0540234,30.65066071,98.19303558,,9.748222767,12.13716491,11.24437147,16.95419319,16.95419319,16.95419319,16.95419319,16.3277103,16.47995003,16.55713949,16.51845458,16.53777441,16.52810885,16.52810885,16.10455253,16.52810885,16.52810885,19.1596167,19.1596167,19.63860712,19.88719708,19.76212037,19.82446144,19.79324182,19.80883933,19.8010375,19.80493764,19.80298738,19.80493764,19.80396247,20.19971018,18.95415164,20.19971018,20.19971018,22.51560052,21.29487519,21.95620671,21.95620671,21.95620671,21.95620671,26.98434566,25.5230995,24.21198138,23.98201683,22.23238541,23.75637958,13.06820437,22.23238541,24.37896056,24.04727402
1465,470,104.0543756,30.64982872,1781,104.0536897,30.6502576,81.1072442,,20.13697097,23.54726445,23.8355983,23.54726445,19.59638115,16.78080914,15.36768837,16.04319116,15.86880865,15.86880865,15.86880865,26.54418901,19.86299858,26.30505217,26.30505217,26.30505217,26.30505217,26.30505217,16.59011813,36.49825989,21.41707182,21.41707182,13.6442093,21.41707182,40.83721386,21.41707182,22.84115352,20.27681105,24.4681072,20.27681105,20.13697097,20.27681105,25.17121372,22.46046762,23.73870562,23.73870562,23.73870562,32.26365515,27.35232591,29.6056861,28.43443254,28.43443254,28.43443254,22.81141243,25.31442572,23.99782851,24.31396943,24.47518419,24.39431047,24.39431047
1466,470,104.0543756,30.64982872,1890,104.0574018,30.648771,312.7803781,,27.03503868,33.96709988,38.96226163,45.67989295,78.19509453,58.64632089,58.64632089,58.64632089,58.64632089,58.64632089,58.64632089,58.64632089,58.64632089,58.64632089,31.98890231,135.6637785,57.89251214,65.68387941,50.00517386,32.87618573,48.8507315,72.52878333,78.11759693,75.21952071,76.64117193,75.92369192,76.28074485,76.10179958,76.19116715,76.14645717,76.14645717,76.14645717,75.91074347,76.14645717,76.8937314,77.65581801,97.06977251,62.6430799,49.38637549,52.49460891,29.09584913,50.38073204,93.83411343,93.83411343,114.3156712,93.83411343,30.26906885,71.72034148,71.66328472,71.60631867
1467,471,104.0934433,30.65227021,58,104.0919899,30.64973175,313.9204424,,211.8962986,136.1582642,106.0428304,125.801142,133.1285646,103.3415434,113.6800655,41.15115494,48.45473848,67.40240114,55.12749232,26.7166334,30.37939765,33.63433311,34.91237543,48.80741862,43.46590741,44.75697397,39.28966347,45.56909648,45.38608806,28.25283982,43.99231113,34.39476151,31.17554738,38.43923784,30.42028513,39.37678023,29.25229317,43.52170446,20.30752188,42.12911809,28.21756786,37.35912703,35.09669542,49.42187722,35.42675839,53.2758323,61.75484113,28.39481389,34.95196679,42.64579595,51.06703988,30.54361061,24.83766138,39.95175627,28.94016883,37.26819323,31.65584293,27.86963237
1468,471,104.0934433,30.65227021,1368,104.089307,30.65441059,461.9066001,,37.83535291,35.09497576,31.05254454,35.11518788,37.2932316,37.73518367,35.32371238,38.60711882,46.40550029,36.42067059,41.36477016,33.81522644,36.22796864,34.22410621,44.07272092,33.52547904,30.35430031,32.36192852,35.09632251,33.49171723,40.65681566,29.10921244,36.11976672,34.49129717,33.5610914,37.54413252,33.55930899,37.21163122,39.29792817,34.90792119,33.75687699,38.33838981,35.7797474,32.36192852,38.9125685,30.05175471,33.91292509,29.77374683,138.57198,35.79350037,34.52073407,44.75219655,52.41493334,38.43502171,38.18286476,38.72127774,37.80094931,45.9503965,33.35734725,36.16576402
1469,471,104.0934433,30.65227021,1560,104.0960134,30.65626308,506.4348279,,40.91484247,58.10529528,55.28609737,45.31650477,71.2870139,49.19496439,45.39270021,49.03378774,47.20933175,65.22953061,51.65845238,71.66199183,50.69344945,44.00061254,52.34683209,59.65145505,62.38537698,58.88301592,48.47125259,68.18120346,58.03178929,62.65173129,52.09043944,64.57839055,48.31977155,40.66802808,59.69762215,33.90884154,45.56774258,60.58670984,44.63853678,63.19464057,59.47826619,49.63526644,59.8774587,67.38598941,55.59843599,77.74692454,53.04718328,68.12741717,78.64634975,69.36583566,59.4695138,76.4251906,67.20934063,67.36780862,47.96751714,63.59640687,48.64594403,77.19144241
1470,471,104.0934433,30.65227021,1668,104.0979156,30.65029026,481.4511858,,66.51487969,53.86866415,66.83010592,63.18647909,56.47133861,65.59445953,63.0737907,62.96627979,61.59128094,65.7264507,53.1337912,52.24660313,63.92032764,50.70652862,61.42917841,47.38399879,55.41884153,55.11508136,52.276135,99.04138679,62.23912284,51.83086928,65.27127326,45.38933738,41.87093926,59.3835218,58.65395157,45.73151105,52.99569695,58.50097256,72.76895785,69.21032449,51.65066858,59.43061256,68.23717594,58.42715164,62.98591828,55.37457728,62.47839816,64.74804647,39.06591139,74.54086826,49.1296614,66.85532378,76.01136083,60.89501164,63.21564593,78.39418979,65.57937364,53.7505311
1471,472,104.1412091,30.63877966,117,104.1371922,30.63929681,389.1891435,,44.13475917,47.84492668,41.43555144,40.87763433,30.93273212,34.59895909,40.21279837,89.12728477,37.58768388,41.91353813,41.4725481,44.07647398,38.02835827,39.26658726,51.88430037,51.35299634,37.44052013,36.01705041,32.25819455,44.68648555,31.48603646,45.90124688,39.40312546,49.97910524,36.75185426,35.72363377,37.55333841,42.45699747,36.645534,43.9746408,42.39769999,34.65877345,42.15020011,38.03839593,37.78934163,39.03720892,57.97976067,37.91401736,38.28089936,22.61631827,48.25608353,26.13956934,22.99681439,65.7972826,54.54708796,45.50419164,43.08894831,68.68043709,40.86024911,37.25517703
1472,472,104.1412091,30.63877966,517,104.1446052,30.63798103,337.2747106,,26.00904587,26.32387985,25.14282571,23.6348939,24.33244405,19.85997069,21.54647861,23.54600436,25.09951335,25.5618728,18.94210543,18.73748392,18.76281952,22.46418054,24.62857927,19.19883151,21.97446288,25.55418734,19.6343622,20.96139764,25.24301368,21.42371342,22.568568,20.50994862,21.74991416,20.98857317,27.48164309,23.49664167,22.82310072,21.33899751,19.85591101,21.89305731,23.40605221,22.79631933,22.21754727,26.68547161,22.30051962,23.83099035,22.34018322,20.38940316,19.74290989,21.79872456,17.63527899,25.76801694,20.5833502,20.5833502,18.66547207,21.28289147,20.27872999,20.51861357
1473,472,104.1412091,30.63877966,616,104.1398098,30.63635551,300.2698023,,27.55195127,25.88119605,28.38259196,26.21807636,23.04842832,23.04842832,22.74531906,26.71997142,21.17216381,22.69755986,21.08633681,21.04368373,24.67970978,25.97708112,21.25385938,23.65421998,24.39198093,23.38975704,23.1223805,55.7201695,55.7201695,55.7201695,55.7201695,55.7201695,55.7201695,55.7201695,55.7201695,55.7201695,55.7201695,55.7201695,55.7201695,55.7201695,55.7201695,55.7201695,55.7201695,55.7201695,55.7201695,55.7201695,55.7201695,55.7201695,55.7201695,55.7201695,55.7201695,55.7201695,55.7201695,55.7201695,55.7201695,55.7201695,55.7201695,55.7201695
1474,473,104.0410529,30.60553353,77,104.0422154,30.60430027,176.3622819,,19.00910823,8.145097161,12.62862685,7.97941515,25.18212057,9.324983461,14.67986624,15.35284751,11.70869921,16.38814923,9.228258937,17.19442694,15.1302762,11.66120851,9.522372926,9.917795597,17.87833058,12.26275644,23.41380018,19.84075671,16.77421968,26.20322802,20.76546901,24.70444416,16.77421968,16.77421968,16.77421968,16.77421968,16.77421968,16.77421968,16.77421968,16.77421968,16.77421968,21.81801426,24.33360133,17.85947158,16.77421968,20.69777391,16.77421968,16.77421968,19.04712645,18.42304577,18.12609428,21.19880517,18.19943107,18.23632245,18.22708559,18.22247067,18.22477784,18.22420099
1475,473,104.0410529,30.60553353,175,104.038784,30.60794039,344.1873759,,40.05628944,38.88309267,41.30248511,34.90350854,37.89218817,47.69340082,49.18914463,70.80426019,72.29139751,72.46050019,81.71005064,51.93920055,50.53321995,51.84412357,37.09804052,61.03815533,52.06499436,54.87014444,42.87455202,40.52574172,56.3856452,42.14539297,42.31811999,56.4070358,26.99508831,58.67756368,58.57354594,28.32170407,50.99072236,42.36152319,129.070266,72.52069113,54.67808887,31.02857813,58.17904936,71.80808402,58.17983856,52.72657673,46.86363666,57.99100872,45.30437123,65.55950017,49.12089408,50.08048042,42.18126139,45.76452644,61.39097705,59.78646819,59.78646819,32.52164182
1476,473,104.0410529,30.60553353,1197,104.0385742,30.60321236,350.2059925,,36.38503818,24.82037367,36.38503818,25.06001989,36.38503818,36.38503818,36.38503818,44.70714798,44.70714798,44.70714798,44.70714798,37.59666719,44.70714798,62.18207512,62.18207512,62.18207512,52.20462,56.7582025,54.3862636,54.96046637,55.25213865,55.10591655,55.17893073,55.14239947,55.16065905,55.15152775,55.15609302,55.1538103,55.15495164,55.15438096,55.15466631,55.15452363,55.15459496,55.1545593,55.15457713,55.1545682,55.15457266,55.15457044,55.15457155,55.154571,55.15457129,55.15457122,55.15457117,55.15457119,55.15457119,55.15457119,55.15457119,55.15457119,55.15457119,55.15457119
1477,474,104.0747506,30.61768468,723,104.0747906,30.6144846,354.6830268,,26.85297364,26.85297364,26.85297364,26.85297364,26.4688826,26.65954476,26.56387157,26.61162217,27.61335723,28.69345835,29.06355607,29.94977865,29.06355607,22.40103327,28.92638617,28.79050499,36.93902304,32.35967637,32.35967637,28.40620459,24.75332271,30.43763758,28.37464214,28.37464214,28.37464214,28.37464214,28.37464214,28.37464214,26.51835714,23.40712917,24.89003697,23.2579034,24.57861206,24.57861206,25.23021037,25.9172983,34.27809118,38.28662358,35.30892213,28.72573445,36.40367488,27.45933111,27.45933111,27.45933111,31.39559618,27.45933111,27.45933111,27.45933111,27.69758995,22.63934214
1478,474,104.0747506,30.61768468,1095,104.0715609,30.61755497,306.0825483,,65.51112805,65.51112805,41.58102543,85.12510359,59.13580541,59.13580541,59.13580541,59.13580541,102.0275161,59.13580541,47.82539817,52.63840003,52.63840003,52.63840003,52.63840003,50.43007661,52.63840003,59.75941286,69.10853357,80.62662246,80.62662246,82.84941157,50.62314734,65.45923807,53.31760518,59.83152074,55.09485869,68.86857337,68.86857337,68.86857337,55.59521563,76.52063708,57.9945881,61.47264568,57.9945881,65.39449103,65.39449103,65.39449103,83.1172437,73.19838877,77.84312066,77.05574643,77.05574643,77.05574643,77.05574643,77.05574643,62.25407762,78.56664341,95.81714555,75.36916374
1479,474,104.0747506,30.61768468,1204,104.0746665,30.6189463,140.0576135,,17.27230632,9.139711334,11.57387067,21.13584852,12.99726951,16.38366884,30.62465183,34.31210876,12.24795324,11.112009,11.73257495,14.83586322,12.98666861,11.24904977,11.36699472,20.74927607,11.67726008,9.713107467,12.0049383,16.97668042,16.30420076,14.59355741,10.57925742,12.44956564,16.37796687,9.105599722,9.895239064,9.792163656,10.90009839,12.9992242,10.60249224,17.56820239,15.22710181,11.20460908,15.40034846,13.2598924,9.865587465,17.91781836,10.50034361,15.58945168,13.31240683,13.25864711,10.09501973,12.74860704,10.46073462,14.51811137,16.85799846,13.11901323,16.62554405,18.88417261
1480,475,103.9769843,30.6953588,68,103.9731061,30.68598032,1103.828643,,106.7264937,106.7264937,107.110057,114.9821503,107.110057,119.9879612,91.66743056,93.28129377,110.9995283,103.6188557,94.72665351,94.72665351,81.76508467,81.76508467,79.95539466,84.10122994,171.0073422,88.50296469,95.99959208,102.1319284,95.7922808,95.86931519,99.09683578,106.3931222,101.7614114,113.1326154,102.7315072,102.7164913,100.836112,105.4986668,98.54390861,97.8463063,95.06658169,100.1794062,89.28177753,126.8566038,100.8757273,90.10846065,104.8886946,104.8886946,108.1034111,107.1066201,104.8491587,105.4986668,116.6615226,107.9954646,113.5096343,109.2824507,110.5684247,87.1410074
1481,475,103.9769843,30.6953588,208,103.9805092,30.70204313,814.1403013,,100.3352825,152.4811267,108.7003643,157.5755422,122.6320119,99.18460523,135.9260329,133.9842324,120.0268271,62.49264573,88.74196512,90.72839162,94.90980228,101.3219089,152.3867462,50.10094162,128.1048921,111.9200032,64.0168566,79.42832208,82.40001319,46.89448135,119.3041418,90.57185058,117.4711457,151.9863661,98.94278231,75.47395068,124.2962292,85.32474773,107.4997935,77.12908118,127.6526605,89.51486355,114.2653054,95.26235377,103.5655507,60.60142093,68.45624156,153.0806191,108.3513895,91.43838659,102.4791988,96.91230796,72.70140182,74.38845393,93.93926553,96.43249896,81.91970733,92.49647857
1482,475,103.9769843,30.6953588,397,103.9833818,30.68521098,1280.812706,,125.4626255,122.1003394,124.9785056,140.6842332,129.0717168,155.5118294,126.1539191,144.3922466,132.2698147,132.2698147,132.9435582,132.2698147,133.6825642,136.6301427,136.6301427,194.1442418,197.0481086,136.6301427,115.8039115,132.7999734,159.4786249,129.9204614,118.9149127,124.1721475,128.9168427,128.632593,129.7745639,127.9333153,117.0038251,141.3661787,140.8857288,137.7423672,136.3540562,128.9769438,132.9467192,148.3396353,150.3154276,134.0760143,153.5269392,146.6852171,149.2179829,145.0799301,139.7814734,132.710598,139.9112754,132.1724108,144.7686392,127.7115847,132.2122149,122.2551126
1483,475,103.9769843,30.6953588,466,103.9754957,30.69767357,293.5099803,,20.3004021,27.98041277,24.19776937,36.31051303,31.51785023,33.27987178,29.16965231,26.88213526,29.51497009,24.83280679,28.87229932,44.48993386,35.12971401,31.66209753,33.13636783,27.95333146,41.4367031,29.72384629,26.53752856,28.63512003,25.23811932,25.49181976,29.74002811,29.74041361,29.35099803,28.00625333,32.04354599,27.31249594,30.87773025,30.53861067,29.74028411,25.64650313,42.06353221,29.81601046,32.9512244,34.64380095,35.69715977,29.6332037,35.93999759,35.69715977,24.00081611,22.72335331,88.42141666,34.93836327,31.02050434,28.71618424,47.31205653,30.33360777,33.43784586,24.86202186
1484,476,104.0577632,30.67840135,512,104.0601849,30.68391526,653.6597625,,79.858885,99.92251146,99.92251146,133.4503863,133.4503863,133.4503863,153.5513961,83.24912069,54.61915231,122.1371182,67.81484568,67.81484568,67.81484568,67.81484568,67.81484568,162.287941,95.65752622,95.65752622,95.65752622,99.18546449,85.57000527,121.2976879,121.2976879,208.2455881,153.3013124,176.5985099,164.1272987,170.1346693,164.1272987,164.1272987,97.03815031,97.03815031,79.63367665,97.03815031,97.03815031,143.9879897,115.9403556,128.450929,115.9403556,117.8657239,34.81028321,109.4500067,119.8561195,126.6566573,134.2753292,140.0699491,124.9197157,116.7828856,94.1270058,94.1270058
1485,476,104.0577632,30.67840135,921,104.0552225,30.6801717,312.6233832,,29.89227568,34.09575904,42.16462739,40.30238781,48.34382214,53.19991395,41.07460509,34.85328259,43.16180938,43.16180938,43.16180938,32.10967702,33.39596972,33.39596972,33.39596972,33.39596972,33.39596972,33.39596972,33.39596972,36.45163334,38.19920847,37.30496555,37.74679147,37.30496555,37.30496555,33.36296975,33.36296975,28.45623716,30.71487413,30.71487413,30.71487413,30.94004617,30.40029298,26.17312045,30.09209036,49.47007383,49.68848475,54.36928403,49.90883279,49.90883279,34.38220508,31.00397189,44.00563752,44.00563752,46.91794391,50.24304373,50.58176088,38.11834647,50.925076,50.925076
1486,476,104.0577632,30.67840135,1407,104.0631321,30.67607279,575.4347967,,59.94608051,59.94608051,59.94608051,60.74971461,51.02377508,72.30594304,56.83306634,58.6608288,47.21516281,43.24770915,49.39648925,51.7891317,57.01555784,62.05775003,47.26903065,62.02291222,60.04537009,42.45010795,58.02703832,58.89311352,57.14662809,74.42749467,45.00956585,59.78543342,61.01812277,57.81112377,53.03207086,67.66135878,105.6921055,81.55768772,64.8039187,80.98378687,50.77365853,60.89853801,58.39507451,72.62279643,47.63587854,62.84612114,55.38944567,101.9220304,43.06788499,46.85474172,56.40749539,42.10498512,50.86091991,48.119983,74.11682534,47.00980184,75.26122682,57.62351233
1487,476,104.0577632,30.67840135,1514,104.055294,30.67517099,429.1016293,,94.86044524,122.6468173,107.3327432,84.82818334,105.1656035,97.15508588,105.3933826,100.3094718,217.3371889,91.11219584,202.7505198,144.3706416,124.4866265,88.05356854,93.00215927,94.91648943,82.8539499,105.0350758,55.86856656,134.4945405,58.07390472,77.20153064,140.0089909,80.5404518,78.04037492,69.70965097,62.5094938,50.23628831,58.96052922,58.67684978,64.12235668,66.88614256,69.89890794,95.9481904,101.5180196,74.76180837,79.21876233,108.5951399,63.12528347,85.86575748,104.0246374,57.18329487,79.69557347,41.7504288,71.62747443,70.51936488,74.74673541,62.332306,47.77626389,101.0017638
1488,476,104.0577632,30.67840135,1745,104.0579073,30.67652495,208.4203538,,31.13333086,28.28702257,25.91755695,27.05050108,26.47191263,26.75807952,26.75807952,26.75807952,26.75807952,26.75807952,19.8495575,23.93343776,23.93343776,25.6371278,24.75600573,25.6371278,32.36433963,47.94334017,43.87796922,43.87796922,43.87796922,38.77587978,38.77587978,38.77587978,30.06062795,30.06062795,21.9069569,25.3441403,39.8044177,20.25137041,31.06887262,31.06887262,31.06887262,31.06887262,31.06887262,31.06887262,31.06887262,31.06887262,41.33957431,35.22597529,40.66738611,25.43434826,21.42222052,23.25651371,22.3017135,22.76910835,22.3017135,21.62286091,21.95704139,21.95704139
1489,477,104.1023844,30.68413271,684,104.1017061,30.68526712,141.5225217,,13.9297629,16.27735074,12.17398036,16.27735074,16.27735074,20.2175031,16.27735074,16.27735074,16.27735074,25.86198366,19.82416646,19.82416646,19.82416646,15.39217759,13.84459451,14.57742713,14.20156315,14.20156315,14.20156315,13.28936624,13.28936624,13.28936624,13.71416092,13.49842234,13.71416092,15.19704931,17.03950094,19.74732861,18.29375505,18.29375505,18.29375505,12.78497059,15.05113968,13.82580945,13.8634307,13.8634307,13.8634307,13.8634307,13.8634307,13.8634307,13.8634307,15.5804611,14.6718813,15.11252735,14.88894475,14.88894475,10.87472952,14.88894475,14.88894475,17.62910305
1490,477,104.1023844,30.68413271,978,104.1032838,30.68263455,187.0601788,,27.19501842,30.89953054,30.89953054,29.64960456,25.43094206,26.93666575,31.10469486,36.27630199,30.40255728,59.114848,62.71633468,21.02784211,35.08596616,37.10284538,37.10284538,37.10284538,37.10284538,37.10284538,37.10284538,37.10284538,58.55796902,45.42439418,51.1617583,48.12267217,48.12267217,45.58775671,43.30653657,42.98404108,47.02630193,49.51592968,47.02630193,47.02630193,37.83239571,41.93129786,41.91389898,41.91389898,41.91389898,41.91389898,41.91389898,41.91389898,41.91389898,59.72653159,49.25937047,53.99031049,51.51645374,52.72437941,52.4171184,52.11341793,52.11341793,32.76966636
1491,477,104.1023844,30.68413271,1386,104.1037829,30.68476117,150.9818112,,51.76519241,51.76519241,51.76519241,48.31417958,45.29454336,40.18739522,42.58840512,42.58840512,45.29454336,41.89090715,46.45594191,47.67846669,48.10040003,33.59595269,37.85812579,30.19636224,38.06264148,57.82282131,57.21416003,45.86789201,50.6890557,55.46270616,52.09596043,45.5794147,44.14493566,38.3671426,42.79799373,29.06601713,41.02147323,48.52986789,39.38655944,39.38655944,39.38655944,36.07530001,39.38655944,48.2070528,45.43653252,45.94058281,45.43653252,46.45594191,46.45594191,67.94181504,44.20477293,42.16169517,39.5297833,48.10040003,42.63015846,39.94129973,37.57151061,37.57151061
1492,478,103.9889117,30.6511002,818,103.9898616,30.65121392,91.89183806,,8.500486946,8.500486946,8.500486946,10.86405967,10.11653263,9.259109372,9.298963233,9.010405912,6.463669735,9.735450766,10.84624974,10.17813577,6.719695653,7.848413215,9.478814241,8.575777499,7.63996806,7.501374536,8.2599405,8.940827487,11.11968461,11.33883863,9.080719655,11.32266801,12.22169085,10.5690293,11.04384517,10.99952176,10.4521522,9.874943792,6.813812915,10.05503395,10.44940091,10.48528105,10.23276323,9.305502588,12.27972285,8.384749506,9.904509491,8.21209641,11.23295813,9.672825059,8.523300922,10.37023878,11.85397655,8.946872671,12.75917527,8.598066719,10.88192819,9.940222867
1493,478,103.9889117,30.6511002,944,103.9841556,30.65006856,469.8656346,,43.37221242,43.37221242,43.37221242,43.37221242,63.67062551,40.70425711,28.30989598,38.34550943,41.57975196,41.57975196,41.57975196,39.78166238,40.66083826,34.1031509,36.95956922,29.59783525,40.66144915,33.83032569,43.20603537,43.20603537,42.82319708,44.10733467,42.44708368,44.01169865,44.01169865,44.01169865,43.05025538,42.12991991,39.06504121,32.28084513,37.44363663,48.15704725,35.95146195,48.15704725,50.19336156,48.15704725,44.97218437,42.18245099,41.71433501,35.8046991,41.76583419,41.76583419,42.16492608,42.57171857,50.83444882,30.83894776,42.50040916,41.0562205,45.91520859,36.61290659
1494,478,103.9889117,30.6511002,965,103.9914975,30.64819486,406.3058076,,63.15634315,63.15634315,63.15634315,62.83079499,62.99314847,62.91186698,62.95248149,62.93216768,62.9372449,62.93978382,62.93851434,62.93851434,56.23592901,50.82352006,45.70940336,45.70940336,45.70940336,45.70940336,45.70940336,54.25448469,49.61672006,51.83206617,50.70020476,51.25988811,51.25988811,54.36034219,57.86000425,85.37164831,68.97363599,76.30156011,72.45278169,74.32738042,73.37811036,73.84969503,73.61314741,73.7312315,73.67214214,73.67214214,73.67214214,44.25721354,61.2521318,61.2521318,61.2521318,57.29902683,40.33182649,53.82524038,72.41093601,46.73165838,56.80391873,56.14974692
1495,479,104.0634855,30.67324036,1777,104.0625021,30.67187144,178.5930974,,42.15968201,42.15968201,42.15968201,46.08854126,36.42692072,33.25526642,34.76891305,33.25526642,30.3629351,28.32313439,30.3629351,30.3629351,37.16388154,35.19316596,34.28416067,34.73271684,34.50698112,34.619481,34.56313953,34.5772077,34.58424608,34.58072653,34.58248621,34.58072653,34.58160635,29.05921585,39.74869556,40.08948718,58.44865006,40.436173,36.4613507,36.4613507,17.51866895,23.04427063,23.04427063,23.04427063,28.83117267,28.83117267,35.52127904,46.25432738,57.66234535,42.09068089,37.08349823,42.02190527,42.02190527,42.02190527,19.22078178,42.02190527,63.49976796,50.57503643
1496,480,104.1062302,30.62332025,253,104.1050091,30.62341935,117.555509,,19.25094007,26.17730922,15.22301555,30.89049872,18.0180876,24.11395056,14.11548326,13.08595647,20.92458998,15.31945095,31.58207704,17.45153948,15.64509547,12.33818753,16.09124838,19.02021719,17.92349403,32.30533072,14.16963724,17.59666663,18.09512912,20.58792607,15.38908481,17.54975609,16.21455297,17.83503207,20.78584639,29.69042058,17.54196196,24.01815167,16.69427347,20.2246037,18.68431931,15.46029588,15.77877269,24.35682489,16.46691955,15.87495464,21.56981817,18.52078041,12.55785853,14.24915261,17.34425543,17.59666663,28.40267332,17.52380258,17.63332635,19.86853673,44.70420765,15.65088138
1497,480,104.1062302,30.62332025,1046,104.1096745,30.62304108,331.5724099,,22.88898707,29.42466743,29.75164214,30.08596536,39.00851881,32.8832142,44.13535271,25.64648475,24.89386185,43.48490622,36.84137888,25.01122421,40.3458461,43.20385072,34.64309047,28.91386376,49.17242742,25.98680716,63.83212169,31.51163346,24.80763441,34.25138237,33.81475002,32.64712959,28.88471084,28.56786619,71.69133187,30.06701954,28.67653275,34.69943825,25.50556999,26.78084849,29.25638911,24.37285708,31.55050244,26.88316825,29.96995957,23.80180809,27.30794632,31.24766167,25.28942109,24.62848712,25.45118711,22.99924231,22.16640066,29.28031093,23.88515609,39.52518794,29.77638106,22.58887464
1498,480,104.1062302,30.62332025,1569,104.1069711,30.62829492,555.8898734,,46.32415612,46.32415612,46.32415612,46.32415612,46.32415612,56.49925308,72.40244371,115.8439099,91.24028319,102.3633526,102.3633526,102.3633526,61.81323689,84.08418253,105.6973703,71.34415487,85.18780606,85.18780606,85.35433636,98.82486638,91.58826289,86.30527415,71.1539038,81.59851353,81.59851353,81.59851353,96.02704147,69.12620187,69.24579738,80.62144986,68.51090531,74.41877489,84.97679593,69.10233233,86.38288679,88.54882939,87.45244914,88.54882939,90.9896468,93.56883901,94.99383911,63.37936799,76.38181467,75.37489809,75.8750159,75.37489809,72.15878165,80.08818586,85.33917033,75.44593946
1499,481,104.1443436,30.65238121,241,104.1407013,30.65199095,351.6685067,,50.74174846,46.03660451,96.64172703,52.53139519,35.11807557,76.960889,45.98026797,56.39227724,49.03201488,47.82641617,92.74773803,52.51777544,51.30206156,55.44554559,64.48251058,43.73792608,42.72238327,53.75824306,108.6700965,46.50162072,59.92930765,34.54315482,50.43851092,46.72135668,53.15633131,47.31097419,54.78769335,44.4993541,48.04579219,49.64731859,44.45067889,52.53139519,49.82316506,60.5409043,38.89421272,45.79928097,55.52660632,55.52660632,56.10073666,44.06055537,51.07439734,51.30725934,50.2508211,68.34043855,61.75642069,83.84149829,75.35753715,43.58026245,47.11598899,47.93210124
1500,481,104.1443436,30.65238121,404,104.145429,30.65737253,562.8715458,,53.55368523,65.3657279,45.35730419,65.23945798,60.21805542,55.6743501,65.40088968,87.2168249,58.0862137,52.32634125,61.42976437,61.57910928,51.10561324,78.43887349,51.62643477,55.19207376,61.21865755,76.57794703,61.81627715,102.1914008,44.8304771,110.4271153,94.68867126,70.19645143,49.90979224,52.46860603,75.98504129,80.59297134,83.53878134,79.39124833,97.77262074,50.53210885,83.23717792,72.23642603,103.5606932,53.66766157,76.46556849,75.13650299,73.92875428,83.216992,79.26996466,55.74518748,82.49719886,77.22905751,92.52682945,59.32397722,63.34104352,66.48089124,119.724525,99.08741149
1501,481,104.1443436,30.65238121,652,104.1531756,30.65116278,856.9806966,,100.4928504,92.59095161,96.38020955,94.4475894,96.38020955,96.38020955,115.4614711,105.061485,115.4614711,192.2199693,134.5896175,161.3140135,59.38653528,105.2945566,105.2945566,105.2945566,81.68924556,92.00190382,92.00190382,179.3680528,169.3963216,242.4464053,160.4749289,134.136109,108.2501933,119.8108935,113.7375302,116.6952438,115.1974052,116.6952438,116.6952438,124.2334433,126.6127431,129.0849585,371.7024708,129.0849585,129.0849585,99.36008077,112.2886445,112.2886445,112.2886445,112.2886445,89.51055631,99.89629276,99.89629276,99.89629276,78.60205115,112.8018467,132.9797633,198.4006757
1502,482,104.0551712,30.61414035,308,104.0579254,30.61419904,264.08751,,44.37808068,50.26439013,27.97866498,45.43441032,51.20219468,40.34151496,40.67851621,69.02401867,42.80357841,50.09036017,80.22911696,45.70745365,38.2222609,35.68367428,51.95164131,38.84433242,54.23802161,56.59018071,41.24577163,40.38231343,34.69762905,39.05264868,39.71240752,44.25360913,49.25984642,48.86011815,36.42586345,61.56341585,43.32920786,48.01591091,61.15435658,51.52927024,68.31485287,41.13227343,77.08500294,52.33593868,51.53519341,37.31220706,34.35284683,45.17355151,44.35657514,47.5357518,53.44431807,40.65557721,51.15955352,48.73596618,74.35760056,45.27214457,48.2596465,43.14894264
1503,482,104.0551712,30.61414035,968,104.0550112,30.61128466,316.8667279,,22.6783344,25.67262312,24.42655718,24.21911296,24.21911296,23.0215988,23.60517787,20.92104943,45.62880882,28.56859573,24.35354869,26.60054925,29.94016327,27.03128484,22.84486423,27.03128484,37.01233681,29.39790102,28.98498584,29.82275086,61.77185308,61.77185308,61.77185308,79.03373354,61.77185308,20.9819783,23.76500459,23.76500459,23.76500459,34.85776075,31.42479946,34.10224874,29.13717038,29.13717038,28.50019289,27.89046994,24.65089617,29.36216784,32.07273347,22.00038998,23.7155971,23.7155971,22.29420626,32.11487107,26.90377878,28.30571267,25.51946802,26.20337413,26.20337413,40.95943341
1504,482,104.0551712,30.61414035,1185,104.0551395,30.61637622,247.8196271,,45.36908539,34.95733813,30.7691208,39.29025209,39.74313834,52.55673977,37.66421646,30.69325656,42.80652659,48.95202511,29.66255095,33.39303771,39.00336515,43.77886157,37.22464496,42.75970287,61.19733112,91.97429459,70.67022418,46.30940345,69.47312062,64.41520993,64.46507979,53.90638414,75.60598793,59.67562927,62.15937841,43.65263156,53.19920439,44.28391961,44.94461751,47.64661423,37.85646354,31.69274094,38.11833939,94.40747699,76.81493979,110.3691535,68.02891727,56.27865368,40.95565376,62.56315972,51.90946416,40.26333133,41.45681494,59.71087078,38.14832743,39.80840812,33.46401566,42.55090576
1505,483,104.0720858,30.59244763,30,104.0705271,30.5936291,198.6988912,,33.74132115,40.64295502,40.64295502,40.64295502,40.64295502,40.64295502,40.64295502,40.64295502,40.64295502,40.64295502,42.83329391,41.70938824,42.83329391,63.30230162,42.83329391,42.83329391,26.84112602,25.45608571,42.83329391,42.83329391,39.08830647,40.87520048,39.96178817,40.4133338,28.75642245,40.29949343,40.24281341,40.27113347,40.25696846,40.26404972,40.26050878,40.26404972,40.26404972,53.18334634,45.83063823,49.23398885,47.47139289,48.33662795,36.09653847,48.1173757,48.00849377,48.06287307,48.06287307,53.64870064,50.70240474,52.55670899,50.70240474,28.10671938,48.82703128,30.11856877
1506,483,104.0720858,30.59244763,927,104.0717634,30.59121614,139.940451,,10.39805209,12.57106983,20.93292065,13.03455688,11.79825816,14.10176693,23.43188947,15.23065436,15.23065436,16.72346336,11.24521481,28.91165702,13.59378369,27.01263397,27.01263397,27.01263397,27.01263397,27.01263397,27.01263397,25.41163297,24.680251,25.41163297,25.41163297,40.30284989,31.17003085,35.15294364,33.04189374,34.0647437,33.5455235,33.80313988,33.67383898,33.73836555,33.70607139,33.72221074,33.71413913,33.71817445,33.71615668,33.71716553,33.7166611,33.71691331,33.7167872,33.71681874,33.71683449,33.71682662,33.71683057,33.71682858,33.71682908,33.71682933,33.71682921,33.71682924
1507,483,104.0720858,30.59244763,962,104.072884,30.59762255,578.6141626,,110.7984567,63.98190779,65.95981588,64.68978215,73.34545723,58.30681555,64.68978215,64.68978215,64.68978215,65.6023406,71.8899391,69.33739756,56.20644861,71.83312543,61.3552573,63.73312551,61.1975317,61.04061496,75.30372985,68.85986728,66.23246376,66.76317261,64.85342628,69.43369951,103.8390322,103.8390322,103.8390322,103.8390322,103.8390322,103.8390322,103.8390322,103.8390322,103.8390322,103.8390322,103.8390322,71.58113352,84.74414098,77.60845698,81.01948601,79.27729725,80.13892413,80.13892413,82.33245001,81.22087967,81.77288752,81.49594886,81.5650075,81.59958076,81.58229047,81.58661236
1508,484,103.9889788,30.6857075,221,103.9875546,30.68324826,304.8027503,,55.11711517,49.72612844,61.81914936,47.29697849,32.30807443,38.0692646,37.36514986,38.71421503,51.63717182,61.38684761,59.47370738,30.38590522,45.68234393,38.9570379,29.33930217,29.19416074,28.47445715,30.42393441,38.26643073,45.97583384,74.6455715,46.20168005,70.33909622,41.82807756,46.49533479,41.25150004,58.78338755,36.95875044,66.50241825,40.34154048,50.17197789,50.80321462,63.06263799,59.96119678,51.89098294,46.63588725,42.18317736,44.29791986,38.22219448,56.41593322,45.43643483,95.08577999,33.91931688,39.85615986,66.70455326,34.50597173,34.54671078,30.68177638,31.93476414,33.50563944
1509,484,103.9889788,30.6857075,338,103.9906099,30.68806191,304.1389632,,40.71774889,38.55282632,36.95164268,36.01645617,30.49861469,34.85555965,32.1497601,36.56269156,32.17140845,33.49479207,21.76740094,24.7887916,30.54697587,34.68189714,30.35560988,32.71254,27.5595177,34.62091102,38.63061936,48.92497936,36.43796747,33.4576094,23.01419375,41.19715674,35.85202463,35.54655315,41.71048638,27.51005697,30.5572974,46.59150075,33.81931328,34.27684201,32.02389388,32.01286071,47.37264543,28.29199658,32.58190976,35.7226841,31.13829413,37.99950315,35.38634236,36.49921025,44.98627249,29.88675952,32.08890759,29.90050855,29.90394778,31.80222421,57.12523134,30.92938609
1510,484,103.9889788,30.6857075,708,103.9929798,30.68390412,432.2380955,,51.26449375,48.22242066,50.88479869,41.08672899,45.81579578,54.40230861,51.23362483,68.24812034,68.24812034,68.24812034,68.24812034,68.24812034,68.24812034,68.24812034,45.90139067,54.88737721,49.99380382,52.3264277,51.13352701,51.13352701,47.73181423,49.37414834,48.53909305,48.9530598,48.74519753,48.84890754,48.79699743,48.82293869,48.80996461,48.81645079,48.81320749,48.81482908,48.81401827,48.81442367,48.81422097,48.81432233,48.81427166,48.81429699,48.81428432,48.81429066,48.81428432,41.77334614,45.0201862,43.33603602,44.16206039,43.74514917,43.84863726,43.90056514,43.87458583,43.88107778
1511,485,104.0006211,30.7042268,592,103.9957364,30.70717338,570.5216524,,97.4216661,77.54663235,66.36116151,66.36116151,66.36116151,78.09421858,86.05633862,81.88217737,83.91738299,83.91738299,172.1126773,73.61569708,273.8503932,148.1607177,148.1607177,148.1607177,148.1607177,250.4729206,83.83175301,84.56522691,84.93679808,84.75060523,84.93679808,93.04529428,225.7008735,102.8653396,153.2744738,129.1747138,140.196447,134.4600948,140.196447,190.3942478,296.5888734,355.8699416,110.4235456,285.2608262,168.1537502,122.2546398,91.28346438,104.5230508,91.28346438,89.04095152,51.99691009,76.54203536,61.92596829,76.54203536,87.02872664,87.02872664,210.6541486,111.988983
1512,485,104.0006211,30.7042268,1273,104.0022233,30.70589064,239.8968548,,27.94914813,41.12517511,41.12517511,41.12517511,41.12517511,41.12517511,41.12517511,40.07557667,44.98066028,42.96660086,43.95056882,43.95056882,44.57438334,45.21616111,39.37516766,28.36218973,34.87060608,55.89829626,42.94879457,42.94879457,37.65822721,37.65822721,37.65822721,33.60422869,35.51591544,34.53363588,35.01788859,34.77407642,34.89555664,34.83471062,34.86510708,34.84990222,34.857503,34.85370219,34.8556025,34.85465232,34.8551274,34.85488985,34.85500863,34.85494924,34.85497894,34.85497894,34.85497894,45.81584495,35.46729681,35.46729681,35.46729681,35.46729681,35.46729681,35.46729681
1513,486,104.1187875,30.6815065,915,104.1241629,30.68298904,540.4840577,,93.02355095,91.69380809,92.35389327,79.37756686,141.680287,140.3179765,138.0849593,154.3219517,108.5490995,67.88460908,61.11000652,64.61577776,67.63389469,70.94777056,58.547922,49.8908361,107.4995916,162.1452173,63.96261038,91.13548514,78.1226643,47.92469477,82.05556596,82.73887771,82.39580519,117.2134101,59.7586796,76.00557061,74.87225042,57.88029571,53.48385398,55.99930758,86.28570322,54.23672774,67.83530301,98.02229762,59.12613648,83.62790576,69.09597329,141.1663319,70.42501682,58.12524594,98.17066638,44.83277898,68.67326852,64.00469104,64.00469104,58.43070894,65.99466166,87.64606341
1514,486,104.1187875,30.6815065,1158,104.1164574,30.68081382,236.0345599,,24.55850912,26.97537827,25.71026976,21.24311039,38.18986138,26.45056547,24.07151319,29.35144786,39.1127464,46.91370135,42.6595251,44.68558965,43.64905899,43.64905899,43.64905899,21.95670325,29.21662374,29.21662374,31.61749949,34.44828712,31.73573915,34.44828712,37.26861472,35.80299505,36.52110668,36.15848577,36.33889162,36.24846422,36.24846422,34.62668474,33.14380948,30.56562646,21.92837202,50.57883426,28.64239603,36.57350427,32.12568679,34.96808295,34.96808295,34.96808295,34.96808295,37.46029754,38.84454471,37.46029754,37.46029754,37.14642254,37.46029754,45.80724613,37.46029754,33.64134935
1515,486,104.1187875,30.6815065,1242,104.1188763,30.68269678,132.1916283,,20.03999202,28.97350757,21.56600582,19.81240589,20.13815866,37.84153001,22.95577054,23.60851457,25.44865572,24.2931418,23.98071049,28.74226948,24.40659451,15.84978724,24.52171136,24.81824573,25.51688267,18.51711525,13.10991355,24.28009499,17.7570844,19.48311574,20.7585545,20.83124806,18.77972078,14.00853252,25.27552605,19.22140136,23.02669236,18.352339,24.3733604,24.0170283,16.93558227,19.14608714,15.75794245,24.60287322,23.01738636,19.9886275,25.43732002,19.32827986,18.36445705,23.47175644,19.76355197,20.31546902,20.53462187,23.65649686,18.58218906,23.31840892,19.6209529,17.08705151
1516,486,104.1187875,30.6815065,1590,104.1219214,30.67305942,983.1410724,,146.6766623,118.3275288,139.9965394,138.8604515,129.9745825,161.911957,236.8380528,176.7574431,220.8124334,225.3580742,264.5222616,166.2665049,271.0959211,94.66553957,153.3955732,227.5128027,181.8760463,169.5883019,163.3706233,263.6355948,105.3888197,179.4946356,156.2177263,159.6200178,130.7626057,126.6752992,144.7918027,147.9849976,147.3018484,193.9896578,123.1777678,139.170627,200.2437262,142.3148265,121.7061293,195.5987474,154.0839295,114.6025211,153.438202,114.7829678,148.6965304,132.2693688,159.6680238,119.7016623,140.0684219,155.6801577,163.4188319,164.9642443,139.4114371,115.7218365
1517,487,103.9776502,30.66449919,8,103.9777074,30.66252283,219.1141492,,44.59708478,33.00464172,68.74169387,36.05992855,31.50517972,33.37999205,37.46764137,50.24273485,36.05992855,35.62181207,36.69954927,38.82070455,57.36806815,25.87590978,31.30881576,41.84673406,28.22582267,28.64930765,75.12485115,29.6162736,29.8579962,28.78872033,47.35571663,28.78872033,43.82282984,36.01876425,59.75840433,59.84908476,33.37999205,41.03047787,34.02797248,29.10741465,28.17417751,31.83497287,30.56423373,50.8910282,33.39986767,33.38904701,68.39401191,46.33250732,34.464859,40.45184293,28.17181804,34.81538714,59.48800431,48.79242909,41.28806013,37.69705793,34.90313881,59.98562259
1518,487,103.9776502,30.66449919,379,103.977821,30.66658483,231.735123,,32.71554678,37.13263098,32.71554678,40.10800206,29.58320719,49.07332016,29.18986854,39.72602109,37.08985417,33.98152516,30.52121133,33.98152516,37.41015439,32.9369718,48.64410745,48.31543104,50.95746161,49.85536512,43.45033556,41.29932885,38.80216013,45.09440231,33.63896947,36.11456462,45.36002407,119.1780633,29.42668229,48.24557741,45.25749238,46.96672444,39.85253708,50.8299432,30.69904113,125.4505929,63.32041312,61.94899326,54.09135384,59.74907379,57.10175493,73.82711883,41.60830139,44.21800933,29.45265464,45.04029986,43.00239396,31.84146728,52.60065844,32.09874732,48.22233773,45.50435143
1519,487,103.9776502,30.66449919,595,103.9830108,30.66415007,515.0530804,,55.12956659,56.68142421,47.88098359,47.88098359,47.88098359,47.88098359,47.88098359,47.88098359,47.88098359,47.88098359,47.88098359,47.88098359,63.12139879,58.46877696,56.39052924,57.41085134,56.89611628,57.15232486,57.02393278,57.08805663,57.08805663,69.01455667,57.08805663,52.03529718,54.44469746,54.44469746,54.44469746,57.52402553,48.79450235,49.75468039,49.26991381,34.72267958,58.0341499,43.4491175,49.69356354,46.3620213,47.97001767,47.15231443,47.97001767,47.55765143,59.62029226,51.72081142,48.50728815,51.72081142,51.72081142,69.83770582,47.18043485,49.34640291,44.86850791,48.16602029
1520,487,103.9776502,30.66449919,1021,103.9748388,30.66471229,270.3876214,,32.25166078,30.01990554,34.70952019,27.73206373,27.73206373,27.73206373,27.73206373,48.42763368,34.21425086,29.83587546,31.87541341,30.82194141,31.33982693,31.20873079,31.14359315,31.20873079,31.17612795,42.50635096,27.85108547,38.97479227,38.97479227,38.97479227,38.97479227,38.97479227,22.24903856,28.32725899,24.92291085,26.51626286,25.69490945,26.09912565,25.89544024,25.99688398,25.94606296,25.97144861,25.95874958,25.96509754,25.96192317,25.96351026,25.96271668,25.96351026,25.96351026,30.99985468,30.99985468,30.99985468,27.26597863,29.01327681,28.5557884,28.33241221,28.44366175,28.41576754
1521,488,104.0303879,30.65018741,1008,104.0349293,30.64918505,449.1287667,,84.29945569,84.29945569,84.29945569,96.81817725,105.6773569,105.6773569,129.3490848,105.6773569,89.45303237,106.02384,106.3726026,134.73863,96.05130062,67.20131173,111.0610345,107.3139531,115.0792569,111.0610345,114.5087507,114.5087507,73.49379819,101.9031655,129.3490848,113.9974308,62.34692392,199.6127852,85.8511625,131.0970455,131.0970455,134.1053547,145.6633838,137.2549711,88.19255784,72.07415574,84.88401058,114.8748533,81.8147279,103.8114645,78.4123938,73.94193109,133.6250876,91.86724773,73.49379819,106.7236673,66.06184107,62.42716448,101.6895321,67.65119498,111.5078317,95.95629437
1522,488,104.0303879,30.65018741,1015,104.0300293,30.65164912,165.6061356,,21.06650488,21.06650488,21.06650488,37.85283099,16.69977838,27.05307263,21.62038398,36.13224777,31.79637804,31.79637804,30.57344042,31.17291964,30.57344042,16.91296704,21.29221743,19.97259927,21.29221743,18.80700594,21.25426339,21.25426339,21.25426339,34.8644496,19.85618945,18.63069026,16.36065006,16.36065006,15.66838602,16.36065006,31.05115043,18.70375179,18.70375179,18.70375179,26.61527179,19.27053214,17.15631908,19.87273627,21.6400032,19.87273627,15.94069754,17.5347673,17.5347673,22.32891716,19.64356139,20.90033613,20.90033613,20.90033613,21.40689724,21.40689724,21.51311098,39.74547254
1523,488,104.0303879,30.65018741,1601,104.0276298,30.65025967,264.4056949,,30.12216777,28.97596656,58.57603087,44.89908027,35.98716452,39.11755487,39.49628638,39.30600832,52.70545413,42.53174717,42.53174717,40.09521911,36.56314347,38.69351633,40.12526705,39.39638775,38.58893925,47.90625831,42.87659917,37.88499509,34.55029044,32.37620754,41.62655254,38.22732938,42.76102882,45.76252412,39.66085424,42.39913148,38.15072151,45.54356467,41.52063257,43.43915581,42.45823258,42.94309326,42.94309326,47.69362883,62.82907602,53.62594375,82.7704784,53.62594375,42.73223352,35.5171829,40.53344933,36.03257419,36.56314347,34.80294339,34.51896651,41.50554514,37.69122593,26.00711753
1524,488,104.0303879,30.65018741,1705,104.0308997,30.64806517,240.2681057,,42.67920298,35.59527492,35.59527492,35.1611862,40.52413652,40.65641272,56.16657016,30.9136948,43.54764911,35.59527492,37.75766522,40.19977601,32.47679026,26.45153457,32.47679026,38.5571403,36.67696879,46.82719462,34.97163803,49.85390089,43.57507207,63.30943682,44.85910885,40.41893367,28.45280199,30.8695639,44.63184626,49.90183735,42.63012225,38.19597344,40.80024436,37.73844592,29.87052917,33.03194906,29.0256772,36.94177099,38.51136155,41.988601,40.17488066,41.988601,41.3858938,40.80024436,35.11360679,48.16511447,43.66673188,39.9368302,34.14336239,43.83269497,47.92050862,51.56275294
1525,489,104.0683242,30.66585244,981,104.0684967,30.66259625,361.2623371,,39.1141177,33.43301834,47.1211744,32.00683545,30.69735044,28.52071082,29.56902797,29.03541016,31.1197068,32.84203065,33.93905046,40.6843925,37.30050899,59.52148346,31.30070791,31.24431024,29.19291613,32.31500769,33.4616916,34.33931738,34.33931738,33.51630651,32.73182249,32.67699532,28.11987921,34.55831037,31.00841041,32.68726142,31.9387135,31.9387135,31.9387135,31.58577811,31.76126537,31.67327866,31.67327866,31.67327866,30.28042872,31.01657592,30.38655172,109.7505834,36.38904347,57.41917941,136.0402106,151.2260946,41.02663765,36.49797232,38.51562922,42.78106624,25.5509708,37.4796661
1526,489,104.0683242,30.66585244,1256,104.0683074,30.66609783,27.24439479,,3.235588757,3.261716702,3.403190602,3.197851585,3.054517238,3.005592588,4.373682107,2.653623533,4.352896259,3.737296932,3.697288521,2.831267392,3.438732722,3.485733318,3.759047764,2.842365889,3.61965862,2.554679453,3.353859268,4.061649984,3.929742421,2.817627907,2.931530891,2.908069037,3.509973269,2.634362405,3.146529575,3.090229437,3.376477278,3.671559871,3.293479558,3.083277234,3.708998204,3.189239972,3.211208868,3.622709244,3.082480346,3.191131978,3.448960747,3.542310166,3.391357362,3.856694093,3.207198467,3.662179341,4.358090147,4.403134512,3.89721144,4.078728357,7.941685931,7.941685931
1527,489,104.0683242,30.66585244,1715,104.0663676,30.66577495,187.6538421,,30.48921225,19.1646477,24.70032291,21.63503063,20.65913858,21.37828581,23.30500497,35.0027892,25.79680502,38.67674607,32.16923007,35.36931055,29.50016732,63.73149354,34.50979216,39.32210894,30.74692342,29.4358968,22.55605448,52.16631904,37.63531095,75.90492489,26.54435487,49.13118775,34.46703222,35.46214339,35.46214339,35.46214339,35.46214339,30.91779549,21.10006762,27.40583495,23.84307641,24.7455616,24.7455616,24.7455616,24.7455616,24.7455616,32.47854959,28.08955641,28.08955641,23.62076334,27.97324354,36.12587335,31.53110066,33.67246512,32.56662038,32.56662038,18.61029839,24.12692256
1528,490,104.1515982,30.64137098,187,104.1550545,30.65083151,1099.55667,,91.31266464,84.56170784,142.7309139,124.0879001,89.04252529,83.66507819,87.12821035,73.55919186,86.4988585,82.803138,146.8795552,88.35371067,151.0721099,145.3291973,148.8121809,84.03362726,88.59123455,74.18530087,82.83346088,89.13651369,82.1671824,106.9718458,91.0937734,82.94193844,110.5699445,91.87251832,184.2367813,89.22776745,77.61893564,79.1944784,121.6255234,155.5365034,71.29315694,95.29233793,102.020722,110.9638454,82.14586795,78.34545298,109.1973521,171.7311936,140.8684702,116.9395572,113.0972575,121.423436,113.0972575,140.8684702,140.8684702,140.8684702,49.82258039,140.8684702
1529,490,104.1515982,30.64137098,580,104.1496059,30.64216205,210.0897338,,52.34069493,52.34069493,52.34069493,52.34069493,52.34069493,32.83602207,40.35516451,36.20936166,37.1638491,37.66021526,37.1638491,37.1638491,26.26121673,28.33969692,29.50739879,28.91176224,29.20654399,29.05840553,29.20654399,51.10290822,22.91888005,31.64531555,26.58428969,28.8948631,28.8948631,28.8948631,42.60974883,34.43701954,38.08992341,36.1714801,37.10592155,36.63274278,36.86781397,36.74990247,36.8087638,36.77930958,36.7940308,36.78666872,36.79034938,36.78850896,36.78942915,36.7891991,36.78908407,36.78914159,36.78911283,36.7891272,36.78912362,36.78912181,36.78912271,36.78912249
1530,490,104.1515982,30.64137098,670,104.1496203,30.63655116,566.8046306,,60.36972397,55.35614419,62.06972804,57.62236714,55.70117959,64.91936115,51.33863098,70.60542111,60.70561502,52.81557344,70.73928113,65.61459289,73.61518416,68.18702323,64.73031233,48.32641722,29.78827256,75.25169234,75.4369284,57.42295057,78.05886662,60.268902,66.01768683,72.75694794,63.33645887,69.6543974,56.51634097,50.68533793,67.28757556,57.85635106,65.37500666,67.6906417,69.54827153,61.00881419,72.43448322,59.37635222,62.33696549,73.272865,73.97012263,70.19056828,63.24552201,79.24258464,45.02916628,50.68126078,49.25761425,53.45377625,42.17410344,49.25761425,49.99685562,35.97490603
1531,491,104.0602366,30.6141953,572,104.064828,30.61435293,440.469208,,49.08304581,66.34682631,59.68065852,71.39820154,71.51692478,55.07394932,63.78476061,58.48979581,43.11867162,50.63403348,67.42831248,55.34691619,64.13735266,61.15268603,71.63623579,62.18388819,54.49103604,54.84704973,64.00359834,57.76645351,51.27531605,54.98228671,50.33933806,66.73073746,74.91444796,61.75336364,52.1894399,57.76645351,59.35734783,99.72887728,72.57158576,63.0910802,71.37385515,166.0407486,80.35586904,91.92400863,69.0932091,41.83876382,63.72494906,81.69826996,61.00759789,58.51251472,57.78750542,33.738067,67.90959952,76.65624337,50.87772669,60.06398291,55.98196465,52.50626321
1532,491,104.0602366,30.6141953,770,104.0602206,30.61638355,242.5286421,,25.01728113,28.28191477,31.44428973,42.65976114,29.52998122,54.74000699,27.93929957,28.05601258,33.52562689,27.63567562,26.74128979,33.24629478,51.66290601,34.55268312,31.00608306,31.09341565,32.40775742,31.73698446,23.1081547,37.60428436,32.36842613,35.68541327,34.79564823,32.0993791,24.42246466,30.74306731,32.65157485,29.49672674,30.68903731,53.15344511,50.21441332,39.19654822,39.1526059,49.07371118,69.18408174,121.4517466,83.87157652,64.7702605,106.4759892,51.14663299,56.08799431,31.46317519,58.36250746,34.76766995,38.00231171,32.04048116,54.44520536,30.2635394,28.22151472,25.38090441
1533,492,104.0854722,30.60092942,501,104.0847688,30.59869091,257.092466,,30.64678403,30.64678403,27.22155522,27.22155522,27.22155522,27.22155522,32.76222576,41.13479456,42.3584841,42.99804309,42.67586756,42.83634956,42.67586756,23.61053259,30.40140842,26.57906496,28.36203216,28.36203216,28.36203216,35.71223837,41.02866138,38.18629544,41.02866138,41.02866138,43.24919989,40.05924555,30.69760788,39.13458256,30.79976298,30.79976298,21.49902155,30.79976298,33.77857218,32.22046571,35.19136417,29.5697405,40.59354726,30.35956018,30.35956018,30.35956018,30.35956018,30.35956018,60.89032089,30.35956018,30.15466672,29.95252031,28.58788811,27.95116278,28.58788811,32.97623079
1534,492,104.0854722,30.60092942,747,104.0862848,30.60562673,526.3930735,,48.38336335,48.38336335,48.38336335,48.38336335,48.38336335,48.38336335,48.38336335,48.38336335,207.1054715,78.44146526,113.7862435,92.86444421,102.2662579,99.7417362,98.5256453,99.12996127,98.82687944,98.97818831,98.90247603,98.92139322,98.94031771,98.94031771,144.6576385,117.508972,129.677615,123.293771,126.4051435,123.4537501,123.4537501,123.4537501,123.4537501,157.1694958,123.4537501,123.4537501,108.9089118,115.7261108,112.2140675,112.2140675,112.2140675,82.39195933,82.39195933,82.32037639,94.27935645,87.89494734,78.63133048,183.3885547,137.5691517,122.2919106,129.4814563,127.6059666
1535,492,104.0854722,30.60092942,1088,104.0803366,30.60209585,509.0410597,,66.75948324,66.12115515,65.49491833,66.12115515,90.05148968,69.35745506,72.92686017,64.8689492,70.79378975,70.79378975,70.79378975,70.79378975,75.35811253,80.5515523,121.3607824,63.04636977,63.04636977,61.80599713,63.04636977,77.32269261,81.0861865,140.2460062,102.7596906,118.6115091,102.7596906,110.1180459,76.54219901,123.4038933,109.9528689,47.47533199,75.45230324,92.90483219,63.51985494,75.45230324,68.97380625,72.06775234,70.48684425,71.26853229,70.87553301,71.07148938,70.97337595,71.02239877,71.02239877,84.76169357,78.65012081,78.65012081,84.3520283,84.3520283,84.3520283,84.3520283
1536,493,103.9810702,30.71328192,82,103.979059,30.71243403,214.3025008,,18.1847732,18.1847732,41.47790338,27.34806816,44.59474005,17.4742696,49.21779923,22.62431093,35.89103452,28.67961093,43.34207881,29.73452643,29.74908263,17.65421059,41.69286471,46.75690927,33.61007186,35.77228761,17.45450233,33.23298132,33.19573714,55.02158551,25.21205892,25.50376869,65.65863854,20.06473349,28.75114297,32.34032946,20.89340563,32.37630396,25.93240346,35.22780835,37.63245989,36.23023913,25.83423319,36.57090569,37.20190495,32.38149015,21.37088651,47.03052373,23.90978314,28.25967044,17.98342664,23.78202845,42.48659831,42.86050016,42.51620446,32.82931927,23.92213962,71.88142722
1537,493,103.9810702,30.71328192,529,103.9863879,30.71780493,714.5698479,,145.8857157,173.6187707,102.6926728,99.04625914,102.7336842,93.85354057,107.2173871,106.6591983,71.7309572,83.4280394,76.90437825,89.61781773,89.61781773,63.6745409,74.45085263,93.9340645,126.583177,96.58766406,132.4299332,78.59102167,88.57365421,87.33259994,83.419585,82.78202582,91.5172361,66.16387481,81.1133341,84.65492233,98.50107937,127.475295,191.973989,138.1976989,119.0949747,119.0949747,101.8389332,113.1576885,98.94044048,111.6030999,94.41921279,77.83514228,162.2997762,162.2997762,162.2997762,162.2997762,162.2997762,162.2997762,162.2997762,162.2997762,162.2997762,162.2997762
1538,493,103.9810702,30.71328192,664,103.9780511,30.71972036,769.9336156,,79.52791951,82.30916158,105.2567475,174.3245922,174.3245922,174.3245922,174.3245922,174.3245922,174.3245922,174.3245922,174.3245922,174.3245922,174.3245922,113.4417879,113.4417879,78.33521478,92.67520813,84.90397498,84.90397498,75.86937089,80.13282466,77.94283886,79.02266169,77.94283886,78.47903603,68.01867524,145.7287601,92.74756621,113.3528685,108.6965104,110.9758677,108.6965104,259.8525952,193.3786756,80.34089902,74.64347441,187.9160011,204.3067088,187.9160011,173.2350635,180.2771393,176.6859612,122.6442928,326.0895313,178.2482969,230.4998766,214.7611441,207.6711602,211.156654,209.3994039
1539,494,104.0047257,30.70354332,1273,104.0022233,30.70589064,353.7171055,,37.74846581,37.2560745,39.94922603,54.52724549,40.00203918,41.10030315,41.89920157,41.01801797,44.44612844,29.89860483,33.71572362,44.55628796,54.40744758,94.32456147,94.32456147,94.32456147,94.32456147,94.32456147,94.32456147,94.32456147,94.32456147,94.32456147,94.32456147,94.32456147,94.32456147,94.32456147,94.32456147,94.32456147,94.32456147,94.32456147,94.32456147,101.8705264,47.38164018,77.26829975,71.73980731,62.01533669,48.97621461,44.62785911,48.8420332,44.62785911,44.62785911,40.98867746,37.8982613,37.8982613,30.68389349,33.91162663,33.04266182,32.62466818,32.83233467,32.78017059
1540,494,104.0047257,30.70354332,1278,104.0070896,30.69981339,471.329341,,48.19272789,40.43977663,49.15132412,43.35908759,58.71230545,47.32354281,67.0924077,51.91923894,59.38479766,60.92587532,58.35892098,40.20819023,40.20819023,40.20819023,40.20819023,40.20819023,40.20819023,40.20819023,40.20819023,40.20819023,40.20819023,40.20819023,40.20819023,40.20819023,40.20819023,40.20819023,40.20819023,129.5256204,61.36656881,83.27782221,70.66259771,76.45330904,73.44398767,74.91844096,74.17388762,74.54430516,74.3586351,74.45135438,74.40496584,74.42815287,74.41655756,74.41655756,43.56317401,54.95556572,48.60068001,51.58313428,50.80372245,50.42278288,50.61253589,50.56496387
1541,494,104.0047257,30.70354332,1298,103.9988879,30.69473327,1125.188288,,90.28735826,91.99116965,103.446716,96.25373078,157.3486147,108.6069667,163.6270221,100.1403668,141.3849158,92.09075952,114.6098803,109.4284873,155.5958196,115.1360416,155.9184513,89.40483953,109.4408061,126.0039766,153.9148932,126.8512593,110.6742578,114.103601,104.7363371,117.8807664,87.72447941,108.066105,133.6857372,119.093799,133.0271868,125.1657887,131.5841748,150.4512196,86.00165259,114.5299197,107.2317098,89.1042199,107.241388,136.1572382,130.1318075,138.2647755,128.5249446,148.7002652,156.3968277,204.5796887,204.5796887,204.5796887,204.5796887,204.5796887,204.5796887,289.3341312
1542,494,104.0047257,30.70354332,1365,104.0101791,30.70649574,616.3124407,,55.92248989,70.19429855,81.42109308,69.45918384,55.80694755,63.8481953,63.8481953,63.8481953,54.26413419,59.22917209,56.74487945,73.02440329,60.43924779,92.44686611,61.4295813,82.02309747,60.23687204,65.30462948,34.93137948,59.06576151,67.15268724,64.96997911,70.96134711,68.93304017,73.65061532,95.3997144,140.871415,114.6627797,70.06499325,79.5241859,95.15617382,62.06223179,78.67818392,76.39485247,63.53736502,76.7345529,79.5241859,79.75808056,61.15558949,52.63878497,71.75694652,70.92697661,54.04932488,76.11405786,74.79611601,71.97384996,68.3104922,62.53452048,71.62953306,72.01054122
1543,495,104.0707783,30.68827718,621,104.073194,30.68752145,246.0758193,,44.41543172,19.78656875,30.45732144,39.37213109,24.83424368,28.36856607,21.39789733,33.62858268,60.67622942,31.41393438,28.49993403,32.33112954,31.19270949,24.42664383,51.05030555,32.40504616,41.44062016,35.45517807,26.92622947,46.18732792,29.470158,31.86593343,51.05895962,47.47443459,31.56316922,37.65094503,33.11674577,29.56194492,24.89961444,28.9230907,23.08463712,28.08728438,25.69154302,28.12295078,23.67237692,20.76589192,31.00555323,39.23263727,28.9595603,21.79269248,28.84874866,40.93682761,50.91223848,18.38864451,32.44955859,28.88716139,25.09555098,28.58492944,29.34237412,30.14105303
1544,495,104.0707783,30.68827718,666,104.070802,30.69064995,262.9853943,,32.57158553,39.64213333,31.42592762,60.43068634,42.57192214,36.10095022,37.47312254,29.41614832,52.51372374,39.22599547,29.38905515,21.9380195,28.83627749,31.24578942,31.6865022,73.96464215,52.89091729,21.40348349,28.53211401,33.69207899,34.36885598,48.71102179,44.55643487,39.80130759,34.25213114,37.36809662,28.23007057,46.85503969,38.58472966,32.3412459,48.30343977,54.53614168,25.01314186,52.39555748,26.37179441,28.32615985,29.53970108,32.5637237,34.32837583,46.94615302,36.29524169,106.3761145,31.21145339,25.92053168,41.56046618,46.75295899,31.36079049,78.73159414,33.10305663,30.90915506
1545,495,104.0707783,30.68827718,817,104.0700717,30.68477421,394.0931082,,34.03408611,34.03408611,42.65956326,31.52744866,26.87634742,39.32192876,48.1932518,35.88706213,35.85682871,49.30443752,31.52744866,29.25227195,37.13966465,45.18264935,31.84987954,62.63731521,36.49010261,37.23714408,29.63931454,49.26163853,45.29805841,45.29805841,45.29805841,39.51908606,43.51948434,28.92426482,32.68975091,54.52013965,34.7161955,32.49011884,35.55727292,86.12630843,34.64554797,31.38794667,34.55413492,46.29905048,34.46320298,28.66131696,32.62960417,47.3666851,38.64069695,47.3666851,66.9214712,35.80306052,25.15487925,28.77759005,49.64083938,29.65996912,49.64083938,53.35596802
1546,495,104.0707783,30.68827718,1401,104.0672473,30.68824176,338.2452817,,83.59379958,209.9453473,68.53750547,58.07709128,41.91679911,95.02543034,70.38630139,95.13148548,80.85544582,80.4046011,102.4219358,80.85544582,52.26107357,46.43214544,40.67983344,41.7730022,43.09292769,56.01514219,36.89948528,74.88825425,72.76990126,64.77037309,103.3394355,115.6309656,73.57601294,49.34885569,42.46496998,43.05809809,43.62110027,46.06619222,44.19902048,39.98958995,53.80042773,46.07066119,49.03421534,40.97183762,51.30686858,39.44977367,52.74737907,45.3724458,43.62500722,43.70721515,56.24401913,42.57632917,54.50684933,54.50684933,63.55339322,22.13969117,33.29276867,33.29276867
1547,496,103.9889356,30.64334541,251,103.9911505,30.64022479,405.8030188,,23.4977851,20.48114575,22.09286756,52.45568645,21.90241181,18.83198025,18.52159579,21.41370979,18.99419298,25.65216625,21.79040289,23.244087,21.54706295,23.05897481,22.05118291,19.00964044,19.59612163,27.28283476,21.17233142,26.33422024,21.25962941,22.09008369,21.32687398,19.42674026,20.69250521,19.43966557,34.96627256,21.67493869,27.06355813,21.10503998,21.75563466,22.13471012,20.27607034,20.05799818,37.07844842,20.3070735,43.03065884,24.62966299,20.17805066,25.13360633,23.22099531,37.4587402,24.94406718,21.09589701,23.84479109,39.26554758,24.38430603,19.4707566,23.87376654,21.25447431
1548,496,103.9889356,30.64334541,640,103.9863516,30.64206014,285.6781238,,44.52126605,33.24791872,32.49419418,35.58748499,27.04244923,36.13637546,32.7268495,31.04337806,30.15956732,37.66321797,35.79910787,34.60823036,29.7640336,30.40250162,32.176191,35.51019772,41.08411598,36.79780831,31.54260457,33.39250624,35.76506628,43.85676954,50.48665672,37.15858472,41.92015948,41.92015948,41.92015948,41.92015948,41.92015948,41.92015948,41.92015948,41.92015948,41.92015948,41.92015948,41.92015948,41.92015948,41.92015948,41.92015948,41.92015948,41.92015948,41.92015948,41.92015948,41.92015948,41.92015948,41.92015948,41.92015948,41.92015948,41.92015948,41.92015948,41.92015948
1549,496,103.9889356,30.64334541,711,103.9869334,30.64626777,376.4561013,,20.88200254,20.88200254,20.88200254,20.88200254,20.88200254,20.88200254,20.88200254,20.88200254,20.88200254,20.88200254,20.88200254,20.88200254,20.88200254,20.88200254,22.60620458,21.70992334,22.14900044,21.92726407,22.03757451,22.00989297,21.99607827,22.00298345,21.99953032,22.00125675,22.0003935,22.00082512,22.00060931,22.00071721,22.00066326,22.00071721,22.00071721,24.66318407,23.25599546,23.25599546,23.25599546,21.22540274,23.25599546,36.64764194,117.6425317,86.39976093,113.8858794,113.8858794,113.8858794,113.8858794,107.8441881,107.8441881,78.48891686,78.48891686,78.48891686,78.48891686
1550,496,103.9889356,30.64334541,1091,103.9913554,30.64443734,261.567007,,21.49340043,26.21130759,19.56657091,32.62507493,20.65144213,23.96281359,29.96471679,30.33475088,21.9897243,24.02529039,27.09271642,29.93771025,18.99427585,20.00671873,27.59339248,59.78674446,59.78674446,59.78674446,59.78674446,59.78674446,59.78674446,59.78674446,59.78674446,59.78674446,59.78674446,59.78674446,59.78674446,59.78674446,59.78674446,59.78674446,59.78674446,59.78674446,59.78674446,59.78674446,59.78674446,59.78674446,59.78674446,59.78674446,49.32210694,41.85072112,41.97509177,41.94392985,41.92836625,41.9361466,41.93225606,41.9361466,43.6956485,42.79782106,43.24207491,43.13014904
1551,497,104.0034916,30.6354158,860,103.9966501,30.64288317,1055.858964,,128.9598735,76.63492481,76.63492481,76.63492481,76.63492481,76.63492481,76.63492481,84.93111988,177.6211341,95.24160036,95.24160036,91.79996427,93.48911861,93.061029,92.84845101,92.95461848,92.90150441,92.92805385,92.91477724,92.91809604,92.92141507,92.92141507,94.55453409,94.55453409,94.55453409,108.447711,108.447711,167.2647864,167.2647864,204.7266932,157.3951251,130.1401093,148.6253087,130.1401093,93.16402624,108.5907033,100.2875834,108.5907033,156.411172,279.4920787,350.8700558,329.8127783,320.2043332,324.9375404,320.2043332,320.2043332,157.8854526,157.8854526,103.0106306,124.6770732
1552,497,104.0034916,30.6354158,896,104.0043112,30.63573997,86.37263302,,32.37624728,31.46119517,22.00057634,28.79087767,15.40343084,27.7483386,29.4545133,33.25577314,26.86964292,21.16207888,10.64685769,28.89790696,11.46328033,26.20661432,22.99012783,24.84105478,21.13940833,27.52912606,25.52623736,22.76291939,28.56417784,22.26098789,26.7476541,21.77270749,21.14220837,17.31299994,18.84136967,13.60794218,13.60794218,13.60794218,13.60794218,13.60794218,13.60794218,24.48358101,24.48358101,24.48358101,32.22191491,27.82474084,29.8623269,28.80754871,29.3254563,29.1942414,29.12907328,29.16162094,29.14533804,29.1534772,29.15144198,29.15042449,29.15093324,29.15093324
1553,497,104.0034916,30.6354158,1785,104.0010888,30.63443687,254.5667925,,23.73813704,22.1295612,25.59889534,22.85387663,20.54031646,20.70272108,20.70272108,21.8673427,28.30849835,34.12278282,21.87904949,34.12278282,27.81306382,23.472679,23.68063186,20.92329801,22.99148151,26.54810119,25.7789157,24.51311872,23.8656368,22.73020289,21.69790138,19.41611129,20.20816875,18.81807912,28.06531423,35.11266103,28.8756346,28.97835425,28.80076848,27.45888998,21.50427344,28.13324491,30.07187705,29.07027607,29.07027607,25.26804627,22.34539355,17.7604739,21.71088201,28.42777675,25.48027209,24.02203022,16.27780556,21.32910286,21.47667617,19.56116228,22.86813357,22.50774751
1554,498,104.0817032,30.64925009,721,104.0808711,30.64973437,96.10959483,,30.75507035,30.75507035,30.75507035,30.75507035,30.75507035,22.10043202,25.71918953,23.77288575,24.23131288,24.46722108,24.34869557,24.40781443,24.40781443,28.47691699,24.40781443,22.41219229,20.71823601,17.25658561,29.07517155,15.79883751,25.4407751,25.4407751,25.4407751,30.61898596,25.4407751,20.11596171,28.44764986,36.42047804,32.2605633,34.21454056,33.20883421,33.20883421,33.20883421,21.09722813,28.24445236,28.24445236,28.24445236,40.70524016,16.01826581,40.70524016,40.70524016,40.70524016,20.35262008,27.13682678,23.26013724,23.26013724,15.87130924,21.42381061,26.82128228,49.42779163
1555,498,104.0817032,30.64925009,834,104.0826029,30.64891958,93.67032736,,16.57067216,18.25240479,18.25240479,20.3140469,20.3140469,20.3140469,22.53094733,20.3140469,13.32858413,13.43478799,13.43478799,13.43478799,13.43478799,16.21217204,18.08113558,17.09572515,17.09572515,17.09572515,11.24043928,12.29302997,13.56312432,13.56312432,14.19844962,14.19844962,15.48625389,19.21442613,17.03096861,18.05693058,17.52895015,17.78902359,17.65802931,17.65802931,17.65802931,10.7392732,13.43562437,21.8260957,10.84286748,21.8260957,24.43573757,23.33655215,23.33655215,23.33655215,23.33655215,23.33655215,16.0577704,23.33655215,30.37956563,26.39633491,28.24822438,27.29089963
1556,498,104.0817032,30.64925009,1736,104.0827149,30.65151133,268.7115101,,42.01352601,42.01352601,42.01352601,46.65730401,45.52289112,61.12868476,48.08258149,50.08586031,47.22976079,43.93768825,62.27648733,62.27648733,62.27648733,66.03149736,39.64596051,66.03149736,70.73941034,68.30442622,69.50059713,68.30442622,42.46538351,52.37119504,46.90095143,48.61112746,47.7407288,48.61112746,38.69445745,43.08959627,51.9156406,37.06365657,49.69322446,37.86150436,37.86150436,37.86150436,37.86150436,87.94194876,36.64247865,33.20462597,34.51780326,33.84848297,33.18564104,33.31134423,32.3532253,49.20454915,45.04593417,63.92256189,52.70527689,35.73995454,63.50293894,32.05306283
1557,498,104.0817032,30.64925009,1824,104.0804742,30.64586314,393.4139868,,61.78678223,29.3633107,60.11719349,53.80020332,41.10295384,47.56642662,54.16024292,34.7342821,45.70784908,56.91722784,57.26835018,55.37190778,59.32993697,66.99575934,48.98237386,71.34963992,53.47374577,69.59657752,43.02654235,72.8169847,49.17674835,54.8949749,58.85604035,54.00535186,47.83521585,56.42591046,54.24915166,64.1435848,52.23410152,42.2429335,33.85554628,44.61928125,67.84977736,56.70395621,40.09882085,51.92631906,45.39392155,48.09135323,34.07274304,51.12961561,52.76789689,49.00658659,47.79382517,45.79758618,41.23116019,73.89340968,61.00317382,59.25901056,49.27179426,70.26245546
1558,499,104.1480248,30.65670291,89,104.1485968,30.65835293,190.9052235,,44.72400029,45.01695226,43.86758326,46.2281707,45.91929651,45.74101861,46.07321594,45.91929651,45.87550826,45.61452242,44.98503057,45.33867871,45.33867871,45.14015137,45.61452242,46.41027382,45.25657497,45.61452242,46.59381726,37.45279589,37.45279589,37.45279589,37.45279589,25.12829267,30.07697175,27.38082887,28.66564357,28.00850961,28.33326687,28.16995228,28.25137356,28.21060417,28.23097414,28.22078548,28.22587889,28.22333196,28.22460537,28.22396865,28.224287,28.22412782,28.22420742,28.22418752,37.07397176,37.07397606,37.0739739,37.07397498,37.07397498,61.84556172,35.13144065,39.38445887
1559,499,104.1480248,30.65670291,404,104.145429,30.65737253,259.5491809,,26.4633576,26.48836432,26.43839805,26.43839805,26.43839805,26.17725697,26.30717947,26.17725697,25.41658079,25.79131135,25.60257496,25.6965966,25.64949962,31.38236962,29.43357183,62.85047428,34.47885798,30.89275277,31.43404714,35.31781909,29.08566696,68.70419494,30.02014622,32.50007135,31.0166656,31.0166656,27.00902013,28.87444534,27.9105982,28.87444534,28.87444534,37.676494,32.69338878,35.00850698,32.69338878,31.0914916,24.94166303,28.48167807,30.96420205,29.67110363,30.27241636,29.56207261,30.10427296,31.65191099,37.43331165,34.5404615,44.14379769,38.29414144,33.31607374,35.92030951
1560,500,104.0658265,30.58140576,406,104.0617289,30.58131137,393.0597599,,39.8783035,37.60004789,35.67265048,37.60004789,40.0211691,36.37571043,38.45149825,51.73729929,43.51661104,46.12926278,39.17900698,56.15139427,37.72954478,40.12093243,39.08038177,47.01046962,35.61279704,41.45923818,38.93554519,41.44936488,41.4510101,39.86059556,37.45407982,37.58340334,40.27378201,52.50519984,37.98446077,40.06649747,39.61223727,38.84991317,35.25314139,34.90504582,37.2046048,38.11022742,38.95729716,42.57834269,43.25059396,43.31678986,40.00042786,43.13187388,43.18802035,37.33549171,52.5549187,39.74761617,43.15801209,46.72392553,37.45479429,33.47662601,40.70068878,40.16126213
1561,500,104.0658265,30.58140576,626,104.0658772,30.57810036,366.3659135,,25.64739501,25.64739501,25.53058032,39.72642436,24.91657346,27.42031785,26.10855734,26.74836482,26.74836482,29.16076916,32.65994112,32.05145294,27.98021296,21.74636914,21.74636914,21.74636914,21.74636914,21.74636914,21.74636914,21.74636914,21.74636914,24.79167836,23.16938583,23.95309491,23.55472331,23.75223886,23.65306876,23.70255008,23.67778356,23.69016035,23.68397034,23.68706494,23.68551754,23.68629122,23.68590437,23.68609779,23.68600108,23.68604944,23.68602526,23.68603735,23.6860313,23.68603281,23.68603357,23.68603319,23.68603338,23.68603329,23.68603331,23.68603332,23.68603332,23.68603332
1562,500,104.0658265,30.58140576,884,104.06559,30.5913448,1101.767362,,94.3062216,70.85953556,99.73104947,107.9576076,83.04033954,89.91106711,82.73198964,52.65082969,95.49829463,90.53743004,95.16732212,125.6768854,77.88287671,80.85188562,96.43615927,85.00339514,81.67170852,84.24246858,83.49504436,91.74315737,73.81240867,103.4446257,88.27216254,89.39607066,81.73998905,89.34207075,75.8830048,84.6488405,71.81850186,109.5075236,64.43822874,98.63227657,97.21476724,91.96296089,80.04767918,75.6939409,98.35582335,87.43971226,92.28073037,126.3895234,104.5351563,81.77623304,84.28034087,81.78067017,84.95196434,87.02252788,102.4899872,76.37411752,90.59069289,80.66631082
1563,501,104.0847688,30.59869091,492,104.0854722,30.60092942,257.092466,,23.63062666,23.63062666,23.63062666,23.63062666,23.63062666,17.14478934,20.58264368,23.63062666,35.75458136,35.75458136,23.91999315,22.31778895,24.039815,22.35856692,22.08810859,25.0821918,27.38262951,18.93673407,20.84377024,28.74325707,33.86685908,40.78882895,28.0040205,25.42443767,20.28379971,55.61539574,38.6578299,45.76182337,31.11034883,19.92535797,21.5752407,39.30075913,22.16845216,35.70040029,34.83539412,36.39799936,19.7375113,27.91954382,71.5249519,25.9876861,27.45564902,26.89431759,35.87004092,26.21906169,38.40385384,19.95041231,21.57419295,23.20519803,22.18306376,42.6022038
1564,501,104.0847688,30.59869091,546,104.0819113,30.58936486,1069.288059,,153.7724506,230.9662207,115.2526052,102.1070826,115.2526052,125.3888278,137.4798933,201.1200111,109.737565,112.3688869,106.2793212,109.2393039,106.2793212,86.55282771,106.3968218,88.5946378,377.3957855,106.0555312,90.36237118,126.5301673,128.3451255,128.3451255,139.2201451,133.5616312,136.3321987,136.3321987,136.3321987,153.9774805,144.6185917,135.0679653,156.4811794,117.9000616,147.9130456,222.1439331,86.5430983,159.6330515,95.83660611,114.5239721,100.9688397,132.2830588,139.4723555,91.54428091,98.83928139,98.83928139,98.83928139,239.8403123,112.0107763,112.0107763,112.0107763,112.0107763
1565,501,104.0847688,30.59869091,1067,104.0927252,30.59715528,781.5581147,,43.70897579,36.02572616,36.48115673,38.59546245,41.39689867,36.61170088,47.63984444,44.47891709,34.16647496,44.29485537,41.31584747,41.13463762,39.25293711,47.02410941,40.17528624,42.37363272,38.76465599,36.94016472,38.96965669,37.02117385,38.35868048,37.77924422,44.15582569,40.84271438,39.19585623,40.18293649,40.33655567,35.32909609,42.20112383,46.66018595,43.11790613,49.24636896,39.9471256,44.32276643,37.51478951,38.04745386,44.68174072,36.61170088,43.35299249,38.6617549,41.46807978,42.67354722,43.12044771,46.43685778,42.70233207,35.42473041,36.9336993,43.63312297,40.02289065,40.02289065
1566,501,104.0847688,30.59869091,1138,104.0800594,30.59987606,470.2261944,,56.05345364,56.05345364,49.78865588,49.78865588,49.78865588,34.55898537,36.02371271,54.90208541,69.32689835,71.41062207,56.07168887,53.67463222,56.25135783,40.74284545,46.5325302,54.23785491,50.96319834,43.40214134,48.72997124,58.25598686,64.17818753,72.14494564,71.80141976,57.32982031,40.10022524,73.62112893,60.44416157,69.44879179,55.06579451,40.90158381,40.17407828,63.16471268,48.96064497,51.86715587,37.28665859,37.28665859,37.28665859,37.28665859,37.28665859,37.28665859,37.28665859,37.28665859,37.28665859,37.28665859,37.28665859,37.28665859,37.28665859,37.28665859,37.28665859,37.28665859
1567,502,103.973186,30.68984169,260,103.9706768,30.68583598,504.8516614,,35.61621911,44.65975586,36.39101766,33.57387896,35.4800582,39.01505265,38.75046448,35.45218245,44.72844909,48.70386729,45.07976803,49.79358852,43.55589939,38.23024781,33.59572963,34.33590057,59.29742189,27.4645407,39.68537113,42.61350483,36.94036547,47.10494984,37.49285159,36.22254073,32.38126539,48.70658651,36.05114659,43.65496503,36.34019672,43.83443803,41.17599313,61.12533672,33.74429314,37.39645694,44.22975783,41.62721559,51.44985084,114.4088297,46.86606449,46.20971387,48.42634758,46.00004274,43.05494207,43.14856099,63.16128518,43.59741032,41.19916821,44.54573483,37.11007618,40.29299667
1568,502,103.973186,30.68984169,601,103.9713678,30.69065935,196.321225,,24.04955883,15.98092504,40.55990875,40.55990875,40.55990875,35.69476818,37.97213754,36.79825109,37.08486533,37.22985328,37.15721786,37.19350011,37.17535014,37.17535014,37.17535014,32.56941982,34.72029763,33.61048292,34.15637758,34.01824821,34.01824821,34.01824821,34.08792975,34.05305333,34.07048262,34.06176575,34.06612362,34.06394454,34.06503404,34.06448928,34.06503404,34.06503404,39.04731547,36.3864146,37.66993382,37.66993382,37.66993382,48.96695682,42.58190728,45.55177031,44.01680069,44.39076241,44.58013628,44.58013628,44.58013628,66.67513302,59.32447133,56.2251732,57.73325723,56.96923652
1569,503,104.0455286,30.69339601,1181,104.0436286,30.6964945,388.6469014,,47.790315,42.61279088,41.84241044,39.85734951,53.67501962,36.87818081,43.18273663,40.28896811,57.16477338,57.98145904,52.79731491,52.79731491,52.79731491,52.63180609,52.54944019,52.59059088,52.57000749,52.58029717,52.57515182,52.57643806,52.57708122,52.57708122,56.12116773,130.7597051,60.17758473,82.42290692,69.56513835,75.45015679,72.3882345,73.88748748,73.1301777,73.50688206,73.1301777,73.1301777,50.97008543,73.1301777,129.5489671,93.48706293,93.48706293,69.15080833,54.86779784,54.86779784,61.77169294,54.86779784,54.86779784,51.15644772,52.03640521,52.48783475,52.26114514,52.31763377
1570,503,104.0455286,30.69339601,1193,104.0483609,30.69380317,275.0018723,,56.57181373,56.57181373,46.15416039,38.97664332,30.69788342,49.5829753,39.60026961,39.60026961,35.35738358,31.23049654,31.9357013,31.9357013,36.06581932,51.47348737,45.90448563,49.50033701,49.07096606,49.50033701,48.64897987,49.62439801,49.56228988,49.56228988,49.34613036,31.03469405,49.13184815,65.65031434,49.13184815,49.13184815,44.64517431,43.68479825,41.07911785,42.76486999,52.94153691,48.88922174,55.46256248,45.41315322,55.07687011,54.69650499,73.74351883,42.95040088,42.95040088,42.64207064,42.79568042,42.64207064,42.71873744,34.02085018,33.96249538,44.00029957,35.16897834,41.29903665
1571,503,104.0455286,30.69339601,1247,104.0433067,30.69163822,288.5198866,,55.69284674,50.10475599,50.10475599,46.06082447,55.39581823,82.76267663,48.03105627,41.4639358,86.19681259,52.4581612,45.70612065,46.78700864,46.24024894,43.82580556,38.52639435,56.31836672,56.31836672,56.31836672,66.70368021,52.06373894,56.31836672,56.31836672,116.0526918,56.31836672,46.18884232,52.63538473,52.63538473,42.40918373,35.51013989,29.9328989,107.0795455,49.69720535,48.42291803,49.69720535,49.46055199,93.8558667,49.22614179,54.46218085,41.77663516,60.94468687,60.94468687,67.53391364,50.11684399,57.53616351,97.3754617,33.61396737,80.16208534,62.69647434,95.87737773,53.42960863
1572,504,104.0880489,30.6904511,693,104.0853733,30.69184839,299.4326317,,44.63592025,44.63592025,44.63592025,44.63592025,78.97124353,49.89388911,56.55600599,36.79035748,79.65203013,56.55600599,53.1013534,53.1013534,33.30455635,66.40395119,69.69552633,66.40395119,64.36367552,62.44503833,34.92302832,39.247513,41.83788534,40.50132287,41.15875629,40.82739313,41.15875629,51.34324635,68.22515659,93.73543253,56.08519636,64.16413536,67.88145303,60.83281457,71.81595431,76.23461627,84.62865351,70.53541463,65.62906996,53.89787371,134.7446843,66.93876153,57.56083599,53.18869115,59.75374025,56.28041112,57.96509091,57.96509091,62.80888414,60.28985431,60.28985431,53.89787371
1573,504,104.0880489,30.6904511,758,104.0875661,30.68960162,104.8943503,,44.68871729,44.68871729,44.68871729,44.68871729,44.68871729,44.68871729,44.68871729,48.41277706,20.4671903,28.07581123,23.67521386,25.68841232,24.64076092,24.89458005,25.02346066,24.95885398,24.99111557,24.97497435,24.98304236,24.98102486,24.98001624,24.98052055,24.98026839,24.98039446,24.98033143,24.98036295,24.98034718,24.98035506,24.98035113,24.9803531,24.98035211,24.98035211,22.97888391,21.2743471,21.15516309,21.2145877,21.18483372,21.19970027,21.19226439,21.19226439,21.19226439,41.95774012,25.55801429,31.76611239,28.3259005,29.94753198,29.52496281,29.31811882,29.42117727,29.36955765
1574,505,103.9459799,30.67151457,622,103.9328245,30.67415763,1293.915135,,121.859895,120.9894672,122.7429377,121.859895,122.2998224,122.0794624,122.189543,122.1344779,122.1344779,122.1344779,94.10291891,106.3017872,99.83107337,101.3737581,102.163119,102.163119,102.163119,136.2015932,129.7519355,129.7519355,129.7519355,129.7519355,129.7519355,129.7519355,129.7519355,129.7519355,129.7519355,129.7519355,129.7519355,132.520469,131.12159,131.8173183,131.4685337,131.642695,131.5555567,131.5991114,131.5773305,131.5882201,131.5773305,131.5773305,101.1529747,107.3590796,110.7567452,109.0314491,109.8873255,109.4577142,109.4577142,100.6067924,121.780248,115.693126
1575,505,103.9459799,30.67151457,825,103.9512486,30.67150352,504.7655711,,54.77211059,50.15150109,60.33054635,54.77211059,57.41711695,57.32353489,57.37028775,57.32353489,60.57186853,71.82435004,71.82435004,71.82435004,71.82435004,33.43433406,102.2310017,69.57840673,69.57840673,69.57840673,49.11232584,92.94915887,91.16167506,91.16167506,91.16167506,91.16167506,91.16167506,91.16167506,85.11269583,88.03339793,86.54841308,87.2845899,87.2845899,87.2845899,100.3953622,93.38203596,96.76178349,95.04187274,95.89411684,95.46609282,95.67962616,95.57274019,95.62615331,95.61279444,95.60611642,95.60945529,95.6077858,95.60862054,95.60862054,95.60862054,140.320931,113.7279375
1576,506,104.0456035,30.63050946,265,104.0415966,30.63108704,389.3282257,,45.73689092,53.94848393,73.50952512,44.65413341,56.77123521,46.37160008,65.12043112,48.06521305,78.71106022,49.55279023,58.50370475,53.95886862,72.87252753,49.43850485,41.19875404,60.67452868,87.81839677,68.46632207,68.4790352,55.05651676,58.64358211,68.93024325,48.05422671,144.4929497,68.87444391,116.4749263,41.96352133,127.4165102,104.2068113,76.37504992,42.47217008,90.13499786,58.98526229,82.32491116,74.96645028,74.94728429,57.73765654,75.01893773,45.40761163,55.61831796,52.03087193,58.05940011,62.8734289,54.53624951,71.90622913,100.1129723,47.67284396,70.78695013,71.65399019,78.03906529
1577,506,104.0456035,30.63050946,551,104.043951,30.62767156,352.151325,,34.81448957,32.83097814,39.85959065,31.58307848,39.79879742,32.89995078,41.45666351,56.21928027,42.67655662,72.60490464,62.89803157,48.82770473,39.78278567,30.07301774,20.18701863,33.8134633,27.20482339,26.2676979,38.55671442,26.30782322,32.07740246,25.68017765,25.97837643,39.59640093,33.76151185,41.73645333,33.30327767,25.22875164,26.77391278,30.79925623,32.4646548,27.76488765,29.07671491,24.19780057,23.21876868,35.10137803,39.93945193,33.86296548,36.65105642,29.86944931,42.63715595,29.87146018,32.75121042,37.92804099,31.53593955,33.0716027,28.81238114,35.06846044,36.9997147,38.4425425
1578,506,104.0456035,30.63050946,1213,104.0457739,30.63083865,39.97393983,,3.846901762,3.739904525,3.852136342,4.189408541,4.642134948,4.523099612,3.708922252,3.856136215,4.24843805,4.759476889,4.3290905,4.876568553,5.119560211,4.511819321,4.589089027,4.466494016,4.832309718,4.069073731,4.211961673,4.236688421,4.337790004,4.301413651,4.080515597,3.879395697,4.139199905,3.934742575,4.110235161,4.753300855,3.895937283,4.384042144,4.318033687,4.7092288,4.699361038,3.577530973,4.058140845,4.280472221,4.904300311,4.190334354,4.461342636,4.539831825,3.856782134,4.872669867,3.932107104,3.595407455,4.483693576,4.032868288,3.913422399,4.395826844,4.460231498,3.925829385
1579,507,104.0811725,30.6436929,1093,104.0847228,30.64186739,395.8316253,,50.99671247,64.69892627,71.24969255,71.24969255,71.24969255,71.24969255,71.24969255,71.24969255,51.53684814,60.21100778,51.72391474,28.96328966,51.9123443,48.06050088,44.6356727,50.22004762,63.94203177,51.9123443,53.4706886,47.53941121,52.19757696,54.07946304,60.31720005,46.87479773,53.50414961,57.01495804,50.98367982,48.68999491,43.57779361,57.19038866,69.28657297,127.8021391,78.99261446,81.11919454,76.97468473,76.97468473,42.15958139,54.48005165,42.15958139,42.15958139,36.77403487,37.49983819,38.37075331,37.49983819,61.15853438,44.46158662,47.49979504,49.05314462,49.05314462,69.11853763
1580,507,104.0811725,30.6436929,1548,104.0803326,30.6422981,174.2833943,,30.5685856,31.43387873,24.04887888,29.45634833,33.73378123,27.97860511,22.4720709,24.44250181,20.43104022,25.56426971,39.13732363,25.81976212,25.81976212,35.54788779,35.54788779,40.21924484,40.21924484,52.72438819,45.63056142,45.63056142,27.97860511,28.84690664,28.84690664,28.84690664,28.84690664,35.44747003,28.84690664,28.84690664,17.42833943,19.5762939,19.5762939,19.5762939,19.5762939,19.5762939,19.5762939,21.3954039,23.5872263,37.34644164,28.91337417,32.59325815,30.64323416,31.10853273,31.3465215,31.22707368,31.22707368,31.22707368,28.17195359,25.66135867,23.87898076,20.23936192
1581,507,104.0811725,30.6436929,1786,104.0774485,30.64502758,386.3043426,,68.41088849,48.76211898,66.06630087,126.4268758,41.78354432,145.2965587,72.88761181,46.73485085,77.60578311,75.56759465,75.51288506,49.52031929,56.79620439,49.24268987,69.84725622,86.9961522,53.74669114,99.62003104,62.94639259,111.1188889,72.93061335,58.01471653,72.93061335,77.11360296,93.54454931,81.80562549,71.77783914,63.94002912,58.75351218,69.1396977,92.50747009,75.64980781,60.20327417,80.45346637,119.0890647,67.18336393,38.77404182,61.99237594,55.85123026,105.3557298,77.11805732,57.0736922,74.8692131,69.25775067,74.8692131,83.35837964,76.76332841,69.88420268,73.16241825,82.28968245
1582,508,104.1377241,30.63284921,75,104.1426242,30.63145711,494.3112084,,99.74889856,50.94046805,226.6904905,158.3203159,69.78511177,84.25759234,72.9311619,141.5125527,46.95304354,105.5468772,115.9296645,79.08979334,140.1197126,54.47511276,101.4935561,63.55429822,49.36256173,79.23064783,72.96438793,71.81276635,64.43945557,54.98711009,80.0864244,44.26667538,137.1499307,55.77405228,52.89631955,74.97979005,92.68335158,62.66652248,70.89722511,71.88770981,150.5516371,81.40377089,79.79911884,88.09506684,152.7485279,122.7255414,51.3817233,121.0558061,55.5752764,58.60110922,145.2669674,62.52706782,66.64870226,98.31604145,96.97658584,86.59466425,149.5395252,221.3333769
1583,508,104.1377241,30.63284921,228,104.1369234,30.63298756,78.25206767,,12.64502482,13.39603457,6.806993926,8.869881726,8.784484697,10.17829489,26.57617393,8.03921361,7.760153891,9.936770498,8.78163222,9.809893566,8.101415749,8.489425725,8.807945085,8.577745047,11.2908795,8.673703812,10.0042666,8.425945473,9.339598757,9.129672064,9.123306917,8.207347831,15.39384938,15.39384938,15.39384938,15.39384938,15.39384938,15.39384938,15.39384938,15.39384938,15.39384938,15.39384938,24.49629944,18.90653984,21.341473,20.05035186,20.67577568,20.35826151,20.51579016,20.43672228,20.43672228,20.12196026,20.27811989,20.19973827,20.19973827,20.19973827,11.83644721,13.89432521
1584,508,104.1377241,30.63284921,415,104.1386582,30.63500595,255.2407113,,24.97889679,23.53051372,21.19646045,30.68001872,25.11708139,20.69519281,28.84981352,28.13215647,25.9018058,30.32562907,29.52181721,25.92007223,23.41061301,26.42319369,24.38389812,25.02019226,23.41061301,26.01792998,29.07805572,23.83570845,37.17647241,31.3072082,21.36898978,23.72288883,23.50042355,25.64619587,23.13554076,25.2382533,23.75866996,27.46985234,36.46295876,31.06902995,36.46295876,24.05409845,21.74832096,26.49121056,25.0713932,25.27830978,26.98580208,25.12525752,28.98632684,24.58270944,24.43072096,24.72025879,25.93052177,27.9102229,53.66256176,24.90153281,26.14129618,29.33332995
1585,509,104.0301944,30.58666704,91,104.0292501,30.58423404,284.4441927,,49.27218062,49.89033343,48.1146056,65.27484263,37.8931452,29.56330837,44.52169973,39.88311952,38.0757274,42.07494992,13.86593221,44.52976672,41.05576052,40.18309067,50.44330511,38.91066853,50.33998002,26.10161781,42.55949129,17.1956187,49.21008591,42.22948772,47.14834816,55.51802317,58.09923936,55.83419268,41.20720699,55.65212466,67.87069387,58.69718618,38.24459734,59.94141038,63.01532884,29.9196229,44.61869689,44.61869689,43.20671282,48.7038808,53.612518,15.50339279,57.10032122,31.12459251,31.56229147,46.65143935,57.88064755,48.83453204,45.71424526,52.78345844,11.99062171,52.78345844
1586,509,104.0301944,30.58666704,730,104.0280169,30.58735258,222.1820801,,63.64897784,123.0546905,92.73686822,70.36851802,42.88769375,64.76562659,62.98074711,64.76562659,71.25661366,65.34767062,56.32785129,62.65186591,59.32179149,59.32179149,50.30537663,59.32179149,64.03112647,99.56707324,69.55265116,82.53023095,84.34328524,80.79348367,82.53023095,52.6220716,134.8071048,75.69610298,96.95218041,85.01564093,90.59241019,87.71547508,87.71547508,85.36914024,73.38123746,83.14506116,49.07088886,83.14506116,83.31828004,83.14506116,82.17693374,82.65816276,82.41684579,80.56967901,75.28051655,78.80349639,78.99807292,83.31828004,31.86675252,53.53187874,49.88703671,54.87859268
1587,509,104.0301944,30.58666704,842,104.0318859,30.59257463,674.5268534,,391.6607536,391.6607536,391.6607536,391.6607536,290.8139727,231.2663497,195.6050254,195.6050254,192.9954777,186.5051208,224.8422845,203.8872101,213.8526352,211.2710536,208.7510571,200.0038441,164.6302829,191.9602112,191.9602112,284.5660163,229.2648313,229.2648313,229.2648313,144.1125622,202.358056,202.358056,202.358056,202.358056,202.358056,202.358056,202.358056,202.358056,183.9618691,192.7219581,192.7219581,192.7219581,229.807256,209.6371228,229.807256,229.807256,255.610176,248.6310586,245.2824921,246.9454243,246.1111492,246.5275809,246.1111492,132.6938072,172.4234324,160.4159651
1588,510,104.116215,30.60810306,244,104.1259875,30.61233806,1047.798901,,178.3487491,118.6187435,178.3487491,115.7078541,94.92484539,104.0991491,98.94114128,181.3498098,136.5951854,100.8913686,148.5069309,131.0016195,131.0439272,108.2461041,104.8071836,108.5489509,292.4089956,113.6045275,108.02161,108.560883,161.6604019,160.1164221,124.1277032,154.6366037,146.3907888,159.6082952,106.8934683,131.7739527,122.6292602,149.9230038,119.9389937,119.9387405,119.9388671,144.2912117,179.2811808,90.56604847,142.288802,122.073657,122.073659,116.7825394,138.5095243,116.7825399,116.7825399,92.1141891,92.31708379,95.48552372,98.33785037,169.6268035,104.0359697,135.6861886
1589,510,104.116215,30.60810306,564,104.0994826,30.60753214,1605.266396,,119.4987392,119.4987392,119.4987392,119.4987392,165.1721051,130.0103268,130.0103268,124.5465307,109.0369627,139.1402655,91.29477134,91.29477134,91.29477134,112.705198,124.5465307,124.5465307,162.2163937,125.5613042,116.2768416,107.0177597,121.4577349,129.2591022,127.1032044,125.0180427,142.866725,133.347771,133.347771,133.347771,121.9189668,123.350246,114.1184642,124.8155297,116.1599804,119.8332613,118.5427492,111.0270706,101.7422364,108.8999816,105.1994968,107.0177597,106.1658119,106.1658119,106.1658119,156.1880818,131.7592117,131.7592117,108.4232463,114.0959334,109.7618049,109.7618049
1590,510,104.116215,30.60810306,690,104.1131027,30.61119346,454.2245491,,87.47548379,69.07562268,67.07171357,58.53094861,46.11416742,68.582736,51.69802013,59.97096736,62.8684497,68.13368237,62.8684497,59.65192437,69.94047805,140.0007172,111.9154022,107.9345463,69.84753389,138.2165728,130.6157229,115.1555195,130.7121005,111.6183192,97.91666927,141.9177955,100.3503146,102.9080162,86.38836707,89.355649,68.1573481,56.54899285,51.70619373,102.7258261,108.4878899,93.36934014,96.56742384,69.94047805,88.99093207,91.95173629,80.19658542,99.87699622,88.56372303,62.29365245,109.7455286,84.07241012,68.66501883,55.0575211,54.84647168,62.37172317,113.9518033,62.53186909
1591,510,104.116215,30.60810306,892,104.1173704,30.60707617,158.8096179,,25.58961392,31.18443407,21.69694969,16.02082614,18.43178985,18.43178985,18.43178985,19.68036573,17.75511256,19.41306025,18.54710866,22.03988529,15.9141162,20.71429799,19.15648407,15.13273225,17.39055892,25.98702838,19.11023814,20.09541738,20.9163887,20.09541738,29.98503275,24.0637513,26.70004084,24.0637513,24.0637513,18.59234551,20.24126835,22.21113537,18.3535995,31.6447209,15.4726556,24.49205858,16.81307559,17.62737794,16.07068516,18.80640212,16.56343673,24.99298905,20.00751092,21.77960474,25.58007268,19.78251296,20.94192764,17.53725842,19.46262551,20.59305266,20.59305266,30.12988798
1592,511,103.9731196,30.73083762,150,103.9650646,30.73928236,1212.751048,,127.7647425,102.7309245,109.7706284,107.1350457,112.3784755,122.6377464,129.1138515,125.4169612,122.9886181,76.86450304,132.5008732,140.1641952,144.7269313,140.1565562,140.9966905,144.7048821,143.7656988,150.3055618,172.7360543,162.2201909,151.4280062,154.1872753,231.0001996,132.9267049,150.2664989,131.0426345,110.2037132,119.989503,97.09854732,135.4468596,376.3710149,139.9853334,85.96716289,91.18428932,112.3423293,108.8754058,129.2962618,152.47176,113.0237857,141.0631267,174.6361509,133.956982,134.3355007,158.9335192,146.2764501,132.7022423,277.2002395,131.5865014,104.0877721,109.7880245
1593,511,103.9731196,30.73083762,206,103.9925196,30.73704047,1980.528202,,213.6147692,146.8190791,157.1111754,175.9383474,216.6808873,193.4844376,206.0665181,206.0665181,271.6152963,206.121524,185.291932,183.5238488,220.2368863,214.7568146,216.9960202,321.8917168,223.6481031,199.1592605,320.4450125,209.3950522,199.7695901,224.7869519,234.2444911,242.0197396,199.8002048,152.8928133,260.426598,207.8688492,315.2677545,209.7029861,239.7948944,223.9759642,223.9759642,223.9759642,270.4818485,194.0349253,237.7228149,246.8446332,254.3743669,314.9713529,304.9138216,191.7413346,217.3529579,247.7793191,306.2234014,228.6656299,280.7395642,235.0610321,237.785941,284.2013563
1594,511,103.9731196,30.73083762,448,103.9709046,30.73015438,225.1874039,,24.88004054,27.47273609,28.61204662,24.72197166,25.27762985,25.05949472,24.96143652,25.18600867,24.95123291,28.51977675,31.38504471,25.21538582,25.22779986,25.22779986,23.32876702,21.39598575,25.42894147,23.59564729,27.87191836,23.80835988,28.59882867,28.78658974,26.49263575,28.95266622,28.50589807,22.21026449,23.4299033,28.09964139,35.84615816,31.67471176,28.33907464,31.1348883,38.04198283,38.51186005,21.1941086,28.3114328,31.89486519,37.58924207,33.39163334,39.28956321,30.50429142,20.04635643,24.60940007,22.34289354,24.34458421,25.44718645,27.44063143,22.2955762,20.47158217,57.14246115
1595,511,103.9731196,30.73083762,646,103.9826104,30.72083812,1433.212385,,178.2233018,178.2233018,178.2233018,128.3473778,147.065974,116.6662428,172.1767937,331.8047965,258.717422,460.6754095,455.2556989,263.2430911,333.5925378,333.5925378,312.700884,339.1263109,258.8410328,160.1727462,197.8898123,342.8282117,220.8087554,255.8461778,220.8087554,304.1000738,237.9507112,257.9782293,179.5255597,140.6834243,229.3139816,177.6097964,203.6670232,316.214377,705.17967,210.4428934,383.4523638,286.0069061,168.3381594,226.968639,308.0337066,188.1336221,188.1336221,172.7773825,172.7773825,188.0907573,249.6563509,206.3825834,548.8898496,416.6539371,426.4102964,303.5037992
1596,512,104.0601849,30.68391526,476,104.0577632,30.67840135,653.6597625,,51.15598141,89.60209976,88.1614166,84.5515435,53.05919154,83.92021023,85.88230456,78.00813223,52.82099091,50.43238631,45.56002217,70.87876943,72.34973543,100.5412459,69.82715564,72.24977418,63.25739637,73.53672328,51.66136432,76.21619903,88.46523102,106.9625066,44.39953104,62.41843886,50.87946259,80.18543201,45.38428438,76.85928616,79.63367665,89.38371023,73.6134039,41.8342248,135.7601045,80.91146631,54.22062546,66.94666131,53.25264346,106.9625066,104.353665,107.3283989,55.36882694,51.32334013,90.72482487,111.2612362,48.28016301,55.10948817,49.64504525,79.70110567,58.57312122,66.2866238
1597,512,104.0601849,30.68391526,1235,104.064995,30.682564,484.4924959,,51.75587493,41.72662644,51.22387622,46.2155004,49.69153804,34.53807892,52.85372683,53.46439238,49.5503689,45.87916664,42.71444046,42.07896225,53.59357074,49.49247329,45.99005894,44.92975232,46.17267995,46.55265974,52.72590645,49.9763033,45.80887683,52.06486523,51.08456443,52.06486523,61.90498617,55.76334851,60.02746346,41.10384098,40.35880413,39.64029512,37.54947223,53.86020542,35.63172595,48.79563839,45.94579293,49.51520185,37.05749968,41.33111339,41.44159157,57.33639005,41.08770283,41.08770283,37.65079299,53.99916363,31.87159407,43.54988727,51.1487679,50.37322701,46.38757939,46.99163857
1598,512,104.0601849,30.68391526,1456,104.0617409,30.68499207,190.9435949,,21.19959727,23.74743619,25.53796687,23.74743619,20.48873149,24.20812466,26.81652569,24.687041,26.34826437,20.18786906,22.39077986,21.90034063,22.39077986,20.75160579,21.78754173,33.4296385,19.63991262,19.28182164,18.83279292,19.99409371,19.99409371,21.24874626,21.24874626,21.24874626,47.9022259,17.55803171,18.10130195,18.10130195,18.10130195,23.30159124,20.37486303,21.74016815,21.74016815,21.74016815,21.99670213,19.17425221,17.09234003,18.07353922,18.07353922,19.10143409,20.25329822,28.07994043,25.96400157,24.56085544,23.30159124,21.23780458,22.85609116,22.85609116,19.04146653,29.19768563
1599,512,104.0601849,30.68391526,1519,104.0589175,30.68386085,121.5519876,,9.855566562,9.855566562,9.855566562,21.45035075,21.45035075,21.45035075,30.67199686,25.24541281,27.69538958,27.69538958,34.45568152,30.70787055,32.4740004,32.01369221,31.78839721,32.01369221,32.01369221,32.53436099,32.27192665,25.32378872,12.0713698,20.83748359,15.28688752,15.28688752,13.61609196,8.976146777,12.27453451,10.36936387,10.36936387,10.36936387,7.423022144,10.36936387,10.36936387,21.55601751,17.53856334,17.53856334,17.53856334,25.36737133,20.73872774,20.78798838,20.78798838,35.57619149,27.9608406,27.9608406,27.9608406,27.9608406,26.76374039,26.76374039,9.222068606,26.92844033
1600,513,104.0927861,30.7069879,603,104.0915573,30.70768178,140.5790723,,22.26178858,22.67178667,22.26178858,22.54553616,20.26365006,19.63375822,22.79660632,22.79660632,22.79660632,22.79660632,22.79660632,22.79660632,22.79660632,17.8198824,20.00334626,18.8485907,19.40880768,19.12459746,19.26565445,19.26565445,20.61444645,19.91724158,19.91724158,19.91724158,19.06156913,19.48001339,19.26851974,19.48001339,19.48001339,38.33974699,25.83403251,30.86837888,28.12771747,29.43438952,28.12771747,28.12771747,15.3358988,19.84942191,17.30316618,18.48904012,17.30316618,15.50029587,16.35218837,15.91485022,16.35218837,16.35218837,17.63361186,17.63361186,17.63361186,17.63361186
1601,513,104.0927861,30.7069879,1097,104.0946295,30.70924716,306.3666994,,41.30786958,46.63510012,41.67423169,51.91569593,48.69404494,39.10717553,46.22787781,56.44422302,56.44422302,56.44422302,38.0317282,41.85655096,41.85655096,41.85655096,36.10213152,38.76696372,37.38712264,38.06454246,37.72279155,37.89289647,37.89289647,106.0500113,55.83522191,73.15461451,63.33218567,67.8899589,65.53191912,66.69010155,66.10593786,66.39673485,66.10593786,66.10593786,42.58378833,42.58378833,42.58378833,30.63666994,35.635545,32.94757634,34.23888608,33.58082186,33.90666132,33.90666132,37.26081479,33.42182175,35.23706447,34.3054469,34.53370232,34.64897288,34.59124157,34.60565635
1602,513,104.0927861,30.7069879,1248,104.091716,30.70476829,266.4956245,,35.93199431,34.52402332,34.52402332,34.52402332,47.20217703,31.47586116,22.13112453,25.35370635,25.35370635,37.67215634,32.85562494,33.54490378,28.3004203,31.36267565,39.21189025,29.44703033,30.33626081,29.74834878,30.94787897,31.97947494,21.36713248,33.23502014,34.95024584,34.95024584,43.60837492,38.80219406,38.80219406,38.80219406,34.2148448,48.45374991,33.19668679,42.76601404,46.57205088,29.65639098,43.06999992,42.5919755,27.52895978,33.44258817,30.19899266,31.73813289,30.94943893,31.33882449,37.69682704,30.88809556,35.27147971,35.27147971,35.27147971,35.27147971,39.39976379,50.82830454
1603,513,104.0927861,30.7069879,1269,104.094755,30.70598533,218.8597011,,28.91357519,24.77656994,31.33821374,33.31479594,31.5473443,28.73780877,25.69222578,33.82249083,24.54501321,24.54501321,31.68478246,27.66161231,29.53682939,29.04458671,28.80456708,29.04458671,29.04458671,65.11528297,40.17096643,47.17933676,47.17933676,47.17933676,53.23614351,50.02507454,51.58068242,50.79097012,51.18278028,50.98612248,51.08426211,51.03514512,51.03514512,51.03514512,32.42365942,51.03514512,61.07712589,57.79180373,57.79180373,57.79180373,57.79180373,59.84012079,62.03897039,66.77075627,69.41805497,68.06867594,68.73674364,68.40107859,68.48468713,68.5265681,68.50562118,68.51085672
1604,514,103.9779032,30.66846905,329,103.9742914,30.6685123,346.0714532,,36.75095078,36.75095078,34.32901671,93.67347605,38.63123199,41.43649328,38.69121837,48.0052878,38.63123199,44.92273672,38.63123199,45.44160114,50.74774874,48.10259581,44.17933445,31.33123613,34.01984525,63.89011444,36.80619146,39.87568693,48.66629811,102.9634076,94.3831236,47.59721992,29.27984093,34.71735915,37.0377475,38.15039537,58.6285756,80.63800851,45.30389933,36.482422,61.37227741,45.40709728,45.40709728,45.40709728,41.94805493,73.50190156,69.74708084,66.74235168,57.94684798,44.7345505,59.10873056,72.18176312,85.92118838,39.7878557,37.1159056,32.55015628,91.60714938,43.66322074
1605,514,103.9779032,30.66846905,379,103.977821,30.66658483,208.9813393,,46.06119316,46.06119316,29.79535927,26.54901884,29.39158868,29.96595754,31.48247716,41.56534925,33.83171766,42.80698842,42.07383832,40.666639,42.07383832,42.07383832,42.07383832,42.8222168,28.56960082,48.53760139,31.56641209,41.41281585,36.69916202,35.52929499,33.45684056,32.05280784,29.60483311,34.1645936,38.51533216,25.50280751,45.45817652,40.9432828,40.30174482,32.34535844,35.88785577,34.02464832,34.92091048,34.92091048,31.01304343,60.42833907,35.82537245,37.7213325,32.90471201,43.5819158,69.44610662,46.5360508,35.9537788,32.10524132,46.08470576,40.87376959,41.33696821,91.19185715
1606,514,103.9779032,30.66846905,1098,103.9777133,30.67160147,347.6498187,,48.38425311,47.13895847,47.13895847,29.67742355,36.42355443,32.70624082,36.42355443,36.42355443,47.50676562,47.50676562,58.34682272,52.37174998,52.37174998,47.16856837,51.50367684,49.24089235,49.24089235,49.24089235,46.38193999,51.10409748,55.62397099,33.05485236,36.82803376,39.31537217,34.63669781,39.31537217,75.85086953,52.74398212,48.50927703,57.78875614,48.50927703,27.59733952,40.72253842,40.72253842,40.72253842,40.72253842,59.03487487,48.19792094,53.06880625,50.51621987,53.06880625,69.52996374,51.65551551,55.518222,68.14188823,62.42091508,67.52910149,45.07344588,67.52910149,67.52910149
1607,515,104.0617403,30.65887109,1265,104.0633208,30.65879461,151.6687856,,27.05443203,21.33536808,19.26438204,20.9198325,18.06642887,25.94420695,22.85613327,21.25724915,19.99214261,19.19858046,19.60530083,18.80839229,19.71146672,23.59228903,18.20025427,23.5601997,23.71883702,20.77391103,25.32502914,26.88488769,18.16241591,18.51919598,15.80340458,26.75633591,18.66692746,24.29399903,22.60541136,18.65098644,19.46551259,27.57614284,16.64657403,18.75240852,20.1354995,17.54711178,22.20144869,32.11809577,24.73981097,27.25083443,16.10641971,17.8901582,19.09117581,29.0687291,23.16045082,24.19442243,17.90188945,25.32502914,19.05785788,19.05785788,18.26112469,20.72135211
1608,515,104.0617403,30.65887109,1859,104.0582534,30.6587772,334.255527,,43.4098087,70.0768659,44.52617566,46.0721158,120.3319897,58.10800309,79.16578271,53.0242863,66.48176228,66.48176228,73.59754723,64.52117411,55.7092545,54.77935798,62.67291131,50.98813124,44.89999616,47.6877106,94.15648648,58.98626947,53.36230143,120.7344378,83.95255099,66.40838285,58.50351985,52.28037206,38.16025044,46.56295899,73.89886781,95.93666609,72.92847862,58.27214999,76.48219687,83.27473337,42.37041892,27.85462725,44.48502393,64.13430498,59.71810904,61.84747303,98.92764479,45.40829801,45.40829801,38.18043037,64.04896326,46.56810748,52.24254258,41.74570329,28.71885196,75.68049668
1609,516,104.0969164,30.62883906,561,104.0983272,30.63112623,287.293263,,61.78349742,35.91165788,35.91165788,33.36308861,35.91165788,35.91165788,66.94211953,35.91165788,27.77457527,19.87042741,28.02861102,28.02861102,32.19473142,32.19473142,35.35917083,33.70283493,34.51114066,34.51114066,34.51114066,18.04983851,19.13516645,19.13516645,20.77861872,45.46179107,22.73089553,30.30786071,25.97816632,27.97175786,26.93812787,27.97175786,25.66391431,26.76818497,31.01216632,25.04251203,20.08263586,22.68104708,22.68104708,35.35917083,22.68104708,19.98079202,17.85508411,20.18749323,23.22082952,23.32030996,23.93002653,37.67780498,30.12395379,30.12395379,43.15392545,21.15042427
1610,516,104.0969164,30.62883906,1002,104.0995887,30.62730653,307.3229515,,35.49826605,42.09903445,39.41909591,44.09576028,31.55026498,37.97583383,40.18961275,41.65129884,30.10510545,33.87976736,75.71343886,35.73765706,35.1003371,40.88553678,36.45346377,43.54615423,66.64835093,52.68393454,52.18691629,32.55603606,40.3597857,54.45591264,54.55437009,32.79083063,41.43680245,33.34569807,80.31670602,43.23264256,32.22984343,36.10507403,32.15131943,33.80787243,42.34880863,41.92752725,40.18752726,39.90160288,37.75981657,39.00793743,52.68393454,45.78841698,39.3957018,30.81790043,50.34369475,72.54836888,33.5487319,33.64265151,38.34879118,36.18191725,39.18061533,33.42485273
1611,516,104.0969164,30.62883906,1311,104.0937815,30.63114248,394.2664607,,73.54193049,48.33918292,65.18297398,65.18297398,57.92880875,52.12756983,46.77229495,51.51939232,41.60310479,35.27819201,33.27923232,47.6614929,45.70639178,50.39145296,122.3585568,54.1051814,82.70119496,62.45805318,126.1652674,106.6185359,48.94342271,122.3585568,48.44229551,35.39549273,49.24910682,81.76032595,67.91192624,30.52385502,56.5031552,49.28330759,62.89627437,38.81565884,54.05366901,47.39096022,67.66909457,50.26333522,42.79475151,100.8067655,57.00237986,48.50851875,115.7715545,65.59719277,72.78765428,46.35903947,55.14216234,73.32483253,42.96748513,50.78208438,46.54908746,36.71389701
1612,516,104.0969164,30.62883906,1790,104.0948905,30.62569686,398.7211986,,34.67140857,34.67140857,34.67140857,46.90837631,39.87211986,43.10499444,43.10499444,43.10499444,43.94070351,44.3708289,44.15471874,44.15471874,44.15471874,44.15471874,40.23065696,53.55956399,36.94713809,46.08013852,57.53091443,54.16589868,52.62681265,53.38526508,53.00332573,53.38526508,68.37255445,95.05935861,97.64600782,96.33532315,96.33532315,92.01258429,88.06112362,34.21683707,47.76693228,47.76693228,47.76693228,68.67924952,48.04673858,48.32984225,37.87325369,42.4673466,42.4673466,62.273159,50.49767159,55.77061933,53.00332573,55.77061933,80.18973827,65.78728456,49.75377175,138.0188764
1613,517,104.1446052,30.63798103,215,104.1463315,30.64059106,333.2326205,,41.89653436,26.00839965,41.89653436,25.23781418,29.76767826,29.76767826,29.27328302,24.81152914,45.70047367,20.44546116,30.58641511,27.99620616,31.99433086,26.38498754,37.17025131,29.42495798,31.31437996,37.2658213,26.36565789,34.67247575,37.25783837,29.16460536,43.34733275,33.48604142,34.770656,35.50536245,36.19789721,28.14020443,35.29372631,26.71775049,34.97949987,34.82447556,34.91798649,33.53937314,37.42501561,37.77067279,30.48654061,30.04100419,27.38898251,36.09515252,36.09515252,36.59708364,38.85056989,30.4979645,30.64906173,43.55850148,43.28360094,41.22011097,31.62402,32.6876685
1614,517,104.1446052,30.63798103,472,104.1412091,30.63877966,337.2747106,,28.82347675,24.9833119,34.0585963,29.44916222,20.49264064,23.46825722,27.57953341,23.91705105,19.28814866,23.60704391,21.06138696,23.53079376,27.72120909,30.62267234,22.65277907,29.87988114,26.25273423,31.21269043,25.97195632,24.70374279,21.60478573,36.73392452,22.65982504,43.31232907,34.83210017,28.77225019,22.55808561,20.15251383,35.36370869,19.47376036,19.33421908,35.30533776,36.52773152,32.82331042,27.32608308,21.81831012,36.04137756,27.78464435,30.20370543,23.08344027,41.81914342,26.16786548,23.33482943,35.42806624,33.91081824,21.75965875,37.3412589,59.51906658,33.63404316,21.13470771
1615,517,104.1446052,30.63798103,670,104.1496203,30.63655116,506.067925,,55.92378911,65.25231125,59.49165773,41.55084015,55.19625923,64.3761318,45.69844138,71.58524676,58.3205587,40.71160961,52.66873698,47.97935181,64.98037557,61.34156667,44.90066617,32.72494665,60.93125518,70.61412907,70.50834011,45.73394911,76.04598514,46.23970888,56.37476627,65.59296238,46.23970888,60.18105055,41.50714842,57.0887436,56.34570712,43.15122051,53.41447652,56.9821052,60.00428973,58.45416045,69.10274566,45.07922132,51.07975317,68.39397579,70.77414813,48.03808912,50.21819929,54.73744207,67.16064868,67.2944588,76.10397201,49.03423008,42.05998737,62.69251652,145.1668948,55.14057294
1616,517,104.1446052,30.63798103,688,104.1445578,30.63469503,364.2085207,,24.34820194,24.34820194,24.34820194,38.93543206,34.50396512,27.20229615,52.97578483,34.54032335,36.31996328,30.49187615,27.40126802,30.49187615,36.2697282,34.62926839,33.13078142,33.13078142,31.32976522,33.13078142,34.42469772,47.96892712,33.61924806,29.07207704,31.95330645,27.17410724,30.16120513,30.16120513,30.16120513,42.43206066,32.25462914,32.25462914,32.25462914,27.83759394,34.25605943,36.52230291,54.97487105,39.13882611,39.21198279,25.65852592,39.28541347,39.6467383,40.01477134,26.19681667,44.95373741,32.64275538,32.64275538,32.64275538,32.01833149,46.74333956,32.04441567,24.32561548
1617,518,104.0573648,30.57797339,133,104.0520549,30.57791347,509.2293938,,59.63649374,60.66935965,54.6280353,130.9447013,47.1266277,73.77166268,56.66849514,49.34658998,47.64719474,54.90526575,53.29144819,45.91673933,49.06045899,41.56974643,38.98406842,39.3660087,45.97071246,37.27489272,45.72704511,42.064005,60.63591459,39.43945151,57.16920429,54.16968178,44.54735322,46.67393265,70.7809196,51.24320944,45.89973037,69.97045106,82.26013283,71.14718567,49.54664372,35.66587194,72.60300268,48.8860218,59.56866995,59.1363167,73.77166268,56.36070355,38.81212035,66.18143746,48.38709707,64.26358323,54.8322777,77.78893143,79.59012234,64.61521009,55.89103103,67.02836628
1618,518,104.0573648,30.57797339,590,104.061686,30.57805291,414.4702621,,34.65953411,50.49383904,92.96529243,56.09371968,56.59012427,56.09371968,57.09539326,47.59467125,41.3322145,41.3322145,55.92552262,41.3322145,41.3322145,41.3322145,41.3322145,44.30204702,44.30204702,81.31296695,47.67070107,47.67070107,47.67070107,47.67070107,47.67070107,47.67070107,47.67070107,47.67070107,47.67070107,47.67070107,47.67070107,37.81279634,47.67070107,122.8060036,47.67070107,50.96816203,39.11121739,54.75570435,54.75570435,54.75570435,90.42987537,90.42987537,90.42987537,90.42987537,39.40386294,90.42987537,90.42987537,122.8060036,112.7171251,104.1600659,72.74066757,47.8746399
1619,518,104.0573648,30.57797339,989,104.0574511,30.58122199,360.1340311,,27.52616798,55.64302626,31.97244173,55.64302626,60.16160148,57.81415884,58.96452584,58.38367631,57.74174027,38.87503784,57.11376705,43.75081593,49.54710236,36.21459531,35.48766,28.93934178,34.78933395,54.32189295,36.0927738,37.49768654,44.29894687,61.01094174,44.29894687,44.29894687,37.57920325,49.41177077,55.85878983,61.29940955,55.88286689,57.74977782,57.74977782,57.74977782,57.74977782,57.74977782,44.65496597,44.65496597,43.50612456,44.36210477,43.92994534,44.36210477,37.9564098,30.60319536,42.18489736,36.16408681,36.16408681,42.94173376,52.84575457,39.54030026,32.03451318,38.0758447
1620,518,104.0573648,30.57797339,1131,104.0568157,30.57426532,414.3223762,,41.47063635,41.47063635,41.47063635,41.47063635,41.47063635,41.47063635,38.80903437,41.47063635,42.89380429,43.64265739,43.64265739,43.64265739,94.88298692,39.92399771,32.92628155,39.59019388,39.59019388,39.59019388,39.59019388,38.79221208,49.28063505,43.41190069,43.41190069,43.41190069,39.42450805,43.86942807,43.86942807,73.47588938,43.86942807,43.86942807,36.82865566,40.04189408,38.36811715,39.187141,38.77330442,38.97912433,38.87594196,38.97912433,40.6056725,79.76259649,42.37387938,51.36227804,51.36227804,51.36227804,51.36227804,36.00870437,36.02803271,36.02803271,36.37952572,46.12122926
1621,519,104.0901351,30.58874098,546,104.0819113,30.58936486,791.542227,,126.226003,126.226003,126.226003,126.226003,126.226003,126.226003,126.226003,231.6708957,97.25433506,97.25433506,97.25433506,97.25433506,97.25433506,130.1165305,130.1165305,186.4483327,153.2703909,168.2392335,153.2703909,87.81362149,87.05352396,96.59498363,115.6004875,105.2466119,110.1808417,110.1808417,110.1808417,146.3810967,103.4946253,76.19123041,79.59642506,79.59642506,79.59642506,79.59642506,79.59642506,104.3791948,90.31860593,90.31860593,90.31860593,87.14226352,189.9701345,176.4428494,176.4428494,176.4428494,53.36239733,73.06543634,73.06543634,69.50126871,71.23880043,70.79632341
1622,519,104.0901351,30.58874098,755,104.1074639,30.58994089,1666.817721,,202.4930415,211.5272663,179.1207103,179.1207103,179.1207103,181.5595702,184.0657606,262.893485,315.8180945,286.9357464,300.6849381,293.6494899,297.1255729,293.6494899,239.0654899,263.5610479,239.0654899,212.2208239,190.7963051,170.8339871,162.3413945,166.4794533,166.4794533,171.3370228,176.4865822,206.5591668,190.3423884,198.1194815,194.1530854,196.1162307,194.1530854,194.1530854,133.3454177,158.104077,144.2438412,144.2438412,144.2438412,144.2438412,144.2438412,144.2438412,144.2438412,144.2438412,144.2438412,193.3580171,165.2283743,174.4344127,174.4344127,174.4344127,258.3657178,230.6238307
1623,519,104.0901351,30.58874098,850,104.0896175,30.57092933,1974.658957,,104.5407683,104.5407683,104.5407683,104.5407683,123.6308217,179.2880768,151.2504733,131.5221507,146.5726236,146.5726236,146.5726236,146.5726236,146.5726236,94.09361013,117.9389837,157.9727166,89.0265779,113.8770083,99.93002629,113.8770083,125.1544409,119.2496917,122.1307376,122.1307376,122.1307376,146.0456548,133.021877,139.2298631,136.0550916,137.6241706,136.0550916,132.318733,128.7821059,108.1182091,117.5489416,112.636518,115.0403114,113.8257252,114.4297954,114.4297954,119.7282658,125.5412317,103.4003236,114.2889428,170.8839482,236.5648002,90.44239498,177.1288766,177.1288766,177.1288766
1624,519,104.0901351,30.58874098,941,104.0946732,30.59714389,1027.908899,,150.8857099,145.6162139,145.6162139,140.7023588,144.2679156,144.2679156,144.2679156,402.2252213,178.5511236,178.5511236,178.5511236,144.2679156,159.5890905,158.1398306,158.1398306,158.1398306,158.1398306,158.1398306,158.1398306,178.9396536,191.5358197,191.5358197,191.5358197,378.8879218,114.3886255,130.1837128,117.6620679,145.6878754,96.24114529,171.7156397,222.2505728,173.7310815,195.0182891,183.7602501,183.7602501,183.7602501,112.3056764,251.0496633,255.204968,224.9527074,112.4763537,155.4820183,152.7017347,152.7017347,152.7017347,199.4863631,185.293822,185.293822,185.293822,156.4681622
1625,520,103.9693913,30.69601607,234,103.9658337,30.698067,409.608127,,68.34712664,40.64468735,61.72735104,34.79035643,53.81712618,53.64337255,44.93130473,41.5048432,42.31151223,44.90778609,44.01143145,61.06749868,49.40773387,46.61293447,47.69028682,50.89789605,48.78486548,54.56389481,52.45187734,55.91598167,50.15350945,47.68018723,46.92294886,44.99128168,36.65852721,60.93344038,61.0659181,50.78952666,41.96127836,54.0802906,45.17217713,61.18627623,58.51544671,62.61525508,62.61525508,68.307551,65.33765748,66.78960542,66.05565371,91.18820454,66.32335491,67.02678442,99.63440927,37.05663185,76.27185814,49.70804845,45.96216161,44.293242,45.93978788,48.1596818
1626,520,103.9693913,30.69601607,601,103.9713678,30.69065935,623.155329,,98.17764483,98.17764483,98.17764483,98.17764483,98.17764483,98.17764483,98.17764483,98.17764483,98.17764483,98.17764483,98.17764483,98.17764483,108.3748398,105.6319804,104.3119644,104.9678226,104.6388658,104.8030861,104.7209116,104.7414431,104.7517119,104.7465773,104.7491445,104.7478609,104.7485027,104.7481818,104.7483423,104.748262,104.7483022,104.7482821,104.7482921,104.7482871,104.7482896,104.7482884,104.748289,104.7482887,104.7482888,104.7482887,104.7482888,104.7482887,104.7482887,104.7482887,116.1860605,150.5610191,130.4278596,139.7731579,137.3134925,134.9388983,134.9388983,132.8414025
1627,521,104.0645697,30.71476468,749,104.0643009,30.71280217,219.0246148,,29.38466882,36.56052302,24.5635082,36.56052302,36.96040375,31.24789749,21.60242776,27.28334302,19.56547427,20.53355764,20.03783007,20.28266529,20.15950433,20.22089728,25.29487281,35.25284411,33.76824896,26.37085663,33.76824896,42.62100612,25.64190612,50.22220467,33.94999411,40.51322355,37.07626708,37.07626708,37.07626708,37.07626708,37.07626708,37.07626708,37.07626708,23.8574467,37.07626708,44.99221759,40.65247416,42.71239525,40.65247416,40.65247416,37.96895408,39.26491694,37.96895408,21.06850002,21.06850002,21.06850002,20.74970035,22.93785057,26.10889448,28.41400408,37.76286462,28.77695669
1628,521,104.0645697,30.71476468,1145,104.0659756,30.71997839,593.3162441,,92.14574973,105.3483837,78.9626055,79.55078133,79.25560218,79.25560218,79.25560218,62.09123485,51.30356635,90.41009434,102.9367942,201.5036301,136.2640178,148.26471,155.0942394,148.26471,112.030866,90.02901913,88.99743662,134.4565589,182.5588443,149.0189637,102.0584939,128.2075918,66.3850343,104.5165626,105.972028,107.4686027,114.5889742,65.7971037,83.59428516,73.63559428,83.59428516,90.06460841,97.62058861,120.902178,161.2029041,92.92460751,115.2336751,92.13250089,151.6386343,111.5372574,78.67176717,77.95395908,77.24913124,112.8136521,71.9171205,79.94779084,190.1428913,84.59162292
1629,521,104.0645697,30.71476468,1354,104.067618,30.71452282,293.1300936,,38.65451784,48.49021652,48.49021652,65.03965097,48.49021652,48.49021652,45.42044493,46.90515804,46.52495367,46.33715353,46.43086369,46.38396128,46.38396128,44.03066774,60.46050411,42.55114262,42.55114262,42.4512908,42.4512908,38.54274857,38.54274857,38.54274857,43.75076024,38.53353342,49.31160453,42.32359641,49.31160453,53.84022127,53.84022127,59.55238922,56.55242963,56.55242963,56.55242963,45.19350479,57.35154005,46.08158677,51.1025829,48.46238057,50.49130799,49.45604391,50.49130799,39.31700212,44.90503562,40.53527543,42.3802545,42.3802545,42.3802545,42.3802545,45.08730344,71.30191466
1630,522,104.0712971,30.71726067,421,104.0723412,30.71409949,364.3413238,,44.61322332,38.95927026,28.01129238,26.51094019,35.71973763,54.19953577,40.35625601,47.08410953,38.79906262,51.06263037,53.37248284,35.67237846,37.37378581,31.53649666,39.1093184,31.55450071,52.57029121,55.76652915,40.57629592,30.11776729,35.64208602,35.85084482,42.31060534,43.43141608,31.75856575,36.30806272,52.57029121,48.57434555,48.01972462,51.09714082,37.42164809,36.36507361,32.35593625,60.4553301,37.31518537,39.07533562,40.81832259,58.48026343,40.51362983,36.81334391,43.38831511,34.56202281,51.6500483,52.16952332,48.45919084,42.18798207,44.33050328,42.9740293,74.95021518,38.98637339
1631,522,104.0712971,30.71726067,1145,104.0659756,30.71997839,591.9293834,,79.49171575,46.67049823,54.73319641,54.73319641,54.73319641,54.0506222,54.0506222,54.0506222,51.80056591,51.80056591,51.80056591,51.80056591,41.57942986,55.42121665,74.47139523,63.54934694,74.47139523,68.57822176,76.01471274,55.42121665,82.27589885,55.17011729,55.17011729,55.17011729,44.30240707,55.17011729,49.1425951,62.02623551,40.09305325,42.79007591,42.79007591,51.67181814,52.13960803,52.61594519,82.0383361,50.28780602,48.65173014,45.53302949,40.2499203,42.79007591,42.09275615,41.41779942,57.39921294,49.55687861,40.65397355,39.60865763,65.76993149,43.74535859,48.06870504,41.40438692
1632,522,104.0712971,30.71726067,1152,104.0717722,30.72101788,418.892414,,61.55153838,20.06670247,73.13349614,20.56614648,35.74901676,22.2584899,22.2584899,22.2584899,24.91553392,23.87985258,45.4905789,23.7015747,22.2584899,69.23841554,19.06463578,42.47923072,37.23488124,46.06377061,41.18143548,90.84413798,48.76792747,22.65984508,30.94240915,19.9209074,65.99617901,26.76945604,20.60126626,23.84209787,62.31457398,92.80078095,22.65133594,46.17543324,50.56203488,42.4892047,34.87070486,29.56887628,23.17642454,30.6444359,87.67515642,27.77187275,54.7704367,45.19518552,54.57223247,49.44303903,58.45010428,40.83066852,43.3285102,25.28808313,83.44134606,18.36799867
1633,522,104.0712971,30.71726067,1319,104.0739313,30.71549927,318.9586978,,48.19089384,33.4206887,39.01966909,43.49436788,54.87461468,58.68405342,74.92667616,71.31995727,52.9962144,40.21896014,40.21896014,40.21896014,40.21896014,47.44840133,43.53559477,45.40786207,44.45202273,44.92485877,44.68719001,44.74637113,44.74637113,44.74637113,43.49436788,43.49436788,24.56152539,43.49436788,43.49436788,54.67863391,44.62116498,44.62116498,44.62116498,32.074059,77.58454811,93.35376521,77.58454811,77.58454811,46.6768826,58.28686863,51.83978836,54.87461468,51.83978836,39.18946458,51.83978836,133.0020825,74.60214262,95.58803847,74.60214262,33.18645411,33.18645411,27.93798813
1634,523,103.9942331,30.65221712,631,103.995507,30.6497011,304.4017252,,47.40192024,53.79706484,48.51023509,43.44286266,52.39105389,52.39105389,60.02287538,55.94790112,61.00744388,58.15435944,70.09677256,55.5562084,55.5562084,42.04013596,38.45074424,73.54672555,117.412094,97.66900274,53.84993664,57.05056196,66.97303045,60.65569431,60.65569431,60.65569431,50.73362087,74.04366289,66.28102082,66.28102082,66.28102082,66.28102082,81.60556887,81.60556887,81.60556887,150.8045244,78.7245841,114.4486904,96.12686059,47.4392299,129.6859421,94.46950092,94.46950092,94.46950092,127.9197911,71.15884485,89.8234599,71.15884485,60.79590628,71.15884485,74.29465835,74.29465835
1635,523,103.9942331,30.65221712,937,103.990711,30.65129124,352.7578063,,48.05782792,51.9397997,44.71577826,38.54106533,38.41282827,28.41002467,36.65016169,33.72983008,33.1213589,50.84797208,32.53445182,35.22685444,35.22685444,49.93818729,35.52246441,39.80965839,39.80965839,42.54365503,39.80965839,38.13597906,58.86109398,36.59735166,56.82004934,39.24072932,42.29569035,28.66654859,33.29648932,31.9478768,42.33093676,36.80951022,26.84837426,28.61809809,31.29415787,39.89302941,34.52231735,37.01386559,53.65893391,27.48762127,32.17043959,33.89864805,35.82307765,32.96801928,46.01188778,40.54687429,32.77233813,37.62749934,41.54617566,38.18694595,32.56225904,28.94972878
1636,523,103.9942331,30.65221712,1640,103.9990462,30.65355107,484.3072559,,49.74339861,57.17516215,54.9735134,56.52868388,64.90819066,49.32589931,70.64091654,71.43077316,52.78781509,55.46679071,87.06075244,73.31817162,65.63242707,46.4384584,64.44793228,56.17418031,48.88334919,69.32429906,50.73695062,70.04845807,81.06314493,76.61658319,75.6401788,72.88748926,108.382063,78.47739479,55.39864391,55.78408184,40.54665398,64.51142415,58.0491467,59.9142997,58.08460148,72.30714863,73.69893024,53.26393446,87.83406152,67.03078976,69.21726992,77.63704101,122.4550195,69.08231801,75.57712429,64.09948975,52.71137126,75.25355817,53.45835677,68.86225115,88.05586471,116.3815275
1637,524,104.0555066,30.6273915,1765,104.057619,30.62742855,202.500837,,39.72768464,29.25649486,32.15101059,38.6738999,38.6738999,38.6738999,38.6738999,22.81699572,26.60594939,52.44625994,35.30280936,42.19988499,38.44445686,39.31922539,39.77170987,39.54417328,39.65761519,39.600813,39.62919374,39.62209474,39.61854619,39.6203204,39.61943328,39.61987682,39.61965506,39.61976595,39.6197105,39.61973822,39.61972435,39.61973128,39.61972782,39.61972956,39.6197287,39.61972913,39.61972891,39.61972913,39.61972913,54.0002232,45.70551815,49.50784477,47.5307589,48.01007708,48.25337978,48.13142096,48.19232322,48.16185282,48.16946681,48.17327471,48.1713707,48.17184667
1638,524,104.0555066,30.6273915,1883,104.0490458,30.62897379,643.5875973,,71.22395789,111.1230384,91.5574447,92.4534505,109.1383089,133.7839679,81.94218745,111.9282778,108.4899611,90.97835144,86.4452024,80.03161832,98.43297435,94.8583562,85.58860919,115.2273351,114.6987797,93.11113264,78.21075312,94.11978402,122.6546744,105.2299251,102.5761444,81.76506596,123.1058565,76.52075396,99.43842705,105.3143341,85.79049679,74.40124002,107.6300101,86.45206531,86.45206531,86.45206531,108.5206253,191.4806075,145.7179466,165.4939536,154.9776154,160.0632366,157.4793781,160.0632366,185.353228,171.7824171,171.7824171,171.7824171,168.3753774,147.5742261,308.9220467,242.6089372
1639,524,104.0555066,30.6273915,1885,104.0561246,30.63192746,506.1965775,,53.99049275,58.34225587,51.71297213,62.46018207,65.21460889,66.62916559,61.09031813,63.35313511,63.58795367,74.73068194,99.71587847,78.11749993,93.13596075,85.83419656,62.26241487,72.17900873,53.46777795,89.90171085,91.16603174,68.33290322,74.17806019,68.03886792,75.31975529,92.79733566,76.9447296,62.99826401,101.4995708,68.56729327,71.77337859,62.14585475,67.37944358,79.1925114,67.95693477,65.50905168,141.5384605,105.5798192,69.65342299,73.26764317,77.9811331,98.94883323,53.50286785,77.17678826,69.88715931,73.16122409,90.77267082,74.94924762,70.34428097,79.21354832,67.78254601,90.15746093
1640,525,104.0989873,30.63221536,561,104.0983272,30.63112623,136.2816524,,18.14568465,28.69087419,28.69087419,28.69087419,34.79531551,61.48044469,33.07509767,24.67167845,9.345027593,38.13061776,35.72431666,16.91772237,41.42699205,36.07455505,21.90240842,25.82178677,21.31250863,17.30560665,19.10118546,42.53878169,26.5196729,15.14240582,27.15074425,32.23481923,35.42338979,23.12398815,22.27026549,26.68192787,23.78013686,28.62391766,31.21615791,26.09648663,28.11541253,27.06835579,25.61952734,34.30866774,29.33416733,34.30866774,34.30866774,48.57563848,40.00929245,33.07509767,31.65251282,76.26123554,55.93318633,50.94952429,47.86477548,28.9875302,32.92711065,39.07050785
1641,525,104.0989873,30.63221536,1372,104.100512,30.63473368,315.0380857,,37.80457028,32.68406653,35.05833411,28.7852058,45.85460008,60.75734509,52.26438288,56.19176426,55.15560406,54.65172294,54.90250739,54.65172294,54.65172294,46.96219911,37.93100697,41.96622048,41.96622048,41.96622048,61.63788633,49.93449019,49.93449019,27.69565589,35.62967551,31.16563974,33.24848836,32.17338931,32.7021051,32.7021051,37.69095756,52.02463801,44.47596504,47.95505744,47.95505744,47.95505744,80.62586078,80.62586078,87.24131604,83.80323464,85.48772173,83.80323464,83.80323464,52.31259726,43.02492824,25.28733798,66.32380752,48.57118238,38.31544286,38.31544286,25.71739475,32.31159853
1642,525,104.0989873,30.63221536,1458,104.1024174,30.63033867,389.0097565,,49.12083912,42.82676218,41.61768569,45.17532656,49.57292472,35.38686351,61.8179933,46.6410077,52.49991091,54.27341908,76.9469848,76.9469848,76.9469848,76.9469848,76.9469848,65.13651737,70.55088783,65.13651737,66.1206385,67.13495318,49.78439827,57.17228509,51.01767298,51.32932646,51.01767298,51.64481094,44.81392395,47.9874971,46.34644644,47.9874971,47.9874971,53.70796255,50.68683903,52.15368604,52.15368604,52.15368604,71.54202418,71.54202418,71.54202418,72.93932934,71.54202418,48.14559943,41.37943116,44.50682684,44.50682684,48.48679897,53.24848378,39.11829954,82.37853667,64.5361808
1643,526,104.1458357,30.65918716,89,104.1485968,30.65835293,280.2382615,,23.43455845,23.43455845,23.43455845,23.43455845,23.43455845,23.43455845,23.43455845,23.43455845,23.43455845,23.43455845,23.43455845,23.43455845,23.43455845,56.99761251,29.89208123,41.50254679,41.06612244,31.77504697,31.77504697,31.77504697,31.77504697,44.49207239,31.77504697,31.77504697,31.77504697,31.77504697,31.77504697,31.77504697,31.77504697,31.77504697,31.77504697,31.77504697,31.77504697,31.77504697,31.77504697,33.96827412,32.83507702,33.39206426,33.11122844,33.25105338,33.11122844,56.76852243,33.11122844,35.86916898,51.21105286,39.12828991,44.77179326,41.86131707,43.26766582,41.86131707
1644,526,104.1458357,30.65918716,404,104.145429,30.65737253,204.8524914,,20.88654149,23.78932158,20.86684185,23.74336668,28.82990497,41.02748089,23.80211842,31.74184946,21.14000198,20.35612044,22.35685987,22.41121273,20.24419373,28.5471859,23.23082084,24.7967371,24.8864669,24.83060502,24.80972141,37.32838818,25.56218264,40.18904463,31.75945447,26.9641305,28.72323151,27.51749884,24.15291384,29.68855344,30.40325562,29.54584746,26.01918114,30.27163135,30.29348952,30.28255649,30.28802202,27.11121881,23.8616247,28.74061967,36.32852064,30.28614302,29.55049242,26.35828227,30.15461913,29.15587478,32.55933638,28.6943604,33.54673097,39.72896803,34.0763482,26.43257954
1645,527,104.0438563,30.58467107,635,104.0477918,30.58475741,377.4880952,,38.5930321,39.120326,37.24884,34.35258777,22.57403892,27.1017094,72.47771428,72.47771428,72.47771428,72.47771428,72.47771428,72.47771428,72.47771428,72.47771428,72.47771428,72.47771428,72.47771428,72.47771428,72.47771428,72.47771428,72.47771428,72.47771428,72.47771428,72.47771428,72.47771428,72.47771428,72.47771428,72.47771428,72.47771428,72.47771428,72.47771428,72.47771428,72.47771428,72.47771428,72.47771428,72.47771428,72.47771428,72.47771428,72.47771428,72.47771428,72.47771428,72.47771428,72.47771428,72.47771428,72.47771428,72.47771428,72.47771428,72.47771428,72.47771428,72.47771428
1646,527,104.0438563,30.58467107,898,104.0442832,30.59070038,669.4787115,,40.86933995,42.70744291,35.81163984,34.20231828,33.58588854,31.73302648,68.49373674,38.72720988,48.82086485,48.82086485,48.82086485,48.82086485,50.14821809,45.77839235,42.35717683,43.09288258,41.41105432,43.09288258,45.66068888,45.42260387,49.21967382,49.21967382,67.35951262,51.55344089,54.11953656,42.03703538,42.29523302,35.67910232,42.55662204,43.24384022,53.79453748,90.94805137,71.15505496,48.42939352,35.75850685,36.70611272,43.37354579,47.25732081,38.84945978,33.7867761,65.76052828,51.81389576,38.2255886,79.10689369,48.9034162,47.90704048,46.9504551,35.86937906,40.66860766,38.11852824
1647,527,104.0438563,30.58467107,1125,104.0438871,30.58089298,418.7348423,,39.10364286,38.54911021,38.54911021,24.08059796,24.08059796,24.08059796,24.08059796,26.53174712,29.5384474,38.21154454,33.31984746,35.59843587,35.30317172,35.30317172,35.30317172,35.30317172,35.30317172,35.30317172,35.30317172,30.52023821,33.39982494,24.85482988,28.50062263,26.55316725,27.49245061,26.68045013,26.68045013,26.68045013,26.68045013,26.68045013,26.68045013,37.59215542,35.57393351,33.76137586,56.45863042,39.4103381,46.41864303,42.62836146,44.44283567,43.51669268,43.9748884,43.85943726,43.80193873,43.80193873,43.80193873,27.03937995,25.49231284,31.40511317,31.74906134,30.43294951
1648,528,104.1084768,30.57090281,205,104.1502536,30.57428621,4023.798886,,916.8149361,143.3515684,143.3515684,174.7894539,196.0172664,175.9037764,159.5192364,147.2495653,143.3515684,143.3515684,143.3515684,143.3515684,143.3515684,143.3515684,228.1208817,143.3515684,143.3515684,143.3515684,143.3515684,152.0406821,143.3515684,163.2188844,143.3515684,143.3515684,143.3515684,143.3515684,143.3515684,143.3515684,143.3515684,217.5843183,143.3515684,143.3515684,150.3443279,143.3515684,159.3583717,150.9317634,160.4727659,160.8123614,153.9851947,153.4677388,153.7260313,153.6613767,153.6290698,153.6452216,153.6371453,153.6411833,176.0286886,153.639669,153.6399214,153.6398583
1649,528,104.1084768,30.57090281,850,104.0896175,30.57092933,1808.60053,,406.9351193,256.2109949,256.2109949,100.6331052,139.2719125,102.2931957,73.695098,73.695098,73.695098,73.695098,73.695098,73.695098,73.695098,73.695098,73.695098,73.695098,73.695098,73.695098,73.695098,73.695098,73.695098,73.695098,73.695098,73.695098,73.695098,73.695098,73.695098,73.695098,73.695098,73.695098,73.695098,73.695098,73.695098,73.695098,73.695098,73.695098,73.695098,73.695098,73.695098,73.695098,73.695098,73.695098,73.695098,73.695098,73.695098,73.695098,73.695098,73.695098,73.695098,73.695098
1650,528,104.1084768,30.57090281,1150,104.1082206,30.5804885,1062.645007,,56.25767684,43.21647114,45.25905975,54.59669289,58.22712367,62.71347582,49.88862369,45.47763757,46.90295203,46.90295203,46.90295203,44.76039811,51.16044166,43.31188254,50.38553869,47.41158203,42.79107411,44.98298846,43.85966279,43.01964605,45.7393158,46.42623817,45.54785958,45.54785958,45.54785958,46.87780685,46.20326466,46.53809161,43.29962677,51.88405763,46.37007372,43.95383495,42.50580028,43.29962677,46.64204252,45.40678962,43.60811656,44.02211767,45.96666737,45.92291136,46.32719025,46.71036684,45.04059204,45.92738687,48.9533689,50.83201225,48.22593161,49.18438856,49.18441305,49.18440693
1651,529,103.9863879,30.71780493,493,103.9810702,30.71328192,714.5698479,,50.3686221,50.3686221,138.3038415,116.6380164,154.966955,58.26617106,164.1117354,117.6701931,159.2233007,95.62923973,144.5197445,161.7893995,161.7893995,72.15852602,105.2845069,155.9061486,97.32625662,94.90252073,78.79876817,108.0861955,110.6878023,103.7633863,78.33821246,76.05177982,189.1508421,64.96089526,164.9007341,107.8355326,105.2019815,107.9554859,102.9959042,100.8804491,125.4816021,120.8060399,79.93566012,88.35631047,124.0459605,171.6875275,101.4312068,156.8184882,167.3139156,140.08764,215.267904,79.29875008,139.3964988,173.8142873,165.6866103,109.4660193,157.3364803,194.3420799
1652,529,103.9863879,30.71780493,646,103.9826104,30.72083812,493.8147888,,134.4221731,153.6945164,99.42067496,69.1724996,78.88120399,73.70852495,76.20718947,73.70852495,49.57081184,97.14389288,48.97336748,211.6349095,88.97007143,90.0118096,45.35033775,105.3992039,109.3989686,208.0958642,120.2186468,73.23308917,61.51326089,65.84197184,57.2078275,57.2078275,53.99634507,43.08611827,51.12626408,58.50212224,191.1541118,104.7265531,162.1033349,189.1205574,116.7002127,160.8808362,87.00162675,78.19940938,209.9684929,123.8838495,125.6348579,102.168577,127.4360745,88.24488101,77.20882691,57.30002384,77.20882691,119.7126761,97.81200769,97.81200769,97.81200769,128.8212493
1653,529,103.9863879,30.71780493,673,103.9922205,30.71446713,669.9234775,,136.7707667,162.7710586,96.2764279,92.85784245,96.31487696,131.8991113,100.5184378,133.3672545,57.43910733,74.14986992,72.09938771,55.15378318,63.49214004,45.01165582,92.09273404,88.06505806,118.6742519,90.55286055,124.1557024,50.64520199,83.03956656,66.73283118,116.8848717,74.34088526,83.90691667,48.13821395,76.04536773,79.33304339,65.09377919,119.5106303,127.7084267,129.5630978,95.05670965,43.5722587,93.89361307,177.0073041,92.75863535,123.6781805,88.51989426,67.61212557,114.0834683,50.33298883,84.91987743,76.01569191,83.74043469,144.4146419,65.64301903,86.89120068,97.7395955,82.31141703
1654,530,104.0350245,30.69048312,420,104.0364018,30.69170185,188.8040849,,42.29211502,15.97027034,24.29650422,33.60072697,33.78204302,20.73820612,33.56517065,20.33492014,57.35820301,32.59926646,14.11704197,27.03160562,30.47958321,17.02073553,15.48906758,18.96845056,21.16110541,47.42056087,24.94292498,18.1574721,19.54393722,21.01065551,16.8619994,16.57791965,17.48410818,36.83982144,17.0820484,17.94810419,31.39467463,18.85422207,24.13933505,26.3959109,21.64632821,78.12582823,13.49939832,24.31823634,42.12983714,29.48783972,31.00089877,25.33810645,59.88499609,24.36181741,27.50408521,18.29595439,19.01243932,27.79937446,11.74926025,18.52326065,31.37052487,18.32061201
1655,530,104.0350245,30.69048312,1175,104.0328362,30.69206439,273.2144727,,55.25685965,55.25685965,55.25685965,78.06127791,64.7086909,70.76058286,67.59945716,69.14390873,68.75121725,68.55653944,68.65374033,68.60510545,68.62941425,68.62333544,68.6172577,68.6172577,62.91505982,68.6172577,118.5026629,85.52800885,85.52800885,85.52800885,54.64289454,66.68285435,60.06547186,63.20142019,61.59355627,62.38713034,61.98780355,62.38713034,62.38713034,86.27825454,86.27825454,94.57424055,90.23597263,92.35418795,90.23597263,90.23597263,57.18442452,70.76058286,70.76058286,70.76058286,107.6903761,66.53249844,82.24993187,73.56101729,75.55647098,76.59535331,76.07236544,76.59535331
1656,530,104.0350245,30.69048312,1369,104.0331073,30.68902882,244.3404887,,24.03349069,18.70748106,25.17532225,22.63894093,20.53600995,20.62773975,36.49899416,30.16549243,21.33978067,30.24501179,46.78860422,22.76857013,22.05189926,25.49639882,20.13641571,25.60773681,22.95174845,20.69707669,24.46803225,20.40106129,18.54446436,21.70575594,21.76079558,21.81611506,26.33610058,19.85611195,23.69362315,39.80207056,24.29905412,24.20710724,20.57604115,24.11585358,20.61220291,18.54446436,23.65857341,17.59838131,18.27899292,20.85656809,26.82954385,24.90950409,23.24592387,21.60357984,32.88644122,24.68691835,22.62079469,16.03693271,27.21193378,18.39121958,26.78519365,15.12684023
1657,531,104.090725,30.70306401,576,104.0896026,30.70302465,107.5830727,,16.58668359,16.58668359,16.58668359,16.58668359,17.74566148,17.14661037,17.44099349,17.29254915,17.32942283,17.34791871,17.33866584,17.34329104,17.34097813,17.3415563,17.34213451,17.34213451,18.39900531,17.85494399,18.1228923,18.05515408,18.02147452,18.03829858,18.02988262,18.03408962,18.03198588,18.03303769,18.03251177,18.03277472,18.03264325,18.03270898,18.03264325,18.03264325,17.48528495,17.48528495,17.48528495,15.71192948,16.55124195,16.12066854,16.33311805,16.22619792,16.33311805,28.90291505,20.8716234,24.23933107,22.42977102,23.29946886,23.07578225,22.96554187,23.02053008,23.00675835
1658,531,104.090725,30.70306401,824,104.0921312,30.70228545,159.9451335,,30.14672673,27.03298031,27.03298031,24.50223322,27.03298031,36.12311673,27.03298031,25.03489046,25.03489046,23.67122222,31.26933565,41.12874861,19.55186691,29.04426132,29.04426132,20.63808174,29.91181717,77.11640365,33.28338038,27.66064758,19.61848316,23.66311564,29.68054024,31.63749893,36.91041542,33.87073415,19.61848316,41.48432857,25.08943271,43.78726088,27.00128866,27.00128866,27.00128866,18.0502345,40.74074156,31.37888178,37.83196325,37.83196325,37.83196325,34.11825877,30.62779152,30.35865451,27.22470357,26.93812775,26.65752225,22.01921532,24.31598313,19.51872816,28.84059507,55.54364763
1659,531,104.090725,30.70306401,1248,104.091716,30.70476829,211.3874654,,35.13365076,32.17737317,33.43562722,32.48644079,41.13485813,39.50398419,38.56392951,35.48588834,29.41042997,22.51464129,22.51464129,22.51464129,22.51464129,24.08211631,25.88417944,25.88417944,26.72501757,26.29787906,26.50972786,26.50972786,26.50972786,29.78453524,27.44796665,27.44796665,27.44796665,27.44796665,27.44796665,27.44796665,27.44796665,27.44796665,27.44796665,27.44796665,27.44796665,27.44796665,27.44796665,27.44796665,27.44796665,28.7710728,27.44796665,24.57795318,22.25131215,21.16814674,17.96918242,19.43792785,18.67472087,19.04868274,19.04868274,19.04868274,26.89027828,24.38109333
1660,532,103.9616424,30.62666907,174,103.9663699,30.61838763,1023.613396,,110.3295876,96.97390067,110.3295876,129.072092,156.8088607,95.63170136,180.2841598,153.8625564,106.8118326,102.6178843,106.4262303,191.5284941,185.8433543,98.2406885,101.347861,100.3178283,101.347861,99.93242646,99.93242646,161.9783835,121.4837877,127.7299212,121.0978714,110.1646704,155.594999,205.1024986,151.2573925,110.4949993,196.9088365,161.5444424,171.1063338,151.9591021,156.9542337,153.8625564,133.0327879,161.1284751,142.9336524,295.8525782,206.2985711,137.7573168,112.4764052,179.1012503,147.204057,134.6326647,105.5951924,212.1885734,98.04899936,135.4782436,138.9811593,117.403687
1661,532,103.9616424,30.62666907,751,103.9670978,30.62927127,597.146254,,78.81673747,76.36683888,57.47931857,57.47931857,57.47931857,89.75893588,70.08073397,78.70852227,76.35836215,74.14447991,74.14447991,67.95763481,70.91637585,70.15279734,69.77714132,69.96446509,69.87067765,69.91753991,69.89410093,69.91753991,72.17307242,71.02740411,72.17307242,72.17307242,79.91548381,75.84720566,77.8282162,76.82494243,77.32332509,77.07332808,77.19812418,77.13567567,77.16688729,77.16688729,77.16688729,152.1032911,102.3886979,122.3901624,111.4995365,116.6912989,114.0363566,114.6887015,115.0176807,114.6887015,112.6179119,89.5719381,98.98970901,104.4824551,104.4824551,159.2390011
1662,532,103.9616424,30.62666907,839,103.9586125,30.63198082,656.4404604,,67.71305609,67.71305609,67.71305609,67.71305609,67.71305609,67.71305609,67.71305609,67.71305609,67.71305609,67.71305609,67.71305609,54.38862273,60.32382023,58.72180543,57.95228833,58.33450923,58.14277062,58.2384821,58.19058701,58.2025534,58.20853843,58.20554576,58.20704206,58.2062939,58.20666799,58.20648094,58.20657445,58.2065277,58.20655109,58.20653939,58.20655109,58.20655109,69.50546051,63.35618847,66.28852027,64.78919231,65.53028129,65.15762962,65.34342414,65.25039463,65.29687624,65.28524964,65.27943788,65.28234363,65.28234363,65.28234363,66.17763903,66.17763903,66.17763903,61.586951
1663,533,104.023712,30.64367064,1275,104.022218,30.64263573,183.4471189,,17.84890887,17.84890887,17.84890887,17.84890887,17.84890887,17.84890887,17.84890887,17.84890887,18.99093107,20.28908227,27.66113625,23.40840507,25.3577011,24.84056197,24.58982238,24.71455622,24.65203152,24.68325428,24.66763302,24.67153648,24.67348868,24.67153648,24.67153648,22.46291252,23.51547869,22.97714761,23.51547869,23.51547869,29.22166496,29.22166496,47.68300563,36.23646793,36.23646793,36.23646793,25.5972724,36.23646793,36.23646793,37.0323156,36.63006949,36.83009428,36.72980957,36.72980957,32.62876626,29.35153902,19.42381259,23.37733197,22.24537694,21.71953556,21.97931159,21.91378675
1664,533,104.023712,30.64367064,1771,104.0221269,30.64526787,233.2586384,,26.64227161,26.95765965,40.37168742,29.33558422,29.33558422,29.33558422,25.9476585,23.26124926,23.26124926,23.26124926,73.0200955,35.28281925,47.57683276,43.7644872,42.07860185,42.90498985,42.48777792,42.69536468,42.59131835,42.61728236,42.63027624,42.62377831,42.62702704,42.62377831,42.62377831,26.78568096,32.89773294,29.52874581,31.12233184,30.30460336,30.70802471,30.5049803,30.60616576,30.55548927,30.58080652,30.56814265,30.56814265,30.56814265,22.63426141,30.56814265,30.56814265,50.12702655,73.70783394,59.6722851,59.6722851,59.6722851,27.24672549,21.42548569,23.98799285,23.29156973
1665,533,104.023712,30.64367064,1815,104.0250489,30.64238503,191.610028,,46.29504032,46.29504032,46.29504032,46.29504032,38.00529481,28.21251946,32.23346265,30.08925194,20.28812061,17.11652856,18.56786274,18.56786274,18.56786274,23.37103509,26.84292639,24.98695407,25.88171004,25.42646289,25.42646289,20.56024145,25.42246072,22.73428511,24.00334409,22.73428511,23.35158533,13.13897335,32.69175833,15.69501936,15.69501936,15.69501936,15.69501936,36.30505794,15.69501936,15.69501936,11.66181066,15.69501936,28.270332,28.270332,28.270332,85.16001244,28.270332,22.99320336,22.99320336,16.56173111,39.93856663,50.35008035,15.29481376,54.74572229,54.74572229,66.32654815
1666,534,104.1203144,30.65880798,74,104.1179738,30.65793984,244.0320835,,55.83784963,40.00829605,37.98301569,31.66772606,52.81656317,41.03614639,46.12638814,43.39241,35.96788129,38.56309468,35.42550009,34.91037777,35.00061755,40.89685193,42.81525437,42.86748402,34.39117891,50.2277935,43.99222161,42.14872338,45.40131786,40.55466823,49.70384728,41.60294398,49.58695205,51.59067537,49.58695205,49.58695205,49.58695205,49.58695205,49.58695205,51.00235127,48.28873796,36.71956115,36.68123176,43.36563558,39.39531393,34.71021338,44.25770784,49.58695205,44.25770784,44.09111672,43.85268723,39.75183261,46.15415534,45.83683691,45.91575674,45.95531868,45.93552919,42.1494757
1667,534,104.1203144,30.65880798,414,104.1214114,30.65498432,436.6127438,,91.03122842,49.52519504,91.03122842,69.75469872,67.37273372,76.84526596,80.19417743,87.81038423,82.94946088,87.81038423,87.81038423,82.72662514,75.96323209,67.32103339,87.81038423,125.7444702,139.5919962,97.02505418,108.2138298,109.4858252,110.1331029,109.8085102,109.970567,109.8894788,109.930008,113.8989766,109.930008,114.6010818,114.5858862,114.5934835,114.5896847,114.5915841,114.5906344,114.5911093,114.5908718,93.00626495,114.5909312,114.5909609,114.590946,114.5909535,114.5909498,114.5909507,122.8030654,114.5909509,114.590951,114.590951,114.590951,114.590951,114.590951,114.590951
1668,534,104.1203144,30.65880798,1356,104.1233143,30.65993161,313.2438909,,55.55064075,51.35535518,48.75566955,37.7781577,51.60997745,37.96363048,59.2086462,65.29153061,30.64342411,49.42568995,55.07724997,44.81157727,44.32696569,37.5579686,52.12436261,48.06939687,85.2364329,55.24824206,58.55057666,53.85281792,57.97442262,44.71918139,40.400466,41.53510156,63.65068713,62.13101968,51.62203638,51.62203638,48.39149111,63.65068713,58.80980481,63.65068713,41.23137138,49.56826405,63.65068713,63.65068713,41.96661835,33.66203007,50.2306462,63.65068713,45.28827338,47.74924518,60.07607587,47.74924518,36.20154116,36.20154116,36.20154116,36.20154116,36.20154116,36.20154116
1669,535,104.1523394,30.63505025,131,104.158009,30.63265017,604.9681706,,52.12746324,75.44637693,52.12746324,69.58100365,73.4531337,53.37954446,73.0451035,63.3720295,51.20420253,60.66533187,74.35435106,41.365345,38.5466445,47.65613598,93.79856427,106.439974,94.86375236,103.4778519,65.07625739,95.27132226,115.9385743,47.37108024,59.6953517,80.25372323,82.37864451,87.11541657,86.68200653,89.25759894,56.13106738,62.0480175,61.34888491,70.48172861,61.09075496,68.41524862,70.08480818,48.34373838,47.14037693,72.42592925,61.26259955,46.10907723,44.3432167,88.5121167,56.16725762,88.55040755,53.16237788,85.33782306,113.7276979,82.59995249,89.0375808,90.70520857
1670,535,104.1523394,30.63505025,382,104.1509475,30.63246953,315.5945741,,51.67630452,77.55225029,61.4129982,45.3096896,77.9704242,64.39662566,77.12451196,79.45038229,76.08083484,101.8544836,55.42148618,54.88601289,65.73131318,85.42409525,48.48640918,81.93320672,55.06335058,56.43081789,66.07489706,103.1412434,94.53513716,83.64224297,81.15289048,64.00791362,62.65480516,57.4388507,67.72819474,59.09004791,53.69283869,85.66563369,87.06057217,77.68481824,62.35677644,57.22319202,60.30469569,63.89991377,87.56381247,59.81260683,89.76279081,101.1829932,68.31872921,90.70981771,60.38448985,55.62924786,87.10825048,49.3974116,90.16987831,122.8259964,79.081703,63.59588395
1671,535,104.1523394,30.63505025,454,104.1506899,30.63573235,175.2294273,,29.55677087,24.29758068,26.72991264,21.86255959,20.92002559,20.92002559,20.92002559,20.92002559,20.92002559,20.92002559,20.92002559,21.91001811,21.40358029,22.70306475,22.16604232,22.43133982,22.28113525,22.35598524,20.57844949,20.98751926,21.18445856,21.06512095,19.00835038,20.00762283,19.49518998,20.37757165,20.24209579,25.01411194,22.37651254,23.64484298,23.01492609,26.52886189,24.47272602,23.2042045,21.15477671,19.03491858,21.22741936,22.69853547,22.67771822,22.68812207,22.75953704,22.36310564,22.36310564,22.36310564,23.07899774,21.62214013,21.75574439,20.50216334,21.11036012,20.95495292
1672,536,104.0479366,30.59092737,427,104.0480615,30.59370278,307.8306456,,71.03784129,40.44490234,38.4788307,29.23213728,31.90567152,43.16823745,45.7929886,38.74791343,31.37571699,48.18218801,36.79657966,47.15703507,38.16739536,37.42147901,23.35490673,26.62958847,38.79485978,32.35592187,36.22265288,33.91760287,37.52337441,27.75238977,55.13384697,35.70967747,25.34405894,24.23772525,25.1453234,25.71599462,24.23772525,34.68514317,56.11090249,24.49941763,28.44338483,35.07739197,32.8422196,27.05964993,29.8162034,32.96943135,31.17272361,32.95584143,39.20484637,28.0129,35.89280402,32.99580234,81.15307497,56.54032266,36.86974515,35.50291873,37.44818323,34.85067877
1673,536,104.0479366,30.59092737,635,104.0477918,30.58475741,683.9539466,,68.53818254,57.59576159,66.96919875,63.10185053,62.25623787,44.12606107,44.12606107,44.12606107,44.12606107,73.06332961,55.02199347,62.77206393,58.64207699,59.6227731,60.12552531,60.12552531,60.12552531,68.88744786,60.12552531,40.9689552,48.73223425,44.51465435,48.73223425,48.73223425,62.02101279,54.57939346,58.06273527,56.26720499,57.15087089,56.70559553,56.92736251,56.92736251,56.92736251,58.81132661,57.85401122,58.32874122,58.09040633,58.20932982,58.14980727,58.20932982,58.20932982,75.70322832,89.09062071,81.85314732,85.31867275,83.54998932,83.98524961,84.20458482,84.09477421,84.12219999
1674,536,104.0479366,30.59092737,898,104.0442832,30.59070038,351.1958333,,31.72659975,25.07297967,20.72631147,28.05669903,50.31604558,31.84647355,33.51371769,55.81920529,36.20575601,27.27734628,35.61422535,35.61422535,35.61422535,28.09566666,28.74509284,28.74509284,28.74509284,31.38855901,49.156493,29.81851415,32.5956816,34.57534183,30.83670731,33.31501976,21.14222408,32.58518041,31.88663304,49.93305687,28.41134831,143.6710227,47.44108818,47.44108818,35.43952347,28.28422819,27.18935484,32.83909091,35.5975129,38.86183402,62.90074626,38.86183402,42.77924714,47.57497648,29.40244186,29.06448276,29.40244186,29.68723217,29.97759336,28.1269188,32.66937984,24.93698225
1675,536,104.0479366,30.59092737,1137,104.0518496,30.59103671,375.3729859,,38.45528499,33.936282,37.65497037,35.91343494,37.51992825,36.74123842,37.15882903,40.5113458,38.57122161,51.5077552,41.18900938,46.43789516,41.87937551,25.83829348,25.83829348,25.83829348,25.83829348,25.83829348,25.83829348,25.83829348,25.83829348,25.83829348,49.22924405,33.88947334,40.14386184,36.75248001,38.37338537,37.54544647,37.95490135,37.74906362,37.85170265,37.80031347,37.82599061,37.81314768,37.81956805,37.81635759,37.81796275,37.81716016,37.81756145,37.8173608,37.81746113,37.81743605,37.81742351,37.81742977,37.81742664,37.81742821,37.81742781,37.81742761,37.81742772,37.81742769
1676,537,104.1029171,30.60286602,407,104.1027248,30.6056882,313.3206268,,62.76375037,62.76375037,58.29220964,70.94051928,52.70814283,47.30690298,58.29220964,58.29220964,34.8672104,62.85326715,40.17646506,43.46644534,42.56431157,34.41508029,52.19493329,57.11160792,47.99805347,53.4575477,50.47657408,50.80875029,71.05223663,39.9275843,60.06146201,43.11134554,57.94378218,57.94549303,34.8672104,60.82225518,59.34858532,59.9335177,45.10447475,49.79930492,67.9490516,87.26918812,38.59552631,57.22932647,48.20317335,50.35392994,70.49714103,47.40950627,68.36099889,35.5821532,50.26153525,43.97482481,68.81973693,60.04411763,59.08577793,58.617989,70.7791244,70.77561405
1677,537,104.1029171,30.60286602,555,104.1003982,30.60263224,242.8644927,,23.09939693,22.11582227,24.698084,27.89986992,25.58338475,26.05026961,25.81471633,27.9607471,28.27023309,28.2614876,27.83694902,29.40511795,29.40511795,29.40511795,29.40511795,29.40511795,29.40511795,32.57294655,36.5057275,43.60659221,48.30453998,45.83550059,45.83550059,45.83550059,36.60762766,40.70512544,38.54779493,39.59709803,38.54779493,38.54779493,23.28394604,29.94219773,29.94219773,29.94219773,67.12569472,41.4120627,51.22297612,45.79798586,48.35881006,47.04357402,47.69212597,47.5283173,47.4468342,47.4468342,42.46584187,37.32389215,38.43130434,102.8602557,55.95597912,63.15573264
1678,537,104.1029171,30.60286602,990,104.10386,30.59804157,542.2734733,,62.51992006,60.15976899,64.21659552,64.21659552,73.57479287,67.5574289,58.53626698,60.15976899,47.67239326,53.89053151,62.91449992,67.72539476,65.51412723,59.73408312,71.50858989,71.50858989,71.50858989,71.50858989,71.50858989,83.69494122,91.49077933,87.41940124,89.40876503,88.4028927,88.90298378,88.65223296,88.90298378,88.90298378,89.85889546,89.37838378,89.37838378,89.37838378,56.58505808,69.29791423,62.29955378,69.29791423,72.9276537,76.95865323,149.4018753,108.7567969,125.8797101,121.1126486,118.8619981,119.9767692,119.4167821,119.6961207,119.6261636,119.5912157,119.6086871,119.6043188
1679,537,104.1029171,30.60286602,1297,104.1066353,30.60300882,356.8069472,,42.81683366,32.49169503,45.57002252,63.9189721,57.18441892,53.94624338,47.05146556,46.82100503,59.46782453,59.46782453,34.62277655,43.765077,38.66079789,39.82189529,40.42899608,40.12314932,40.27549207,40.19917635,40.23729802,40.22776083,40.22299393,40.22299393,40.22299393,36.64778916,41.10416032,38.74826576,39.89145994,39.31155348,39.59938374,39.59938374,39.59938374,47.39870885,43.14944396,45.17437116,44.13869564,44.65052855,44.39313684,44.52146068,44.45720616,44.45720616,44.45720616,36.26339387,33.2035558,34.66608589,33.91906274,34.28850605,34.19539279,34.14902553,34.17219344,34.16639851
1680,538,103.9787618,30.70955492,610,103.97941,30.70791991,191.5495274,,24.93954064,29.78739951,27.41862022,28.55396682,28.55396682,30.5010674,45.667437,35.1377477,40.72312788,40.72312788,40.72312788,40.72312788,40.72312788,40.72312788,40.72312788,40.72312788,40.72312788,40.72312788,40.72312788,40.72312788,40.72312788,40.72312788,40.72312788,40.72312788,40.72312788,40.72312788,34.65217581,37.44316553,35.99364761,36.70410106,36.3454028,36.52387127,36.43441849,36.47909003,36.45674057,36.46791188,36.45674057,36.45674057,30.71618257,33.34116924,31.97489164,32.30585458,32.47391869,32.38966862,32.43173894,32.41069014,32.41594977,32.41858024,32.41726494,32.41759375
1681,538,103.9787618,30.70955492,655,103.9802912,30.71025208,165.5916463,,31.3752593,31.3752593,31.3752593,31.3752593,31.3752593,37.25812042,34.06456724,35.58984637,35.19586283,35.00212414,35.09872613,35.05035857,35.09872613,42.37890473,38.39677478,40.28968299,39.32046066,39.79917188,39.55836804,39.61829541,39.64832723,39.63330563,39.640815,39.63705996,39.63893739,39.63799867,39.63846802,39.63823334,39.63835068,39.63829201,39.63832135,39.63830667,39.63831402,39.63830667,39.63830667,25.91869246,31.34289532,31.34289532,31.34289532,45.16135808,31.34289532,31.32031139,31.32031139,31.32031139,31.32031139,31.32031139,31.32031139,31.32031139,31.32031139,31.32031139
1682,539,104.0372435,30.68504933,879,104.0416006,30.68304127,472.9959756,,88.91830351,68.83417937,68.83417937,56.15121227,68.83417937,68.83417937,141.310001,92.5741359,101.3091687,101.3091687,101.3091687,53.1788105,101.3091687,149.3671502,149.3671502,193.4983537,168.592625,180.1889431,174.1980064,152.5451747,91.54760818,135.6801205,109.3281228,121.0869698,114.9074998,115.8357491,115.8357491,115.8357491,115.8357491,115.8357491,115.8357491,88.22722861,137.3214123,146.7918545,66.68872764,91.71196653,77.22383275,83.84663992,80.39907985,80.39907985,80.39907985,80.39907985,106.4240945,91.59890687,98.4565495,94.90400834,96.76349436,153.4041002,95.12768224,95.12768224
1683,539,104.0372435,30.68504933,1576,104.0376705,30.68553984,68.03218618,,9.344961664,9.511295932,8.922253925,9.76830672,12.34869934,14.52698396,14.11618849,9.407779908,8.593539307,11.23789482,18.9367941,11.49300189,15.6207242,19.59326962,19.59326962,19.59326962,19.59326962,19.59326962,19.59326962,19.59326962,19.59326962,16.24649222,13.87625327,13.53126355,13.70158715,13.61589272,13.65860552,13.63721567,13.64790222,13.64255685,13.64522901,13.64522901,13.64522901,17.06730803,15.16561959,16.0603656,15.60017361,15.82692512,15.71273134,15.7696215,15.7696215,26.85481033,19.87077252,22.84084198,21.25254129,22.01808532,21.62854129,21.62854129,12.49570767,12.24579351
1684,539,104.0372435,30.68504933,1624,104.0361049,30.68381535,174.9291595,,23.32388793,26.45987287,56.3950723,56.3950723,56.3950723,20.51286561,40.36826758,21.31116664,21.31116664,21.31116664,40.06011286,27.82173511,27.82173511,21.6655381,27.92660639,37.87939694,35.52863042,75.87288846,74.08764402,74.08764402,60.84492504,66.81644289,63.69102141,65.21630801,64.44464079,64.82817814,64.44464079,64.44464079,56.47936988,56.47936988,56.47936988,31.02191991,33.58639862,35.78096444,31.64547609,33.58639862,33.58639862,36.24431506,49.04555874,39.35906089,31.48724871,31.48724871,33.08642597,32.26703539,32.67159399,32.67159399,33.40822144,46.82118767,39.9415417,41.46468966
1685,540,104.1010393,30.68638247,275,104.099622,30.68819597,242.5409171,,37.85152367,30.68324839,36.16920861,29.85582939,30.74950352,38.59372538,36.66460932,29.09413445,30.737244,39.68851371,30.84736957,26.10606007,31.09360522,32.94066274,35.61789692,25.87678155,31.03159075,33.25781812,20.11860142,34.25265032,25.382189,25.17311001,34.6693207,13.38156784,25.72283376,27.13976491,31.00782161,29.59319782,30.17012727,26.62034456,27.24328554,22.44594606,20.07235176,21.32227843,20.19421339,23.85648365,32.96859842,31.35178821,22.38839235,34.58009115,49.42343215,26.57982653,24.33697001,32.29969606,21.96596985,19.28085524,31.1838322,26.78365956,26.28547946,19.92981414
1686,540,104.1010393,30.68638247,612,104.1034118,30.68722884,245.847861,,68.1762976,47.07724998,43.95955131,51.08526982,83.33825797,47.45588738,83.33825797,122.9239305,76.96106953,76.96106953,76.96106953,37.74210233,50.64676965,46.65844084,44.89090757,45.75761142,45.32011615,45.75761142,45.75761142,92.83765381,92.83765381,110.9783448,103.8184516,103.8184516,103.8184516,103.8184516,103.8184516,103.8184516,103.8184516,103.8184516,103.8184516,103.8184516,103.8184516,60.82833674,76.71092521,70.242246,70.242246,70.242246,61.24929409,91.95348567,65.85210563,65.85210563,65.85210563,65.85210563,70.242246,67.9763671,69.09073377,69.09073377,78.4620833,64.57878873
1687,540,104.1010393,30.68638247,684,104.1017061,30.68526712,139.1397902,,38.86108898,20.3852268,28.36639423,22.05407792,22.38048566,22.06824758,21.19104155,38.13984098,38.13984098,38.13984098,38.13984098,38.13984098,38.13984098,38.13984098,38.13984098,39.57474845,38.84404777,38.84404777,38.84404777,38.84404777,47.81892551,38.84404777,34.07505066,36.30360013,34.07505066,31.87928367,13.7422015,29.94937188,24.67503669,21.00223248,20.62391126,19.41485445,20.25897855,19.82793646,20.04114007,19.9339682,19.98741048,19.96065357,19.97402306,19.96733608,19.97067901,19.96984317,19.96942528,19.96963422,19.96952975,19.96958199,19.96958199,25.07650787,25.07650787,25.31412481
1688,541,103.9609762,30.67452502,451,103.960834,30.6715286,332.3824495,,66.59982289,44.06942936,29.22043512,31.53035094,35.71871099,42.28186637,50.51892476,48.21018607,47.22086891,67.83315296,35.29725127,78.2929216,68.18101528,42.64604045,52.71263516,62.32170928,85.83764836,67.22341675,83.97030303,34.35970763,79.92402412,60.12948835,99.30098076,72.22797694,105.8917538,95.47155467,62.64800095,87.0237686,44.38811726,96.73215992,66.25563777,74.09144385,45.06880671,87.53305181,40.92026736,41.17202973,36.41010669,191.9641954,59.90372056,43.49211515,117.3114528,34.78420983,47.54609873,57.06345795,186.9651278,43.67732873,73.95406787,95.95644091,54.38985537,64.9871999
1689,541,103.9609762,30.67452502,783,103.9672382,30.67469912,600.2121493,,150.8386553,67.54145571,74.5090944,74.5090944,76.96397996,76.96397996,76.96397996,97.15664287,73.96257293,88.87460103,152.5244991,88.92031841,51.02157586,72.63071386,88.77418806,106.3542446,82.44043256,93.59743911,83.64246727,101.4443069,93.59743911,97.36302648,70.38318363,106.7702897,113.8742418,69.36641212,91.00081255,98.66501084,98.66501084,142.155509,106.1800362,90.28260743,66.28109624,75.41932766,128.6168891,75.41932766,75.41932766,71.39087238,75.41932766,81.00332662,208.2663843,90.0318224,131.7538864,155.4506286,110.1181973,96.84698027,76.75892495,76.75892495,76.75892495,223.3347532
1690,541,103.9609762,30.67452502,951,103.956184,30.67458422,459.1449638,,47.81837617,47.81837617,47.81837617,47.81837617,47.81837617,91.32165026,62.76918493,76.52416063,76.52416063,76.52416063,76.52416063,76.52416063,165.292187,128.1334783,115.186193,115.186193,115.186193,60.88110017,79.65888529,76.24178366,76.24178366,76.24178366,76.24178366,76.24178366,65.39750226,70.40450941,67.8087019,69.08222949,69.08222949,69.08222949,96.1001087,80.38159329,87.54085852,83.80861056,83.80861056,83.80861056,54.55187689,66.08703237,59.76797496,62.76886679,61.2316754,61.60887125,61.79921725,61.70389746,61.75152056,61.75152056,74.74452901,67.62962495,71.0092994,67.62962495
1691,542,104.0581439,30.66070539,1419,104.0602277,30.66075741,199.7437476,,31.73970709,30.3524651,33.25982846,27.39922703,23.0063897,21.3852042,29.47038899,32.83458865,28.26245053,19.56673446,29.62214177,22.72465407,19.93284799,22.34461034,20.13282757,22.00696225,22.12546127,22.06605267,20.39936146,24.31663014,29.91170929,20.73763493,19.12440137,27.34134948,29.12424023,27.0329884,22.23117595,26.22456205,24.0633154,27.65682659,16.93939909,24.9803595,24.9803595,26.87183436,32.35444281,29.07321394,31.91172299,37.91269725,23.30883278,19.73164422,30.59904219,37.16162746,28.35479067,32.27457322,18.7565045,20.90341545,25.05496486,21.12862365,30.89115714,25.23078917
1692,542,104.0581439,30.66070539,1859,104.0582534,30.6587772,213.9587435,,23.47135022,20.84577745,20.31432466,20.84577745,20.57662004,20.98206147,18.30445524,22.25838684,26.43019773,20.28311986,31.64178601,24.72008865,34.77433303,28.97861086,18.31025697,19.10109055,20.2631102,33.93178311,21.57567161,21.57567161,20.22984837,20.8810973,22.90710711,18.57146417,21.12738056,30.36756033,19.60426258,19.60426258,18.50930428,19.60426258,19.60426258,23.71829027,21.46593678,18.80955987,24.80681084,37.94342249,24.40078595,23.13067497,21.86488973,18.37431958,20.73045242,15.67144408,31.79572659,22.62118874,30.62630126,27.75680997,21.85110572,21.23367268,20.65017364,23.46539152
1693,542,104.0581439,30.66070539,1865,104.0581438,30.66240031,187.8496967,,15.09506491,15.79121794,16.55468563,16.55468563,16.55468563,34.06845885,16.3248982,13.6507652,14.77515639,15.40979624,15.08580465,15.24607937,15.16551856,15.18557884,15.1956289,15.19060221,15.19060221,15.19060221,14.22205906,20.53417737,18.39326133,19.40484672,19.40484672,19.40484672,78.18022059,58.29818173,58.29818173,58.29818173,10.57067461,15.4291332,16.07843338,14.83023921,13.09310568,15.44675441,32.56463441,27.26850436,17.70311278,17.70311278,13.28081124,17.70311278,18.79367045,20.0274109,14.66939063,19.7303839,19.7303839,19.02944518,18.37660076,36.75320153,21.86770924,27.46786792
1694,542,104.0581439,30.66070539,1888,104.0537493,30.66266858,473.9405049,,100.8086155,129.7233087,181.8961426,126.1721787,122.7471811,122.8102902,68.79781523,107.4037835,107.4037835,107.4037835,239.7450798,98.47437725,90.91576291,65.57209138,76.97078875,89.91756615,80.4804631,289.1840369,134.0814002,92.12666402,150.9898954,75.35205505,96.66775171,96.66775171,96.66775171,98.26844162,99.92303471,116.0670624,69.07634889,59.32495889,83.22857647,104.6739765,137.8736014,127.3272998,127.3272998,127.3272998,127.3272998,119.3136935,112.249067,110.432739,135.4115728,65.37110412,68.86723785,68.86723785,68.86723785,118.4851262,81.15033615,81.15033615,93.25543072,121.1492889
1695,543,104.1312323,30.66411971,293,104.1369623,30.6514217,1510.602443,,184.0834001,229.737368,225.7982246,213.2615214,199.9329707,177.0813675,160.1074484,317.9772928,165.9924732,258.4680986,273.5841426,205.9912422,182.0688444,297.1676937,314.1799199,272.2487507,192.6720565,213.9373584,219.5022722,209.9679071,239.5669073,283.2379581,254.1200371,295.7822965,333.6299874,203.5542093,215.2422488,227.796581,231.7319184,232.5245877,219.4284652,164.5436852,179.0209688,224.3121957,171.1726003,234.3506625,177.9450907,181.8571723,242.2346902,206.9435303,226.4724121,247.1426833,270.1841687,229.8094379,270.1841687,144.670625,254.4767803,296.1965575,277.1041424,236.957246
1696,543,104.1312323,30.66411971,988,104.1289722,30.66742428,425.4607447,,49.50799268,71.83204256,75.12872052,48.11619197,62.77299982,52.10018758,57.45695136,75.66749249,46.48433023,60.28298111,63.19443581,47.4197734,71.40599911,71.40599911,71.40599911,71.40599911,71.40599911,71.40599911,71.40599911,71.40599911,84.15707038,77.25894986,80.56061438,78.87524588,79.70902226,79.28994223,79.49892995,79.39429854,79.44657982,79.42043058,79.43350305,79.42696629,79.43023451,79.42860035,79.42941744,79.42860035,79.42860035,77.88094986,78.64716204,78.26218065,78.45419905,78.40610618,78.38208182,78.39409216,78.38808653,78.39108923,78.39033853,78.38996321,78.39015085,78.39010395
1697,543,104.1312323,30.66411971,1356,104.1233143,30.65993161,889.3523211,,94.68189726,120.0025621,78.18481944,94.68189726,85.64618086,94.68189726,94.68189726,116.63637,110.2455423,104.5186764,104.5186764,99.12285932,80.44392854,64.09746458,66.91051946,66.91051946,66.91051946,66.91051946,67.01555952,67.12092989,98.36154703,67.61707193,67.61707193,67.61707193,67.61707193,75.622518,85.77812072,273.646868,144.5448468,144.5448468,53.94554938,78.56854861,63.96939772,67.72434386,67.72434386,67.72434386,122.0148002,115.5836952,118.7122119,117.1270663,118.7122119,119.9126725,82.09406041,80.24231469,81.15762626,80.24231469,70.56018415,70.56018415,57.17264921,83.92315481
1698,543,104.1312323,30.66411971,1874,104.1347948,30.67503343,1256.785563,,141.3623766,177.9361573,140.5290627,232.0219501,232.0219501,232.0219501,232.0219501,232.0219501,155.4786264,133.4639536,143.6326358,138.3617134,140.9479136,140.2923419,139.9668376,140.1294008,140.048072,140.0887246,140.0683954,140.0734771,140.0760181,140.0747476,140.0753829,140.0750652,140.0752241,140.0751447,140.0751843,140.0751645,140.0751744,140.0751695,140.0751719,140.0751707,140.0751713,140.075171,140.0751712,140.0751711,140.0751711,140.0751711,140.0751711,140.0751711,140.0751711,140.0751711,140.0751711,140.0751711,192.9393615,162.3113193,169.019025,172.5851673,170.783482,171.2303675
1699,544,104.147912,30.63352447,254,104.1462001,30.63025162,398.1009021,,51.87921258,77.52066248,61.43590963,64.0090776,71.49219835,61.05928768,65.96838884,66.61357209,67.36372491,55.98293936,62.85803717,65.53101269,63.49859316,63.95819527,64.43300091,72.19792784,63.44199087,64.67519476,71.17005282,59.9520338,63.83847517,61.69948059,64.84925752,16.56836124,64.50847325,66.73635611,74.48228223,20.1286973,74.23312386,74.51051815,63.02388951,70.33121025,70.86918899,77.0517875,74.93370691,70.89281079,73.03293244,76.67429817,64.64898378,84.16974232,72.3514885,68.31169268,73.52697847,73.52697017,73.52697432,73.52697225,73.52697278,70.91106376,68.47489489,70.68622676
1700,544,104.147912,30.63352447,382,104.1509475,30.63246953,313.5298126,,54.52692393,39.4652911,88.18025979,62.53226179,65.53287067,76.0072273,69.6553762,61.56585412,62.18773142,67.74953934,56.28293331,75.41474333,55.58138149,59.86596679,67.11837414,63.85897173,50.26468853,51.60647471,69.0648883,69.0648883,58.1340589,73.65137523,81.49511374,68.40650457,52.76182425,64.49756145,54.79161774,44.8790189,62.59005502,63.64890934,63.05627516,93.08926395,39.1459188,71.10982256,58.08099445,61.8523385,55.82950167,68.89518492,60.84675608,71.73987239,62.70596252,88.52606473,73.77172061,63.55334039,55.83053747,62.30215226,121.8906399,53.49323817,42.95746243,54.20505414
1701,544,104.147912,30.63352447,436,104.1488547,30.63519483,205.9934587,,40.74595886,30.96352615,40.74595886,46.93521844,38.86669032,30.9850885,45.91804652,34.4385349,37.45335613,26.868712,60.2907684,34.6531052,59.32611611,29.65762083,33.6861464,33.92389988,26.40236587,31.75160828,28.39475882,30.70709943,32.23977141,30.26842658,25.65189351,48.15431502,43.36704394,61.9270523,40.28117606,26.18874337,14.35772413,34.98002129,33.61633959,39.6035488,56.18003419,47.63874419,28.68767703,30.8668647,29.85412445,41.4829266,29.752315,46.29066488,50.61955299,48.35842526,64.7665023,34.21908477,25.22368882,29.74237105,32.12025777,42.13502564,30.26842658,22.48905084
1702,544,104.147912,30.63352447,688,104.1445578,30.63469503,346.6419963,,66.0076443,55.29887089,81.86006329,77.5100116,82.76057135,56.46656953,59.45007819,60.43153446,47.87383068,73.84089862,55.5412626,54.02212929,57.14830579,66.4666411,86.55121722,127.3378762,82.91768682,85.18165097,74.72522076,77.5100116,77.5100116,77.5100116,77.5100116,103.9925989,67.37372934,81.3707711,102.7087396,66.26077099,65.53172024,68.71757636,72.49276605,73.16062232,73.84089862,76.18505413,73.84089862,74.99466266,52.98985931,99.04057037,97.38437358,61.23214851,68.62939616,60.1692954,55.99601478,59.14271027,77.75147581,70.60317888,71.54614923,53.78927529,72.51464898,47.72126909
1703,545,104.0313763,30.59554599,105,104.0186689,30.5856335,1640.565362,,106.0513753,94.24524419,104.9728559,148.0209349,130.4995174,112.7738966,100.2258382,118.2737662,96.96596476,133.923703,127.9470386,150.7282511,121.677431,100.2236294,117.9241658,113.1303985,111.0157012,132.7795707,124.3375853,103.9794948,102.3576309,128.5784174,99.99444103,122.4979668,128.7865761,128.7465914,103.332655,112.872151,103.2523654,122.6227113,114.6600571,114.3472469,117.8737325,100.0501159,113.4612315,126.697127,113.2015827,111.6940049,103.8575962,103.6467432,121.9625256,113.5230236,99.47346423,89.55322674,104.3469135,123.3314603,115.9095093,84.44431374,118.0734767,111.1724292
1704,545,104.0313763,30.59554599,730,104.0280169,30.58735258,963.5097573,,95.07451238,84.63095921,71.78254511,75.65840261,80.00311665,110.1665159,118.181776,118.181776,118.181776,118.181776,118.181776,118.181776,118.181776,118.181776,118.181776,118.181776,118.181776,118.181776,118.181776,118.181776,118.181776,118.181776,118.181776,118.181776,118.181776,118.181776,118.181776,118.181776,118.181776,118.181776,118.181776,118.181776,118.181776,118.181776,118.181776,118.181776,118.181776,118.181776,118.181776,118.181776,118.181776,118.181776,118.181776,118.181776,118.181776,118.181776,118.181776,118.181776,118.181776,59.49631434
1705,545,104.0313763,30.59554599,1113,104.0314235,30.6044106,982.4759564,,66.97793616,65.72443351,68.2801823,62.05111304,77.41534212,48.67312077,72.66386118,78.65634046,84.14544274,69.05786091,76.80593796,72.72611604,82.50048018,78.71469087,89.36807533,74.55289182,57.41742602,70.80907794,67.72066814,67.06108598,88.77794787,71.05089279,114.3891799,78.15519706,80.75144847,75.72069028,89.35897775,61.1922741,89.63287996,80.5308161,87.99933926,86.42427472,95.76480442,110.643799,93.00673967,79.87437607,69.99169083,65.49839709,80.2151113,71.60858863,85.67412459,99.8911031,63.63996506,96.52838101,61.76935807,76.94518005,68.30215854,70.28842295,74.28929727,78.77312791
1706,545,104.0313763,30.59554599,1167,104.0318858,30.59596115,67.1048322,,4.574710595,4.489094164,4.663656292,4.238199928,5.287603741,4.612844805,6.270067338,4.151706052,5.747281426,5.069829925,4.526746956,3.86626934,3.936622421,4.110581317,4.401625282,5.167856091,4.540928495,3.765918511,5.234779938,4.845681155,5.92222421,5.259304701,8.176751168,5.338137132,6.382353978,6.353955705,6.75583489,4.982058529,5.826055611,5.080759155,5.267714695,6.380386819,4.492721815,6.000432089,4.266536575,5.455560076,6.067243095,6.334219739,5.837552862,4.890992286,6.470894385,5.278457303,3.774221531,6.098084118,5.075155376,4.364541932,4.741102275,5.107344523,3.820613568,4.036994083
1707,546,104.0819113,30.58936486,501,104.0847688,30.59869091,1069.288059,,134.5956997,210.6806809,134.5956997,217.1755719,119.9201561,70.67509814,76.25164106,98.28349818,131.3801028,131.3801028,99.48701897,92.82319935,99.98537695,87.69148613,90.97190999,139.4723555,113.888669,84.83941622,104.4778603,119.5477333,140.8576011,146.7650277,116.473132,105.7442407,84.36351775,148.8424171,148.8424171,153.3640244,122.4635317,73.009711,93.37863632,163.4580472,92.20208413,105.3197541,159.0676451,99.83719557,84.78936151,122.3338033,84.78936151,108.0868796,92.53454357,89.46977368,84.78936151,109.0492072,84.78936151,83.8733439,89.73046649,89.10733825,92.26285607,89.88761267
1708,546,104.0819113,30.58936486,519,104.0901351,30.58874098,791.542227,,77.66210357,90.97339329,85.06125424,75.58493414,85.18840111,86.21942563,87.40957108,135.806125,102.1279443,103.3014487,100.0808505,93.59891194,78.67344056,70.35930907,78.7604206,65.58232491,113.5279688,78.50777968,90.60578751,86.94540408,85.11796931,86.3021933,79.05814509,89.26706036,85.89455967,99.15796493,90.49788066,102.3408132,82.17145584,93.13212598,92.19986304,92.19986304,63.7769028,98.10712201,68.49884657,73.90464661,69.4166143,68.49884657,68.49884657,69.75647533,68.49884657,68.13035307,68.49884657,81.43931731,73.165939,117.2655151,82.87596755,82.87596755,104.634713,94.37881445
1709,546,104.0819113,30.58936486,1074,104.0750659,30.59133644,691.7608617,,63.31370599,71.05104428,51.29431724,73.13771225,53.58448848,53.58448848,53.49815472,55.81112938,61.6844693,61.47298936,71.2203747,61.26295454,65.86746579,63.48182522,61.68086199,52.40813109,59.97926547,243.3556127,82.18940931,55.27944733,43.78893171,55.07568969,68.92082387,54.87342862,65.24905944,65.24905944,65.24905944,65.24905944,73.41801598,63.47508332,59.84337012,61.79501494,58.56176607,58.52735845,58.56176607,59.45303735,58.56176607,56.21532962,54.04968209,49.641311,55.41783816,55.68114259,55.41783816,55.42863093,50.56526096,55.43942792,58.95689162,50.74270301,64.68413252,60.52674027
1710,547,103.9536909,30.69205188,574,103.9536277,30.68984807,244.3310552,,34.98542122,31.56429899,28.11469937,30.01507588,26.98968005,26.88353982,30.03225664,27.75613123,25.42172829,25.42172829,25.42172829,25.42172829,25.42172829,25.42172829,25.42172829,25.42172829,25.42172829,25.42172829,25.42172829,25.42172829,25.42172829,25.42172829,25.42172829,25.42172829,25.42172829,25.42172829,25.42172829,25.42172829,25.42172829,25.42172829,26.33508379,25.87034702,26.10064685,25.98498667,26.04268834,26.01380551,26.02823891,26.02102021,26.02462906,26.02282451,26.02372675,26.02350119,26.0233884,26.02344479,26.0234166,26.02343069,26.02342718,26.02342541,26.02342629,26.02342607
1711,547,103.9536909,30.69205188,682,103.9561414,30.69217475,235.1135961,,30.1839743,32.15992196,24.84566377,23.93690458,25.0638278,26.24523863,26.66379826,32.85430164,24.98624195,26.01333679,28.17840852,37.01496848,31.10844518,30.46462913,30.36444649,23.19723045,29.96137862,32.49170618,28.67400867,18.87620308,28.51762146,28.54356742,28.53058854,28.51376865,28.51376865,23.63720585,24.28603929,21.51864356,23.76704793,21.61302784,21.66053115,21.46527937,21.56246326,21.55656767,22.32053355,23.1355461,42.22649638,29.65479915,30.16580647,22.87296367,29.22317248,29.6394658,28.4997948,25.71325689,27.81139554,26.72120324,26.72120296,31.77475809,21.47307443,23.81139049
1712,548,104.0489797,30.67856027,1381,104.0432434,30.68324646,756.1053196,,101.7562299,92.64161713,71.80108548,92.34874133,84.47521502,70.24462324,76.67546903,76.33144,76.33144,91.03609199,98.41866762,82.81883824,91.74621559,85.92105905,179.2920399,99.98086871,80.65123409,118.0902018,101.188816,101.141817,80.97111999,166.8646223,87.66438488,81.98732381,94.18612978,94.18612978,97.30041646,110.649559,100.627695,112.8281513,74.04731095,129.3101734,86.27509194,141.2181142,155.5416657,156.8864064,91.46435318,91.46435318,76.61072757,65.90748549,58.72662677,124.4048972,102.5227552,146.4304385,86.68723409,104.6244388,83.36842728,131.751169,98.26639533,95.17409617
1713,548,104.0489797,30.67856027,1504,104.0535507,30.68136594,537.0465409,,72.24166454,71.50989582,71.87391764,57.92861565,74.36029028,71.25433222,80.4080773,91.19658242,90.55585701,89.92407196,63.9658411,118.5453903,61.8430243,105.118269,81.63409771,81.18519996,106.4797233,87.61484352,72.0509645,57.36995689,71.76568475,80.389503,40.53181441,65.19410986,216.0187204,119.9359521,97.1541481,77.48968125,102.4300687,98.10935857,104.2246656,94.13840766,98.92510635,93.76176272,116.1680072,73.19896061,71.73905556,58.35113322,68.72159529,106.2289861,47.50288814,77.5674041,79.89122096,109.4358989,59.06418169,67.64200104,72.41076956,98.76717994,95.06948152,69.46230709
1714,548,104.0489797,30.67856027,1634,104.0467099,30.67706348,273.4911032,,39.72320346,29.94883564,29.94883564,26.38177844,130.8395975,36.02077945,47.41789706,36.02077945,36.02077945,36.96750832,41.26301796,66.37536888,46.68802097,43.50079404,42.52993397,43.50079404,43.0098859,56.34884333,32.70989939,52.75648876,33.87760762,44.01884667,56.0475126,37.76425096,35.56965215,36.61805566,35.56965215,33.58580834,28.25159172,31.81156612,59.91285832,21.24202743,30.14598811,26.68205885,31.65813413,31.65813413,31.65813413,35.12133074,31.65813413,32.09675539,27.80283718,32.54770154,61.64557962,39.58062197,39.58062197,39.58062197,32.65565411,32.65565411,28.76984333,69.33577264
1715,548,104.0489797,30.67856027,1803,104.0514072,30.67709606,283.5724244,,23.8828868,42.73370488,41.49840357,28.47589199,27.60948554,25.07230604,26.79424483,58.26830638,51.16241537,55.90694019,52.08473101,31.39298798,35.49585285,26.00919052,33.37509531,39.26387415,29.12584102,41.88537116,26.3108435,37.95021293,28.21170586,28.50873815,38.21063235,29.25102372,26.6146186,26.88244181,21.47372166,25.21335497,22.78706982,23.34730081,29.47270236,36.25583508,25.67126725,25.93210993,26.6543271,28.40326625,27.45171705,27.87333045,24.59058877,25.15467913,32.5633406,36.78777398,32.77241502,24.59905368,28.03599665,36.58999025,35.15014804,28.05112893,27.27490494,26.7900594
1716,549,104.1133241,30.70159823,1140,104.1132559,30.70333153,192.2118626,,22.24960467,22.24960467,22.24960467,22.24960467,22.24960467,22.24960467,22.24960467,22.24960467,52.02727108,34.8157336,31.16949123,39.42807438,34.8157336,39.42807438,46.91272579,42.84598795,42.84598795,42.84598795,20.50259868,23.57624209,25.48665581,24.49425506,24.98060308,24.73503862,24.85721438,24.795976,24.82655743,24.81125729,24.82655743,24.82655743,32.95060502,28.31742,30.45882812,29.34911486,29.34911486,29.34911486,27.80828019,28.55792881,28.17811948,28.36675286,28.27212153,28.29572012,28.3075342,28.30162593,28.30457975,28.30310276,28.30347199,28.30365661,28.30347199,27.90172199
1717,549,104.1133241,30.70159823,1398,104.1104171,30.70159507,278.4021645,,44.03871662,41.7089784,44.51137492,43.99683021,30.62636493,33.19546828,33.14311482,30.18818651,44.02259702,44.02259702,44.02259702,44.02259702,44.02259702,66.81651948,54.32237356,55.09018097,55.09018097,55.09018097,80.60974202,57.13526605,49.87341285,53.25793648,51.51013868,52.36945874,51.93624444,52.15195195,52.04387467,52.09785726,52.07085199,52.09785726,52.09785726,72.36446153,60.58112086,65.95059589,63.15192939,64.52092809,63.82908905,64.17314396,64.00065411,64.08678299,64.04368957,64.05445749,64.05984281,64.05715004,64.05849642,64.0578232,64.0578232,59.2678048,33.59489807,41.75307587
1718,550,103.9885823,30.67709803,264,103.9766069,30.67623085,1151.232273,,223.2692893,137.8971507,106.4860273,138.1939374,101.8539244,80.05993913,171.0221259,93.29062876,78.00068099,74.02982167,107.2497349,112.467739,160.2024037,206.845726,74.25087219,104.098868,132.3496956,166.0221115,112.1330136,221.4854736,262.3060875,214.3211989,193.7083459,406.9822767,177.3653145,141.932746,181.4551744,264.7638107,357.2789813,431.2130132,247.5029073,217.4519342,213.0394242,323.4867543,226.9680275,283.1113901,332.4414049,140.4695218,276.1116711,334.1115744,302.8293661,299.4722973,176.5357432,256.9830778,238.5777408,173.9532501,123.0259349,171.1566565,198.9859997,118.9221286
1719,550,103.9885823,30.67709803,363,103.9897196,30.67889818,227.3259256,,22.95723724,25.51436733,28.99976372,26.40765835,34.18434971,23.45869502,28.34193358,24.66217978,18.73243679,21.83437934,19.60175646,27.54306545,19.91868333,25.35360185,18.09559607,29.53437602,18.28767223,21.88895572,27.49255425,24.03887152,20.67904819,19.4821802,19.67243587,21.92462936,23.12878,16.51611165,20.06841726,24.64979916,29.24428806,24.07275398,23.34873986,17.75213302,28.40056945,19.17313547,22.55714807,24.00801855,38.9846619,21.85242542,27.70859428,30.24943781,24.17646476,20.30388171,28.56451421,17.22891226,22.85959028,18.41455088,25.22437549,18.94382713,26.6571118,21.10569522
1720,550,103.9885823,30.67709803,559,103.9869391,30.6735601,422.533469,,39.0531576,39.74188082,32.89879153,70.96985172,70.96985172,30.68321711,55.21308488,35.0219606,34.8182086,36.43402367,32.49389561,45.74798461,48.38169492,48.21301073,56.5647532,54.61832992,51.28092671,35.32355271,129.4570628,129.4570628,129.4570628,129.4570628,129.4570628,129.4570628,129.4570628,129.4570628,129.4570628,129.4570628,129.4570628,129.4570628,129.4570628,129.4570628,129.4570628,129.4570628,129.4570628,129.4570628,129.4570628,129.4570628,129.4570628,129.4570628,129.4570628,129.4570628,129.4570628,129.4570628,129.4570628,35.79107032,43.69466394,49.11791688,46.24784383,46.93345125
1721,550,103.9885823,30.67709803,1007,103.9921507,30.6764134,350.1660614,,42.55182518,32.93527945,27.26420769,39.66638833,35.16066721,29.0935164,35.87613863,26.37693784,27.23408741,28.92464065,31.61373846,37.91271642,30.68214446,38.0079745,34.72123453,34.07021138,35.7388283,29.74862115,32.01179526,25.12819577,24.59303179,29.47186957,30.47989896,31.57085224,34.20889609,23.27973815,30.91279013,23.89985441,32.01227915,40.99505109,26.96465927,27.34485512,27.10032191,57.73730479,32.97260964,33.29043541,71.82893567,36.99480032,45.71524283,37.80848251,22.154619,22.154619,22.154619,22.154619,22.154619,22.154619,22.154619,22.154619,22.154619,22.154619
1722,551,104.043951,30.62767156,199,104.041432,30.62375282,496.9132974,,32.74352417,35.35351523,35.33024103,40.34478734,57.03149428,39.53343361,35.1727855,41.94344363,33.0459582,32.67375106,40.81889037,38.36071203,40.3584404,59.31951235,59.09313154,31.25240864,37.29439619,83.39803593,32.29039478,35.03044133,47.83122649,38.2854547,37.48324506,40.56435081,37.86006075,52.65306463,42.74522988,60.20532905,48.70562075,48.73523911,42.72821347,53.61302309,61.68578864,45.27192732,73.87011165,30.3201334,76.33945395,132.5102126,82.06535076,61.02815763,69.91821269,77.14286214,46.82952541,53.51945761,36.73281049,39.29462648,30.63164162,47.91092761,54.03406777,74.78628222
1723,551,104.043951,30.62767156,506,104.0456035,30.63050946,352.151325,,27.43244598,30.11270238,25.27905823,34.8760597,35.51105798,36.46612311,27.76488765,27.45521971,32.55180315,32.53010774,30.67124444,42.90975153,39.34873722,33.73772869,31.44468218,32.70192872,31.00568071,31.24576331,28.29787433,32.27182274,35.02057376,38.87462668,27.05484126,29.66178685,29.80591152,34.01384971,24.22133684,28.74704694,28.92193392,33.31786518,33.46865318,33.65694079,31.32812446,23.74053876,28.45667273,34.69617265,35.97897178,29.51675832,32.1762632,35.27392237,25.14368842,38.48314567,26.42511245,24.8090953,31.37982104,31.4576866,29.84455446,34.80520454,35.38362596,30.56648029
1724,551,104.043951,30.62767156,1350,104.0457096,30.62679263,194.6769792,,16.86055634,13.52967423,16.41304743,15.75800169,17.74271203,15.15323514,16.42747437,21.86699298,17.99902729,16.5364902,17.23679041,17.23679041,17.23679041,22.09971226,19.49477399,25.50817562,48.16750001,12.89488731,20.34360305,13.70830563,12.41518379,14.63125522,14.45025,20.56748716,14.27366854,13.36200429,19.65882539,15.18606988,15.18606988,15.18606988,16.24188007,16.24188007,16.93866163,17.6979072,42.34665409,19.46769792,19.46769792,19.46769792,20.10289351,20.78093774,37.57839813,27.48380883,27.48380883,13.03883023,13.03883023,13.03883023,13.03883023,17.62004086,17.62004086,18.2509668
1725,551,104.043951,30.62767156,1442,104.0404878,30.62937504,381.8613171,,32.96644464,34.20362616,31.79724152,31.40976561,31.86148982,32.94669243,25.63146193,32.95428663,37.20994489,30.40700601,27.79044626,32.01232599,29.88479873,24.80513788,29.87668007,34.90860187,33.29468965,37.5943685,23.63043819,28.00431569,32.07234159,30.3657469,32.00700213,31.71898342,29.31522306,30.36894127,49.59237884,26.22849018,30.62743726,21.10864862,30.65962066,28.26421468,43.15419139,26.28490902,34.81234292,28.89848101,24.09219666,29.7466891,30.64619487,35.12863905,37.68023961,32.71539128,26.84962386,32.78952276,33.61126507,24.59947644,31.03161945,30.38758854,31.50273828,26.94904525
1726,552,104.074146,30.62766337,102,104.0742198,30.62620311,161.9954584,,17.3796452,23.6906019,38.08102195,30.91079418,32.2869841,26.90343312,31.14465422,27.73103425,24.86516056,29.49434553,34.64457329,35.16543959,42.88115075,44.1034756,25.11224728,36.22258697,25.64249719,28.09395345,29.14096941,36.90368426,28.90813816,40.17067283,31.8363283,28.40180115,27.90352393,25.26708033,29.73740993,31.88731988,24.59949112,36.4221971,42.3422924,30.18201755,36.54414519,38.36070401,31.22558127,28.41333253,25.58384077,23.05073716,26.80533871,27.02426553,47.09876609,77.24286758,46.5401317,46.37984849,58.47785007,54.93095605,34.61030565,57.83639508,42.24055411,54.199224
1727,552,104.074146,30.62766337,1614,104.0735924,30.6360679,932.9795716,,102.8835563,109.2490818,103.2272444,92.64130425,82.24613303,76.97616023,97.91454192,97.78521188,100.9828127,108.4677177,97.79905759,104.187478,93.73004603,95.69021247,79.70940196,121.3084048,97.00130141,78.42338318,97.41651075,96.1519925,106.4463028,97.53429523,86.07915012,91.86545915,104.9956733,114.2187076,112.238144,106.9265188,118.094905,127.9882192,134.3279872,104.2115556,110.061403,125.0494616,122.7200384,106.0092517,123.1305015,101.8393194,111.8247886,106.352164,120.240804,126.1393132,113.8069109,114.0414383,116.0336007,94.16472396,111.9613568,110.6388232,103.7136436,127.4744369
1728,552,104.074146,30.62766337,1822,104.069232,30.62745007,471.5659986,,105.0626671,108.1297831,79.98292556,57.99263021,79.35067119,82.11064546,80.48400384,68.45312883,68.84175162,79.25478968,81.61719207,58.74178529,59.67091722,64.87786986,124.8262937,80.29367004,79.57676228,130.087172,82.54315695,79.77620277,82.86933865,98.35675521,60.71665218,66.65898086,73.89064614,53.7227087,54.85097237,54.85097237,54.85097237,121.2598282,102.7314732,100.4519287,105.1168789,98.69986017,81.42146738,97.00786257,92.43035906,73.81033022,135.1231082,97.19299206,80.26655295,90.29987207,77.82865765,80.26655295,75.53448698,78.05230322,95.91172853,102.3358229,57.15951498,90.82691413
1729,553,104.1510429,30.63182274,173,104.1534238,30.63133569,234.484803,,75.70809783,64.43857182,33.10373689,31.18763389,81.95585348,46.50938241,39.14120359,36.80866094,51.66918383,47.15895479,40.10588335,40.46838847,52.88733935,51.73515571,92.08857717,56.55914846,56.65404636,51.16032065,70.73843221,56.65404636,62.10463374,60.2960922,38.89052805,57.55536072,39.00778513,52.09518025,61.16994861,40.58390821,39.26257167,39.04825571,39.04641433,39.04825571,39.17147521,48.70068986,43.83120804,78.01712484,79.93800102,67.26257297,43.85170342,67.8028346,70.3454409,51.31582315,82.75934224,45.69508984,45.32323709,45.69651448,58.35105695,45.69704874,55.17289482,45.69698195
1730,553,104.1510429,30.63182274,382,104.1509475,30.63246953,72.26269556,,15.83839903,15.94762936,17.4521227,16.15811826,19.05829333,16.48230438,16.48230438,14.18976568,34.32001372,14.18331871,15.06271869,16.05837679,28.74538166,20.32388313,15.46951659,16.20004384,16.749824,17.58483846,16.2591065,15.91815131,17.83346728,15.84322193,25.7570004,18.00316291,12.1606032,27.97265635,20.4839137,17.05873469,14.56039388,12.52450468,16.51718756,18.26865899,30.07464786,19.54646683,20.5169582,22.18726687,27.82306995,21.49964496,19.37770607,20.92324698,20.54457682,19.55982737,21.15005724,15.7664063,29.22985438,18.61507721,18.44459939,18.44459939,18.44459939,18.64843756
1731,553,104.1510429,30.63182274,679,104.1482109,30.62933224,387.1093873,,75.07575996,78.31378445,72.92484533,154.2723758,154.2723758,154.2723758,92.90625295,78.51232644,85.10496454,106.5846114,71.46634842,85.56216696,77.88159521,85.56216696,192.2198337,108.5917243,107.1995226,110.0205627,108.5917243,91.8853051,131.7196403,119.9822466,131.7196403,110.1655173,115.1730408,112.6136399,113.8789617,113.2427664,113.5599731,113.4011479,113.4805049,113.4408125,113.4606552,113.450733,113.4556939,113.4532134,113.4544537,113.4538336,113.4541436,113.4539885,113.454066,113.4540467,113.454037,113.4540418,113.4540394,113.4540406,113.4540404,113.4540402,113.4540403,113.4540403
1732,554,104.0189873,30.61381968,446,104.0320147,30.60709687,1454.215153,,81.74372286,143.3639767,81.36733837,88.63787599,78.46876668,77.87541169,80.88959442,73.6622281,83.72260596,85.38262316,80.04854053,75.68015252,66.96737513,86.80572815,78.48837407,80.26946567,82.1311212,93.65249644,81.8742273,73.18510556,80.33199854,77.35758479,88.79627297,74.33447794,85.08705682,93.74566447,88.92771447,86.17571277,75.07420484,81.04297781,81.16549691,78.47156715,81.75170097,85.41071724,80.27869735,78.85288641,92.65795665,84.78015467,125.5255261,75.63599595,84.48696682,79.75585848,69.7816513,123.5032762,70.10825427,86.18584632,85.28657971,81.98259923,83.69583614,84.14219763
1733,554,104.0189873,30.61381968,455,104.0112729,30.62008866,1014.67495,,56.43303628,64.98251848,52.71038701,64.6804749,63.08859793,62.50089046,61.85994615,58.73766014,231.9257029,63.87784189,63.73067438,53.74443089,65.65901414,182.0725144,68.04824553,267.7905023,236.3255469,69.6938673,73.89406245,71.11861416,64.36704529,89.77606903,94.87869662,117.454335,101.2064466,116.3090092,93.0657279,96.84387261,78.19114848,83.63663011,91.89508981,201.6466877,184.0216551,72.46879395,68.35385142,61.68583991,58.36123694,65.69837806,65.0300324,105.447626,87.54259155,87.38827321,50.5932108,61.0160883,73.01487361,73.49758189,63.54957933,67.14760699,66.90164505,52.69137858
1734,555,104.1003982,30.60263224,537,104.1029171,30.60286602,242.8644927,,29.14373912,48.65012096,33.63817276,54.98818703,40.85570905,30.25650618,45.00963571,50.1757345,28.43291622,40.47741545,28.52568267,33.69218396,29.27792963,26.68636929,32.02608695,27.31025385,32.02608695,32.02608695,47.45249247,39.98378843,40.97538014,39.92293031,40.04292194,25.79091958,42.21186468,41.36728794,27.15255198,33.91528395,40.24451893,32.21530948,32.08038211,38.60097897,78.7668625,57.14458652,29.91658422,31.03600603,34.8548292,23.44000466,35.25452313,34.76390353,44.39746299,27.58082567,38.57259589,41.58440779,53.34430315,49.82555447,45.79921095,38.97379675,54.20799495,52.2023799
1735,555,104.1003982,30.60263224,815,104.1002196,30.60546663,314.5977668,,28.64802598,28.64802598,28.64802598,29.63502731,30.69246505,31.2428127,30.96519372,31.10338374,31.06872073,31.06872073,32.55092981,34.18164871,39.92545101,34.31975638,34.31975638,35.14513454,36.01119111,39.87859016,41.79158526,38.33589809,34.58551085,38.33589809,38.33589809,49.12273563,43.06411172,47.45329443,47.45329443,47.45329443,47.45329443,47.45329443,47.45329443,47.45329443,38.29423366,64.34954321,41.1787163,39.50762652,42.99741687,40.68439912,40.68439912,40.68439912,40.68439912,38.53400806,36.59952476,31.45977668,31.45977668,31.45977668,53.29656285,37.53279074,44.04674615,44.04674615
1736,555,104.1003982,30.60263224,1262,104.1004776,30.60140334,136.409658,,12.98280949,12.991396,13.96421143,14.24781728,16.25247453,16.55424461,19.64299075,17.47597042,17.47597042,17.47597042,17.47597042,17.47597042,19.07086481,20.98610123,21.72897207,21.72897207,21.72897207,21.72897207,21.72897207,23.3567072,23.3567072,23.3567072,22.68243736,24.17598862,25.05483514,28.94350307,25.05483514,23.55274671,23.55274671,23.55274671,15.18005468,18.46145747,16.66072159,18.46145747,18.46145747,24.07229259,20.89679867,22.37242682,21.60945077,21.60945077,21.60945077,19.43888249,18.50929635,19.43888249,19.43888249,20.29234582,20.0720304,19.96365699,20.0720304,34.5827302
1737,555,104.1003982,30.60263224,1317,104.0982369,30.60261208,207.212196,,19.70842551,21.07242671,21.07242671,22.63926876,21.82776607,22.22611264,22.02513838,22.12516913,22.10007636,22.0875513,22.09381206,22.09068124,22.09224654,22.09185519,22.09165952,22.09175736,22.09170844,22.0917329,22.09172067,22.0917329,24.78285401,23.36004336,24.05042388,23.36004336,23.36004336,21.87577436,23.36004336,23.36004336,26.2663347,24.72808782,25.47401065,25.09550763,25.28334263,25.18907496,25.23612076,25.21257592,25.22434285,25.21845801,25.22140008,25.21992896,25.2206645,25.22048061,25.22038867,25.22043464,25.22038867,25.22038867,25.22038867,25.22038867,25.37292196,25.33461593
1738,556,103.9601174,30.7022019,312,103.9619769,30.70213373,178.2509221,,20.33522106,23.39421508,20.79949175,28.50114677,23.41982918,16.7820417,19.55294823,18.06184029,19.83986302,19.244334,19.15264303,27.04637076,32.74910287,20.28475024,22.77861384,23.73748408,22.43195011,23.09323687,22.825708,23.62400996,23.92494508,22.40584216,20.41966053,19.99854521,19.20548656,24.6910718,24.88427802,24.15445368,18.51245272,23.05520909,24.30694392,29.07789905,25.21427582,30.63023005,27.2485486,26.5166661,28.43326811,26.82045445,28.7457216,39.68276133,31.53333266,29.89301178,28.08329626,20.47658674,25.2559844,29.67957462,29.84396008,26.15525495,28.33160046,19.02047631
1739,556,103.9601174,30.7022019,740,103.9600779,30.70097319,136.2343272,,17.48962993,16.57463933,15.74394536,18.80895793,17.89940065,15.44704182,14.94400542,14.5795852,15.44704182,16.61957228,19.83092557,18.16667958,20.52575103,16.35109993,16.92381546,17.21275384,16.92564063,20.23838699,18.07354612,18.10220224,18.28545265,15.85827477,15.63857736,14.96395356,14.51821877,16.31025617,16.36516631,16.03630228,14.36145177,18.71922053,17.33781981,20.32926748,19.0834077,23.41019465,20.82562964,22.71886869,22.54589067,23.19975816,23.98623643,24.19951864,24.19951864,22.89851691,22.52324124,14.74622301,15.88910079,16.23431986,16.64934775,16.31169911,16.55187364,14.00767092
1740,557,104.0456126,30.71340305,1115,104.0424803,30.71305317,302.4485886,,35.87528563,78.05124867,36.41521468,49.6608857,36.41521468,30.58468873,26.36355736,21.24516915,23.52922569,23.52922569,32.2452592,27.20620308,27.20620308,25.43960091,22.15289764,23.90373038,22.99503525,23.90373038,23.90373038,27.91833126,27.91833126,27.91833126,27.91833126,27.91833126,27.91833126,27.91833126,27.91833126,27.91833126,27.91833126,27.91833126,33.36511499,30.399672,33.36511499,31.8134381,45.29180195,23.19918151,26.93752892,26.93752892,26.93752892,26.93752892,26.93752892,26.93752892,26.93752892,26.66376684,26.39551319,23.19094609,25.83497257,27.39673948,26.59294566,26.59294566
1741,557,104.0456126,30.71340305,1507,104.0458737,30.71002528,375.198357,,43.99720147,43.99720147,43.99720147,44.79980382,53.59976529,45.63223261,76.82448262,50.14251824,55.64218683,62.72666031,62.72666031,62.72666031,103.1079454,78.00081337,61.23373262,50.3997793,48.64516513,48.64516513,38.5184625,56.27975355,52.18470388,56.27975355,54.15492489,62.31668213,38.15576512,47.33119878,42.25107598,47.33119878,52.34057971,68.91398394,58.53582168,55.2044175,50.3997793,52.23178984,55.13118715,55.13118715,56.87217201,55.98814861,56.42669808,56.20656791,56.31641788,56.20656791,41.91509962,57.63507844,59.1380948,67.03295708,80.24044072,46.7375116,70.34969194,56.16274783
1742,557,104.0456126,30.71340305,1588,104.0479146,30.71351714,220.8072402,,24.45864815,33.87383798,25.04956087,30.19347243,28.26018672,27.10292023,35.64601187,35.64601187,35.64601187,23.37959014,28.2382261,25.58024343,26.84359864,26.19669832,26.19669832,23.31102829,24.6697644,23.97115777,24.31544421,24.22844876,24.22844876,29.57306437,37.94301025,40.14677095,39.01379459,39.57217497,39.29100104,39.57217497,39.43108676,44.9946829,23.24286739,37.0585578,37.0585578,37.0585578,37.0585578,37.0585578,37.0585578,37.0585578,18.31580794,24.51522173,24.51522173,46.35020786,32.06882762,37.90908207,34.74524528,34.74524528,22.58255866,27.37368208,27.37368208,37.85266975
1743,557,104.0456126,30.71340305,1654,104.045209,30.71599628,289.9981091,,44.48834628,44.48834628,44.48834628,44.48834628,44.48834628,44.48834628,23.89000441,52.0954687,47.57316896,30.17321366,43.77329949,57.49765813,52.94083128,47.64916443,43.31921962,39.39596954,41.26455307,30.75090406,59.48679161,48.25482749,48.25482749,51.89477782,56.12866628,68.16060017,43.0216975,69.7934168,73.65031342,71.50638307,53.8140821,70.61164645,73.52064738,69.73902423,62.89115619,69.73902423,81.24460644,72.76481567,42.61196705,76.0650778,56.63615875,56.63615875,56.63615875,56.63615875,56.63615875,41.84341454,96.22057076,62.89115619,53.26495881,53.26495881,39.5451967,38.10194134
1744,558,104.075652,30.7050887,567,104.0729586,30.70871824,477.8586952,,54.09721078,54.09721078,59.52565061,46.49435953,56.44000337,64.43038587,69.33552049,62.95144487,93.24072101,72.4638291,89.91069528,72.79345405,61.80687316,62.40476309,63.47938386,89.72595701,88.82743386,72.70884627,131.8230883,98.74120999,68.0725784,96.71802675,91.6511083,78.76791679,74.44218855,84.37970829,114.9332551,80.07927751,72.84225699,73.22985324,70.14439563,73.6215964,73.15200436,77.46733575,61.08989001,69.31417991,57.63119942,85.58663198,78.49697062,93.5667375,81.00686784,72.19447913,72.34193872,72.4943659,76.97052809,72.9846572,68.35594579,75.89520452,53.25979265,77.95882035
1745,558,104.075652,30.7050887,908,104.0719292,30.70511218,356.5411024,,28.49163082,38.81697485,25.54324316,31.07864331,31.07864331,31.07864331,31.07864331,33.03855775,31.05357989,28.6933227,31.02855685,51.21899316,30.40553564,33.29566715,67.08438862,39.86173816,34.26220804,34.04636522,29.24539675,31.29910808,48.4357724,33.46058312,36.34397268,33.74206016,37.51967169,37.51967169,37.86516544,65.65462755,38.21708115,51.82562457,34.56592375,39.16240942,46.50536118,44.75411327,45.11592157,34.00127069,45.11592157,47.28238801,49.66741726,159.7777554,50.81345877,50.81345877,48.39113488,46.18925117,26.1681543,35.97387804,41.40477318,38.49873931,39.89891106,39.89891106
1746,558,104.075652,30.7050887,1230,104.0773157,30.70282784,296.9386811,,55.65184827,49.83586256,46.95370066,46.95370066,46.95370066,46.95370066,46.95370066,46.95370066,56.80017279,51.40971075,53.97067915,52.65907645,53.30681111,53.14338812,53.06205181,53.10268881,53.08236253,53.09252374,53.08744263,53.08871281,53.08934794,53.08903039,53.08918916,53.08910977,53.08914945,53.08912963,53.08913954,53.08913458,53.08913706,53.08913582,53.08913643,53.08913614,53.08913627,53.08913619,53.08913624,53.08913622,53.08913624,53.08913622,53.08913622,53.08913622,53.08913622,53.08913622,53.08913622,53.08913622,53.08913622,53.08913622,53.08913622,53.08913622,53.08913622,53.08913622
1747,559,103.9869391,30.6735601,550,103.9885823,30.67709803,422.533469,,74.93204376,56.2856795,84.97879823,47.86408082,86.75592141,43.6029624,107.2722488,60.53350437,38.61324419,40.85372843,117.0092683,54.49254565,40.92176564,64.86654535,33.634505,59.30294302,29.09564821,40.68526883,77.74039973,54.32573173,59.65178386,72.20508646,60.42186647,43.66853077,44.60763896,30.69869805,45.21163936,25.73807933,60.46475535,54.18060511,55.92354737,24.04933578,52.78848464,69.6696407,41.9272461,47.16652677,96.88665531,30.52415696,39.23784579,57.61820032,47.67655504,34.64966944,64.86654535,72.3195161,57.18498077,42.05378611,59.41876908,61.78393535,35.35662292,50.20199632
1748,559,103.9869391,30.6735601,667,103.9884216,30.67348142,142.2912529,,13.15143801,19.44017117,13.83921101,23.89961946,23.89961946,23.89961946,23.89961946,23.89961946,23.89961946,23.89961946,18.26197898,20.70388051,19.40641555,19.40641555,19.40641555,18.39312425,19.40641555,26.81929374,22.51848017,23.45896577,23.95929646,23.70649151,23.95929646,23.95929646,43.2277224,30.83053345,35.99149686,33.21171304,34.5457752,33.86561108,33.86561108,33.86561108,28.03001425,30.67271899,29.29188141,29.96640155,29.62530256,29.62530256,29.62530256,26.06862649,29.62530256,37.81699954,43.88421511,40.62532851,42.19193663,41.39381525,41.59050133,41.78906551,41.68954699,33.92374241
1749,559,103.9869391,30.6735601,1000,103.9857416,30.67072388,334.6260569,,30.92821065,32.99130139,27.83396037,28.20469366,43.98553372,24.29962289,33.28347587,27.73569773,31.37862149,28.87127154,22.61995174,35.66702605,26.09170034,35.94640223,44.79654681,43.25507378,37.05890665,33.48797915,41.80406494,52.68165327,32.47529129,35.19346666,27.7250588,31.92070671,27.78855186,26.97005392,32.00129649,33.30930811,42.19193133,43.48930703,34.40725586,29.85511288,55.39694039,39.29553696,24.87348158,40.12169208,36.29191056,24.93461951,27.42069123,26.13131898,36.8395659,69.43249596,27.99892632,25.79558469,23.41081797,28.34479541,31.91135907,30.3057561,31.91135907,26.06065559
1750,560,104.0346298,30.63539204,1676,104.0337714,30.63626349,126.8696917,,39.10845542,32.05129053,28.11733067,21.03365942,30.08106851,23.66481296,26.4388359,26.40062949,26.60937355,48.41670213,48.41670213,48.41670213,48.41670213,48.41670213,48.41670213,48.41670213,33.58315369,33.58315369,33.58315369,28.45675328,28.45675328,26.40062949,28.45675328,30.44872601,29.41905894,29.92503785,29.66989136,29.79691842,29.79691842,38.65993515,55.02781809,78.29672403,64.63172973,64.63172973,64.63172973,40.24060706,49.59973468,44.43267677,46.87424145,45.62081518,46.23903554,46.08291494,46.00524931,46.04404937,46.02464116,46.03434322,46.03191732,46.03070447,46.03191732,84.19002583
1751,560,104.0346298,30.63539204,1682,104.0337291,30.63346353,230.5115871,,67.70270389,67.70270389,67.70270389,67.70270389,67.70270389,67.70270389,67.70270389,36.23762941,47.20757411,47.20757411,82.70847646,39.23601483,50.5121043,50.5121043,62.16042798,68.5819598,62.16042798,46.35987227,49.29752755,49.29752755,69.93048146,71.41494953,90.69308345,79.90772398,79.90772398,79.90772398,59.2139857,79.90772398,98.40020319,98.40020319,98.40020319,82.43460728,60.57238785,70.92664218,60.57238785,42.05278955,49.64157807,45.53315301,45.59569855,45.59569855,45.59569855,45.59569855,45.59569855,45.59569855,53.33172966,49.69112057,49.69112057,49.69112057,108.903112,83.90715001
1752,560,104.0346298,30.63539204,1823,104.0357334,30.63610712,132.1639888,,52.59427585,43.4795368,66.54410625,40.32121692,42.29247642,42.29247642,78.9693543,54.22112361,75.52227931,39.53936508,27.74287812,30.30511845,30.30511845,74.80980498,73.76594724,40.32121692,62.60399469,62.60399469,62.60399469,62.60399469,62.60399469,62.60399469,62.60399469,62.60399469,62.60399469,62.60399469,62.60399469,85.47132209,60.77614083,43.51741096,59.051995,59.051995,67.11776234,59.051995,42.86399637,49.67237163,46.01772047,47.77525577,47.77525577,47.77525577,59.28851834,27.18802055,25.30799786,27.18802055,26.76739014,27.90559294,28.57599758,29.27940675,31.43989162,26.72979549
1753,561,104.0983272,30.63112623,516,104.0969164,30.62883906,287.293263,,33.99361534,39.26133529,42.45445124,29.38985589,78.05703749,55.11131865,34.81170471,40.34545531,137.9007662,30.83878485,97.57129687,46.25472928,51.11642901,51.47258197,63.24433838,43.42571365,64.19518429,45.34966278,67.91548055,49.93566513,41.76590689,58.63127816,36.28967533,37.3265232,71.61609324,41.75998977,35.23869665,58.04496538,53.79743807,39.01216145,58.8388225,61.42222342,40.08743205,36.23881383,38.97433397,55.42178363,92.01563584,29.35194328,60.4506547,40.08743205,27.50680178,61.82570646,94.45257962,67.15946408,68.59859544,80.53630817,80.41130468,76.77402151,71.32798254,67.82004897
1754,561,104.0983272,30.63112623,525,104.0989873,30.63221536,136.2816524,,20.99332258,15.45240783,16.04624525,15.82625641,18.32928824,14.05770626,26.41259481,20.03187269,16.9762612,13.47801948,23.75015837,23.64167206,23.72862062,20.31527738,39.24911589,18.15407766,18.15407766,19.70337143,23.16402024,46.72513797,17.44095089,11.98080461,15.4129652,17.98218505,14.38289254,24.77848225,14.14653378,14.14653378,16.23653443,16.81144313,17.94382012,18.8154918,17.75710265,18.27098265,18.27098265,18.27098265,25.0632924,25.0632924,25.0632924,25.55280983,14.62336658,16.86683107,14.4964417,11.06232128,15.59206113,17.87300359,16.57479556,14.28972666,20.47067936,17.27513904
1755,561,104.0983272,30.63112623,1388,104.0952575,30.63396936,431.0930951,,65.62093625,65.62093625,65.62093625,50.5516333,78.11754071,78.11754071,118.3553969,94.11609204,99.19489575,101.9455488,100.5514143,101.2436824,100.896361,101.0697233,111.9651193,189.2603832,125.4934077,150.9175179,125.4934077,122.6826199,122.6826199,122.6826199,64.93452478,122.6826199,131.5199273,122.6826199,106.2969276,106.2969276,84.34430122,99.10186094,99.08077097,99.10186094,99.05968992,99.05968992,99.05968992,71.62777579,99.05968992,196.4474864,99.05968992,99.05968992,87.10580779,114.9581587,106.4184098,110.5235709,106.4184098,91.46965474,80.20336653,80.20336653,81.00574907,81.82434844
1756,562,104.1567215,30.62997401,131,104.158009,30.63265017,321.2386193,,71.60737025,49.58023706,37.91668949,37.91668949,31.91332265,27.821789,27.73005965,27.73005965,31.30853549,30.46319472,32.35981894,32.55338577,34.07165889,35.8034377,29.5103279,47.53501589,47.53501589,64.24772386,56.99850877,54.93867123,38.93801446,53.018179,41.45014443,36.97710726,41.45014443,42.83181591,42.12965499,42.12965499,42.12965499,37.73992171,37.73992171,37.73992171,33.96563263,38.54863432,38.54863432,38.54863432,52.04146947,32.24927578,38.40233969,56.04809514,37.03208237,46.87442505,47.20240937,46.55096726,46.55096726,38.85080726,33.04168656,38.85080726,41.29632439,38.63448874
1757,562,104.1567215,30.62997401,173,104.1534238,30.63133569,350.2268409,,43.67725036,43.67725036,43.67725036,43.52646584,71.43436982,43.52646584,74.60453416,54.97746922,58.84791726,60.9949588,59.90220538,60.44364355,60.17170651,87.55671023,60.27339567,75.98141633,60.26490846,60.26066572,81.97767407,60.26066572,59.10077941,75.80059885,44.27802027,58.43827891,58.26208429,58.35004858,58.30603326,58.32803263,58.31703085,58.32253121,58.31978092,58.32253121,58.32253121,74.60453416,65.46635572,69.73735907,67.53439817,68.61820187,53.76616747,68.34400278,68.20772339,68.24174227,74.51634913,68.25025228,68.25450807,68.25238013,68.2529121,68.25317809,68.25304507,68.25307833
1758,563,104.0645381,30.62255535,29,104.064657,30.61877337,419.311019,,25.6191967,28.45849092,23.29505661,145.146122,84.96358357,34.95992615,33.02203267,33.34726808,44.95293831,32.51523249,50.48560764,47.14486569,61.42501194,33.03106495,90.39039931,38.94127717,37.60285644,32.34222972,35.62638612,37.48807123,33.07448879,34.01460704,37.01315084,31.67457338,32.87194738,33.83150959,67.13949601,33.98118313,29.68990638,32.95515764,28.81262598,41.64192189,44.93608716,29.49327949,36.51853353,30.76086764,36.57372804,38.72549175,53.77174985,33.60462307,36.08054182,29.70660017,39.77962233,26.83590522,32.98294978,32.78713441,35.21772338,31.73482134,37.33914178,49.04222444
1759,563,104.0645381,30.62255535,119,104.0598999,30.62248789,444.6381518,,37.36309698,63.40413426,48.87128068,58.54424918,69.82770052,69.89944744,62.34458993,62.47842882,55.09416338,55.60551226,50.99792422,49.9617419,35.53157262,57.09683463,61.83835792,48.03292863,62.92049318,46.6132017,63.40536841,47.65556109,48.89284276,49.36614793,52.74448176,49.63994633,37.06748004,62.15203253,43.81470839,40.54964779,38.25758476,39.37063044,46.45088063,44.12673595,43.18781166,32.32425982,38.07557913,50.30475633,42.99647515,39.25201929,40.64617925,40.89307894,43.54023445,43.04730142,45.36695361,45.25294839,64.13784444,42.34649065,48.13093395,46.39702454,34.32026901,46.08533628
1760,563,104.0645381,30.62255535,218,104.0692372,30.62263344,450.4908351,,75.08180585,107.7911605,59.07248833,59.56337789,127.4751359,53.06829209,53.79681317,76.83065171,62.79833519,72.51456894,86.41128551,110.9877877,114.8418755,113.5630007,132.9781042,120.0673616,155.5651805,117.6377438,139.1913228,133.8875557,106.0511624,106.3791308,127.4974062,135.2798779,133.5787126,160.0667301,92.58706667,143.0129635,129.586959,149.0138138,111.5836564,95.15317969,90.85529447,157.02624,141.6390399,95.80058265,91.51753623,57.87595741,50.01166029,51.09939366,58.82361285,67.36311553,55.80540263,111.6626464,48.82389381,39.4890764,49.02560479,76.18137362,49.46378617,77.00135531
1761,563,104.0645381,30.62255535,1290,104.0643486,30.62516934,290.2760773,,26.47229584,27.27019515,24.00832368,22.48749469,20.76932751,20.89291326,28.61876819,20.0026173,28.18594412,22.43438983,24.06710913,21.16151079,28.83404585,32.13844432,20.14769688,19.61592604,27.11069024,20.70240844,20.68270912,35.44755354,20.49900807,36.90694828,36.70938682,25.69920389,24.0412702,38.05009157,25.38703622,28.62074421,34.64068104,22.30509879,21.69037109,21.99987112,21.1241182,23.84923267,23.13395683,19.68310387,19.61257919,20.38470059,24.51886153,25.52768155,23.67810903,21.08117568,20.72225821,22.56120247,21.34092331,22.31833153,21.03449836,24.13380781,21.76896149,29.41343207
1762,564,104.0994826,30.60753214,270,104.0957775,30.60819498,362.7047848,,48.94984912,48.00504505,85.20308158,90.10733676,24.75331233,124.9509306,82.84325979,140.2133933,65.82166227,43.49557712,88.04701452,146.7120478,26.27237878,67.93265959,94.5273088,85.09203162,68.65074791,134.0199498,78.55371009,71.35176094,89.33615389,126.8390182,91.03745596,48.94067561,54.78617729,87.13213131,86.75994852,75.33099378,60.56295108,117.1064776,76.26333398,75.45191027,68.86799711,64.60492044,120.0465624,40.69830313,65.00009615,69.65170119,86.75994852,90.6761962,62.40082319,102.5448083,84.67815988,35.15716816,105.3863782,45.36435062,79.06713304,48.52914194,61.99345877,54.96950755
1763,564,104.0994826,30.60753214,510,104.116215,30.60810306,1605.266396,,167.3847654,176.053588,130.571119,177.2686818,143.7551996,130.0347052,99.46573194,128.314383,174.1699525,109.6056714,203.3591634,187.6285398,168.9136727,223.6054653,157.1169829,99.23799129,137.1046032,117.4585168,134.082576,140.3795715,247.6696726,198.2716957,148.7718285,168.3191949,115.8108021,243.88081,150.9742561,165.3278265,204.6011339,162.43895,127.6941644,98.03153563,172.8502201,187.1169418,359.3879991,113.3129221,121.7263618,87.4275193,153.912429,136.2962034,212.2016778,197.4025285,257.0058016,86.12457564,141.7453771,141.4389319,149.8433628,214.1162379,101.4742586,154.105574
1764,564,104.0994826,30.60753214,707,104.0991022,30.61345907,657.8851349,,108.4757169,181.7176332,181.7176332,181.7176332,118.0259046,126.4825894,118.0259046,122.1080036,212.151884,187.7543081,198.3296428,245.9383682,142.3309186,159.0855742,159.0855742,153.9966829,110.157511,149.2232709,220.6571261,137.1652405,193.3376723,188.8773045,193.3376723,184.6181002,152.4400782,129.8141192,122.0817776,131.0310642,136.8303345,162.663907,143.1667133,143.1667133,80.28428765,103.6817098,103.6817098,114.4000028,127.5898443,236.8386486,167.1802225,174.5739424,167.1802225,119.3141806,115.3755355,102.3061117,111.6886156,111.6886156,113.591678,111.6886156,111.6886156,92.37029374
1765,565,103.9980882,30.70975652,36,103.9945272,30.71275996,476.5458367,,34.87537147,43.98884646,45.37031437,42.09401611,31.30593088,38.03913552,40.95577195,36.5579526,30.57442596,34.26561276,32.34880601,31.92738857,52.61662359,44.15868757,40.33172715,48.28044125,40.55709249,40.87111405,45.5510126,34.56941857,39.010574,72.7460111,48.80697047,46.99319792,38.85764467,41.58385432,50.45779447,35.20139259,34.24281461,34.94022428,54.31458654,34.84559944,51.21089588,49.95650087,43.82030682,38.13018492,48.7838392,42.33349814,48.62540336,45.33080743,39.74895765,37.20054236,44.13596635,52.92440711,46.77750544,53.96744183,50.2214582,40.99319025,38.59538835,36.4661162
1766,565,103.9980882,30.70975652,977,104.0013005,30.71088213,331.9627717,,35.14899936,36.68659948,36.68659948,36.68659948,24.37666452,33.24244724,25.67273852,33.24244724,34.50623614,33.86255428,34.18136512,33.86255428,33.86255428,29.34777804,27.51362988,27.51362988,27.51362988,27.34704755,27.43008581,27.43008581,27.43008581,39.18249109,32.26955457,34.57278625,34.57278625,34.57278625,34.57278625,21.41695301,34.57278625,57.34481661,38.23191613,42.75728008,23.02631942,33.49869595,33.49869595,33.49869595,38.14547609,49.23031836,44.28904181,46.62913912,44.28904181,44.04420067,43.86904783,30.06455291,43.69528256,31.08103974,31.08103974,31.08103974,31.08103974,38.46778899
1767,565,103.9980882,30.70975652,1273,104.0022233,30.70589064,583.4441876,,42.90907202,38.71193662,42.90907202,56.16040308,52.76279863,49.75284031,70.97655578,51.78977532,68.64049266,58.19431438,94.55172688,71.89044182,68.11184679,68.74260587,39.80855864,44.91231095,53.71864643,60.01140215,68.19477517,52.20544513,49.65482448,47.06776639,87.03311087,63.26503239,45.7034303,57.82241088,78.0237398,59.67042828,58.25195533,65.16232913,61.13586539,47.73634262,44.54717021,63.45616542,53.15970663,57.86223348,53.68813314,54.22717062,46.95377963,57.06313993,54.81208443,89.09434042,58.60021335,105.7324989,42.88716846,51.24174373,49.39790864,42.77402542,39.63017123,43.75831407
1768,566,104.0036392,30.71829539,222,104.0017918,30.72113711,361.2344827,,31.83461781,34.29931239,31.83461781,33.99529926,35.74080653,29.33573889,31.87363083,38.28253783,33.77776981,33.58874225,33.18517736,23.62296345,38.51265955,42.73286383,34.28612469,37.49591146,37.70143211,37.59839093,31.87363083,38.361184,31.87363083,34.42890081,23.05752017,37.28203943,36.08335565,40.84630193,34.63809922,41.97519912,47.57722456,39.72843598,35.70502995,37.86897116,35.79204049,26.7306092,31.87363083,39.40273396,39.58483012,36.60645004,38.361184,31.23564783,31.87363083,42.98988885,36.60645004,31.87363083,36.60645004,42.98988885,36.60645004,36.60645004,36.60645004,31.87363083
1769,566,104.0036392,30.71829539,748,103.9978866,30.71380994,742.0186781,,87.72634618,87.72634618,103.1709266,85.11738422,84.85544991,79.58095057,79.58095057,79.58095057,79.58095057,79.58095057,79.58095057,79.58095057,79.58095057,79.58095057,79.58095057,79.58095057,79.58095057,79.58095057,79.58095057,79.58095057,79.58095057,69.08449761,73.96217557,71.44017582,72.67930369,72.05441279,72.36550925,72.20962595,72.28748356,72.24853379,72.28748356,82.69743834,96.61002681,122.5351945,108.03912,114.8314773,111.3317944,113.0545585,112.1865631,113.0545585,113.0545585,116.4082958,118.1609036,117.2780523,117.7178227,117.497526,117.497526,117.497526,94.5023788,104.7528368
1770,566,104.0036392,30.71829539,1462,104.0054097,30.71258206,655.5253337,,59.74408105,57.76967445,55.92159245,56.83061292,56.37243837,56.60059844,56.60059844,56.60059844,60.11408706,62.03964612,60.11408706,61.0616899,49.85685637,51.04306853,58.6308373,54.57447372,56.52998187,55.53501871,55.53501871,50.90360659,55.53501871,55.92573387,56.32198571,62.87454356,65.25044796,64.04046679,55.83889267,74.91718099,74.21041514,66.04173139,36.36195996,46.90078571,46.90078571,46.90078571,57.19561806,61.56773288,107.2677819,66.66359326,69.81926631,79.39078894,55.22981748,77.75588802,77.75588802,72.22314312,51.12415947,67.42546289,53.01140849,53.01140849,53.01140849,73.35499137
1771,566,104.0036392,30.71829539,1666,104.0079121,30.72021768,461.29248,,46.64755416,43.79984645,46.47349612,50.4125992,54.53704197,46.19541331,39.82978091,54.53704197,43.13384229,43.65723298,49.47327491,47.58317845,47.40659229,55.0796991,44.78416796,47.88186847,48.14431609,48.01273363,42.33659472,35.44616709,37.10956264,39.97509587,45.98023797,47.60875622,46.07805017,50.56799415,44.23247353,53.60186978,50.62966244,37.10956264,45.59493239,48.35826162,39.38696538,37.10956264,39.07418654,44.99609441,50.54939473,46.74603597,45.31628229,39.10485701,42.12071153,43.64157709,44.72386273,37.742112,41.80731159,54.62674105,39.40680217,43.55402958,45.33174508,39.51573463
1772,567,104.0729586,30.70871824,558,104.075652,30.7050887,477.8586952,,63.2750824,80.20006073,47.12051046,52.11249318,100.0169362,75.56184345,68.50717578,65.20371331,57.19687363,41.65354244,70.55193314,61.53053841,63.24600378,72.01219406,80.53798234,65.74728093,59.73168877,126.4920076,55.97477124,56.26941634,98.30236016,76.05178173,85.43558747,59.14136923,77.84123542,170.3258716,63.67509498,58.83349189,93.15656872,94.39184103,126.2268251,86.01456514,95.97162079,85.43550223,70.81492772,85.43550227,70.81492772,72.76730597,74.83039112,122.1412254,68.10337699,75.79117742,86.44679913,75.5934659,49.72978214,50.33771186,67.28356752,64.33935224,65.77853095,85.43550227
1773,567,104.0729586,30.70871824,766,104.0718154,30.71217924,398.9027904,,45.44462169,45.44462169,45.44462169,63.12307892,63.12307892,70.85773249,57.34642444,52.5064002,52.52240336,52.5384163,52.5384163,75.18586625,68.3833355,68.3833355,61.30416416,55.55319325,53.48417301,45.42066564,100.8259811,54.91587172,53.7846459,56.0957049,87.03333609,49.69031299,51.65647645,43.78201358,41.17706223,43.78201358,142.8905518,78.75960031,78.75960031,78.75960031,59.93531074,75.71441363,45.05255045,30.48938525,45.05255045,74.02319822,46.38030022,47.78868704,44.39103695,45.1943366,45.60698834,45.39972481,45.50312056,45.39972481,32.34346949,45.39972481,62.38271266,54.0739662
1774,567,104.0729586,30.70871824,1182,104.0771725,30.70831924,405.9579217,,82.10384933,75.72272115,75.72272115,57.53734323,106.287165,75.29358671,67.28584338,62.03092182,57.53734323,77.12129383,55.83375427,59.12008568,59.97736736,64.2394953,47.02971901,46.10247691,72.08130792,60.04307798,65.51377421,73.41124704,62.58880163,52.00884406,67.77430031,76.26606748,73.89665785,70.26194799,59.73222825,60.85143031,85.46482562,105.6468809,54.32894119,93.38329189,72.17029719,62.45506488,70.829492,106.9352574,68.29198683,86.99098322,68.99048867,82.10384933,76.86055319,94.89925442,59.97736736,72.34893654,59.97736736,58.66129991,41.05192467,67.71190046,65.78162871,53.16774964
1775,568,103.9805188,30.65092525,649,103.9807086,30.64868896,248.5186834,,29.33335279,31.20932303,23.96430162,28.76358238,25.15128844,33.2281248,20.2241822,31.99048606,22.8802965,29.11064838,32.57407251,28.3085224,51.07520038,33.46635637,35.78669041,36.20505999,34.81195565,29.96493216,43.96399313,29.70671589,29.88200602,29.83979483,41.28326185,30.09814164,36.55433137,24.82887864,32.51646325,31.11469873,56.09199124,39.80721959,46.56693612,41.43896527,39.80721959,33.24527392,26.86688469,31.88407912,32.78770804,32.36856947,29.44921857,33.88891137,43.25546787,44.53454807,53.58893443,66.51801191,45.53345079,29.66157514,34.1965508,30.88609644,46.52377463,42.51322779
1776,568,103.9805188,30.65092525,804,103.9755348,30.65367442,566.5000649,,76.00249319,76.00249319,76.00249319,76.00249319,76.00249319,76.00249319,76.00249319,76.00249319,76.00249319,76.00249319,76.00249319,87.18490488,102.2255756,161.2174098,143.7643669,118.0550063,134.171068,134.171068,134.171068,132.0000151,130.940625,130.940625,115.6286454,103.5228545,95.82146753,93.76552798,94.78235012,94.27119726,94.52608267,94.52608267,94.52608267,116.2051415,116.2051415,145.6714453,123.2096804,126.2431209,120.3185979,126.2431209,231.7500266,119.7725711,92.28055356,101.9700117,107.6200651,104.7188823,104.7188823,104.7188823,107.6911014,133.2941329,110.8369692,116.2051415
1777,568,103.9805188,30.65092525,944,103.9841556,30.65006856,361.1951487,,55.02955536,56.74047426,73.89832075,59.48772561,46.98473479,52.77915851,47.28372856,35.41680058,35.90095121,46.52901006,47.42744809,42.60266603,48.60083443,43.37353835,49.92248868,34.94849751,39.77676768,29.48531826,42.56309445,44.61047937,33.28241972,55.12351775,53.77317282,50.79306779,50.79306779,50.79306779,50.79306779,50.79306779,50.79306779,40.1327943,50.79306779,50.79306779,85.82855019,63.81852934,73.2049281,68.19023456,70.60865625,69.37837621,69.98811005,69.68190931,69.83467406,69.79642011,69.75820805,69.75820805,49.44116104,57.86820558,55.50313476,54.39164284,54.9417679,54.803196
1778,569,104.0195149,30.64076755,87,104.0184715,30.63982391,144.6887032,,19.61265133,18.92373288,16.8569363,27.22365845,16.34131236,21.82088634,19.43579595,20.1111711,20.02419343,20.1111711,20.1111711,20.1111711,18.86176147,17.8536189,19.49398696,17.96135626,18.21666936,24.92245605,18.37699847,18.32815387,22.50018711,18.32815387,20.22832355,19.13427796,20.1111711,18.63879837,20.1111711,19.29922333,17.9923776,20.1111711,15.5428372,19.88089052,16.50964601,50.32650546,21.04137877,19.80529778,18.62659168,20.15007085,20.54750815,26.37363704,19.65582383,18.50370627,18.43820643,21.3329419,17.33375479,20.1111711,19.06237261,18.83831217,18.52015401,18.52015401
1779,569,104.0195149,30.64076755,605,104.0209969,30.63933628,212.9205378,,27.99198793,32.57141372,30.10856705,41.48925229,24.02865003,26.56894059,40.57776263,22.6779271,21.00997541,39.14780062,20.57755533,28.73529282,33.47222428,16.59121074,20.71659287,18.25033181,41.43318573,18.09950262,29.98098837,20.17141937,27.31696137,37.7593072,62.70052647,33.20637991,21.60715817,24.05881783,26.05417866,22.34734508,23.1925548,43.67600775,63.34825918,20.46766184,33.53079335,34.27036972,20.13609289,22.63010355,22.3648103,22.10566506,41.65836609,20.78212208,36.04297505,24.00983355,36.67530795,30.11842578,24.94756505,24.88681611,22.54452753,20.60521334,17.87266537,20.60521334
1780,569,104.0195149,30.64076755,1713,104.0208166,30.64174363,165.1214109,,23.12984744,23.12984744,23.12984744,23.12984744,23.12984744,23.12984744,23.12984744,23.12984744,23.12984744,22.49525371,13.93756341,21.89455172,17.03258107,18.03373771,19.15993809,19.15993809,19.4578422,19.3077411,19.38250106,19.36375684,19.35439833,19.35907645,19.35673711,19.35790671,19.35732189,19.3576143,19.3574681,19.35754119,19.35750464,19.35752292,19.35751378,19.35751835,19.35751607,19.35751721,19.35751663,19.35751692,19.35751678,19.35751685,19.35751682,19.35751684,19.35751682,19.35751683,19.35751683,19.35751683,19.35751683,19.35751683,19.35751683,19.35751683,19.35751683,19.35751683
1781,569,104.0195149,30.64076755,1867,104.0180759,30.64236,223.9757753,,23.6455364,23.50766155,25.55666533,25.1383567,24.7335212,38.67207631,47.80510618,20.46479165,57.80020008,58.28767166,24.14110153,26.69909904,25.54856752,25.54856752,25.54856752,25.54856752,26.87261427,28.34139863,45.55439498,32.60652535,21.35927923,26.52344708,23.66288455,26.15472445,26.15472445,26.15472445,26.15472445,23.30383789,29.26725194,29.26725194,39.09395351,39.09395351,40.14359556,36.40923234,34.06955455,20.98406743,38.39584719,30.65828103,75.71012123,27.44894608,34.90531563,30.04892389,29.42747413,29.73495234,23.71508209,38.21387635,47.07021547,29.16140293,29.16140293,25.55666533
1782,570,104.123888,30.65480711,414,104.1214114,30.65498432,238.1140514,,49.35953464,71.43421542,44.11032171,38.04188987,36.63293098,41.90884913,54.2538345,43.00162835,45.23787377,42.07168516,46.37748883,45.11634658,41.42781723,30.02488914,42.70040274,97.966924,97.966924,52.91423364,68.71427535,63.9411159,61.79486083,26.25453553,86.87945118,41.97150394,54.52467398,54.54991785,54.53729301,54.54360471,54.54044866,54.54202663,54.54123765,62.49443412,54.5414349,54.54153353,54.54148421,62.4941104,54.54149653,54.54150271,34.04331156,54.54150115,54.54150038,51.11317769,52.77171746,69.69191748,52.34707305,52.13730334,52.18958798,52.21576966,52.20267554,52.20922178
1783,570,104.123888,30.65480711,1220,104.1229835,30.65335278,183.0073139,,47.3975777,27.96376613,36.89755426,40.46016357,39.45067845,36.80594023,42.50492452,37.53996183,37.53996183,37.53996183,34.00393961,35.68456764,35.68456764,42.45926938,36.80594023,50.16444139,44.31567241,47.52293798,45.35809501,45.89125503,53.3452974,46.02650925,42.09752908,46.06044745,46.07743534,46.07743534,37.64721886,54.67438424,37.64721886,49.21285853,50.67894846,47.3931867,47.65470742,41.96346051,38.6915947,47.28206788,50.48477625,61.8654547,50.87462008,50.29356224,32.45449902,32.69609578,39.99018359,50.1008616,29.67725527,48.03210457,44.40527948,49.16614403,54.07733274,54.07733287
1784,570,104.123888,30.65480711,1356,104.1233143,30.65993161,570.5966595,,97.50702408,85.18133835,96.8303353,81.71647834,105.9180393,98.13785484,105.5721428,108.5863305,73.36242765,73.36242765,73.36242765,73.36242765,73.36242765,73.36242765,73.36242765,73.36242765,73.36242765,73.36242765,73.36242765,73.36242765,73.36242765,73.36242765,73.36242765,73.36242765,73.36242765,73.36242765,73.36242765,73.36242765,73.36242765,73.36242765,73.36242765,73.36242765,73.36242765,73.36242765,73.36242765,73.36242765,73.36242765,73.36242765,101.6904938,85.23435578,92.73805753,90.74093757,89.77429005,90.25502564,90.01401599,90.13435971,90.10424361,90.08919313,90.09671776,90.09671776
1785,571,104.1827765,30.65238351,43,104.1749113,30.65114609,766.0010004,,86.62629115,86.62629115,120.1025069,119.3713964,105.8686872,112.2153111,108.9496502,110.5583707,110.1517531,109.9495639,110.0505656,116.9740747,116.6651279,114.7918559,121.4530617,123.6593543,144.9082292,136.1168482,142.0712829,144.5663749,143.3079694,123.6593543,118.4156136,123.6593543,113.950562,123.6593543,123.6593543,123.6593543,123.6593543,123.6593543,128.7847566,123.6593543,123.6593543,143.931626,122.0178585,143.9418092,140.2691388,126.4485635,143.9456282,143.9449917,143.9453099,143.9452304,143.9451906,143.9452105,143.9452005,143.9452055,128.5596085,128.5596085,112.4663048,112.4663302
1786,571,104.1827765,30.65238351,332,104.1831593,30.65487167,278.1866081,,44.62003022,51.35752765,49.15198965,42.54684922,42.54684922,42.54684922,42.54684922,42.54684922,42.54684922,42.54684922,49.52034641,48.68265642,45.92904035,44.90904884,44.90904884,92.15998057,51.59566147,34.10867896,44.90904884,44.90904884,42.55777279,45.83394916,41.25527453,40.64041658,38.63889228,38.12321091,38.03584031,37.74131871,41.10084213,41.05756475,42.3743258,41.07919205,41.07919205,47.74597326,42.07506427,46.93259463,45.21326053,46.73356171,46.07234455,67.89639249,43.92420128,46.49584743,48.53453292,47.58168677,48.05338685,47.81637353,43.92420128,43.92420128,43.92420128,43.92420128
1787,572,104.064828,30.61435293,1010,104.0648521,30.61124243,344.7425771,,30.09574483,18.72611509,76.60946158,38.96619396,46.30870439,38.96619396,57.06084035,57.06084035,102.1459488,68.37869298,68.37869298,68.37869298,48.62187179,37.72259202,21.22399791,31.61164742,27.51825449,22.89803095,19.91559151,27.12728476,21.52772381,23.97051236,21.92708971,29.14457795,26.37775298,68.00401521,31.41957665,42.98089273,31.41957665,36.30196059,26.70410495,60.68817983,37.08848046,46.04027925,41.08238842,41.08238842,41.08238842,19.4373262,26.38914574,22.38594472,22.38594472,21.10668839,113.8599337,20.78849711,19.03486622,39.15057658,21.73508367,21.73508367,21.5901411,19.42211702
1788,572,104.064828,30.61435293,1059,104.0646499,30.61653136,242.0373337,,44.07099393,25.45677227,20.74985752,19.35636913,23.37583907,22.79144309,24.33495125,21.25781949,19.62657059,30.29473912,28.99615312,28.52158433,31.7532245,29.98239073,32.72552091,23.90127891,19.00880553,23.89156985,28.3976448,46.82795246,28.69062895,24.24863826,44.86788884,42.776991,25.42804673,21.2473474,28.92396353,23.50722306,19.64026097,20.4346717,14.71848651,25.75531207,27.68652206,18.08819932,23.31604725,26.12903034,21.47797015,25.79002456,22.89425156,27.17259047,22.2684951,21.55385143,21.1418957,21.57955314,23.02072395,21.07217416,31.59963318,36.28234214,28.24422695,19.27730976
1789,572,104.064828,30.61435293,1347,104.06964,30.61440644,461.3054735,,63.06454575,58.40678915,55.86095712,46.29588982,53.52779064,50.29375241,61.67872626,61.64637381,54.83119124,47.23861359,54.6822425,58.10028122,43.93385462,64.41814215,76.98607903,69.36924414,78.5200806,71.06117692,73.80887576,96.15300193,80.61649051,58.06642324,69.4645828,69.4645828,69.4645828,104.8862972,68.03048403,66.33953548,76.40191028,68.021638,74.92902688,60.03975794,69.38856705,69.09984902,41.93686123,56.10471975,104.9415295,81.08885276,134.7423695,69.44383473,74.63818897,73.22309103,77.78452949,74.69413965,63.57962116,71.08691525,67.27670977,69.58238985,67.27670977,67.27670977
1790,573,104.0836116,30.6089152,92,104.0925349,30.60819686,859.1051817,,70.54874639,81.4693093,77.60538091,78.44924599,120.7194044,139.917209,106.4498875,118.3702792,97.99961168,102.9033742,123.2629174,163.6390822,113.1215129,99.08215369,138.5417059,88.96668869,91.35217553,102.3910535,90.9774571,134.3284683,211.0768663,98.23848491,89.05477673,124.0355468,93.95350785,113.9144992,88.61322142,84.96644654,101.5968898,77.02676465,113.0345218,100.9696698,93.6935253,78.6366299,104.8907489,95.31720876,116.722837,92.28239805,75.62383811,74.99743052,73.78493019,114.8945047,77.96236497,102.3661523,125.3610595,301.0003556,56.36214289,65.8528405,92.04698375,102.892553
1791,573,104.0836116,30.6089152,134,104.0783955,30.61080386,542.0671848,,52.08011383,39.72111968,54.82484169,54.61516523,56.02300431,36.37733386,70.17280326,142.4410121,66.61726896,87.90278672,82.87412369,76.52713197,59.72930939,248.9084012,48.13803463,175.0172076,102.9784625,51.73349441,149.5569979,72.76069595,98.96662294,67.47390989,61.06930447,61.05888189,59.93678624,72.18014824,79.06976764,104.1324368,81.73578493,144.9987764,50.35979007,67.85263787,69.43644553,92.02201546,154.1423274,53.04890507,144.382381,97.92181402,53.66017961,66.86489624,47.71251504,47.84248648,64.7602389,54.6783593,77.87966394,115.7501241,55.81346989,51.36374573,90.46419244,93.57707213
1792,573,104.0836116,30.6089152,1018,104.0847891,30.6093794,124.0511176,,10.25451259,9.145845686,10.25451259,10.25451259,13.06119493,12.50877242,8.942112932,9.457518496,9.282802471,8.931010641,9.473149929,11.19679136,10.92061742,10.76345178,10.06676685,12.18816871,9.713627479,9.110860728,9.110860728,7.810826819,9.179920826,8.889578435,8.587122189,7.593352151,7.956953646,11.79099732,9.496826433,10.21102113,9.840982894,9.489405444,9.677325995,10.08780956,9.716193199,10.01970886,9.022869606,15.4555807,7.904142006,8.667774662,9.429697179,9.469868066,8.821158097,8.85834018,7.78893276,9.766424208,12.62249925,10.9652739,8.059063031,9.833558238,9.833558238,11.59791144
1793,574,103.9536277,30.68984807,166,103.9499056,30.68406085,733.8491381,,211.3485518,109.6206181,93.21459207,95.03082364,95.03082364,81.79123521,95.03082364,90.08889675,83.96009605,88.78326056,76.2440663,73.58932861,125.1076668,112.3795915,101.6685356,82.27520701,101.3111427,86.47649418,96.12578159,95.26641955,98.66879168,85.08395804,127.6924435,176.1237931,102.0052737,91.6515836,49.7056801,86.97471266,58.16505718,90.26845889,71.59503786,57.05954422,85.52581849,71.12919624,92.05076297,76.41405908,86.99596938,76.31403918,86.78182696,75.50774996,98.04178831,102.677083,102.8031313,82.81683063,86.61825892,100.6869173,100.7925564,102.4919023,47.77318078,90.86575995
1794,574,103.9536277,30.68984807,194,103.9610538,30.68749832,757.4978528,,72.17447562,86.20628884,79.66673299,88.50997306,72.95351532,82.29398353,88.60640021,80.0761201,70.10262905,78.81480549,78.81480549,78.81480549,79.48632177,77.06477952,80.74850208,81.64647515,78.81480549,77.18233622,78.81480549,79.64346583,78.81480549,74.35561745,86.47967031,85.7544739,78.99237345,72.86552492,78.81480549,78.81480549,78.81480549,75.76147688,72.59074365,78.42444618,80.91965193,80.56107149,80.73996358,72.07356552,80.69516612,116.5381312,80.68397452,78.8799417,80.68117709,72.07700066,72.55319025,72.0769807,72.07697072,72.07697571,72.07697445,72.07697384,72.07697414,72.97927573
1795,574,103.9536277,30.68984807,547,103.9536909,30.69205188,244.3310552,,31.36731526,33.42072852,25.81972012,24.87533367,22.0043117,27.2741643,25.09534376,25.09534376,25.96580956,27.03317092,26.89883177,38.46611364,31.65897296,31.65897296,31.55486273,24.10666115,31.45143499,29.36867441,29.79815252,16.28873701,29.63563426,29.66259741,29.6491097,29.6316304,29.6316304,24.56388547,25.23815596,22.36226647,24.69881792,22.46035102,22.50971667,22.30681017,22.40780409,22.40167737,23.19559398,24.04255851,27.53974383,24.01018443,31.2831506,23.76968173,30.3688459,30.36882392,29.61710872,26.72132659,28.90172126,27.76878875,27.76878846,27.76878832,22.31491084,24.74489889
1796,575,104.0145129,30.73018611,246,104.0191754,30.73334897,567.5876592,,68.79850415,68.79850415,88.45521962,88.45521962,67.42026401,73.8992974,58.45201884,76.50820546,41.96437939,90.54574178,54.15147279,52.37591985,62.75539229,75.33732142,115.5721478,114.7930097,57.94585106,108.9042277,53.7008035,60.09751686,68.68287641,86.16733243,92.65029032,87.39936895,112.9944096,73.67724423,79.58385874,79.58385874,70.00908846,69.85694267,63.32589585,91.59855008,116.7608899,87.57066743,93.47993474,59.48516952,80.14311777,116.7608899,80.71361355,66.15347869,66.15347869,116.7608899,128.712792,74.01082668,55.60042376,120.5501122,79.97321226,116.7608899,93.30208096,72.45799905
1797,575,104.0145129,30.73018611,942,104.0068158,30.72585148,879.7321326,,97.66010054,97.85498071,111.5803106,115.620408,90.89691952,81.59458868,80.87425121,80.87425121,355.8467053,286.1779226,286.1779226,286.1779226,286.1779226,286.1779226,286.1779226,286.1779226,286.1779226,286.1779226,286.1779226,286.1779226,286.1779226,286.1779226,286.1779226,286.1779226,104.6953943,357.8571387,333.3721766,333.3721766,333.3721766,333.3721766,377.0280568,102.6924668,572.3558453,315.9137833,315.9137833,315.9137833,118.1178807,336.9186891,212.1966953,212.1966953,212.1966953,212.1966953,212.1966953,212.1966953,212.1966953,212.1966953,212.1966953,81.20604301,100.0959443,100.0959443
1798,576,104.0896026,30.70302465,531,104.090725,30.70306401,107.5830727,,17.88084311,18.18305454,17.01665473,16.48081114,18.18305454,24.29730626,18.18305454,16.58668359,16.83908964,13.32641933,14.83498458,16.20498166,13.15107171,15.0626762,15.73586843,13.17343747,16.23044785,21.27773259,17.09929632,15.64120564,13.34220043,15.52819492,19.96386916,16.83908964,13.68547921,14.5601151,13.57158342,18.61790947,15.28560678,13.96930791,15.79201067,15.79201067,15.79201067,12.9911635,18.5052309,16.81167929,18.26882367,18.58886785,20.31288785,16.19171439,12.88848791,14.10497342,12.19839564,18.84666967,12.4233861,11.71857978,12.17347357,11.844008,19.39890116,18.62947687
1799,576,104.0896026,30.70302465,1048,104.0890159,30.7055667,287.2852446,,42.70135758,44.29237176,42.70135758,44.00965449,47.38725684,45.78757634,46.57368446,32.01940807,44.96638611,35.58630127,39.61470951,43.27309124,35.11806046,40.22272749,42.02039129,30.96487666,49.13191832,47.67908021,48.39459793,48.21371269,48.12377621,48.16870248,52.09390867,48.15746306,48.15184531,48.15465402,48.15324961,38.68679105,38.68679105,38.68679105,38.68679105,38.68679105,38.68679105,38.68679105,38.68679105,38.68679105,38.68679105,38.68679105,38.68679105,38.68679105,38.68679105,38.68679105,38.68679105,38.68679105,101.064516,55.95456523,62.98260629,67.20304627,65.02441585,65.55572246
1800,576,104.0896026,30.70302465,1212,104.0875146,30.70296586,200.0700202,,30.84591318,30.84591318,21.93661135,21.93661135,21.93661135,21.93661135,34.13516932,26.70897674,26.70897674,21.66171647,23.92201736,22.73582763,23.31384415,22.86514517,22.86514517,22.86514517,22.86514517,22.86514517,22.86514517,25.27200255,24.00840242,25.27200255,25.27200255,32.29829923,25.27200255,23.46097957,24.33284029,23.88895764,24.10885599,23.99840309,24.05350274,24.02592132,24.03970412,24.03281075,24.03281075,24.03281075,21.0292576,22.43093522,21.70749297,22.06328537,21.88394313,21.9285048,21.95085376,21.93967359,21.94526225,21.93967359,17.69661112,19.59103253,18.59569821,18.83492821
1801,577,103.9891873,30.67490119,667,103.9884216,30.67348142,173.6150959,,23.55581703,23.55581703,23.55581703,23.55581703,23.55581703,23.55581703,23.55581703,16.06720682,17.45443831,19.10385161,19.10385161,27.81962961,22.65228675,24.95067246,24.95067246,33.96817094,28.76935997,28.76935997,28.76935997,27.18931355,26.46263436,26.82105277,26.64063809,26.73054101,26.68551383,26.73054101,26.73054101,64.43446858,26.73054101,32.49751313,26.63413403,41.43741516,55.311004,47.37948289,51.0389394,49.14117702,50.07208306,49.14117702,36.85361903,29.48180874,28.67038281,28.86902287,29.07043466,29.07043466,75.30293316,41.94727149,47.17089398,53.880547,53.880547,53.880547
1802,577,103.9891873,30.67490119,727,103.9919226,30.67483657,262.1330427,,31.6140353,32.82361578,30.24612031,42.70040515,42.70040515,31.6140353,42.70040515,37.7565973,39.45695973,37.10923277,34.66222052,43.06578226,35.14905701,44.77938786,38.34145063,43.66357218,42.68431001,44.44014486,44.71025668,40.45851051,46.16830509,42.24787733,44.42938374,44.06631339,50.06254396,46.27863692,43.7741389,45.09906995,41.34409436,40.50523219,40.45440315,49.82632855,46.05389299,47.86589697,41.31065976,47.39965858,46.31063468,51.80133014,48.1064414,44.54250931,46.66263296,38.59627623,38.59627623,38.59627623,38.59627623,38.59627623,38.59627623,38.59627623,38.59627623,38.59627623
1803,578,104.0276015,30.64903247,1379,104.0243652,30.64894136,310.2824611,,46.3492473,56.70136345,38.98837208,45.74188616,44.23829148,41.83583745,59.46851074,48.3818889,47.20620644,57.2829159,73.73048581,73.73048581,73.73048581,73.73048581,73.73048581,73.73048581,73.73048581,73.73048581,73.73048581,73.73048581,73.73048581,73.73048581,73.73048581,70.2526327,71.9495562,71.09096961,71.51768611,71.30368944,71.41052746,71.35706846,71.38378793,71.37042572,71.3771062,71.3737658,71.37543596,71.37460085,71.37501842,71.37480963,71.37491403,71.37486185,71.37488794,71.37488142,71.37487814,71.37487978,71.37487896,71.37487937,71.37487928,71.37487923,71.37487923,71.37487923
1804,578,104.0276015,30.64903247,1601,104.0276298,30.65025967,136.0388933,,17.68333692,17.53926102,18.85609841,20.16774259,19.47857277,22.06058288,25.24433072,19.86702951,25.36691568,20.58812468,29.84269955,19.92204984,18.21928283,18.89975942,36.27703821,36.27703821,36.27703821,36.27703821,36.27703821,36.27703821,36.27703821,36.27703821,36.27703821,36.27703821,36.27703821,36.27703821,36.27703821,36.27703821,36.27703821,36.27703821,36.27703821,36.27703821,36.27703821,36.27703821,36.27703821,36.27703821,36.27703821,36.27703821,36.27703821,36.27703821,36.27703821,36.27703821,36.27703821,36.27703821,36.27703821,36.27703821,36.27703821,36.27703821,36.27703821,36.27703821
1805,578,104.0276015,30.64903247,1619,104.0275827,30.648147,98.15316266,,11.98309065,12.26914533,11.99834926,11.32536492,12.48591468,11.32536492,11.49000297,10.6732531,11.33997462,11.47555244,11.98889887,11.51685103,12.25186297,10.35706952,10.75382559,11.72380581,12.30125732,12.00559193,9.331400478,10.08286695,15.44464376,12.98936217,16.49257717,15.60050267,14.24086189,12.0153489,11.73599952,12.88428024,14.32384639,13.56598001,15.46395561,10.74833112,13.71667655,13.48991212,15.13147159,15.60598341,11.72464158,12.34056062,24.48162025,12.22272656,13.14108239,16.36576633,14.76141559,15.43229745,14.58999269,12.90192188,12.55771355,18.79528647,13.85239016,14.63405221
1806,579,104.0726028,30.65083318,925,104.0724705,30.6485309,255.4761167,,30.31511729,24.90762411,21.26506405,33.89609411,38.64344622,31.24736196,33.06624623,29.49376869,40.36958002,31.62505227,34.88169482,31.55108131,28.60696797,30.93962624,27.95483344,31.47218285,25.79119518,28.54988089,32.58623938,33.13090851,35.87727794,31.22210543,35.38794327,34.47203973,35.40766199,33.17273292,26.56853211,29.74495537,30.80381885,35.83724486,34.97011483,24.91003343,25.43456914,29.30192019,24.04481098,27.45414985,25.68381371,22.08196927,26.86201362,23.76522016,23.35040356,23.62279161,28.90364614,31.0552786,31.97151866,24.95831805,29.17411642,23.88867585,26.41993659,24.95831805
1807,579,104.0726028,30.65083318,1396,104.0701792,30.65189819,260.5056325,,29.53764652,21.56616931,24.49416329,25.72895136,23.37246796,20.29914019,27.44839835,27.84685745,29.63097242,24.41262235,25.93695054,19.376452,27.66431496,25.57691664,24.83743837,28.29494634,24.13951807,25.52933924,27.08897392,23.89351024,27.06552026,18.96502077,21.09831894,23.93270849,21.55908683,21.44201834,25.32937953,22.54375666,23.14462678,22.61170047,21.55908683,22.68005507,22.07934731,19.35645567,23.67037549,22.90858692,22.2382857,30.10658995,24.49682918,30.42895123,24.4701964,20.55121133,25.05865804,23.74228549,22.01456049,38.99460611,21.35049009,22.1849958,22.1849958,23.02969302
1808,579,104.0726028,30.65083318,1506,104.0741366,30.65259729,244.5961223,,22.26412238,46.83755533,62.57110107,39.17891169,45.77008606,27.02336762,36.9589104,30.17635505,31.00514226,145.1449517,36.08795247,33.84348862,69.33433388,54.93268933,49.76433855,52.22094655,49.76433855,35.47419212,24.45961223,20.68628129,77.12812029,72.81538433,85.21413296,79.60430129,58.6053937,54.35469384,34.22919496,23.51257784,24.98002951,24.98002951,24.98002951,32.55253384,31.5043306,31.5043306,31.5043306,31.5043306,31.5043306,30.64101054,29.82374396,25.74696024,25.67189622,53.20519881,25.15845829,34.27916459,81.15631708,34.27916459,31.77671598,41.12779263,26.429596,25.93655494
1809,579,104.0726028,30.65083318,1846,104.0759907,30.64984915,342.4608015,,52.85568641,52.85568641,45.7461553,94.1113653,62.64526857,58.70756597,67.14917676,106.8335256,106.8335256,106.8335256,133.2820417,106.8335256,106.8335256,85.05407971,85.05407971,85.05407971,106.8952791,56.03904025,61.74585402,72.95022991,93.61115303,81.99926075,87.42130015,81.99926075,81.99926075,76.57508605,76.57508605,55.53418403,64.37905407,59.63041767,64.37905407,64.37905407,77.05368034,64.37905407,56.94498316,64.37905407,66.64102083,65.49051184,66.06075742,65.49051184,65.49051184,65.49051184,146.7689149,65.49051184,45.83118533,68.8267347,82.31253685,72.52111091,72.52111091,55.53418403
1810,580,104.1496059,30.64216205,11,104.1472874,30.64296083,239.1655126,,26.99751801,24.79350678,24.79350678,31.18420302,34.5296108,32.0072805,27.09238028,26.94119986,31.13909025,24.93110889,25.27045076,28.27572563,27.18621249,29.12049082,30.94882273,28.90460245,27.46489489,28.85112959,26.73472235,33.31392718,26.11716416,27.10730721,30.26347435,27.99173721,32.62892829,32.89382408,41.84669965,29.55363314,33.98667811,29.66393955,33.35038781,33.04109417,28.8535755,36.96991418,37.47533603,33.11787849,28.76370953,23.74069426,29.64691576,34.10424161,28.19855389,38.13234895,37.35339893,39.89941189,37.14065588,38.70799508,38.01273382,37.96036071,36.97244639,32.66503366
1811,580,104.1496059,30.64216205,159,104.1480953,30.63985672,293.6547713,,32.09828986,25.9425074,42.08428251,30.43638705,45.16318174,42.49878097,26.41242165,34.80352845,46.2718344,46.2718344,45.29379506,44.35624518,37.02827239,39.61206036,42.74366656,40.41166969,43.95663936,36.2040129,38.24851846,43.81431117,34.34930716,36.27674239,40.09445676,33.53163598,37.22384425,37.71036943,46.01871656,35.7666507,31.50990094,39.71786512,37.56199772,37.56871656,35.04388431,43.39315868,27.17627704,35.80893258,96.5440344,35.39593946,30.43638705,41.85815034,36.66441076,38.63994091,45.73138471,41.83392658,31.65141248,34.43508719,32.03506596,35.09235441,37.45463868,38.21180364
1812,580,104.1496059,30.64216205,490,104.1515982,30.64137098,210.0897338,,31.51346007,19.13772879,31.51346007,23.70918626,20.64599574,24.06277325,21.20779647,24.57589088,24.6910298,20.24029884,28.06393476,24.5766039,28.86499643,26.62913959,28.43319706,21.00584751,23.05862932,26.55706364,25.32022528,25.33193032,25.33193032,22.33905105,25.24934344,26.96782454,32.3676052,26.38573411,32.32149751,24.39751747,25.86630271,23.82119816,25.48408024,27.90982089,25.77850826,26.8730185,26.84830094,23.67666204,23.10559191,20.58956875,25.17816029,42.01794676,41.21651453,46.61467129,25.2278822,23.2000933,23.02353247,25.22618389,25.22632542,25.22639617,21.36688152,26.91541074
1813,580,104.1496059,30.64216205,652,104.1531756,30.65116278,1054.551688,,145.7745614,128.998192,115.6846951,121.9792416,172.3280107,114.3489782,137.4755052,124.8503191,137.4755052,191.4948841,136.6876681,122.5299433,135.9088094,160.1850665,125.7081482,140.867758,132.8569056,140.867758,140.867758,140.867758,140.867758,105.3576155,137.9876811,135.2230125,142.1867444,135.2230125,137.5190791,88.49384794,139.8944662,108.4100968,122.1562136,122.1562136,122.1562136,173.8272013,105.4551688,110.3600604,103.0226887,100.6998959,99.83921307,130.7971086,139.9159488,113.834665,113.834665,113.834665,151.4515722,150.0547856,150.0547856,150.0547856,150.0547856,150.0547856
1814,581,104.0454455,30.61929188,360,104.0463432,30.61345444,652.6608608,,56.96716566,65.32657364,100.4952566,85.90782811,60.86992484,62.93515444,155.173083,82.96536366,68.90261287,49.15437445,66.16203024,90.54254716,63.27412296,54.62020377,99.76981312,101.0571655,72.65803166,63.54507367,75.3070224,78.23237844,63.29685072,79.7819728,89.22452275,52.53616837,62.59979838,53.58219154,64.17110298,107.0017047,65.37959232,65.79150434,53.36920156,73.80876751,66.65472621,59.67185013,69.20704268,106.0758058,85.1296775,71.63350911,72.65241493,76.16139705,67.1308314,77.39061591,59.12378206,91.5420428,82.64851101,72.10062444,73.65451721,74.94670172,70.63951963,93.29897151
1815,581,104.0454455,30.61929188,395,104.0484533,30.61816335,314.2687725,,78.40385177,60.82621403,78.27071318,79.20182314,69.11225296,61.82336508,67.9908402,44.30220581,86.23228514,77.58755232,79.11661406,74.28546165,76.9201755,50.80992129,93.50145298,130.6429077,62.8537545,78.56719313,43.09531989,119.9329591,64.52666813,84.37794267,43.61460247,79.39421621,85.43228769,49.74606198,60.39328725,47.93817578,91.98110415,80.04959301,79.99568756,48.23052674,58.78283881,61.74797266,63.4174653,70.62219607,49.95000358,44.64749728,44.85104385,63.25926261,52.53289738,52.24375694,62.26832579,164.4429624,69.40905405,49.55233606,60.17912665,78.29533433,48.04108624,55.66384162
1816,581,104.0454455,30.61929188,608,104.0438418,30.62002411,173.825007,,24.9310767,28.33141031,28.33141031,32.80576803,35.52988078,50.66963767,38.74736998,21.43048032,58.21116513,43.7473947,38.15670885,43.96510717,34.57292957,26.33712227,19.49439331,40.90000165,24.63661517,29.31007144,29.31007144,29.31007144,29.42492281,21.1766506,31.19491651,36.10211685,35.75828715,35.75828715,35.75828715,34.95921928,35.39423219,35.39423219,35.39423219,35.39423219,35.39423219,35.39423219,35.39423219,35.39423219,35.39423219,35.39423219,30.75036979,32.53570322,32.53570322,32.53570322,32.53570322,32.53570322,46.18228968,30.67500124,35.08990796,31.72471611,28.37959298,33.02216492
1817,581,104.0454455,30.61929188,1227,104.0457184,30.62164438,262.0354496,,55.1492323,52.33440325,46.15105766,44.54912012,51.55852257,52.7981876,58.41037886,37.00230914,42.83958304,51.63003187,62.15758079,50.8121529,53.97052169,52.26191793,67.0612051,49.00403213,52.40708992,44.1839634,47.25498402,61.70581315,46.12848991,47.66788683,47.63249896,46.24154993,46.24154993,44.86694975,47.82901202,43.41463306,57.06761153,53.35563453,49.17433286,57.63712536,53.98155185,53.66342905,52.87155182,53.73842201,53.21020842,53.16891229,42.58815434,52.69412286,45.58973589,47.47155521,46.50104236,49.04649664,55.70854647,47.73069697,53.23893915,50.59188374,53.69985152,49.1316468
1818,582,104.128296,30.61145132,1186,104.1258146,30.60938695,330.0351497,,43.68112275,43.68112275,43.68112275,39.7810225,43.68112275,46.74596218,57.95739214,50.27333734,57.74612583,61.88159057,52.22534237,44.5408262,48.07795807,48.07795807,48.07795807,60.9295661,48.07795807,40.80630366,35.44530247,35.10666421,34.93976,35.10666421,35.10666421,56.20276911,39.73002972,34.8083947,45.7558359,38.17274021,41.62171499,37.05176316,46.32072276,47.76708144,47.76708144,49.85943271,59.25818149,52.14348446,55.47364198,55.47364198,63.21022818,140.1092617,73.45450009,87.68461542,52.57197075,54.50121738,53.51921346,54.00575177,53.88328975,53.82226677,53.85276097,53.83750955
1819,582,104.128296,30.61145132,1234,104.1304402,30.61020532,247.6208231,,26.24440519,29.19546823,23.83515944,26.24440519,24.98182989,26.24440519,34.06757821,48.53547893,29.64861296,29.25935327,29.45269702,29.3557068,29.40412193,29.39200318,29.38594755,29.38897505,29.38746122,29.38746122,29.38746122,29.33613395,29.33613395,29.33613395,30.84550046,30.07188961,30.45378286,30.26163143,30.45378286,30.35740309,34.41833835,26.87743607,31.83696297,29.61577951,50.22168807,35.0039907,33.01610975,37.24658621,46.06899034,25.2531151,35.52713237,35.44473015,35.60991864,30.89895886,30.89895886,22.8866486,29.93904158,29.03696948,35.84859101,35.84859101,35.84859101,21.22464198
1820,582,104.128296,30.61145132,1277,104.1305591,30.61434807,387.465959,,46.16615682,49.94701604,54.40239674,54.40239674,55.07907018,54.40239674,53.97088228,47.01834109,46.49591508,45.03236327,58.18049854,48.90017362,49.8424817,89.41522131,68.37634571,55.24267138,57.08911811,55.24267138,56.15071931,71.78704229,57.02687868,82.09805037,101.6304155,95.86786614,95.86786614,87.3618446,87.3618446,53.61476434,83.77642357,71.17730445,83.77642357,61.87233649,71.17730445,68.37634571,68.37634571,68.37634571,68.37634571,62.5505584,77.8174311,184.1422379,90.28333025,75.26317191,64.5278698,63.18810656,64.25539129,94.03668221,52.636885,83.02841979,71.24294286,77.34995116
1821,583,103.9627994,30.69202232,194,103.9610538,30.68749832,528.5533142,,104.1674415,104.837021,60.29125257,126.1519513,56.75740287,57.50195396,53.71746355,56.36232023,56.68132056,47.85045962,44.87716819,66.167628,69.00424048,56.41244978,45.1612009,55.20139052,58.61507682,54.88822878,66.29937042,66.41507613,59.19504799,61.56761164,51.53824299,66.76645938,79.24997631,54.85526288,65.72764784,53.39921229,64.3625807,50.98926592,54.97412585,67.47489117,77.32307205,97.37932094,66.86122949,87.35081552,62.85027023,69.82722683,76.62249388,107.3002969,76.01033015,84.02908432,61.5347732,89.5431497,61.38038487,46.21231162,61.76072954,89.80728878,42.69830935,80.08383548
1822,583,103.9627994,30.69202232,375,103.9627835,30.70116449,1013.258931,,115.1742222,140.0579751,117.0974568,148.1011836,114.0994272,182.2044032,156.7793188,102.6716764,127.1188141,140.8390792,149.5207882,117.1648443,133.8681269,143.7732267,171.1314253,160.9293596,124.8653178,176.4320267,134.2116787,152.5137966,109.1227833,117.9477954,116.0745939,111.2961755,225.5483624,194.8158594,199.5552394,164.1010608,118.9477875,165.1803239,202.447294,165.4300296,141.9351032,150.9703886,162.193515,127.7664501,161.6275669,180.341662,198.3541137,129.709954,197.9211136,181.8579508,129.5359429,109.6767788,136.7082279,151.2535792,195.1963693,180.5807996,153.2660568,97.27285738
1823,583,103.9627994,30.69202232,682,103.9561414,30.69217475,637.9453543,,91.34650084,98.7786355,98.7786355,98.7786355,98.7786355,122.8130094,109.4924088,115.7708015,86.37906067,71.32308309,58.33877922,64.18080882,61.12051299,61.85789643,62.23330072,62.04503072,62.13902312,62.09199134,62.11549833,62.10961992,62.10668113,62.10815048,62.10741581,62.10778315,62.10759947,62.10769131,62.10764539,62.10769131,73.54689502,90.15125713,149.7784745,96.49593594,95.69180315,97.31369811,97.31369811,167.0256928,122.9774177,141.6563316,131.6576582,141.6563316,141.6563316,149.6524086,153.9987947,153.9987947,153.9987947,196.2908782,172.5917776,172.5917776,109.623068,109.623068
1824,584,104.020265,30.6931301,125,104.0229801,30.69537616,359.9913936,,50.46608321,63.75111116,53.59673354,52.89669457,58.11520255,71.31904968,49.79024763,46.53389648,57.21717514,46.36740669,42.84195097,48.11766153,45.07904983,45.4327438,49.40161438,55.14761774,49.20155721,48.94553568,56.346479,52.565115,42.84195097,55.2063479,74.78182441,90.12301926,54.40675974,65.1240712,54.19225281,121.4970953,59.77716868,51.5808564,75.56670653,50.3614903,65.45298065,48.42933546,50.87218909,48.7511856,66.28997529,53.44202132,62.60719889,53.33205831,162.810178,71.01200093,78.14888546,60.06808885,66.88872346,50.59881178,52.61037959,62.75879017,43.63532044,49.89293617
1825,584,104.020265,30.6931301,956,104.0220874,30.69179222,229.0295232,,44.2094522,41.6943759,39.45006141,41.6943759,49.97007779,41.6943759,30.16486403,42.14728606,45.17842649,40.06779995,37.24244191,34.78929466,27.69897929,30.26821893,53.88929958,39.37470313,39.37470313,39.37470313,23.06311283,43.16786825,43.16786825,43.74038639,34.45012327,35.65432577,35.04188206,35.34545112,35.34545112,35.34545112,37.43501855,34.16462501,32.35895932,34.16462501,42.81560819,38.05413616,42.50032389,34.45012327,56.18441455,36.95611318,29.44665298,39.85528863,30.11345082,119.4936643,41.43247656,22.78900728,33.97690728,53.88929958,37.13992268,27.82360912,40.95229886,61.7607703
1826,584,104.020265,30.6931301,1061,104.0180424,30.69090113,326.1153469,,41.41147262,76.93415785,33.01413379,44.21506497,43.8474416,47.52411011,55.44345921,39.17761148,50.51429027,45.62826463,54.88991568,37.07904457,41.95408871,52.9034284,39.34367456,49.39755605,39.72978845,44.33964431,38.11737821,52.66282344,45.68152719,59.36865987,42.96487644,32.92246912,56.628668,65.54167474,48.28027068,30.12870613,45.80115739,45.95970962,58.77423023,41.07496693,58.5543765,39.79712708,33.0088636,45.97542232,53.12286194,51.09968439,39.99432561,43.9912037,41.30220752,59.89873719,33.11749644,60.93504751,49.10485531,45.21239725,56.84920534,39.28662294,65.50031942,39.48165621
1827,584,104.020265,30.6931301,1127,104.0159345,30.69643301,553.213835,,45.78321393,78.10077671,91.56642786,63.37533193,82.29627298,64.61606125,62.52966424,65.90634135,65.23625944,57.39394254,56.68604761,96.84910641,58.95706945,58.95706945,69.80965769,74.47109318,116.1749054,65.29737069,74.75862635,74.75862635,70.7624487,103.6735974,96.03712145,72.05390036,86.21514312,61.09109834,62.23655644,66.32536441,84.74765132,60.47276739,81.21752778,66.34879975,70.14815199,87.92802675,217.064829,81.37713728,75.58139681,69.62009372,57.10594426,64.53041089,53.48889363,81.28856351,98.59256465,89.10826872,93.61080169,89.10826872,85.23123277,78.23713772,96.4440584,65.83701838
1828,585,104.078009,30.69128293,936,104.0801761,30.68922895,308.0733628,,134.4320129,134.4320129,134.4320129,134.4320129,134.4320129,134.4320129,57.6137198,64.7817819,64.7817819,64.7817819,64.7817819,64.7817819,64.7817819,64.7817819,64.7817819,64.7817819,64.7817819,64.7817819,64.7817819,64.7817819,64.7817819,70.23838544,76.69876252,83.38827865,79.90375404,81.60883783,79.90375404,80.74729567,69.7524595,106.6407794,84.33947575,94.18803449,88.9921048,92.42200884,92.42200884,92.42200884,87.60379985,83.26307103,47.39590197,49.51179045,57.16825289,67.62586013,89.0814543,76.48717973,76.48717973,76.48717973,76.48717973,76.48717973,76.48717973,76.48717973
1829,585,104.078009,30.69128293,1366,104.0787152,30.69703746,641.3544503,,144.2484043,106.6147658,96.54295732,107.5032221,144.0234555,103.3921532,97.35575675,92.67631876,88.94546471,95.92712724,115.9603162,97.69983229,102.393674,111.6234591,115.8749373,140.1132135,130.5884443,133.0942197,120.8857577,111.7763439,156.6189802,105.0164245,186.0632691,151.0097412,181.3728218,88.25416401,125.7871166,136.7933317,100.2769173,209.4218613,101.6566217,119.6308819,112.7312064,173.7630119,111.8776994,96.00316096,112.5914835,119.0142279,119.0142279,119.0142279,372.3993582,243.0395812,207.0740826,223.6199536,215.0291987,219.240453,218.1722506,217.6420434,217.9068244,217.8405688
1830,585,104.078009,30.69128293,1382,104.0777751,30.69046771,93.0879467,,18.27908772,13.21959006,18.97781641,11.67653687,21.55090727,10.40734808,12.58890339,9.439904454,8.865518733,21.08978025,8.853807348,17.16346264,21.20991191,16.88244877,31.61477435,26.11298246,21.04342908,17.59835148,12.14190609,15.16364743,37.75961782,18.38774256,23.08254658,18.6954872,19.3491546,8.12075787,29.6126605,14.23000459,9.231862483,20.66495014,20.15738996,45.69771929,15.92002889,7.802482145,19.90791732,10.20763351,17.39359557,23.21824075,18.2680162,15.62011768,14.05837895,14.52292993,18.24591332,11.32150703,10.47785122,9.244596086,9.547481713,9.929380981,8.990385194,13.91969296
1831,586,103.9975617,30.66511082,128,103.9975143,30.66374322,151.6410718,,54.86511141,19.70193775,54.86511141,33.49127966,20.65876475,19.63697333,19.63697333,19.63697333,16.38133109,16.11932653,18.98809943,22.68118862,24.92729947,20.18890009,16.99324073,23.58133298,16.25557295,22.20682127,22.93730498,23.14536079,23.46006468,19.8411435,22.38148369,20.60029655,24.76778062,21.36625669,26.32996102,31.09995396,25.45024981,26.65782658,30.51895785,31.26918522,34.77120118,26.89201273,23.37935154,21.09788825,23.37935154,23.37935154,20.52285182,40.28840284,23.37935154,23.37935154,42.15504699,19.90548253,23.37935154,48.16834047,37.77909055,28.6377893,28.6377893,22.98559404
1832,586,103.9975617,30.66511082,767,103.9975459,30.66579267,75.58673852,,11.90082041,10.02870732,12.83044049,11.38545015,9.493667987,8.921713399,10.43908921,8.699472769,11.88263138,11.88263138,11.88263138,11.88263138,11.88263138,11.88263138,11.88263138,11.88263138,11.88263138,11.88263138,11.88263138,16.95403481,12.98865197,14.70877074,13.79529829,14.70877074,14.70877074,19.57642149,16.797053,18.08054875,17.41518456,17.74163056,17.41518456,17.41518456,13.31707628,15.09289163,14.14948371,14.60596972,14.37410341,14.48910899,14.43137708,14.46018542,14.44576688,14.44936882,14.45117046,14.45026959,14.45072001,14.4504948,14.4505511,14.45057925,14.45056517,14.4505687
1833,586,103.9975617,30.66511082,1391,104.000394,30.6652792,272.0009025,,46.8543655,35.53739297,42.38210635,33.36297271,33.36297271,33.36297271,33.36297271,33.36297271,33.36297271,33.36297271,33.36297271,33.36297271,33.36297271,33.36297271,33.36297271,33.36297271,33.36297271,33.36297271,33.36297271,33.36297271,33.36297271,33.36297271,33.36297271,33.36297271,33.36297271,33.36297271,33.36297271,33.36297271,33.36297271,33.36297271,33.36297271,33.36297271,33.36297271,33.36297271,33.36297271,33.36297271,33.36297271,33.36297271,33.36297271,33.36297271,33.36297271,33.36297271,33.36297271,33.36297271,33.36297271,33.36297271,33.36297271,33.36297271,33.36297271,33.36297271
1834,587,104.0599492,30.6251091,119,104.0598999,30.62248789,290.5469425,,40.09784495,25.09960498,41.63060669,32.87024091,34.67300529,25.94651766,27.81216024,28.71389798,26.89195501,27.52549982,45.93339367,42.26137345,50.09963244,43.59160094,68.36398647,35.04083729,50.16637856,51.71663748,66.76397826,59.43005642,59.63335194,31.82000413,68.70075488,78.94105608,57.0442111,68.78142743,46.4187423,46.14569086,46.4187423,43.16240687,57.28198209,40.96484307,44.69952962,27.24764554,40.22957665,38.411872,64.07160753,24.92627925,26.57441547,68.14130248,26.812079,28.54084165,53.63943554,61.52758782,41.01839188,32.38294096,64.76588192,25.2790424,45.1497407,68.06739649
1835,587,104.0599492,30.6251091,424,104.0598002,30.62746869,261.9023515,,54.41412968,53.16814656,36.83001818,37.10378745,55.88432903,38.26630441,55.50832007,60.56842389,56.12193246,33.61313602,55.78985002,58.21434361,46.33161992,79.27259825,73.70802333,52.51662452,62.68939265,48.47549951,49.53292531,59.02024823,48.22754299,75.25586382,60.40673565,61.6607201,102.8561962,69.53436958,53.05843925,38.04109201,60.55844886,57.37414598,39.28535273,80.86178949,39.91496376,48.72601888,110.9233489,59.86339463,89.30905624,36.29955249,86.76519618,83.29050048,80.58533892,75.36088978,60.67836658,63.70597739,82.70600574,53.24599155,62.44029572,89.36952279,69.2634318,38.84394427
1836,587,104.0599492,30.6251091,623,104.0579293,30.62518238,193.7712416,,29.26382673,30.93465498,29.97320839,45.79276608,41.9594869,42.62178022,28.18490787,28.18490787,28.18490787,31.66005158,29.82158046,30.71332833,30.26088618,30.37274241,30.4289812,30.4008358,30.41490199,30.40786727,30.41138421,30.4105049,30.41006526,30.41028508,30.41017518,30.41023013,30.41020265,30.41021639,30.41020951,30.41021295,30.41020951,30.41020951,29.81096025,30.10760337,29.95854751,30.10760337,30.10760337,41.03390999,34.73169542,37.62069228,36.11851571,36.85430322,36.85430322,82.55342837,74.21026274,78.15982854,76.13385755,77.13354192,76.88116767,76.75559884,76.75559884,68.05624095
1837,587,104.0599492,30.6251091,1290,104.0643486,30.62516934,421.7226665,,75.15849502,75.15849502,75.15849502,46.33961387,69.16635988,69.16635988,69.16635988,96.39375234,67.9791761,66.61213598,42.49689571,65.29899352,51.48627722,65.29899352,94.29823599,95.98745621,97.73830041,113.2986268,104.944811,103.0890887,91.39675181,101.2978548,91.39675181,80.06336714,85.35549536,75.34499253,92.29189054,92.29189054,92.29189054,99.06698854,93.46373832,69.84251176,94.66572716,90.19019404,90.19019404,92.05871243,136.2838061,94.00629098,124.7348732,124.7348732,124.7348732,124.7348732,110.1286134,98.58451944,46.28663413,78.2578144,74.8497091,76.12758737,103.5137454,73.38738849
1838,588,104.0864107,30.65596472,669,104.0872745,30.65548692,98.26014065,,13.57262374,16.22644524,12.01227612,13.55312285,13.75291779,14.09659801,18.17625896,13.42413733,17.71635257,16.95222874,18.2565399,16.86377921,16.6967682,16.41113094,14.75130561,15.94902692,12.49842045,13.7925505,15.64247177,14.21262749,13.18272695,14.72879277,15.11694472,14.63232705,13.2983649,14.17781589,16.72513032,13.01698275,14.23486947,13.61812591,14.22532867,14.03020352,16.22644524,14.69628502,15.40293884,23.82064016,18.10817086,14.95714615,18.8915349,18.49265912,17.59883116,20.55114053,19.03096996,19.52996584,25.16689982,20.00630647,18.32899577,18.65126562,18.37460208,20.52794037
1839,588,104.0864107,30.65596472,953,104.085206,30.6563458,122.9169129,,15.20621603,15.20621603,15.20621603,15.20621603,15.20621603,15.20621603,41.35522303,22.23622545,24.18037631,24.18037631,24.18037631,24.18037631,24.18037631,24.18037631,24.18037631,24.18037631,24.18037631,24.18037631,24.18037631,28.73382379,23.9513335,26.12551359,24.9912255,25.54578453,25.26546234,25.54578453,25.54578453,29.30469447,27.29644022,27.83024443,27.83024443,27.83024443,27.83024443,27.83024443,27.83024443,27.83024443,27.83024443,27.83024443,32.89969416,28.09529438,28.36544144,28.36544144,28.36544144,39.68617816,33.08417843,36.0856992,34.51981562,27.04876479,22.23622545,18.91029429
1840,588,104.0864107,30.65596472,1238,104.0889082,30.65955812,464.6200432,,71.94116798,76.1028605,68.85621222,70.22333899,76.29550184,76.10079948,85.94587965,85.556632,87.6871379,80.15809051,95.2388416,83.78871161,86.39297704,91.40066424,94.10026191,82.14277007,96.1282848,74.45883827,89.92645997,95.37460616,94.83385715,94.85626593,71.48000665,91.59618204,83.42305015,75.69898499,83.42305015,83.42305015,78.61960778,87.5993427,94.38789499,96.05238134,96.90981557,109.4316358,110.9545343,113.7842405,105.2073297,104.3650714,100.548815,103.7316388,105.9073067,104.8736408,106.877454,120.6043916,116.1550108,116.7631524,101.4785491,90.67499444,103.8263226,85.01307017
1841,588,104.0864107,30.65596472,1794,104.0835708,30.65122542,591.5561868,,141.9734848,138.2858618,81.28252948,81.5939568,155.4454213,97.98783464,145.2001549,110.916785,111.6436316,82.22402596,176.0001878,176.0001878,176.0001878,176.0001878,176.0001878,176.0001878,176.0001878,176.0001878,176.0001878,176.0001878,176.0001878,176.0001878,176.0001878,154.8801653,164.7661333,159.6702735,162.1781835,160.9144574,161.543849,161.228539,161.3860399,161.307251,161.3466359,161.3269411,161.3367878,161.3318643,161.3343261,161.3330952,161.3337106,161.3334029,161.3335568,161.3335183,161.3334991,161.3335087,161.3335039,161.3335063,161.3335057,161.3335054,161.3335055,161.3335055
1842,589,104.1665373,30.62856108,131,104.158009,30.63265017,934.5742395,,116.5519837,116.5519837,116.5519837,69.72989144,83.55465054,78.8123706,81.1142563,79.94674748,81.1142563,86.18552065,151.2120118,89.30238254,98.53630122,98.53630122,98.53630122,98.53630122,101.5432775,139.8946887,125.3060433,179.438254,88.07505922,119.731931,81.86051733,94.50750737,152.5835493,92.30362859,124.4946258,113.4090088,106.7572947,106.8906673,106.8239394,117.8447377,106.8406136,105.0083415,91.0135418,100.8961818,95.70040212,98.22963327,96.94852462,92.68504855,97.26565875,224.2978175,96.68965218,97.1092279,114.2218233,97.00399297,113.0913365,112.1489087,96.9711538,96.96951243
1843,589,104.1665373,30.62856108,135,104.165091,30.61782895,1197.465221,,266.9272319,184.8177833,141.3401572,141.3401572,141.3401572,100.486592,104.0436395,104.0436395,135.1371409,126.9771663,146.131349,135.5621005,158.0729365,177.1939141,112.6289953,177.1939141,177.1939141,265.2846028,212.4705057,235.9583506,278.5105043,246.3357026,154.5116414,137.8377233,154.5116414,159.6620295,157.0446191,157.0446191,192.5930661,140.6812288,140.6812288,100.486592,100.7213737,143.6958265,146.8281606,143.6958265,245.5574341,120.2140211,143.1504913,148.650855,138.0426513,247.751425,175.9540733,173.525725,173.525725,150.9938632,123.1678513,152.3277313,153.9382541,164.2790216
1844,590,104.061686,30.57805291,406,104.0617289,30.58131137,361.1545333,,50.72131288,46.99360192,55.09136949,40.19030355,39.86375348,37.45498941,39.66914782,40.28369698,37.81356239,37.52254891,40.00480984,35.40248659,36.79253824,36.86425858,36.25866246,37.61907332,37.57193662,39.16133494,37.84627571,37.84926142,37.85075446,37.85075446,37.85075446,40.31492465,40.31492465,40.31492465,40.31492465,40.31492465,40.31492465,36.89509371,36.89569867,37.17387619,36.89554743,37.0513868,34.55008096,36.21884986,35.88976069,36.05355432,38.81063641,36.01246591,35.99195738,39.14475442,35.84295344,41.94052645,39.65481411,40.26891579,38.44158195,38.31556298,38.37871793,40.60461957
1845,590,104.061686,30.57805291,518,104.0573648,30.57797339,414.4702621,,77.31051521,40.5460039,32.46032509,64.03832376,40.43612313,60.04398163,46.12342948,49.88886967,38.78084324,52.57962604,45.76270338,46.76674326,53.56002191,45.53691587,36.46662998,36.18291467,38.55122257,45.52533771,40.54829943,40.86526377,49.35257807,44.45162691,73.0522861,69.92819888,41.41826353,46.23061018,35.66756041,52.42311615,41.89311025,50.75146067,50.70834133,33.66888928,50.19656665,51.54034347,99.36246015,44.7480418,49.2643151,49.55061664,51.73911746,35.44163761,43.02636706,53.86617125,49.92503714,51.83878206,47.76735493,49.77791305,40.43612313,58.43706046,38.67583366,61.68222173
1846,590,104.061686,30.57805291,626,104.0658772,30.57810036,401.9370702,,48.96695271,48.96695271,48.96695271,90.4358408,31.82492931,66.29889818,66.29889818,66.29889818,108.3875245,45.72828068,31.38771047,37.22460187,34.05788221,34.797953,35.18018207,35.00742225,35.00742225,35.00742225,35.00742225,30.9513038,32.85464793,31.8745873,32.3571981,32.11407963,32.23518048,32.1745161,32.20481972,32.18966078,32.19723847,32.19344918,32.19534371,32.19439642,32.19487006,32.19463323,32.19475165,32.19475165,32.19475165,80.83650574,46.04940769,46.04940769,46.04940769,46.04940769,46.04940769,64.16733715,53.61921861,58.42097099,57.14167151,56.52280472,56.52280472,49.38475948
1847,591,104.1265738,30.60504824,715,104.1328426,30.60870213,724.660058,,106.6984134,229.8481241,229.8481241,229.8481241,229.8481241,229.8481241,229.8481241,229.8481241,138.9494652,116.0100593,126.4478017,126.4478017,126.4478017,157.6002241,157.6002241,157.6002241,89.8029676,232.2352709,129.5213674,129.5213674,98.63048048,111.98467,98.63048048,98.63048048,77.41175694,86.74235108,81.8118764,84.2050017,82.99119066,83.59369016,83.29135086,83.59369016,83.59369016,207.0457309,100.3375465,100.3375465,100.3375465,100.3375465,143.5365177,94.97971633,131.7563742,131.7563742,131.7563742,131.7563742,131.7563742,131.7563742,188.3592931,155.0535637,170.0913584,166.0649268
1848,591,104.1265738,30.60504824,934,104.1244253,30.60617433,240.825324,,26.79972694,26.79972694,26.79972694,26.79972694,26.79972694,26.79972694,26.79972694,26.79972694,61.05430749,37.24902971,46.26930841,41.27205791,43.62805052,43.0141902,42.71369268,42.86341478,42.78842276,42.82588594,42.80714616,42.81182956,42.81417165,42.81300058,42.81358612,42.81329334,42.81343973,42.81329334,42.81329334,42.08597895,42.44652077,42.26548098,42.35580742,42.31059601,42.33318963,42.32188979,42.32753897,42.32471419,42.32612654,42.32542035,42.32577344,42.32559689,42.32568517,42.3256631,42.32565207,42.32565758,42.32565483,42.32565758,70.29495946,51.60542657,51.60542657,51.60542657
1849,592,103.9957364,30.70717338,286,103.9941339,30.70578931,216.9899549,,38.53792983,38.0912599,38.20910076,35.63342392,33.38306998,44.46852965,35.41689261,31.14274436,32.45191017,37.51587268,46.7762777,27.12374436,44.63793358,48.82273985,54.91485678,32.01491138,56.35086295,25.25994625,31.88423827,32.16320484,32.30452676,32.2337109,37.40982162,38.43482703,56.52415612,39.12339754,48.444269,27.40925746,38.07620507,51.1400221,44.95906979,43.59984209,42.2250723,27.65181726,38.08680573,38.0870582,63.9549341,46.49784748,38.08696353,38.0869793,38.08697141,33.86548429,38.08697438,38.08697388,38.08697412,38.08697388,25.82359794,33.10016261,32.6846794,39.14476203
1850,592,103.9957364,30.70717338,386,103.9917914,30.7107053,544.0247366,,92.89708114,73.94510982,67.91466153,134.2744697,105.7214063,119.751971,93.70761013,109.9862814,194.2303192,96.65042429,107.9800993,58.70770539,88.00400153,96.90692982,131.58941,168.2550732,94.8325174,71.2177837,77.92396759,75.42849364,80.10180171,75.4911474,100.3388563,89.02222963,87.49764938,117.0994949,84.56678986,100.9530439,79.85684207,151.9279236,150.2677022,216.40763,87.23198458,105.48415,129.7012617,86.32195028,73.56594936,86.12528812,94.78169127,144.7159398,80.34826879,122.6245381,90.71745479,95.38799899,149.0053487,174.1739276,121.2686719,101.1268013,101.7925703,105.3981388
1851,592,103.9957364,30.70717338,485,104.0006211,30.7042268,570.5216524,,66.46854203,66.46854203,97.80371184,97.80371184,97.80371184,116.9190483,97.80371184,95.30756142,85.32430648,68.17852112,74.75442943,91.12147066,77.50482825,107.5328769,93.64185178,116.4770103,82.92912308,73.98029531,98.27167218,97.95920262,77.84052863,80.98396522,89.55863149,79.91742991,64.1836859,84.34817038,83.27938971,136.0184072,57.10504027,102.8996968,82.91604539,88.91246531,86.47907152,114.5285102,79.81390993,91.08106202,82.89231177,97.92028361,85.93631584,113.946072,82.89195869,76.49452323,87.02872664,98.36580214,65.72409436,56.42521837,90.38436686,86.5884464,84.34817038,90.62499221
1852,593,104.0316331,30.71780965,274,104.0293725,30.72050051,368.5087932,,32.01846313,33.22115999,44.75249101,29.8342951,28.43459133,45.8513245,27.73059481,25.82251398,32.59537237,35.12705178,41.43134464,39.24945726,37.36990579,34.50277388,96.13272866,49.53814994,27.48071788,48.67097268,36.32119522,34.23565563,45.43259094,73.2945666,57.93151334,37.18659161,41.13586529,39.23287533,90.11082945,57.83049937,46.77826712,63.56571732,171.7322531,148.1087973,144.199093,44.84894035,32.79682708,74.45381739,93.49792403,102.2944891,125.9175808,241.2057555,212.2610649,183.7439966,202.4482778,107.3326582,172.2898254,171.3994387,71.1603187,135.5434642,62.42972497,54.41126489
1853,593,104.0316331,30.71780965,629,104.0279096,30.7154902,439.5600484,,29.38562998,29.38562998,31.74355415,59.11891061,34.51289366,34.74020141,34.74020141,34.74020141,39.85934948,37.12413312,32.92127963,41.4787988,54.80907086,43.41333811,37.94763008,37.60941591,37.77776602,37.69340299,37.73553735,37.73553735,69.14427726,43.35386779,43.35386779,43.35386779,43.35386779,43.35386779,38.38486778,58.74398791,32.29420764,41.67680459,40.16284706,40.16284706,40.16284706,40.16284706,53.2083448,45.77426017,93.91193912,34.89341068,42.82587752,48.20765192,45.35768325,38.03885034,34.68309423,32.79619014,42.39561083,47.05570611,64.8531219,37.0589268,40.4710019,38.23415703
1854,593,104.0316331,30.71780965,1348,104.0345205,30.71425947,480.9057184,,41.25701193,43.19512441,43.10169975,33.81368333,46.76203921,49.4785107,39.36920037,40.54474441,36.79618674,41.60255443,50.23971521,43.15116219,44.35717618,48.19225957,52.02626223,55.41807254,35.41315441,46.61807992,41.57506052,46.16741531,55.52451175,60.70984866,45.83302265,40.51053559,62.18273391,54.10189332,54.87355265,47.25945388,59.73065882,47.41401276,47.55393885,42.30463639,73.24765247,49.10571036,47.33776981,50.50418737,56.96172287,46.15605101,86.56302931,86.56302931,86.56302931,86.56302931,86.56302931,86.56302931,86.56302931,86.56302931,86.56302931,86.56302931,86.56302931,86.56302931
1855,593,104.0316331,30.71780965,1678,104.0456118,30.72816811,1763.386917,,149.3962848,79.87660146,125.2356067,105.9209049,231.7704601,117.7176701,135.576173,186.3461712,135.6188035,92.18092305,172.037748,136.6917545,185.1864907,151.7031392,101.8644561,89.16001266,128.2463212,143.6742822,126.1508857,119.3677298,190.208027,165.2099649,109.9254182,112.7565347,133.6011638,181.4510016,118.4996008,112.39055,174.7094567,121.7128192,130.4199877,84.64257202,115.4366809,124.8092561,165.5762363,148.669623,158.8537479,131.3419221,160.6495273,119.1136981,112.7565347,139.7895492,140.9926241,134.0368811,180.4104555,135.4843161,161.4859698,129.028311,117.5591278,114.864769
1856,594,104.0869352,30.69443168,38,104.0894112,30.69807885,468.6458284,,71.10670056,55.98866092,57.13534047,107.3881898,81.54113838,111.8690415,113.3682029,77.30761375,144.9420088,72.85829883,109.9104223,74.68826778,59.03166488,92.55790819,90.38169546,72.17192928,93.00578733,78.2485176,59.89005328,78.83761599,65.29121448,55.58896152,75.2700757,61.15937273,65.61497257,77.08795609,145.8609494,57.33644799,53.48406073,112.0034056,55.81226311,54.64372412,120.5663399,66.16176401,57.30723445,67.50954822,62.29384551,61.39465001,49.76769859,88.44691912,93.95753469,58.10159216,71.01548331,54.42338652,50.24195897,60.32628065,97.52167527,70.7884608,83.10960504,71.43331333
1857,594,104.0869352,30.69443168,693,104.0853733,30.69184839,323.0325162,,49.59134577,50.58604893,46.97073276,44.61318637,37.86882073,40.51975813,60.94953136,43.60938968,43.70375005,47.09899721,51.06621814,25.61491318,50.32911261,50.75469976,52.56122297,50.81410366,50.81410366,50.81410366,36.24407572,37.70807582,49.73982285,77.6313123,42.00422811,50.80934625,64.28507785,30.02736779,36.91800185,45.44863931,40.95024155,57.85657007,37.26212537,57.07568384,70.64036801,37.21334587,38.76390194,48.22880491,25.36351272,51.72830952,50.91580816,58.53609353,52.07091307,37.77748972,35.6723024,32.70558219,59.03132276,46.14750231,50.02989258,43.7872755,43.7872755,43.7872755
1858,594,104.0869352,30.69443168,964,104.084483,30.69566169,271.5578782,,54.12024146,32.23390735,45.22269971,49.69059076,50.16591977,52.30182941,38.41290222,59.12953801,43.71419503,44.43043256,53.5859328,28.11238998,54.86017741,39.65225656,50.52239594,61.5924064,50.06041353,45.0337825,42.50471137,47.61079684,32.76899536,49.37415967,31.96888036,47.28456404,60.85601185,45.93754415,44.66514502,37.13108264,57.0588538,44.40790741,50.17664816,44.31588221,55.34378109,49.45303214,67.81701545,56.92796177,48.49648756,36.7829233,52.60309894,39.81210521,47.3704839,44.63965121,36.70619631,53.77383727,35.90376983,25.40892428,20.19851987,17.9377681,24.57846289,14.2404714
1859,594,104.0869352,30.69443168,1349,104.0925297,30.69156196,623.1272975,,40.92470132,47.99054999,48.5472907,43.2611742,55.59137492,53.08230646,42.40563839,42.53630284,34.28152401,74.16313553,54.82301928,60.55586215,40.34637178,93.08125606,46.00881306,41.15383753,47.64020751,42.03219545,41.30596786,40.95031528,43.60074385,40.39076611,168.2443704,54.95936964,51.74759564,46.80768432,40.54081213,41.71563498,41.28696205,37.33430313,37.45005461,35.87937523,48.63959824,52.62335086,40.56524902,39.79332524,46.4923994,40.41906795,38.36503273,39.36527424,37.95271155,40.74946905,43.0733155,41.66914221,68.8116034,33.29687849,43.78254255,44.33942651,43.3829158,39.74441174
1860,595,103.9830108,30.66415007,212,103.9848234,30.66853964,516.574677,,31.0203309,42.67567713,33.44059847,30.50860287,32.66014818,31.85455357,31.87093123,48.02243608,28.05534884,29.87899803,32.53065021,29.59685152,63.30787531,30.25327537,34.76016518,28.14126866,31.4398789,35.32805542,30.70207986,32.79839219,27.66540966,26.21713586,28.25528747,33.01187285,31.22154641,32.97285172,42.8706796,56.99510447,47.82531135,32.7118529,50.2885029,103.2512001,107.37118,54.06014062,49.84037085,96.02420844,85.56758455,136.2394753,145.9708663,155.4707067,109.6072006,227.3433786,142.2308862,73.01408862,156.4823202,147.5071046,79.0507476,55.07410179,39.24386889,42.01963157
1861,595,103.9830108,30.66415007,487,103.9776502,30.66449919,515.0530804,,84.02678652,77.58121713,84.02678652,65.08788379,52.82595696,41.76106057,61.09361085,56.74647558,72.79533773,55.76514555,64.0803314,68.92903678,83.14758249,45.69787035,54.61534873,45.04837438,66.11990641,42.92109003,49.44509572,65.28841864,66.45846199,70.80443301,40.52876698,67.67120764,56.94690078,41.36972533,67.81263128,54.35518034,47.69623381,96.44687071,61.02253205,57.45619504,48.96631398,59.56516254,57.58357421,52.93907464,60.6833414,60.00618412,93.76440402,108.9099025,61.07348779,72.85623141,62.09095318,81.83758308,48.01530658,64.68108451,61.51020939,56.91194259,82.04385352,70.51657448
1862,595,103.9830108,30.66415007,944,103.9841556,30.65006856,1564.535366,,133.5465873,140.5738931,145.4442174,152.685009,161.0907556,138.5566376,124.1711844,145.4442174,123.690002,154.9364505,160.833374,151.6104258,143.3071005,177.6059067,166.1913086,129.4090642,148.4358123,127.7171727,143.6524739,162.1292022,128.1100841,187.8547467,173.4118035,162.6899861,184.2921064,135.5010582,113.5549862,174.7361112,148.2191399,153.3301448,130.70572,134.3685943,176.285675,132.1367113,169.1389585,140.8301877,136.3484523,142.993692,150.51524,139.8670851,158.6571075,144.604039,145.1163238,162.1396853,176.6806687,212.1403886,165.9413892,148.1216915,136.914672,156.9421644
1863,595,103.9830108,30.66415007,993,103.9888739,30.66393196,562.2667658,,60.18316225,61.87727495,76.38340969,76.38340969,76.38340969,77.25802889,57.83315305,77.25802889,71.67283647,44.9527998,66.84073826,67.38777717,52.68202202,58.19503817,58.19503817,67.81106723,54.32529138,123.8018567,55.7619933,55.70444739,76.90578864,39.07645477,56.33099324,49.91764135,75.2126468,141.5496753,55.81324513,50.04104714,51.46170399,51.46170399,51.77322082,52.08853209,96.54182941,52.89156929,68.34146724,59.63205332,59.63205332,57.59932722,52.92910907,55.70061521,63.05795504,80.59032608,49.23966001,47.61609873,62.66750331,42.17676653,53.47847706,52.84324127,48.17343991,61.33819263
1864,596,104.0322445,30.65667491,1604,104.0343971,30.65554409,241.3516405,,25.55915083,22.19969796,21.17893737,21.17893737,21.17893737,33.03672646,22.75510884,20.56487351,21.47999767,23.57845063,27.84826621,54.30411911,20.49212042,23.75573222,23.75573222,23.75573222,23.75573222,23.75573222,23.046841,23.39591803,23.39591803,25.50487003,25.50487003,32.2199965,25.50487003,26.80995338,23.41956619,28.25580181,24.06830764,27.96028659,64.36043747,27.67088872,36.94157763,31.64114733,34.08654005,31.64114733,31.64114733,20.92392308,25.18999509,22.85962853,22.85962853,21.99660521,22.73030493,22.73030493,22.73030493,33.54694617,27.09913156,27.09913156,22.6267163,27.09913156
1865,596,104.0322445,30.65667491,1789,104.0309005,30.65657928,129.216138,,13.59460047,12.52928272,13.07514773,22.80284788,22.80284788,22.80284788,22.80284788,22.80284788,24.25961391,25.06009949,24.65336055,24.85506612,24.75380244,24.77904092,24.79167948,24.78535859,24.78535859,24.78535859,17.42240063,18.82011836,19.60659091,19.20530633,19.40387413,19.30407961,19.35384823,19.32893189,19.34138203,19.33515496,19.33826799,19.33671135,19.33748964,19.33710049,19.33729507,19.33719778,19.33729507,19.33729507,20.95396832,20.11319746,20.52497631,20.31700065,20.42045895,20.39449572,20.38153885,20.38801522,20.38477652,20.38639575,20.38599092,20.38578851,20.38588971,20.38586441
1866,597,104.103721,30.64768079,1172,104.1061061,30.65160594,491.4043861,,73.79851329,87.62349572,71.81552599,73.9714547,83.30314078,79.49961822,102.060911,72.01346556,71.31235548,113.7656457,80.08401041,95.25685024,71.30094989,63.66945438,83.30008427,83.59769273,90.48878721,96.50744973,108.6560178,96.25446737,88.92520465,78.52951448,91.27398542,67.54269639,73.10147892,74.91464327,85.40537061,85.32423426,69.79333589,124.5813937,86.42908413,75.5672675,61.22415303,70.86530842,85.14656646,91.99458086,68.33629319,70.79369546,65.87844303,84.78699868,110.4932939,71.46206702,68.14001581,82.98342724,96.23150264,100.9652713,91.2208711,78.46969992,79.77703675,95.92966006
1867,597,104.103721,30.64768079,1473,104.1015145,30.64422921,437.0810983,,82.86988566,90.95329213,97.20413615,72.95239427,153.7614288,82.09523236,78.22173503,101.6348297,101.661361,79.87268801,103.7347229,103.0876206,95.4354483,130.3721823,120.3179914,113.0991521,55.79758702,102.000502,88.39842438,66.11310731,134.3820768,75.88579474,97.7324195,77.60013428,138.2276973,153.5114101,79.33572878,89.62574319,82.35782252,160.5604035,87.50460816,59.69888171,90.39987201,93.49328306,124.8142745,131.8384545,63.96308756,76.15206068,150.7176201,157.3491954,123.5928879,123.9946378,104.9532858,86.90324909,89.13639571,77.57070688,151.0552275,98.30484679,85.22112997,72.51114995
1868,597,104.103721,30.64768079,1668,104.0979156,30.65029026,626.972133,,57.37781198,60.39919672,61.00769055,61.10956289,65.96739168,87.24685344,94.71367277,75.19809282,106.6826317,125.5937818,197.5291434,112.2314757,94.53479301,152.0534755,115.2675608,123.4737242,148.9418197,123.0745687,105.0876369,121.4336863,129.1838186,143.280349,146.7185784,118.073848,156.5980351,165.5250571,181.5118359,89.92428999,154.2230488,121.9438668,105.313766,122.5604463,161.1771262,113.5325167,135.9342566,101.0778795,126.701666,89.79420059,165.1062587,91.57190163,86.30910306,80.4447058,80.70678231,85.73623882,80.08911405,69.53732247,54.38794407,78.33030749,74.27578665,84.96226013
1869,597,104.103721,30.64768079,1876,104.1079039,30.64564358,460.0505267,,48.06860385,30.18924346,50.82146613,48.09239626,37.01792347,34.57582247,42.22799327,28.57949778,42.4410894,40.52175209,32.84446001,31.88867645,38.53378074,38.6657252,50.22537972,46.04768942,29.74159382,37.00374488,51.93827977,28.96435635,31.12873097,36.12962252,27.39754998,30.21442083,36.54110088,48.14482256,46.21902966,34.60866425,48.42637123,30.91814367,26.57686915,42.12416861,51.51421139,46.93632903,42.85580065,44.05804319,34.0253086,45.32968613,26.90791058,37.64905424,47.18466941,36.06667892,36.25793497,34.40821114,35.86102987,40.93830558,50.06812037,34.5449144,37.85165356,35.52132753
1870,598,104.174737,30.66454521,59,104.1731426,30.67412276,1072.394654,,50.36985921,49.9756732,49.41910848,56.16810021,49.41910848,56.38686593,49.87882112,49.62237474,54.83836299,45.36125434,51.54366828,56.19535305,51.54366828,51.77986929,51.89878346,51.83925818,51.86900374,81.69699666,80.56747494,84.97985174,91.5355491,90.66670676,90.66670676,81.80519232,90.66670676,90.66670676,85.66239887,83.81428687,87.55660224,77.92487106,82.68118489,87.19405876,96.87592034,86.37310553,96.87592034,91.32353148,87.83549024,81.38126739,83.29663964,75.12588311,86.22681243,128.8253857,128.8253857,128.8253857,128.8253857,128.8253857,128.8253857,128.8253857,128.8253857,128.8253857
1871,598,104.174737,30.66454521,103,104.1831282,30.66441799,804.0456248,,59.37906033,59.76183027,57.97825236,54.16064797,55.1539423,54.16064797,54.16064797,54.16064797,54.93152225,81.56984598,55.64431457,58.05300406,55.22409279,57.06385903,57.06385903,57.04253954,130.8770572,182.6223501,61.61924959,76.83833867,64.65891845,65.27558561,52.47538768,59.06986953,55.28538532,55.2598237,54.98713379,55.12314149,56.29394432,59.89592679,63.77448084,69.64365111,68.1775769,70.61527482,69.37501852,70.65769528,69.6809802,66.98547966,69.6809802,69.988661,60.17805092,59.13307966,60.68268866,59.89786341,60.42143247,60.29164615,81.31690712,60.98650915,60.9699499,58.55737513
1872,599,104.0550603,30.61846945,147,104.0527732,30.61956616,250.6635728,,33.42180971,37.76814371,30.19706176,45.78993863,40.99697001,28.32751921,62.29508908,33.82267099,27.82808377,40.02710577,29.32030794,37.1162514,28.40678474,43.67278219,40.28521706,49.51702667,41.90660351,31.97126172,41.27564835,45.55602165,33.08483454,32.07543349,53.92762125,46.44648554,39.73689945,25.22400733,31.0954122,49.49812324,50.11282851,34.5742859,49.34939088,50.88658998,54.0352612,42.79259571,51.81180068,54.7732238,33.98828106,58.21863626,56.07387515,44.76135229,104.9289375,44.4526533,47.44420936,51.40485492,48.09534242,33.49269372,38.53368588,46.33888751,39.71781963,40.5264459
1873,599,104.0550603,30.61846945,722,104.0577827,30.61849646,260.9699899,,77.64396394,55.28049212,63.68117844,42.91877404,75.09260811,46.6083894,48.77943736,46.6083894,34.47676931,39.63503839,39.63503839,44.48678088,55.59124045,52.26659047,44.21138652,41.3569463,60.22384382,37.62985168,30.46342295,54.72768719,44.59613751,54.72768719,54.72768719,59.08754488,54.72768719,49.53384693,54.72768719,82.05169988,65.66047505,72.94664226,69.1120525,69.1120525,69.1120525,55.50912636,55.50912636,26.20619145,55.50912636,84.33500571,66.95114653,74.64431134,70.58873641,70.58873641,70.58873641,30.70235175,70.58873641,71.58034009,71.08108012,71.08108012,38.38577992,25.77481382
1874,599,104.0550603,30.61846945,905,104.0549769,30.62263487,461.7218159,,61.81880363,54.22177178,59.84712697,66.95308927,58.29619102,74.57362663,80.11801957,82.88544543,76.88154828,72.78884229,59.93191151,60.05990807,64.13739271,78.03749001,48.36820949,72.35529842,55.88161161,52.89797168,58.33006523,60.02686773,62.33634117,64.36642415,54.08741271,98.27609351,71.20969183,62.30953722,75.50029217,69.20060521,60.74864129,77.83650373,67.00688845,55.81209036,71.51438084,71.19893789,50.87270008,78.72988401,62.64360251,45.91708666,51.45656948,101.4169946,52.26174451,77.87499656,61.52269787,81.7896089,44.8676949,68.31888768,44.93067607,45.2266536,72.79701624,88.6081779
1875,600,104.0696681,30.60219068,283,104.0716706,30.60211143,192.1778845,,23.39933655,18.52316959,18.52316959,18.52316959,36.4126518,18.52316959,24.62941916,21.14426602,21.91969534,21.91969534,21.91969534,18.2543637,20.73447705,20.73447705,30.25541038,23.42574665,35.41844971,31.78439743,38.68632158,39.73239823,39.73239823,22.83301598,32.70146572,26.009037,27.50856398,26.22470066,26.75071568,26.75071568,20.03519665,23.28204048,21.53693496,22.37551335,21.94821715,22.33206465,22.33206465,21.58628344,21.58628344,21.58628344,21.58628344,21.58628344,21.58628344,21.58628344,21.58628344,21.58628344,21.58628344,21.58628344,29.56656343,23.23808313,26.55978544,25.64340439
1876,600,104.0696681,30.60219068,309,104.0685001,30.602309,112.7359856,,12.74252898,12.74252898,12.74252898,12.58448211,12.74252898,12.74252898,14.59140646,12.74252898,13.79267793,20.40139108,15.03146475,20.3125784,13.61911235,8.368031921,12.06090782,9.838776925,10.83710409,10.31383858,10.56899865,13.35031408,10.47184772,10.47184772,14.28314269,11.36833468,17.41843554,14.28314269,13.99481201,13.93474843,14.05539561,15.2288761,13.99481201,10.93934092,10.93934092,12.34890168,10.22291053,10.93934092,11.07365752,15.34402829,29.62405461,15.00368015,9.493556682,10.7013724,10.75098141,11.42835757,11.42835757,14.87991011,11.42835757,11.25625803,11.03451735,14.89526957
1877,600,104.0696681,30.60219068,1287,104.0696463,30.60460144,267.19042,,27.4824432,22.67929294,23.46062224,24.54572279,36.53886085,30.20443843,34.29793232,29.46614626,40.37294909,33.44234722,30.30554945,28.01608288,29.1627745,28.82773762,30.39132739,25.09812164,29.91867844,33.28803503,30.60486847,31.64097079,36.57359361,47.84601212,54.61258644,32.17777101,36.84679226,46.80708088,25.64844829,29.14804582,24.35153195,54.49791819,33.32647941,31.47555265,38.31202568,31.44460364,35.71136113,48.35620504,30.01202846,46.07834788,30.76476173,30.01202846,30.01202846,30.01202846,30.01202846,29.45298838,28.58500779,30.01202846,30.01202846,30.01202846,30.01202846,48.0942756
1878,601,103.9713678,30.69065935,502,103.973186,30.68984169,196.321225,,19.13276616,22.24398903,19.41832983,18.36128365,19.08218454,20.3577308,20.26489796,19.07181437,22.26588847,23.49328787,22.37751166,23.81655973,22.64257706,20.55196569,18.69617757,19.02342074,27.13646113,16.13958957,21.02842742,22.06267333,20.01690105,23.5584096,20.22439049,19.744073,18.22859505,24.06746482,19.67853175,22.41920771,19.7890009,22.47998529,21.56203307,27.63460629,18.77758146,20.18824762,22.61325944,21.72055737,24.91137295,37.89336722,23.4815796,23.26866305,23.97930949,23.20019677,22.97608491,24.78928277,40.32846847,24.48172187,23.38253783,24.61493809,21.54745152,22.80089235
1879,601,103.9713678,30.69065935,520,103.9693913,30.69601607,623.155329,,154.1827618,55.73217029,154.1827618,75.01619075,100.0941075,134.0118987,87.23720246,81.97258795,83.22825835,86.58353829,85.41999052,103.9819215,91.83417737,88.58945253,89.8573948,93.21437053,88.70173709,93.37048203,91.93159075,95.16380597,89.41725883,86.77957613,86.0198714,83.81757108,73.59021798,99.81740382,102.3430285,90.12865233,80.27918853,93.44552458,84.03507724,100.0444066,103.6193619,104.406305,106.0393685,111.1968848,108.556903,122.8852139,115.277534,141.5981078,117.1777531,118.316733,146.3683179,80.62897842,127.5108617,111.4297372,101.9799509,97.83164991,101.1888229,104.2824322
1880,602,104.0423189,30.70385974,1121,104.0440172,30.70163082,295.7703961,,38.10928511,54.60376543,38.53221084,44.65498991,36.61112067,43.19567651,39.70072431,37.9906185,43.63825516,35.34517597,37.15838164,41.74952357,39.76526415,40.7959167,53.28045988,32.90399957,44.5798858,53.2386713,50.23234175,44.02922506,35.20743497,47.79054874,43.13734339,43.13734339,42.74267353,46.59839939,47.20786637,56.56166937,44.54730624,44.7697306,41.36381065,47.64086917,52.32301847,52.16281327,40.6402071,50.82450721,56.85108391,53.10705616,49.98936272,49.58199888,53.93044513,42.88463179,45.8042837,56.56166937,48.2182958,38.57874732,37.00342054,45.78029779,46.80322751,44.77600614
1881,602,104.0423189,30.70385974,1253,104.0407784,30.70588248,268.3745656,,49.58239774,30.83704805,25.79835611,40.51880674,45.01102608,39.79194548,33.56346924,49.3352393,35.64027432,37.86342662,33.66370858,22.1848091,36.25322462,36.90406555,39.47703288,37.14368187,47.06359814,46.19036347,49.25738569,45.45053126,49.54607365,30.86736218,39.27432667,100.9911257,51.90359981,63.35399581,68.27904142,47.94781321,27.95799526,68.46721202,64.8966204,33.63441031,53.94965675,43.82729802,36.21924784,70.3506143,87.94589142,53.35731008,65.06050075,46.2026351,77.54566069,36.21547657,102.6725224,57.16854652,56.00860499,36.25322462,58.28432723,82.98207429,66.51624345,65.14486344
1882,602,104.0423189,30.70385974,1675,104.0400369,30.70247519,267.044376,,41.26007526,41.26007526,41.26007526,41.26007526,41.26007526,55.73100021,29.90232515,41.48901526,34.01036864,31.34868761,34.01036864,34.01036864,37.51647819,56.61718219,56.61718219,63.66620885,59.93514673,59.93514673,56.53948758,43.4512883,40.82207022,41.88931388,41.88931388,41.88931388,41.88931388,41.88931388,40.5067312,41.88931388,41.18642285,42.91784614,38.6605799,40.6781278,29.76345986,58.97912599,56.05596231,56.05596231,56.05596231,33.75560933,42.13717964,37.48356579,42.13717964,47.89692723,52.96747954,43.89293364,38.6605799,40.5067312,40.22425747,40.22425747,40.22425747,42.72710016
1883,603,104.0915573,30.70768178,513,104.0927861,30.7069879,140.5790723,,18.95448166,18.21176306,19.12259015,25.88668339,22.34369361,17.48234189,17.48133542,21.72503371,15.76587727,19.8724343,17.39122544,20.08272461,18.97224593,18.92716015,17.48039196,16.58478323,17.15541221,19.69201013,17.30943686,22.09675144,17.38749101,25.17834131,23.42984538,32.13235938,29.06053408,31.15190868,29.83086247,24.33099328,25.24113019,30.02484446,30.04884777,19.92459292,20.82652923,19.53994827,22.71985007,22.46768747,16.35168531,17.64129535,16.45748023,16.74217836,16.32613451,16.53153924,19.88544834,16.29377528,18.60605369,18.60605369,18.60605369,18.60605369,28.23253097,26.81243233
1884,603,104.0915573,30.70768178,866,104.0930635,30.70984187,279.4987668,,78.60902816,78.60902816,85.99962055,53.80724922,53.80724922,53.80724922,36.52252488,53.80724922,62.39972468,67.81435959,67.81435959,67.81435959,82.1384131,74.29224258,49.08271027,87.30547163,62.83813024,73.07820684,73.07820684,84.91101776,96.74957312,90.10706509,78.15111149,83.70431008,80.83244668,82.24331529,81.53177787,81.88600087,81.70850543,81.7971569,81.75280713,81.774976,81.7638901,81.76943264,81.76666128,81.76804697,81.76735412,81.76770051,81.76752734,81.76761393,81.7675706,81.7675706,81.7675706,45.01993559,58.0683519,58.0683519,149.4349842,83.63666252,107.2480803,107.2480803
1885,603,104.0915573,30.70768178,1294,104.0898329,30.70899025,219.7756159,,26.08325991,26.08325991,26.08325991,26.08325991,26.08325991,26.08325991,26.08325991,24.91943991,27.33747943,30.2752124,30.2752124,41.93598324,30.2752124,24.28832593,24.28832593,24.19548065,24.24181439,24.21862536,24.21862536,18.72644301,24.99817432,21.41250926,24.99817432,24.99817432,26.43917184,25.11721325,25.11721325,25.11721325,25.11721325,25.11721325,25.11721325,25.11721325,25.11721325,22.31853927,23.63531642,22.95806216,23.2917672,23.1237108,23.20743476,23.16549713,23.16549713,21.49978851,22.30158307,21.89334727,22.0955797,21.99399862,22.01930623,22.03198188,22.02564223,22.0272268
1886,603,104.0915573,30.70768178,1324,104.0901336,30.7062799,206.7078728,,42.20122924,42.69898041,32.73379804,26.23448104,29.79572941,30.48148658,23.4932389,24.08247062,24.08247062,24.08247062,24.08247062,24.08247062,24.08247062,24.08247062,24.08247062,24.08247062,24.08247062,24.08247062,31.59865571,27.33327244,26.90097938,26.4821474,24.47856388,25.44096896,24.95048926,25.19334209,25.07132759,25.19334209,25.19334209,26.62426984,26.62426984,28.02818614,28.02818614,28.02818614,30.92029122,29.40329307,30.14271765,29.76841438,29.95439677,29.86111599,29.90768364,29.89602812,29.89020376,29.89311565,29.89020376,29.89020376,25.72857431,24.05404535,24.86314692,24.65581115
1887,604,103.9956027,30.66942661,142,103.9917117,30.6703629,386.9552079,,47.48995734,43.77871617,47.88720345,54.94680006,30.4156932,71.62152948,58.34717271,94.92597945,69.65193742,72.36564927,34.7824906,71.80612105,71.80612105,70.35549235,71.80612105,62.05072376,90.78867607,82.42832831,58.16445714,68.35322613,88.58751977,54.41557611,41.89590221,94.6940838,93.35547634,102.0541208,75.40128544,83.08382196,81.52741993,85.01544234,81.52741993,102.0541208,62.60848308,67.73284027,68.03608051,73.5112796,70.98286616,41.77027731,33.60768995,88.44690466,70.53360752,93.49253345,85.54997433,62.89113988,74.59377502,80.67791978,80.174892,55.57335432,64.86792775,64.86792775
1888,604,103.9956027,30.66942661,342,103.9957969,30.67074439,147.2319748,,18.07708203,18.77892327,17.20893212,18.37210084,18.01308783,22.65107305,21.04357754,25.9821132,21.81214441,21.1590862,15.98899274,19.16944337,19.01471244,40.15417495,20.84358942,19.00051176,20.91040128,22.22369431,18.40399685,23.78172111,23.59206718,21.56806142,24.39045657,25.60556083,24.94282867,29.20303632,16.43519719,29.81713713,30.49767733,33.77556455,27.61626919,33.28320937,25.42134817,31.85307147,25.66755977,26.7581881,27.98495825,28.79647453,22.31726776,25.09041937,13.55588515,23.75951181,28.70226223,25.90275427,23.16460461,27.08579287,21.20140437,19.63092997,21.41555997,22.95352331
1889,604,103.9956027,30.66942661,442,103.9970406,30.66825083,189.6240581,,19.87326373,27.4292962,19.87326373,29.17293202,26.80988156,21.87969901,36.02356777,43.94720661,28.94287328,35.37029063,23.60465454,29.80887865,18.75402772,33.79438659,29.1205334,33.56178019,31.13176238,24.42385006,30.18556751,30.56056448,32.7801493,32.70766025,24.82351306,43.89368815,34.18116069,35.97610588,32.36826027,26.88163851,32.66129629,20.34714185,29.76347719,29.45616437,31.75100508,31.48254924,33.05794717,29.70181041,27.19707606,31.31406464,33.79438659,31.25432777,32.13399749,27.82337922,25.06504899,33.34049373,27.45687719,31.17107804,29.80447265,29.71945566,26.83623034,28.51787401
1890,604,103.9956027,30.66942661,1049,103.9953365,30.66818834,139.590631,,17.11304236,18.08854905,17.49124743,23.51917027,23.51917027,23.51917027,23.51917027,29.56036892,23.22478436,20.97683367,22.04364728,21.49701316,21.76689884,21.6987941,21.66490129,21.68183446,21.68183446,21.68183446,25.1892868,19.53454894,17.56317245,18.15813086,18.15813086,18.15813086,18.15813086,18.15813086,18.15813086,18.15813086,18.15813086,18.15813086,18.15813086,18.15813086,18.15813086,18.15813086,18.15813086,18.15813086,17.88349721,18.0197677,17.95137385,17.98550575,17.98550575,19.14385797,27.38562788,22.53481039,24.72453981,23.5789453,24.13815775,24.13815775,25.38011473,22.84210325
1891,605,104.0209969,30.63933628,569,104.0195149,30.64076755,212.9205378,,38.46995915,26.75441313,28.53737662,39.71574798,20.09210842,27.57244374,27.67198325,18.81015794,36.85163154,29.59513267,32.71040979,26.73108757,24.28751382,23.62138478,24.28751382,25.53982294,28.8705814,49.29350071,20.69794607,19.93534294,28.46146459,24.38021425,24.96009968,19.34013296,24.96085374,24.8637514,24.91230184,29.44355709,16.5196969,26.31431486,18.63863674,24.96110707,24.29521192,62.41970164,53.97985465,25.70038344,25.52615391,29.14501658,30.90782,32.94472504,66.5088014,26.25047726,21.11608639,39.10785388,32.09857354,27.81949184,26.34068509,27.722023,27.25382884,24.62365743
1892,605,104.0209969,30.63933628,987,104.0248174,30.63544404,565.813551,,56.53139049,53.90126445,53.49077688,55.46436443,85.22714576,62.2018849,52.68827686,71.53393445,57.16357672,53.04502041,72.20591222,70.48196483,80.88186085,55.48324913,63.83133375,47.45320404,59.95375375,61.96409464,78.21448978,84.34487717,66.11453709,76.90393091,63.48868937,52.92098684,67.03816251,67.19369221,61.75184705,79.74553404,67.46658957,55.1639481,53.96632044,58.76462412,63.82498428,60.30381267,64.80155198,73.23982512,79.45466885,54.06579386,69.91019225,81.22066503,70.1644785,47.09661927,75.91038946,119.8735817,89.10908214,78.30413174,113.7949041,81.87012796,48.06202704,50.51280307
1893,605,104.0209969,30.63933628,1022,104.0235065,30.64133113,326.6865222,,35.16960167,35.16960167,35.16960167,35.16960167,28.27094904,37.43463596,42.10279762,22.94773619,43.15858642,42.30472949,39.53181445,41.44745304,40.62423074,32.30965604,25.12973248,40.76504263,30.27211017,30.07855447,30.27211017,30.70682715,30.77915415,37.69459872,30.85182266,35.37057082,34.23788879,36.58076143,36.58076143,47.71081054,41.4109676,41.4109676,41.4109676,25.10291313,40.41482749,40.41482749,40.41482749,48.74907689,24.75939958,27.25542248,27.25542248,27.2870413,27.2870413,28.33907181,25.90465815,49.48407348,33.66616832,33.66616832,30.36329122,31.92954244,39.66514266,32.30965604
1894,605,104.0209969,30.63933628,1189,104.0196137,30.63832934,173.2781747,,23.94631205,23.94631205,23.94631205,23.94631205,19.49379465,21.49186663,20.44412713,20.95490838,20.44412713,19.61639714,20.02171086,19.81698176,19.91882026,19.91882026,19.91882026,33.67349144,25.03106144,28.71611116,26.74725788,26.74725788,15.12245888,26.37638177,26.37638177,26.37638177,26.37638177,26.37638177,26.37638177,26.37638177,26.37638177,26.37638177,26.37638177,26.37638177,26.37638177,26.37638177,26.37638177,26.37638177,15.99490843,19.91385248,17.74053122,17.74053122,17.74053122,15.870286,15.07563305,15.870286,15.870286,30.20830164,31.29438607,30.74175419,31.01560865,30.94668863
1895,606,104.1185063,30.64065262,1016,104.123009,30.63877907,478.8591703,,65.26366194,56.367074,84.38047054,86.02920986,109.3588417,85.9797014,71.91700912,105.0385701,82.46099981,82.20431615,111.2986881,179.5721889,100.226338,207.5193653,79.54989472,130.3510785,57.78815883,72.76003071,83.88773786,83.22959629,101.3528661,106.7426014,71.14704965,78.78852893,59.96149611,52.53102122,75.94242348,41.5771604,42.41471353,30.94960526,43.36837769,34.93197595,32.96162549,33.2797879,29.05845787,50.83355733,29.53316469,49.20137033,39.4483527,42.4081922,105.7603076,39.9975177,144.8649591,43.27764887,29.26813265,55.50202875,50.86261633,28.12797084,52.87001765,31.9338008
1896,606,104.1185063,30.64065262,1130,104.1152974,30.64211152,347.4242163,,26.69765671,23.15303922,23.08925493,24.82586698,23.70797095,28.90184122,27.71182819,23.13543235,21.06146804,25.56156098,22.0586804,21.82769945,26.84443953,21.93296236,25.70574242,26.55471717,29.69565932,23.82337483,23.69549439,20.36277968,25.17116415,25.75279022,21.14500725,26.89157555,24.47207915,21.95221024,25.79262097,29.4739526,21.87678723,23.08527423,21.72155573,23.16161442,21.19517334,21.7247897,22.09331621,19.68099416,24.87771613,22.40242126,21.97149194,22.41210292,22.61128681,23.94500023,25.66201598,20.08124986,23.21633305,26.60744246,20.09200287,24.12867645,22.33441391,28.5717231
1897,606,104.1185063,30.64065262,1148,104.1134892,30.63265318,1008.555635,,81.40807816,81.40807816,81.40807816,86.78339494,92.91875332,109.5264038,96.30769989,96.30769989,69.15810069,126.7295039,67.58120588,122.5868728,110.9785531,101.3785481,110.9785531,105.9615574,108.4120433,107.1727947,107.7888572,107.6341785,107.5570055,107.6341785,117.6295694,143.0152747,129.6714388,106.215513,72.9369282,94.55209078,110.0242511,156.6350425,84.1924704,122.6621718,129.4146636,200.5967009,129.4146636,129.4146636,117.1225899,122.9621922,110.0909729,240.4503501,193.8149619,135.2253365,129.9499029,129.9499029,129.9499029,129.9499029,129.9499029,129.9499029,127.3071629,124.7697693
1898,606,104.1185063,30.64065262,1826,104.1220643,30.64481196,573.3650639,,93.29329853,173.4549773,93.29329853,93.29329853,54.93317977,69.14955545,61.22697012,64.94754706,64.94754706,64.94754706,76.73287101,70.35004299,73.40296201,73.40296201,94.03709476,73.40296201,56.24289455,63.68726562,59.73403453,61.64733833,62.89903767,105.8520118,64.20261991,102.6922503,112.3327472,133.16866,123.9708246,80.94565608,97.94136323,88.63614514,93.05671367,93.05671367,93.05671367,95.01101174,95.01101174,95.01101174,215.5732877,69.49879562,109.6475023,103.4643724,116.6166232,83.06294688,83.06294688,63.70722932,150.1780766,133.9712527,142.3527055,126.521888,67.23499121,126.521888
1899,607,104.1602845,30.66523385,280,104.1656774,30.66435346,525.8015631,,26.88280671,25.11429877,25.9077588,28.86486413,22.65233361,27.35779198,30.94214348,27.35779198,27.0915361,25.84438221,27.08959753,26.54818551,27.80734395,25.5896215,23.93785175,35.06503312,29.11235969,27.04283294,34.63123575,32.82270898,29.46889923,33.02024644,45.83258177,34.81168969,45.11474086,34.81168969,27.81610033,35.19192428,35.5805569,59.43125988,41.99413482,32.52380803,34.09580835,36.02065894,34.09580835,31.20055428,28.75851758,27.2553726,28.75851758,33.42633549,39.70394603,29.5994625,25.45912074,30.54683637,31.55685958,36.86242701,30.81620883,28.48050596,30.81620883,31.79984254
1900,607,104.1602845,30.66523385,358,104.1571519,30.65730466,928.6178001,,49.34352886,49.34352886,131.2851547,48.72198327,46.573197,110.0450627,62.13799406,47.80871048,85.2150627,50.79039928,49.01794839,44.90294265,73.64908612,52.61842729,126.7685031,46.75558154,51.91031181,49.36174353,51.44696953,51.23408552,56.18527866,41.97142599,38.46978228,49.6550179,59.06402969,49.8958818,43.07516093,86.80891715,52.69583985,115.5755948,47.33246068,41.04388067,44.42556917,102.9389887,105.6508524,51.06452261,48.44962435,47.72339872,64.35080039,125.2765413,55.62436074,38.89498639,43.55164253,44.0741474,49.27080443,48.0664857,47.0848462,51.61642944,115.4161326,54.62457648
1901,607,104.1602845,30.66523385,463,104.1604886,30.67205697,756.4476166,,33.25044469,34.85933717,33.25044469,37.67847001,34.2542317,34.85933717,34.85933717,34.85933717,39.27331151,48.90463717,36.09292803,36.35796288,31.51865069,34.40570335,36.04913076,36.5664666,39.95908173,38.46343813,36.92490061,39.9933142,45.16105174,40.46376552,39.18289813,36.91238793,43.17418026,37.79394788,35.50471212,38.71864578,37.32450477,34.86826402,38.19370855,39.58156133,40.94285164,40.45875577,41.86536893,42.86359756,42.10253068,38.06025744,38.56693697,42.58344675,36.62691889,34.32709581,36.62691889,36.55317342,36.06902543,38.78297773,37.98063347,36.57772223,35.2617091,35.655796
1902,608,104.0438418,30.62002411,581,104.0454455,30.61929188,173.825007,,38.4852414,32.25618687,26.765185,28.44409205,32.96996972,35.0244417,28.521879,19.92898169,23.06277734,24.54000099,28.53674382,22.26939591,37.12195064,32.82010621,51.71653101,26.97284591,23.34962781,24.41235469,19.02036551,39.17183256,27.68893917,22.44914889,21.54113684,30.20125604,25.73672255,28.01955337,21.10522851,29.70427334,26.45262986,24.61239037,24.54000099,23.99885044,22.96548613,28.92619531,26.40379853,21.93759948,27.47618113,17.05095437,27.53663477,34.98929174,26.85708263,21.56175432,21.61209938,31.72471611,44.59168827,24.16100483,24.36482902,30.42641937,27.68893917,25.48961406
1903,608,104.0438418,30.62002411,786,104.0416221,30.61623459,470.8153398,,67.52729973,76.73730496,59.1600427,59.1600427,59.1600427,59.1600427,59.1600427,59.1600427,59.1600427,101.0393576,101.0393576,109.1452786,118.6652432,81.88092866,83.28920016,58.64827762,78.0177318,66.96040388,72.06740253,72.06740253,72.06740253,114.1370521,72.06740253,69.98261612,59.4019354,68.01505711,63.41738176,65.63580316,64.50752515,65.06677333,65.06677333,65.06677333,69.35086838,67.14055055,69.35086838,69.35086838,114.1370521,105.4392052,105.4392052,105.4392052,59.891704,59.891704,57.4554313,65.25625365,71.81928912,71.67636517,71.74775597,71.74775597,92.78842462,69.13869971
1904,608,104.0438418,30.62002411,1003,104.0428371,30.62053527,111.7340762,,15.92751181,17.15255264,18.54186917,23.03465565,13.58927954,13.58927954,13.58927954,13.58927954,13.58927954,11.60873519,13.58927954,13.72373505,14.3658098,12.93384805,13.38132649,13.38132649,13.38132649,17.7199416,15.24801646,15.79900528,16.08970697,15.94303109,16.01603322,15.97944878,15.99772008,15.97944878,15.44933215,14.95325927,10.15764329,41.04517085,16.28512851,23.3184159,19.17724311,21.04605229,20.06823445,20.54551569,20.30407063,20.42407962,20.36389831,20.39394457,20.39394457,51.7353922,20.39394457,21.15750887,15.93040294,21.98047401,19.73390062,20.84158934,15.89891993,18.03778809
1905,609,104.1246492,30.60216894,14,104.1323295,30.59740351,906.1380717,,54.0305931,58.6919226,80.38321604,72.80383257,154.5102218,86.05129576,59.23905069,148.5472249,99.54522606,116.7815176,81.01492359,333.4857587,106.0217688,102.9377424,157.8943397,85.14356217,119.3159129,97.78259032,167.7931921,73.11138476,85.26331861,91.89005798,81.93135899,60.31984205,109.0637599,74.81873987,42.11874833,97.784684,61.20257145,98.86904971,68.80533315,113.2017487,73.36550326,85.79627807,96.08533308,131.8019013,120.6906945,85.70114078,117.6438918,69.40632039,58.49546428,146.5699324,79.75787428,56.24305273,58.98909689,70.71749584,71.14715503,94.59923804,84.20125768,54.48178803
1906,609,104.1246492,30.60216894,1156,104.129552,30.604747,550.0465466,,34.04689766,38.22717312,35.88885488,27.095889,25.97792808,65.53746088,33.91665831,29.81731016,31.80992077,26.99473404,31.80992077,47.91694054,38.23640005,28.56354227,44.91630905,49.52482454,31.04792354,30.55814148,32.55515935,24.17787018,30.39397648,38.51966478,28.04769926,30.78778286,31.90388133,28.09412487,28.53267389,25.88454337,29.07735048,31.40008036,34.1261106,77.95935306,27.88968405,33.5432112,27.03915659,31.66241714,29.74500638,30.18548122,27.62840936,29.33736806,30.02528533,29.63112943,31.03351635,32.57524274,33.72324391,21.92269657,26.84972973,28.34701099,23.9439851,35.39806163
1907,609,104.1246492,30.60216894,1322,104.1196996,30.60000249,531.8086827,,31.46279799,53.21782509,53.21782509,53.21782509,53.21782509,53.21782509,53.21782509,53.21782509,53.21782509,53.21782509,53.21782509,53.21782509,114.9856611,89.12476032,80.1155489,84.38035982,82.19266845,83.27214807,82.72888704,82.86403667,82.93177722,82.89789312,82.91483173,82.90636156,82.91059641,82.90847893,82.90953767,82.9090083,82.90927299,82.90914064,82.90920681,82.90917371,82.90919026,82.909182,82.90918613,82.90918405,82.90918509,82.90918459,82.90918484,82.9091847,82.90918477,82.90918473,82.90918473,82.90918473,82.90918473,82.90918473,82.90918473,82.90918473,82.90918473,34.60741899
1908,609,104.1246492,30.60216894,1352,104.1220034,30.60393124,320.1338172,,20.32595665,60.02509073,57.6240871,53.85428701,36.2130948,27.27767436,26.10377671,23.96011937,38.93519398,29.37506564,26.77077217,28.01251955,27.37757281,40.78979767,91.10527604,74.99881182,82.27115352,78.466842,82.27115352,107.708574,20.50679256,18.46925868,19.43476799,18.93971638,19.43476799,19.43476799,20.63530424,20.01705153,20.63530424,20.63530424,129.4923306,35.59789164,35.59789164,35.59789164,28.35133436,35.59789164,163.4725875,58.46451449,58.46451449,57.75041613,41.75658485,48.22099339,52.26674567,48.22099339,48.22099339,16.48757857,24.57317147,24.57317147,31.19030425,31.19030425
1909,610,103.97941,30.70791991,538,103.9787618,30.70955492,191.5495274,,44.13301111,36.29359467,44.13301111,36.29359467,43.26087193,43.09864367,39.40447421,41.16885365,40.71310988,40.48900102,40.60074619,40.54479661,40.60074619,49.02215392,44.41579166,46.60542913,45.48427306,46.03802628,45.75947442,45.82879591,45.86353547,45.84615911,45.85484563,45.85050196,45.85267369,44.8749435,45.85213075,45.85185928,45.85199501,45.85192714,51.64239534,70.72597935,45.8519526,45.8519441,31.43974006,29.98166516,36.25615736,36.25615736,41.43317798,38.63183746,40.80344962,36.23003321,36.23003321,36.23003321,36.23003321,36.23003321,36.23003321,36.23003321,36.23003321,36.23003321
1910,610,103.97941,30.70791991,619,103.9789201,30.70587597,231.3441538,,30.67546791,35.97576474,33.11486893,34.48608504,34.48608504,34.48608504,55.15489759,42.43765369,45.03353585,46.45432546,45.73289836,46.09078908,45.91114625,45.91114625,37.59995276,91.52076414,53.30169304,67.36816612,59.51506592,59.51506592,39.34672221,47.37366805,42.98870315,45.0747922,44.00703955,45.0747922,45.0747922,68.26548801,54.29760154,60.4856206,54.29760154,54.29760154,40.29865904,46.26230505,43.07504838,44.61182141,43.82996839,44.21743898,44.0228511,44.1199305,44.07133734,44.08347558,44.08954722,44.0865112,44.08802916,44.08727017,44.08745991,44.08755478,44.08750735,44.08751921
1911,611,104.0148082,30.69564351,949,104.0133461,30.69733246,233.7767717,,41.45794966,41.1203442,41.1203442,41.1203442,41.1203442,62.57222142,42.18528211,42.18528211,42.18528211,42.18528211,42.18528211,42.18528211,42.18528211,42.18528211,42.18528211,105.1995473,84.15963781,84.15963781,84.15963781,84.15963781,100.190045,47.54781797,66.26743135,56.67315678,61.09592582,56.67315678,106.5311871,36.91212185,79.77216854,62.03413105,68.14545572,68.00778813,68.14545572,88.96367633,67.76820357,58.04112953,67.39510535,42.77491121,33.86705747,26.63279678,79.27124438,69.03046162,61.13290881,61.13290881,32.12199916,61.13290881,86.31757724,68.70174515,68.70174515,64.98813731
1912,611,104.0148082,30.69564351,1127,104.0159345,30.69643301,138.8978377,,14.56758094,19.68630771,49.21576926,22.30074302,21.52733768,19.88199665,20.80577874,34.56443887,14.4657343,17.84236274,14.57819871,37.14949597,31.07935042,21.62301473,20.12202075,19.30626316,23.20335108,23.20335108,23.20335108,18.38353734,48.31229137,30.99373239,20.74822472,30.99373239,42.01951393,33.56671843,17.51426325,36.60557948,16.89298026,20.70526773,25.08522822,26.01624431,27.1756639,19.34360602,14.36874183,19.34360602,21.09840573,36.49870188,23.20335108,28.37062217,41.32497651,25.00161079,22.72873708,17.76313377,21.80373034,21.80373034,25.51184774,12.56362351,21.32333543,21.32333543
1913,611,104.0148082,30.69564351,1169,104.01322,30.69418719,221.7950418,,63.03648555,63.03648555,63.03648555,63.03648555,63.03648555,52.18706866,58.49539564,58.49539564,58.49539564,93.38738602,59.03601852,59.58672765,51.84819159,48.39164548,46.83062466,48.39164548,47.59833982,55.44876045,41.47855327,53.9501453,53.9501453,72.91891785,72.91891785,102.894607,72.91891785,59.80989891,72.91891785,74.10321582,75.32661797,102.8062855,81.06214726,81.06214726,81.06214726,81.06214726,53.4088395,53.4088395,53.4088395,53.23081003,53.31967616,53.27520604,53.27520604,51.34804826,53.27520604,53.27520604,67.28613626,54.68918839,54.68918839,54.68918839,38.57305075,47.15327661
1914,612,104.1034118,30.68722884,540,104.1010393,30.68638247,245.847861,,75.86162566,79.37688786,62.03637613,38.96763014,53.88446268,39.51126338,58.16334936,41.02740508,42.61189559,51.30737969,42.71617943,38.00180522,58.80746177,93.16339996,61.14350947,96.90353646,57.10014836,85.80839473,31.44323852,51.15909246,72.84381067,49.1695722,84.93784065,56.55286259,45.15572957,73.34687564,48.14427741,69.41586664,98.88852509,31.24633008,31.4196512,27.35864914,65.5594296,26.73369227,35.41094472,28.67581996,91.71526421,78.55493781,35.29235481,94.15449996,39.21945197,30.5543491,29.03671446,44.03245272,70.242246,25.15459864,33.34578327,60.20763943,57.10014836,27.83244112
1915,612,104.1034118,30.68722884,1236,104.1032213,30.68891742,188.032783,,36.70922011,36.70922011,36.70922011,36.70922011,36.70922011,36.70922011,36.70922011,36.70922011,36.70922011,36.70922011,36.70922011,63.26336624,46.45971303,33.22297025,21.02229872,25.85630324,23.19006573,24.45071406,23.80371055,23.96222992,24.04228398,24.0021902,24.04228398,24.04228398,30.08524528,26.72643738,28.30655197,27.49381045,27.89426235,27.69258878,27.79305973,27.74273329,27.79305973,27.79305973,36.26346529,31.46822768,33.69610096,33.69610096,33.69610096,45.73770397,38.80419153,40.33273073,41.1430657,40.73386853,40.93744458,40.83540285,40.86086555,40.87360884,40.8672362,40.86882917
1916,612,104.1034118,30.68722884,1386,104.1037829,30.68476117,275.7908357,,93.00674553,93.00674553,93.00674553,93.00674553,93.00674553,93.00674553,93.00674553,60.91085942,75.50167365,75.50167365,75.50167365,75.50167365,75.50167365,75.50167365,86.71152913,80.71926899,84.49761775,84.49761775,84.49761775,84.49761775,84.49761775,74.37056244,74.37056244,74.37056244,63.23866296,68.35435515,65.69707252,66.99937637,66.34183394,66.66898389,66.50500659,66.58689426,66.54592526,66.56640346,66.55616278,66.56128273,66.55872266,66.56000269,66.56000269,66.56000269,102.8857004,58.92267113,55.62168115,57.22461144,57.22461144,57.22461144,67.19776707,73.61238247,70.25896566,71.06834643
1917,613,103.9735737,30.67465759,390,103.9733365,30.67656097,212.1769259,,26.75435843,26.49145434,23.67962149,35.94526745,25.33073942,37.22402209,27.27989047,89.33765301,20.66293693,57.70250676,73.09444337,47.15042798,53.52746554,27.87726034,19.51961773,69.4397212,108.6024076,23.91973695,23.90191566,22.73324206,22.31111426,44.40912403,50.25242982,25.3766423,69.99651164,63.91940864,63.12701928,37.35143928,24.89419663,39.88704612,40.73796977,27.48232726,73.95787502,63.25771704,89.65222221,92.77371659,36.5822286,24.24879153,24.60622686,82.25936204,23.18002254,73.26972981,112.7434588,93.91437704,72.06008804,32.94767505,59.4425629,23.87736584,52.04036637,51.6604689
1918,613,103.9735737,30.67465759,783,103.9672382,30.67469912,606.9541362,,54.62587226,54.62587226,65.86390024,48.5024393,57.80515583,34.73823355,43.39691937,43.39691937,47.53520428,45.37189598,47.53520428,53.32821894,60.72915204,54.72848817,52.52487717,64.05043649,58.73749705,58.73749705,58.73749705,89.81353042,70.22609841,70.22609841,61.58125508,52.02464025,54.83149035,53.39120074,54.10176144,54.10176144,54.10176144,59.37594811,54.10176144,51.41258565,52.72290491,52.72290491,58.91401473,72.73751299,66.7525934,71.05804521,71.05804521,74.89408364,120.6091016,73.07808998,58.5486305,76.13361987,87.92896943,79.45581419,59.05499704,52.44083736,63.37108151,90.54011978
1919,613,103.9735737,30.67465759,895,103.9736664,30.6735115,127.3342456,,45.16288514,29.33781019,21.72527413,24.96409989,23.2323489,24.06711254,23.64236456,23.85284783,23.79987643,23.77347887,23.78667033,23.78007277,23.78337109,23.78172181,22.36113581,29.57440543,16.97789941,21.02767359,19.58988394,55.22931134,21.67391414,18.74860058,19.38280271,19.06042762,19.38280271,16.22666493,17.66486644,16.91525034,17.28193343,17.09662598,17.28193343,17.28193343,38.26404709,23.8100654,27.44929845,27.44929845,27.44929845,27.44929845,27.44929845,27.44929845,27.44929845,27.44929845,27.44929845,27.44929845,27.44929845,25.71687429,24.19014692,23.04981944,23.60621998,23.46461664
1920,614,104.0418566,30.65698347,1387,104.0440881,30.65424778,371.0090891,,94.05864231,94.05864231,94.05864231,94.05864231,94.05864231,94.05864231,94.05864231,94.05864231,94.05864231,94.05864231,94.05864231,94.05864231,94.05864231,94.05864231,94.05864231,94.05864231,94.05864231,94.05864231,94.05864231,94.05864231,94.05864231,94.05864231,94.05864231,94.05864231,94.05864231,94.05864231,94.05864231,94.05864231,94.05864231,94.05864231,94.05864231,94.05864231,94.05864231,94.05864231,94.05864231,94.05864231,94.05864231,94.05864231,94.05864231,94.05864231,94.05864231,94.05864231,94.05864231,94.05864231,94.05864231,94.05864231,94.05864231,94.05864231,94.05864231,94.05864231
1921,614,104.0418566,30.65698347,1411,104.0385396,30.65746299,322.2312508,,36.2651818,46.40130012,46.40130012,46.40130012,27.19888635,34.29512204,30.33756137,32.19517788,31.70976816,31.47251115,31.59069419,31.53149193,31.5610653,31.55366675,31.54996878,31.55181766,31.5508932,31.55135543,31.55112431,31.55123987,31.55123987,38.53928581,34.69690772,36.5173005,36.5173005,36.5173005,65.631259,46.92530995,54.72389927,50.52544834,52.54093461,51.51348483,52.02213713,51.76656152,51.89403465,51.8302197,51.86210756,51.84615871,51.85413191,51.85014502,51.85213837,51.85164002,51.85139085,51.85151545,51.85145315,51.8514843,51.85147651,51.85147261,51.85147456,51.85147407
1922,615,104.092995,30.67384099,967,104.0903608,30.67653969,391.328738,,57.90454248,45.18227892,52.30631647,112.2536619,112.2536619,112.2536619,112.2536619,112.2536619,112.2536619,112.2536619,112.2536619,112.2536619,112.2536619,112.2536619,112.2536619,98.0591733,104.6774086,98.0591733,98.0591733,98.0591733,98.0591733,141.5862771,115.869784,127.4436598,121.3814502,124.3387073,122.8422833,123.5859656,123.2130023,123.5859656,123.5859656,169.7329466,143.0293734,155.2411876,148.885292,148.885292,148.885292,78.41095305,128.0712233,105.1330938,128.0712233,105.1330938,99.91372034,99.91372034,99.91372034,99.91372034,125.7842372,111.3662812,118.1369775,116.3682773
1923,615,104.092995,30.67384099,1336,104.0936842,30.67180601,235.0038754,,26.78201042,30.54201991,19.8362005,23.66472591,24.91940947,21.56365212,20.99290202,23.76443684,26.50419647,29.98530461,22.94275123,48.27469052,32.35234996,26.4793099,29.52928277,27.7495351,25.20399061,29.14776749,26.94311947,32.79123843,28.84138471,26.85758576,28.08345067,44.06322664,25.21651122,24.95616376,34.39081103,23.3222316,29.27383915,29.27383915,29.27383915,25.52078285,27.26878167,26.52081352,26.66710643,26.52081352,26.81502223,21.39099751,28.97308053,25.30135182,23.51671859,28.61377513,25.91160648,22.50037105,26.82352414,21.52707256,21.91745988,21.91745988,21.91745988,25.01017858
1924,615,104.092995,30.67384099,1341,104.0958335,30.67466937,287.0060595,,49.72193524,36.00076008,29.20080493,91.43555878,36.56497825,34.52292458,31.35726295,32.69689285,42.29315654,30.95795698,37.82386141,39.43594711,36.12663686,45.42743688,44.55676247,33.2582129,32.42636222,62.70395365,35.02446828,63.07125393,31.65077035,35.10214251,24.89691119,39.39835326,43.75740875,49.20103877,53.59034306,51.30197687,36.3810498,67.31086737,44.12335149,36.72589387,55.25250343,69.81228474,37.36787755,30.42467062,37.36365471,37.35943283,81.35604836,37.43557298,74.94873261,34.14198477,40.58216081,31.84042571,50.77257072,31.84042571,31.24662744,31.54073206,27.05949754,42.73926843
1925,615,104.092995,30.67384099,1856,104.0877571,30.6732325,506.2930459,,53.84505067,53.84505067,53.84505067,53.84505067,53.84505067,53.84505067,53.84505067,122.8756157,93.05194462,82.98154069,87.72869222,85.28911148,86.49170262,86.18788659,86.03677762,86.11226582,86.07450517,86.09338135,86.08394222,86.0863018,86.08748164,86.08689174,86.08718669,86.08703921,86.08711293,86.08707609,86.08709451,86.08709451,86.08709451,149.397948,109.2318657,126.1959428,117.1027192,121.4794026,119.2509167,121.4794026,121.4794026,139.1339668,129.7087038,134.2561168,131.9432404,132.5139563,132.8011697,132.6574075,132.7292497,132.6933189,132.7022997,132.7067906,132.7045452,132.7051065
1926,616,104.1398098,30.63635551,415,104.1386582,30.63500595,185.8841351,,20.35021449,19.15599866,17.92077673,18.81841638,18.91683071,18.12275928,16.12488883,16.57932205,18.13503757,16.57932205,16.57932205,16.57932205,16.57932205,16.08129496,16.82420833,16.70086754,15.10002752,15.09435082,18.46276414,20.29877309,34.49396321,34.49396321,20.07373014,21.51713461,20.10312839,19.6133471,22.99597548,15.34823134,16.40154133,17.01672947,20.84681889,16.71912271,20.84681889,17.44935818,20.84681889,18.74461867,17.04924551,17.61007596,19.10313692,18.23386611,14.85422611,16.10451565,17.49497742,15.27117495,16.82420833,20.29877309,32.9646742,19.04695123,27.76692475,22.96637963
1927,616,104.1398098,30.63635551,472,104.1412091,30.63877966,300.2698023,,26.96809867,28.06502695,24.28889049,30.95786606,25.58932525,26.69401955,30.5359121,33.51848956,29.14651266,32.33741233,31.99717677,33.51848956,29.33989247,30.29521915,33.51848956,33.51848956,26.44960508,25.97432732,24.88805729,27.44162356,24.29231674,33.51848956,24.19427521,33.51848956,23.22172478,26.86644186,28.14696218,26.08241715,26.49439432,25.63061739,32.71095611,24.46328234,32.52000336,24.91674118,29.15548476,30.11824765,27.04118295,28.59712403,31.40076364,22.76927411,24.42872968,21.25281471,21.10756726,24.66844565,30.88489395,33.51848956,33.24427262,28.38126126,31.52477176,30.11788446
1928,616,104.1398098,30.63635551,688,104.1445578,30.63469503,490.8295407,,48.61990734,51.06896955,46.39499034,52.15426052,42.27240063,52.15426052,52.15426052,56.30931633,51.16138535,51.65305211,51.40604314,51.52925161,51.52925161,68.91522412,58.96741884,61.17163414,61.17163414,61.17163414,61.17163414,61.17163414,61.17163414,60.93056367,60.93056367,58.70386533,59.79649227,58.22030796,65.56535609,40.71397112,59.61492397,48.38407302,53.41554856,50.77546973,52.06206089,51.41071709,51.41071709,47.12277743,31.27409463,43.49504853,47.15106995,55.74089421,51.47811643,51.951087,43.95488424,52.43282927,58.87888562,65.07532038,57.15818165,57.15818165,57.15818165,53.95378157
1929,616,104.1398098,30.63635551,1106,104.1364419,30.63755553,349.0905354,,34.16342327,35.97497884,26.79586199,26.79586199,26.79586199,26.79586199,23.46827129,25.02191991,24.61453647,24.41577905,24.5147549,24.46516687,24.48993578,24.48373886,24.48373886,24.48373886,28.01023612,26.12853406,26.59737413,26.59737413,26.59737413,26.59737413,22.5421691,23.57834761,23.57834761,23.57834761,23.57834761,23.57834761,23.57834761,20.91058116,23.57834761,23.64489045,23.57834761,20.07549405,22.40153168,24.56942185,21.33660318,24.56942185,26.12735816,25.32445194,25.56919486,25.56919486,25.56919486,20.99792694,25.56919486,27.12358117,25.56919486,20.63589372,25.56919486,26.04073617
1930,617,104.0306186,30.58109204,269,104.0437776,30.57776198,1314.719203,,141.2832576,126.3662147,127.9186252,127.9186252,129.9082104,129.9082104,120.2005859,129.0202105,134.2917882,143.1257344,98.29676284,137.7861208,131.4405434,126.2130435,141.4310214,147.6099217,146.5548577,125.7008127,146.550633,133.1361218,123.83186,141.0727014,121.7750205,123.900239,133.7002579,138.1175275,183.0943571,165.2106428,159.9404955,135.9077999,146.7780694,145.5744446,143.2999094,141.6219213,147.0081092,142.0377234,222.2060625,142.9449138,99.08560636,143.7356842,106.4041395,106.369266,101.2945774,103.7699165,116.1677592,105.4374689,107.9298088,109.2206929,149.7673375,101.9857597
1931,617,104.0306186,30.58109204,282,104.0317101,30.58346893,283.4620995,,36.59542974,39.2821729,38.19100143,61.28910259,35.09762883,35.93181543,26.48834674,35.93181543,36.70732224,45.37354177,40.5106613,36.70732224,34.1102025,40.88143685,35.03988181,34.72440862,37.03386382,31.25462659,55.16019234,32.06819959,38.15442918,42.40300114,38.58085286,38.37230771,36.20949182,36.72383475,33.23985532,38.5080588,30.36246756,31.26510016,47.72237997,43.24595668,39.02346303,45.81205648,31.68157585,41.03848294,31.14968126,52.71562698,31.89945477,56.78255094,85.27550623,54.83087776,31.39887871,62.38641839,36.03970735,36.07160706,36.06362683,36.05963805,60.02726813,65.20533918
1932,617,104.0306186,30.58109204,877,104.0283682,30.5816609,224.8101062,,23.17851214,23.87467999,19.62692815,21.84242311,21.73755601,29.2720169,24.7416973,29.2720169,29.39861764,31.24446957,32.05037101,29.206654,28.13219567,26.64525725,25.95921492,26.24136124,26.29776256,23.41263853,33.95139517,25.11990944,29.86166273,29.86166273,31.41184547,24.52938457,32.28387464,31.61134865,27.44996209,29.38405231,28.38409817,28.26611829,28.32498538,28.41602045,28.49156933,34.7925496,31.30549657,31.59969707,29.6299907,29.50397042,29.56684627,27.90345234,28.71107705,28.49384282,26.33419345,27.37148437,26.8428216,27.1045754,27.03865953,27.00582168,27.02293665,31.73647938
1933,618,104.0748969,30.6108969,134,104.0783955,30.61080386,335.5366158,,42.65295964,90.26664394,57.4840649,30.55945259,62.48596531,58.23362754,83.17327131,35.35410195,54.90599168,53.43012459,21.60879816,36.20898732,56.51583673,33.51228839,28.25571501,68.05249673,53.36959427,41.50968443,53.00437373,44.33681221,83.07646609,49.23027041,27.54690574,20.75484221,35.35410195,31.37485239,63.2425035,59.85787001,18.7324655,38.11512438,33.18494002,32.5030577,72.11533235,21.6475236,28.53944045,56.57760266,30.17943328,25.2573302,33.72541136,77.43152672,28.42935761,73.65437908,24.18281916,77.93108496,66.78598189,35.39926425,68.05249673,40.94023266,100.5771704,77.81951577
1934,618,104.0748969,30.6108969,723,104.0747906,30.6144846,397.7534043,,55.93407248,52.33597425,46.41809448,60.46607571,68.13994419,51.85403926,47.45777872,45.17073361,52.45099837,59.87553183,46.4295447,48.87479393,75.28950407,47.56225911,48.81014815,64.10590607,48.41234587,51.76833895,51.21129198,80.38805645,60.2576586,59.71830537,79.03178529,59.9240434,80.94981343,57.58360276,44.76591044,42.64402677,65.53374167,55.16999935,44.9680834,55.77068181,60.86243934,55.59842857,50.83336163,39.99166963,63.48913428,85.60834756,56.01017326,46.77923082,52.98332692,45.80190717,43.95065241,56.12198091,45.34716316,78.26601146,55.41665327,61.14532146,59.85849447,57.66762717
1935,618,104.0748969,30.6108969,836,104.0696995,30.61099633,498.3483237,,51.62745224,40.67311133,34.33231062,88.81455274,68.21497967,53.21346508,86.46043206,48.07379575,38.09031774,38.53208688,49.45021955,45.70838128,34.83599933,54.86403564,65.43164679,70.8552119,68.03551337,71.4762536,41.62538203,55.27725329,69.3067205,55.83982995,59.31410508,96.19592307,46.25042447,50.03559246,90.83817546,75.45968308,74.65504147,73.86737891,51.39217088,40.36116907,35.6316577,55.7902166,28.65900903,56.25757182,52.68880955,42.6647792,69.04000965,37.51823882,48.88430423,44.75810309,43.81848485,34.39630546,41.28057905,47.96935736,57.06278516,58.90421086,55.96131635,87.08999832
1936,618,104.0748969,30.6108969,1120,104.0749288,30.6065838,478.0267061,,45.75499344,46.18876493,47.44919805,43.34750987,33.18989666,52.48634821,46.88338849,142.8129578,54.96004961,41.16976416,42.14990061,50.43658095,44.41022302,41.66818746,39.72062647,42.36573466,49.25641909,48.88909494,44.99466991,57.10364271,43.07624886,50.07262983,66.32746166,43.0993667,53.53634732,44.70753367,38.90496177,46.47481865,51.0376316,49.80637536,42.67099536,40.85433811,51.89674734,49.35985657,47.33805636,54.76200929,41.65901752,44.75225015,41.72712407,46.71059421,44.15789221,54.45873867,45.05700912,38.93430185,36.06236676,36.99016178,46.97623682,52.74777447,41.34781696,47.26654545
1937,619,103.9789201,30.70587597,408,103.9804376,30.7055703,149.2203639,,19.7861256,23.2048946,21.35957495,27.65473926,22.2440294,22.2440294,35.5757159,27.37290752,30.26974101,31.32322508,30.51286607,30.63589907,30.5742588,30.5742588,27.44282554,41.16423832,32.93139065,36.59043406,34.66462174,34.66462174,28.14986778,31.06940853,29.53767073,30.28418363,29.90626935,30.28418363,30.28418363,36.79406233,33.22323428,34.91759358,33.22323428,33.22323428,28.52353859,30.69453385,29.56924077,30.12138113,29.84275728,28.52089507,29.91192889,29.94663506,28.42665737,29.93361081,29.93578074,29.93469573,31.59960647,29.93496698,29.93503479,29.9350687,29.93505174,28.43709492
1938,619,103.9789201,30.70587597,610,103.97941,30.70791991,231.3441538,,32.23892724,43.83362914,32.23892724,49.42664414,64.66140945,52.05243461,47.59079735,49.72172858,49.17130354,48.90063581,43.11388258,43.08774345,43.11388258,46.63587236,44.80577191,45.70250843,45.24969783,54.38335531,49.39787185,50.55653882,51.15649726,50.8547486,51.00517665,50.92985155,50.96748628,50.44364044,50.95807239,50.95336673,50.95571946,50.95454305,71.38619601,60.79102908,50.95498421,50.95490852,42.08029209,40.97608243,45.42392422,44.18243786,58.37656216,46.92050507,88.36487572,48.0137762,49.43275617,48.71293485,55.85228109,48.89091768,48.93561678,48.95799701,48.93561678,43.75686272
1939,619,103.9789201,30.70587597,700,103.9775607,30.70377111,267.1579858,,35.42426331,31.24781705,37.22975803,35.86437544,39.82479291,37.14289158,36.88470753,34.09016389,36.27877018,48.82074867,48.82074867,48.82074867,48.82074867,48.82074867,48.82074867,48.82074867,48.82074867,48.82074867,48.82074867,48.82074867,38.31748004,42.93610486,40.49552627,41.68011913,41.07928452,41.37752079,41.37752079,41.37752079,65.64974395,50.76133921,50.76133921,50.76133921,45.90781618,69.44178692,55.27406603,61.55319993,58.24489017,59.85336438,59.85336438,59.85336438,64.98437492,63.62087848,62.96036407,63.28889793,63.12420355,63.20644348,63.1858634,63.17557838,63.18072049,63.17943486
1940,620,104.0428231,30.68723173,5,104.0439712,30.6867731,121.1557126,,23.37409246,23.41801693,16.27464796,16.09448581,16.09448581,17.07086361,16.09448581,33.04246707,31.72076839,19.29914006,59.74802265,22.36720848,29.27252117,20.05335933,25.9002711,25.27652986,20.33382589,28.78947626,24.6244497,24.29863874,24.29863874,18.56002406,20.76955073,25.80831748,26.7729822,26.27755961,33.29469965,28.71839113,44.73441696,32.07062981,22.08407926,28.00388863,32.85578647,28.56056088,26.24837905,22.21530894,21.97282445,19.93117588,21.78987004,27.4314821,30.08003899,31.54053675,28.98076846,37.43867514,22.8057812,18.0604789,15.5217283,31.04345661,38.25969872,24.7818503
1941,620,104.0428231,30.68723173,823,104.0450692,30.68972023,349.7934557,,77.49270403,77.49270403,77.49270403,77.49270403,77.49270403,77.49270403,77.49270403,77.49270403,77.49270403,77.49270403,77.49270403,77.49270403,77.49270403,77.49270403,77.49270403,77.49270403,77.49270403,77.49270403,77.49270403,77.49270403,77.49270403,76.31857215,76.90115667,76.60875684,76.75467828,76.68164814,76.71814583,76.69989264,76.70901813,76.70445511,76.70673655,76.70559582,76.70616618,76.70616618,76.70616618,97.11489256,85.71241188,91.05808018,88.30441755,89.66011106,88.97710062,88.97710062,80.46367032,104.0707802,90.75722094,96.95910995,96.95910995,96.95910995,116.5978186,110.9782597
1942,620,104.0428231,30.68723173,1636,104.041945,30.68582265,177.3788564,,28.86164443,23.51804373,30.04417406,28.19266592,28.19266592,28.19266592,45.61170593,24.00616102,27.23086921,29.1914918,28.17711563,28.67533575,28.42404264,28.48645211,28.51775972,28.51775972,28.51775972,68.95938262,40.34929742,45.01866912,47.78351259,46.35990452,47.06094487,46.70779437,46.88370461,46.79558417,46.83960294,46.81758321,46.82859047,46.8230862,46.82583817,46.82446214,46.82583817,46.82583817,68.29560246,55.55870064,61.27223422,58.27575929,59.73644334,58.99706158,59.36445031,59.27217481,59.22614459,59.27217481,59.27217481,76.01950989,71.00397218,66.60929221,66.60929221,58.48535979
1943,621,104.073194,30.68752145,495,104.0707783,30.68827718,246.0758193,,82.0252731,82.0252731,36.99385187,44.40465912,64.4271236,31.02882485,71.15445377,72.31615914,59.81586425,80.16949769,40.6986041,30.43423501,60.4278956,34.74011567,60.8847388,63.96194581,38.38508602,37.83472024,26.77088584,54.48173121,44.01853165,57.58654061,41.4928782,89.93634005,50.19110195,35.42732641,38.60012852,42.79579466,40.11500149,40.80013584,38.45351924,80.9544471,37.28683057,52.07613681,52.57406228,46.13921612,42.88643628,55.93916442,28.8557964,30.13173298,37.35233799,42.89941644,46.68632145,33.55579354,33.78615368,31.30293108,40.17564397,58.66708275,65.72454314,44.14649249
1944,621,104.073194,30.68752145,803,104.0758539,30.68651263,278.2390102,,30.19070305,25.17707981,25.45515722,25.45515722,25.45515722,26.29030018,34.84902116,51.10512432,25.53627627,32.66284032,60.36896467,20.71686529,41.49380434,17.46574432,28.99161901,24.90144032,29.27761598,30.52679426,29.88915887,26.20187988,52.7983664,25.68360094,23.84905802,24.41585464,45.13339307,25.2148631,40.74945597,21.97828715,28.10495053,32.13024657,45.23303528,29.85575072,42.71473078,30.68544008,31.05486135,28.48323516,24.64542375,26.21004195,26.68722301,23.4973963,25.72757971,22.03065476,28.78334588,20.65279251,22.38597467,22.79090869,26.42903527,24.37130016,26.42903527,38.32884325
1945,621,104.073194,30.68752145,929,104.0741314,30.69052755,345.0539638,,62.28048255,50.13902199,50.13902199,55.86033815,50.13902199,83.93204525,50.13902199,48.64196847,91.35880632,46.72098805,78.79443512,55.30593167,53.18822055,73.66653483,72.3782373,61.69208696,64.8299395,57.71883281,62.23170037,69.68610372,60.07036243,63.06671157,71.69952495,76.06024046,60.79247336,70.96610246,69.53979263,70.25263151,96.58209036,87.11719512,74.33992967,75.50573157,68.79649154,91.23393445,68.97699147,50.710888,57.62014394,59.51118822,67.4900163,72.1407046,57.06416255,63.93999587,57.88860452,44.9866461,61.07629896,50.26560669,45.95442538,46.08161652,60.26779295,43.56405336
1946,622,103.9328245,30.67415763,354,103.9299735,30.69461569,2283.836889,,215.0899359,213.5535792,216.6485586,215.0899359,141.1470009,215.4774854,215.6717843,215.574591,215.574591,215.574591,166.0972283,187.6289537,176.2077604,178.9306904,127.2286479,127.2286479,127.2286479,139.5301281,151.9041626,313.8096489,137.5460109,137.5460109,137.5460109,137.5460109,133.146766,137.5460109,137.5460109,137.5460109,137.5460109,138.4143569,137.9788177,119.1135502,138.0874453,152.3489376,173.3197984,182.9181326,177.9896586,180.4202446,179.1938495,179.8020759,160.8063868,165.1044669,167.3408342,132.7539282,150.8731604,150.6431995,144.4880741,142.5850908,151.5716152,120.4357921
1947,622,103.9328245,30.67415763,423,103.9401081,30.63831074,4033.865372,,329.9154383,306.7537731,353.0133104,363.8437918,436.9409742,376.3333189,373.4375896,376.7079616,420.3824691,384.4693939,331.4559849,342.7221821,376.614972,265.3017438,297.8471508,343.339437,293.8743181,310.3222019,347.4142426,312.5513121,154.4884611,295.060928,306.3695219,358.8611698,304.7874457,350.9090163,306.8543284,302.9516291,342.0779765,458.8800694,382.8933844,394.714096,322.3547363,309.3937993,320.4981656,407.6550607,304.596197,407.6382984,407.6215375,292.1857143,288.4790806,388.5220352,302.7544169,315.4024697,312.4387404,303.6904002,303.3104707,285.6378884,401.3123353,308.9445861
1948,622,103.9328245,30.67415763,505,103.9459799,30.67151457,1293.915135,,80.65964478,80.65964478,130.8453507,140.4027274,147.1829318,103.9753233,147.0628899,92.93883651,155.2698162,92.33091152,82.90883096,184.1144066,184.1144066,73.3269498,129.631572,96.29135888,157.261799,104.3012648,125.8944456,152.9751884,108.6647236,92.48367609,79.489667,178.1298083,81.76877389,181.2488127,129.8725228,178.1298083,157.4744586,194.6279033,159.7974095,194.6279033,210.7735062,115.2043154,148.9795678,129.9329006,138.8058948,129.9329006,129.9329006,72.78272634,129.9329006,148.5046063,156.1372454,148.5046063,164.5969783,200.5638099,190.1748195,102.0393097,107.2469951,187.145465
1949,623,104.0579293,30.62518238,587,104.0599492,30.6251091,193.7712416,,54.92728108,34.5334886,54.92728108,21.92178426,31.78024919,28.3117325,31.78024919,44.29056951,31.23476731,24.86903636,30.63384748,59.62192049,33.41239078,38.32837746,45.59323332,41.31338287,44.90835643,35.86511413,44.52615763,43.66675867,39.77060831,48.54816666,61.37036389,48.88256834,39.21876064,45.87163257,40.77010343,73.42910208,42.40586442,42.44887241,38.20243536,39.63502669,35.37630275,36.05046355,41.44018633,42.29872479,62.56291209,26.85661016,57.31262076,37.60520053,57.31262076,55.7565562,44.89353518,45.29717336,39.86151256,35.95754999,44.64489406,34.97876282,30.11121452,37.37016802
1950,623,104.0579293,30.62518238,1765,104.057619,30.62742855,250.714191,,40.02532539,40.02532539,40.02532539,68.54970284,85.9591512,55.14690962,67.86248779,51.80986871,48.8536448,69.9125552,57.51608014,63.11134255,60.18394416,60.89003511,61.24933023,61.0691542,61.15910952,61.11409876,61.13659585,61.13097004,61.12815752,61.12956374,61.12886062,61.1292122,61.12886062,61.12903641,50.00393837,84.35243809,62.78755392,71.98971785,67.07448863,69.44523877,68.23927892,68.83697743,68.23927892,68.23927892,42.37422946,52.2827077,46.80986981,49.39515759,48.06777689,48.72242822,48.72242822,73.37976322,58.56144274,65.13848001,63.35950309,62.50596258,62.92983875,62.7171845
1951,624,104.1119203,30.67005801,1680,104.1171783,30.67164767,533.6401359,,63.44466609,70.59176602,50.46999972,49.71434908,72.76910944,52.31053749,52.36655539,59.08951748,48.69102748,64.69817544,64.4665936,69.41660304,58.15309173,88.63227171,50.62198918,69.7737708,69.31224855,76.90185596,79.9284785,63.43133537,53.487828,77.73459402,74.75114744,87.82191951,80.01702872,70.21185932,80.95139785,115.884319,93.28133222,85.20884818,63.64600748,70.29655737,78.47649057,157.0385141,71.15201812,72.13633457,95.51535506,72.08647239,65.56670612,76.50754637,80.42901568,67.48610617,67.81819441,77.72278498,107.3242731,64.87478225,72.35149619,66.13096349,74.31738837,81.54822451
1952,624,104.1119203,30.67005801,1772,104.1094437,30.66934232,250.1775177,,100.630063,97.07486914,102.8126785,102.2087055,101.3055551,89.90045099,90.06390637,67.80588694,48.42145504,66.22346057,79.04421311,76.9970535,81.41370068,65.74007764,90.7902282,63.82481554,75.61335424,116.9661122,105.0920728,73.42166278,74.88639613,146.8433256,75.46014825,85.90348276,66.22346057,99.70174137,64.44644463,58.63535571,62.76230409,62.51933162,62.27823314,88.39423743,77.99208758,134.0901832,71.98713654,64.92155769,114.0049448,79.00342664,107.2189362,47.55222089,96.84291008,33.79508682,84.56704824,69.42233278,69.14695307,64.79417725,57.18343262,71.54237928,73.56445096,66.6082773
1953,624,104.1119203,30.67005801,1820,104.1108906,30.67297768,338.2898817,,73.52513347,112.0714945,80.99672225,70.70209429,47.82108275,51.6911534,75.09826766,80.43880939,96.59036942,98.08136165,103.2070826,66.54882919,83.12925421,83.12925421,117.1003437,136.0719077,95.26807623,102.5861013,89.38301461,96.80791527,78.46930246,100.8148654,69.75049107,88.24953436,50.74348226,67.37723785,54.85781865,78.12949954,92.96515833,111.7287683,147.6174029,120.5785717,115.0944902,46.79514214,110.0875547,102.6272675,65.47546097,76.59393548,65.25618616,40.28148537,69.19565762,67.56413726,100.8755973,127.1235464,107.9101901,114.3515093,113.1824883,109.2936541,87.61464562,66.54882919
1954,625,104.1407514,30.65747915,241,104.1407013,30.65199095,608.2677526,,84.92159204,63.19664962,101.2440381,101.3779588,73.56841624,87.58617707,104.1681395,115.6845491,94.29605352,123.7941578,94.28477543,129.9723849,84.10846589,110.5383094,97.06400307,92.26533327,94.59023367,101.626274,81.28299589,102.7687033,108.1364894,126.1051802,77.95276053,107.8701433,92.05523529,151.0182006,96.74202183,87.09288277,138.5926525,112.5300226,66.25609408,192.9307409,106.2992189,118.0465719,113.9018939,135.5890966,57.39879186,106.4229916,136.6467338,110.5243614,116.7874085,116.7874085,116.7874085,124.0659439,134.3413441,142.6556293,90.61092037,118.259077,103.8623198,112.4686137
1955,625,104.1407514,30.65747915,404,104.145429,30.65737253,448.3341374,,49.35474228,53.51195519,45.66855632,54.99782694,56.38602211,57.77887579,54.74051039,51.671411,49.38809347,47.37889018,51.29753318,51.58202795,46.47465874,52.5742847,50.8422912,49.34845464,51.45599026,53.40696191,51.66580663,66.93982662,52.53060682,52.16677947,51.85551469,57.85587496,62.86281965,58.41565436,57.92742556,57.34853723,57.31883616,57.4921719,57.56425939,58.96234411,60.85601311,70.20008972,64.87340873,59.14264913,58.61147987,59.1614196,59.52079727,59.02296942,58.88509199,57.35384424,57.55944793,60.06872702,61.19877233,59.66371368,68.85188369,66.14765962,78.91362787,62.04720402
1956,626,104.0658772,30.57810036,500,104.0658265,30.58140576,366.3659135,,29.44011805,35.04651786,33.25001568,35.46747818,25.17818559,50.61079388,31.90928924,48.22366686,35.62234405,65.02953911,28.21213452,26.64479371,24.46970851,29.10255257,35.84014371,29.81727103,29.34251514,44.12939485,35.47595815,56.45171275,90.23379395,34.39799188,33.22209795,31.13677809,39.9470153,37.95081399,34.16884167,39.48854157,38.55356003,31.25396418,24.21936259,27.43933333,40.64460057,34.43648273,37.29266603,58.29468679,46.84394473,27.89391516,32.04589038,113.0500533,53.99866074,32.13931864,51.58737764,55.4458135,30.79184332,55.21049115,24.83836702,21.44580957,43.96390962,39.2340294
1957,626,104.0658772,30.57810036,590,104.061686,30.57805291,401.9370702,,56.44889933,39.31993078,31.47875531,64.74154151,35.949651,41.6845071,35.49040661,44.8326399,32.96692886,41.75969561,44.37888216,37.16143699,35.08877727,50.5051816,32.20267328,28.40335572,29.12758471,64.74154151,29.6973707,32.94847472,44.80981384,42.124963,31.87767178,33.14470328,31.44953507,33.05479047,29.65283598,32.92522144,40.6263019,31.83207978,37.25397829,29.05569182,31.82841085,31.88101838,37.64186838,34.08764886,31.48681711,34.45100774,33.47814963,34.32914479,31.52211996,38.83759398,39.89043572,33.38527471,32.71098694,48.27267565,39.2133727,42.64225894,37.50631273,33.89890957
1958,626,104.0658772,30.57810036,1032,104.0688553,30.57844617,288.1393449,,28.70761001,25.12133138,22.16930202,28.87408884,23.29270154,27.67752233,23.81408016,35.85402088,21.98310595,25.80065821,23.98847504,25.92559668,23.14805712,17.11718881,17.11718881,17.11718881,17.11718881,32.72244926,22.47674196,24.38558076,25.46697294,24.91454817,25.18773194,25.05039529,25.11887589,25.08458885,25.10172066,25.09315183,25.09743551,25.09529349,25.09636446,25.09582896,25.09609671,25.09596283,25.09602977,25.0959963,25.09601303,25.09600467,25.09600885,25.09600676,25.09600781,25.09600755,25.09600728,25.09600728,15.3333576,19.03596829,17.95221875,17.45533794,17.70029194,17.70029194
1959,626,104.0658772,30.57810036,1066,104.065939,30.57440927,409.1217955,,23.17605765,23.17605765,23.17605765,23.17605765,20.26841923,23.37838831,21.71260635,22.51472811,22.51472811,25.72269184,30.96366777,29.99671006,24.11524296,25.35824322,26.02906657,25.68927634,25.85805524,25.68927634,25.47440354,19.93015513,24.29624652,23.2308906,23.2308906,20.08644342,21.54453778,20.78995626,21.16052209,21.16052209,21.16052209,29.1362703,21.16052209,20.16666085,20.65164098,19.9436488,24.87062587,22.13629614,23.08524238,23.08524238,23.08524238,23.08524238,23.08524238,24.10537584,24.10537584,25.83927129,27.84193693,28.80012639,24.99513727,22.67649675,20.98558723,20.86666065
1960,627,104.1169274,30.62064379,396,104.1173197,30.61854787,235.3112937,,37.31809063,27.37061898,42.91481959,24.72495695,25.5927691,23.48763375,23.02305879,27.22547509,35.29669406,29.6196034,88.47213131,32.8378775,36.49149174,44.23081887,28.75250428,27.37061898,43.66601326,70.30046949,31.99196817,53.02789717,59.59898143,50.72578786,31.5109978,48.77854072,40.57924177,42.70462351,46.40216065,33.18056872,30.63401653,42.9974109,31.80180788,59.51099096,39.63137578,45.24008851,43.79770739,54.12911548,23.2406216,37.95024644,45.17976839,47.158322,29.41391171,28.15133727,28.43992736,65.3058413,34.8609324,34.93624077,38.38520023,53.33393437,31.03006071,40.32380474
1961,627,104.1169274,30.62064379,1132,104.1174936,30.62128941,89.80652483,,9.520593553,10.89481009,13.11576022,20.92579219,20.92579219,20.92579219,20.92579219,14.89877831,16.05479773,16.70279571,16.3723875,16.70279571,16.70279571,20.62131086,23.3616612,21.90611754,23.3616612,23.3616612,23.7723154,23.56519939,23.53906125,20.33355279,23.51298105,23.51298105,31.85256053,27.0546853,27.0546853,24.26292603,11.1292079,21.99343465,14.77958809,17.67893312,16.09976916,17.67893312,17.67893312,20.59257894,19.02484675,19.02484675,19.02484675,17.28895665,18.11541177,17.90147798,17.90147798,17.90147798,35.72414247,23.85109745,31.23705211,31.23705211,31.23705211,31.23705211
1962,627,104.1169274,30.62064379,1307,104.1153558,30.62095961,154.6465621,,26.93843339,26.93843339,26.93843339,26.93843339,26.93843339,26.93843339,26.93843339,26.93843339,26.93843339,26.93843339,26.93843339,26.93843339,26.93843339,56.80894118,36.54667114,44.47890467,40.12451341,42.18965257,41.13117735,41.39078558,41.52182248,41.45620046,41.52182248,41.52182248,50.61160214,45.61831861,47.98541189,46.77193521,47.37090355,47.06951394,47.21972783,47.14450123,47.18208457,47.16328541,47.17268314,47.16328541,47.16328541,25.95466777,33.48308728,29.2421006,31.36493654,31.36493654,28.33219458,31.36493654,35.51691378,31.36493654,24.15304224,27.29056978,25.62612767,26.02290966
1963,628,103.9806755,30.72036376,448,103.9709046,30.73015438,1432.752477,,161.3527294,197.2431708,196.1182098,153.069899,132.7647083,161.2854571,132.7647083,132.7647083,157.7342177,167.4645752,537.2821789,230.2637909,196.6166042,319.0459123,166.5744655,221.2458417,163.8471702,252.4262113,169.2685782,149.9299604,228.5558365,266.2768947,181.8154129,173.922105,590.6002577,178.474357,193.5425485,302.2212256,206.3392833,262.1554723,146.948972,226.0691485,263.7894923,245.0313025,174.8443701,332.7683172,188.761534,417.6444467,261.8227877,221.8455448,200.3662968,243.6328531,338.5935097,338.5936199,263.6069739,346.1683837,323.0423121,368.202908,241.1646554,364.2216078
1964,628,103.9806755,30.72036376,646,103.9826104,30.72083812,192.5960514,,28.59157876,44.44524263,39.03974015,40.01995873,39.52377284,44.87674984,20.42255626,30.04206326,43.51542585,23.84680258,40.54653714,24.41358398,24.41358398,24.41358398,24.41358398,25.212574,25.212574,25.212574,41.39377821,26.36295761,21.73497759,21.73497759,21.15471503,20.60462957,20.03889552,20.60462957,20.60462957,30.86108835,29.52501569,28.29982796,45.02245357,34.89995562,34.89995562,34.89995562,19.83821989,30.21114532,28.17047374,30.21114532,26.3880413,28.17047374,22.99654345,31.18496785,31.18496785,34.49481518,30.01496905,34.89995562,33.34061079,32.61205064,32.97230662,32.88149849
1965,628,103.9806755,30.72036376,664,103.9780511,30.71972036,261.2204073,,27.32708947,28.36782704,26.36001307,44.70967352,19.49002003,38.13436603,27.297343,27.297343,53.89074305,22.074964,41.24532747,41.24532747,41.24532747,38.22737668,71.10725643,44.2885463,46.55413199,46.09771894,46.55413199,30.69837213,36.71021989,51.16395355,22.49745135,68.97751588,37.16970222,40.60921816,40.60921816,40.60921816,40.60921816,40.60921816,58.28885123,38.61985488,46.45830216,41.52866142,43.85538543,41.52866142,54.04560151,49.06400693,35.38639572,37.72892543,28.28251026,44.46304805,40.82011791,59.64440588,29.9170774,45.10280414,39.51233052,39.51233052,39.51233052,44.04653238
1966,629,104.0279096,30.7154902,593,104.0316331,30.71780965,439.5600484,,37.70995741,26.50428375,39.39604896,30.3144861,42.74169225,38.19465605,33.43233665,37.04085456,36.16575508,29.67957813,45.9203765,39.44125889,45.3544332,39.41449493,41.57688319,32.30079964,32.36852312,44.29947452,36.44137679,34.42586485,50.57662562,55.98995751,39.24156663,34.40970208,39.676458,46.00047018,46.34153119,39.84763942,48.91873262,43.33761264,56.11404873,37.69580813,49.30193934,39.34246779,40.16794452,52.29556231,58.44415839,51.62683185,79.12080871,79.12080871,79.12080871,59.37771761,79.12080871,97.80075243,79.12080871,79.12080871,79.12080871,79.12080871,74.46664349,64.90216426
1967,629,104.0279096,30.7154902,674,104.0182871,30.70949657,1135.948688,,320.3197344,171.6799025,152.9325085,219.8610364,161.5092921,271.7219453,182.5835596,209.9828127,141.209091,98.95741747,89.19117289,79.17551359,77.52446022,109.7829605,116.9239536,125.0585712,99.12399,130.7044435,111.0248492,90.77503389,90.77503389,118.748901,171.6438731,209.177252,112.2951563,154.4341117,115.4726356,109.7829605,118.8351697,126.2519451,77.89362432,226.9795713,107.6161915,304.4229735,179.3603192,142.7726032,74.62436636,297.5666002,79.32910333,163.2966739,117.4275744,120.6317191,79.89089674,103.1564214,90.10357864,227.1897376,294.2025379,131.0360035,90.30729357,84.93074303
1968,629,104.0279096,30.7154902,1459,104.0267474,30.71669401,173.7443974,,13.05628677,11.01641356,13.89694611,22.80259133,17.29038924,17.25650936,14.7288483,14.17183473,18.49012473,15.95917154,15.63916787,19.98737226,20.52836828,20.23224424,18.39346014,16.62816677,20.74990108,19.29066847,20.4290427,19.41802196,31.90932907,20.58886896,18.21896466,18.89132098,19.99949434,21.12215553,18.41135715,31.34255337,17.46337359,19.54051995,18.93958609,24.57681063,24.57681063,24.57681063,24.57681063,24.57681063,24.57681063,24.57681063,24.57681063,39.33835413,30.25295432,32.10676064,33.12155317,32.60626306,32.86188824,32.73357659,32.76556048,32.78157587,32.77356621,32.77556827
1969,630,104.0928606,30.71717785,901,104.1007402,30.71605867,764.6463941,,92.68441141,92.68441141,92.68441141,92.68441141,70.3123121,226.5618945,62.52645131,50.00412386,63.72053284,65.50213013,64.59905001,65.50213013,76.01593424,102.5224216,60.96848325,102.5224216,102.5224216,103.2918206,103.2918206,110.2855376,57.70916182,110.2855376,120.9724025,133.952653,247.9934251,184.2521432,211.4229661,196.9046508,196.9046508,196.9046508,88.89322988,122.4885947,103.0212208,111.9146369,107.2839371,109.5503738,107.5283992,108.3750795,107.5283992,109.2351992,107.5283992,98.53161588,90.92409641,87.65483408,77.54160616,84.61251083,77.54160616,65.33371089,77.54160616,118.9449947
1970,630,104.0928606,30.71717785,1069,104.0921494,30.71527531,221.585854,,27.77055089,42.09546567,42.09546567,42.09546567,42.09546567,42.09546567,42.09546567,42.09546567,42.09546567,41.73755785,36.05464743,41.38568479,35.12202859,30.38891712,28.03898328,38.35139781,28.03898328,28.03898328,27.60239012,27.71025877,27.76450988,27.76450988,28.83394373,37.01666239,29.98906295,37.01666239,44.37880803,55.3964635,71.65051569,55.3964635,55.3964635,44.50259829,31.92432514,24.8895187,17.4172287,27.83515235,44.48191866,31.57159925,36.93097567,36.93097567,36.93097567,35.18011353,36.1841198,36.1841198,36.1841198,36.70440527,31.61330546,26.37054791,31.53000294,28.7566357
1971,630,104.0928606,30.71717785,1134,104.0932651,30.71921103,228.6426132,,27.71425615,30.63697546,30.63697546,30.63697546,26.06163824,22.67530048,20.45002255,21.50524905,21.23136308,21.23136308,25.11965131,30.7514349,43.89938173,30.7514349,22.1267045,22.36721216,22.36721216,22.36721216,22.36721216,34.51209256,27.14306373,30.38720471,28.6736654,28.6736654,28.6736654,25.21021156,28.6736654,26.83062956,28.67990967,18.47617076,22.47408621,22.47408621,22.47408621,38.16600034,28.28973476,32.49399092,30.24646397,31.32997131,30.77868487,31.05188143,30.91467959,31.05188143,34.2352576,31.05188143,25.01864461,27.71067228,26.98477601,26.63590492,26.66674106,26.66674106
1972,631,103.995507,30.6497011,523,103.9942331,30.65221712,304.4017252,,73.65264978,65.39112149,50.73362087,54.33948151,82.64300232,79.55326394,95.76683492,71.62393534,152.9087736,146.1128281,91.89486044,46.08268338,38.58613418,73.91880005,34.89792644,35.30716748,112.2026837,81.77956796,126.4437935,103.381718,111.4419875,43.01328725,86.33566097,87.12558211,101.4672417,77.71958941,70.92855733,134.1070538,102.22446,35.62203252,36.48564044,37.65794539,108.4996248,45.44722491,149.7057665,113.4416367,80.97385795,30.35142566,33.89360676,98.28217137,151.1512015,117.8329259,74.04366289,128.4696613,108.7688547,121.7606901,96.12686059,102.7355822,59.55685928,88.01977596
1973,631,103.995507,30.6497011,676,103.998059,30.64659511,422.2628695,,43.65100733,44.51972745,44.51972745,50.16984588,65.94994925,52.82871695,52.82871695,48.87930322,54.94894241,69.73148304,61.84170171,55.55582751,69.81154214,54.87892889,55.4508823,51.55222824,49.43565301,40.59135728,62.13132139,43.30901226,62.04678899,55.72383908,75.25476882,79.17428803,47.65348997,50.77632087,52.88779479,48.82696993,77.82319098,58.05778474,73.23485416,69.2549581,78.62825847,58.52343908,46.16997206,86.70036105,96.7014205,66.15723874,79.09190063,61.92042078,49.03697839,88.12442494,57.62495566,70.11745065,82.1700719,56.45854523,48.94225146,55.26130253,54.29094036,56.59868435
1974,632,104.0325574,30.64073354,650,104.0351255,30.64268059,327.3099315,,24.9960915,25.31834451,29.46841827,29.32957694,29.47263015,27.82984774,34.77139811,25.74471394,42.53847485,40.12653681,27.95529664,31.83561644,29.95400708,32.73415038,36.59365694,36.08316359,27.23030371,38.57007376,27.92217425,26.43445325,41.71029216,29.32850338,30.61963896,27.46656768,26.97060473,26.03228216,29.53172314,40.70175314,27.16891292,31.00694934,36.10773504,25.27489819,31.72388567,26.50453173,28.5153046,34.88721698,33.85080514,29.80562614,29.7220902,24.04025146,29.65333628,27.16056289,43.32043211,45.00251127,26.11708356,38.70582015,35.47499952,20.43912842,28.37036325,28.80967612
1975,632,104.0325574,30.64073354,861,104.0336656,30.63949841,173.2564684,,22.91696091,26.28047555,20.31671942,26.20686077,21.92348985,26.20686077,29.01038541,27.17748524,17.97473447,26.40098566,25.96142711,25.53626556,55.11545974,51.25216246,51.25216246,51.25216246,62.06201853,33.5786426,88.15876837,29.85420737,33.5786426,32.7238116,38.0319077,31.91142394,21.25121929,31.34287871,27.78277444,21.17905896,40.60698478,26.42895281,31.21217446,31.60759897,30.82652157,27.70344546,23.29498735,25.43769866,23.51454425,42.14346529,44.1313646,37.95476388,37.95476388,28.09564352,48.51181114,22.72215979,27.93311974,24.89913318,30.7404281,24.84953332,46.09928206,46.08792757
1976,632,104.0325574,30.64073354,903,104.0307816,30.63957267,213.3433206,,35.23100707,69.38777677,77.894113,55.71689401,56.21489143,94.04521887,50.06753287,68.67683646,84.70984788,69.0369397,74.30426995,72.09614145,47.26375103,73.68610632,55.84903681,40.6010196,28.5666933,43.66095864,20.77644601,22.87678174,24.95648917,20.76574615,33.47603786,62.95376673,53.54032444,51.67380713,75.72185466,49.69644411,38.81985772,46.35099301,60.39135624,63.73742358,46.10850496,55.70523693,41.02756165,53.39763298,28.88258054,34.1349313,62.1053332,36.57314067,45.93516472,33.13673819,53.0900429,63.96199489,56.26637027,23.39789655,25.30596225,26.80753767,40.69064658,27.33972455
1977,632,104.0325574,30.64073354,1532,104.032163,30.64218778,165.5471003,,22.5177416,22.03214644,22.27229752,26.90607499,20.40991648,25.19955861,19.81611176,21.05899509,27.88161689,26.3121219,21.19379662,23.47723305,21.05899509,33.7659808,20.10863133,29.02449162,27.28798357,20.57094146,20.80172988,28.31209316,23.46336855,26.93212994,26.93212994,26.93212994,40.81983295,62.08016261,20.72937604,24.37503317,20.72937604,22.40487072,20.37502773,28.33452747,21.28462718,26.89393326,27.28441418,25.9681726,45.84381239,22.19625926,24.9359649,24.9359649,27.40089936,30.40661026,30.28300615,26.78514881,33.48143602,28.81399973,27.66589838,26.60578398,24.18707634,33.20164686
1978,633,104.0719208,30.67587069,785,104.0679123,30.67806439,454.4944612,,91.19442973,93.7639003,93.7639003,93.7639003,146.3488426,90.56347196,136.5552403,101.4685309,108.433818,115.6310997,111.9168655,115.6310997,79.81366148,112.0671274,118.9084346,112.0671274,126.6393236,112.0671274,80.1067349,60.26445894,53.0796451,56.44433153,46.74800172,107.9274446,107.9274446,111.4089751,115.1226076,161.9980258,128.5799654,128.5799654,128.5799654,106.5915349,106.5915349,106.5915349,100.2561311,100.2561311,80.56031809,67.33251277,53.33920327,67.33251277,67.33251277,88.44216542,88.44216542,88.44216542,81.75060974,76.00040094,68.26898721,104.9794722,82.73484532,82.73484532
1979,633,104.0719208,30.67587069,820,104.0709467,30.6743258,194.9990325,,25.11615445,23.71609855,26.94804288,26.94804288,26.94804288,29.66182466,31.93312436,34.58110921,50.6856691,41.62034685,33.16518977,33.16518977,33.16518977,33.16518977,33.80400563,33.16518977,33.16518977,26.71727943,29.59409171,29.55774808,29.55774808,29.55774808,31.08635533,32.78169193,36.62590523,34.59734066,35.58273439,34.59734066,35.0831196,23.16820188,37.48980064,56.38526241,27.77434291,24.20677645,23.71609855,23.87743255,23.87743255,23.87743255,23.87743255,23.87743255,31.06179279,43.60226814,36.27888977,40.46089435,38.25594098,40.46089435,39.7356519,39.7356519,39.7356519,25.34283455
1980,633,104.0719208,30.67587069,1724,104.0738388,30.67497315,208.9353201,,67.53464892,67.53464892,67.53464892,77.14534896,53.46368031,44.24512661,29.67128806,52.11319764,75.78510351,62.50696559,52.59910156,56.72452129,52.59910156,51.96318842,39.72713834,48.73653256,48.73653256,48.73653256,48.73653256,48.73653256,69.45218397,57.27887946,69.45218397,62.78087105,72.79036961,41.10203018,74.16602979,100.2889536,75.59468868,86.20826961,80.55337642,80.55337642,58.98386427,46.52580323,39.17537252,46.52580323,46.52580323,51.63618894,48.94797086,50.25615716,49.59343861,49.75747424,49.9225986,49.9225986,55.57885364,52.59910156,34.54269356,75.21671524,54.76945286,61.82195771
1981,634,104.1748633,30.65937538,27,104.1747682,30.65471347,516.7491094,,91.79096021,76.24167188,115.3076525,91.49000627,91.49000627,91.49000627,91.49000627,91.49000627,91.49000627,91.49000627,147.9361267,92.62757233,92.62954285,92.62855758,92.62855758,69.56238012,95.84218412,79.49986298,95.84218412,97.52538893,96.67646064,69.56238012,147.6426027,81.01888989,82.48024384,81.01359353,81.74034028,81.37534433,81.5586037,81.46687094,81.59024226,81.55145846,100.4208796,147.6426027,71.89982158,75.37932566,72.43453278,73.87759569,73.14894785,73.51146621,73.32975899,73.37510153,73.39779383,73.38644594,73.39211943,73.38928258,73.38999177,73.39034638,73.39002391,72.57963164
1982,634,104.1748633,30.65937538,345,104.1641678,30.65959378,1025.033509,,193.3546944,173.7841691,204.5568661,187.9689113,188.5090436,218.8151575,189.052289,119.1551215,125.9272243,119.1551215,156.7326354,143.1765782,149.6482363,146.170527,144.8392999,145.5018686,145.1698282,145.3356588,145.2526962,95.95410262,108.6928021,145.2526962,158.2610707,143.491405,165.9323262,162.086288,163.9867596,162.086288,157.3062273,152.8000262,140.9788207,396.7871648,143.759265,187.4644551,92.48422638,163.0992545,153.1468261,199.7950345,173.3881911,185.6573246,179.3131304,181.4711743,199.2202499,95.2152686,148.3788878,158.8390701,139.0655359,136.6179226,128.3961473,151.6773625
1983,635,104.0477918,30.58475741,161,104.047886,30.58095916,421.055211,,45.24772417,48.01896809,43.23772097,45.24772417,35.81908991,35.81908991,44.48913512,40.47726314,40.11682772,45.24772417,52.26892274,72.61311423,43.39325615,39.33733806,38.05352535,49.53590718,43.04208498,43.04208498,52.51466079,47.30385995,49.69831999,49.10972633,50.06537107,46.97420134,49.82298996,47.1897527,47.29827192,52.49819325,47.27109535,44.66422739,47.0691146,45.83514765,45.6531423,45.0655488,45.3574426,45.21102457,46.25195978,45.24754038,45.26582042,45.25667856,46.2400171,46.60436413,51.58215419,50.39037261,52.78846853,51.4349812,53.25551149,52.49899214,51.77036126,51.7872451
1984,635,104.0477918,30.58475741,527,104.0438563,30.58467107,377.4880952,,35.25180656,32.11284333,32.11284333,21.70858055,21.70858055,22.95535714,27.70041429,39.91063562,27.07085942,33.23926526,30.20184409,32.10235518,31.96862397,31.96862397,32.02226835,32.49089681,32.07609306,33.86809078,33.18450041,26.52874642,28.88325489,26.06373057,28.98826741,25.33084847,32.06978508,26.74773121,27.47964783,31.05501494,27.29293895,27.41084795,30.86624187,35.6440471,19.51122962,31.41492143,34.51462486,33.77841389,34.59201374,34.63083848,34.61141522,34.63067419,37.31686915,38.52284189,38.49822318,41.89030259,38.49822318,32.23778929,31.6481156,32.81761101,33.07981787,32.26020213
1985,635,104.0477918,30.58475741,536,104.0479366,30.59092737,683.9539466,,71.66772298,63.90760671,62.49215256,66.90853825,63.91137676,60.04117997,161.9890926,90.5788182,70.10917448,75.39200079,75.04904876,83.46556636,76.30694066,58.18383735,55.98107331,70.59157706,63.58254894,71.89004986,83.1835881,69.29364563,63.48009559,61.66168567,61.40234932,42.52563399,61.22422398,66.96540426,55.83297523,77.27686803,50.42978408,77.06523342,92.3915275,54.43406502,281.3981952,68.8980096,68.90970793,68.05258419,68.90678298,73.25317674,52.76216159,73.22298196,83.31259126,68.90582329,68.90580044,57.04017469,65.1384711,72.41865317,71.27438722,70.71570812,70.99394857,70.9241834
1986,635,104.0477918,30.58475741,807,104.0521038,30.58470505,413.5034479,,43.32872221,37.23270438,39.78843386,37.88825743,36.3660797,32.19977688,32.60925328,32.60925328,69.39918007,44.36996758,54.13136045,48.7669914,51.3093464,50.64922615,50.3254949,50.48684158,50.3254949,50.3254949,33.22795563,37.33977623,37.33977623,37.33977623,37.33977623,37.33977623,37.33977623,37.33977623,37.33977623,37.33977623,37.33977623,37.33977623,37.33977623,37.33977623,37.33977623,26.8945332,31.26789594,31.26789594,31.26789594,41.08405922,35.51008637,38.09425591,36.75680743,37.08228727,37.24719837,37.16455987,37.20583324,37.18518511,37.19034499,37.19292547,37.19163519,37.19195775
1987,636,104.113379,30.58869562,755,104.1074639,30.58994089,583.7037356,,69.17021362,64.26096172,64.26096172,64.26096172,64.26096172,45.04466127,52.96366599,48.68423859,50.21107403,50.21107403,54.86510309,90.1859849,60.47002729,65.89834412,72.39736256,72.39736256,140.0888965,95.46091758,113.5472312,95.46091758,59.4436619,73.26505812,65.6346221,69.2402516,67.38924194,68.30220834,67.84265382,67.84265382,67.84265382,39.61043258,50.01767664,44.20983162,46.93476678,45.53156573,46.22251928,45.87444089,46.04782231,45.96096808,46.00435421,45.98265092,45.9935,45.98265092,40.72351644,45.98265092,56.13535481,50.5543054,51.84287683,52.51211368,52.17534931,52.25913482
1988,636,104.113379,30.58869562,1216,104.1360359,30.59511501,2285.848059,,218.1904551,219.1492147,253.5917723,213.1879019,260.5848691,255.958103,275.2191643,312.8917495,274.3017671,195.1554074,253.2503331,236.4670406,242.7449266,322.2866715,276.4906514,250.7870024,244.5483808,291.0363576,285.7310074,246.3154563,273.3223619,226.8742461,256.5894132,258.2921915,248.361761,243.715475,256.7567243,265.6792977,249.9712337,228.1095776,279.4245505,281.0149009,304.4039339,233.2993979,216.4504618,230.5056866,265.9548756,290.4859863,227.6993086,237.085041,200.0742284,298.8760174,274.9892402,300.3108301,253.3315448,253.3315448,258.775252,244.1855493,231.5868578,273.3904655
1989,636,104.113379,30.58869562,1342,104.1130509,30.59436059,628.6257362,,53.69045434,74.56516146,74.56516146,74.56516146,93.1297387,86.04762929,86.04762929,86.04762929,86.04762929,86.04762929,86.04762929,81.04038139,166.4009302,108.9971174,108.9971174,59.16477517,76.69739971,66.79981995,71.40727191,71.40727191,84.12835131,77.2475904,80.54127961,78.86005874,79.69180319,79.27374935,79.48222656,79.48222656,79.48222656,147.5903903,76.84389305,91.7453777,76.84389305,60.70782072,67.82940255,64.07132666,65.89682763,64.97125687,65.43076917,65.20020341,65.31528281,70.59835539,76.81129063,125.3768781,95.2613586,108.2638433,104.6914378,102.9922096,103.8348724,103.8348724
1990,637,103.9964967,30.68224322,124,103.9980009,30.68452005,290.5871016,,35.22267898,67.92945232,43.9543515,41.22615037,32.18810972,31.94239895,37.4057294,34.85592889,37.4057294,37.4057294,34.71615816,25.76634398,33.38660317,24.02649439,25.82996459,31.32858195,35.46147681,46.56291835,35.46147681,33.52928095,35.78495664,46.59748623,45.93253856,35.10448207,30.9501055,30.9501055,30.9501055,30.9501055,30.00325714,30.00325714,28.27333962,31.62374745,52.96777548,36.62007814,50.68993656,27.93723289,30.58811596,30.91961278,59.52282024,69.27904409,43.07505333,28.71965863,34.22399888,30.19631436,27.67496206,47.98686081,28.46344939,23.80235645,26.34240486,32.28745573
1991,637,103.9964967,30.68224322,708,103.9929798,30.68390412,383.8978287,,44.53379753,44.40858536,48.41449774,35.6845319,69.91731112,69.91731112,69.91731112,69.91731112,69.91731112,69.91731112,69.91731112,69.91731112,69.91731112,69.91731112,69.91731112,69.91731112,69.91731112,36.51339982,39.09567704,39.09567704,39.09567704,39.09567704,39.09567704,39.09567704,39.09567704,39.09567704,68.08040312,49.66872177,57.43510372,53.27033229,55.27437804,54.25385495,54.25385495,54.25385495,41.6274754,47.10929655,44.19906291,45.6078014,44.8923832,45.6078014,45.6078014,49.26807972,51.32774752,50.27682809,50.79685286,50.53550272,50.6005878,50.63319326,50.61688529,50.62096129
1992,637,103.9964967,30.68224322,716,103.9950242,30.6798424,301.161894,,43.23759994,43.23759994,43.23759994,43.23759994,44.19223445,27.10457046,45.81054162,34.583184,40.95119239,45.1038094,42.92730783,45.1038094,45.32773738,57.27758285,71.327817,43.83910501,35.50817091,33.56603153,37.4717564,45.92604979,35.35378755,35.35378755,35.35378755,33.67027386,38.14858615,61.25326658,86.04625543,62.9119624,49.19159793,55.21216185,50.36853976,52.67924777,50.36853976,87.94066892,36.36163728,39.35327834,63.605392,51.21037928,60.73853324,44.26625829,44.75470871,50.10665827,53.29316465,51.65081166,52.4591369,52.4591369,65.31221798,29.90849154,43.1945346,34.25538131
1993,637,103.9964967,30.68224322,1477,103.9994992,30.68075283,331.680824,,43.3412329,60.00256113,97.47354828,68.62361876,68.62361876,68.62361876,61.86792572,51.07146991,51.07146991,49.03196659,38.97881284,47.14910035,40.68316751,47.6905029,48.24448349,88.28472949,98.68189805,76.67689622,67.76679719,47.85775416,61.54901889,55.11004459,47.85775416,52.02836455,85.99132471,52.02836455,52.02836455,39.53811147,44.9313628,39.53811147,39.53811147,35.75002893,39.53811147,47.76203866,55.73166704,66.89361156,68.82138135,43.42003514,53.24641991,47.83378934,49.59713256,49.59713256,59.56716838,96.03627078,60.34300706,61.1393224,52.64388124,49.47725,51.01146925,99.78141778
1994,638,104.0055209,30.68097239,928,104.0094376,30.67908282,429.691581,,41.4715735,48.26488897,37.82126385,45.06128939,40.88367757,48.3214273,50.96835887,61.00791947,62.94566395,93.37362322,61.91096535,65.26960724,58.0290881,50.37237006,44.22844007,60.05006567,47.12934064,47.92099416,46.97033477,46.62817458,46.82223811,53.66708001,50.01154045,61.23870513,43.61531085,53.3001808,47.70669828,49.73921838,49.73921838,49.73921838,75.45803374,52.27584211,57.97542286,90.1100791,55.61017465,53.23089097,40.67194632,41.21375733,60.03452877,88.64697373,59.53392015,36.00208747,77.34448458,42.00080618,58.26326522,47.23327303,47.23327303,71.82527892,52.94429275,46.46311024
1995,638,104.0055209,30.68097239,1012,104.0041934,30.67864559,287.5339652,,42.00496188,44.04775637,33.82752532,65.37614368,39.94897287,49.35028723,48.91882206,37.41405812,36.32007981,47.16535273,55.6517352,42.52762016,28.96797411,54.94728285,54.59505668,60.41569698,56.93741885,47.70148731,47.89065383,40.25475513,49.19782675,54.64446398,56.33318502,52.03798615,50.24865411,63.99519473,51.12686006,52.03630925,35.94174565,37.39153311,40.08217908,41.87952561,42.84742083,47.55538781,43.86111334,49.52738157,35.60179793,32.33494025,25.74016314,31.5800016,35.30430678,34.46578052,38.05596598,42.75892357,44.28536518,37.93046078,37.79789213,32.8461284,31.17838177,38.93266666
1996,638,104.0055209,30.68097239,1377,104.0032686,30.68195435,241.6442947,,38.11257222,20.76180098,40.76473575,29.3561123,40.76473575,71.89417032,44.73743692,49.56806045,33.89296601,22.07917414,33.03491624,33.24532971,28.2059809,24.6087542,33.52290794,36.24664421,32.56600696,34.30789099,26.24191436,31.30896026,24.03092433,45.0735472,41.52360195,41.52360195,41.52360195,41.52360195,49.28722158,49.28722158,61.96007556,49.28722158,39.27401629,44.02426422,44.02426422,44.02426422,32.2590653,37.23438983,37.23438983,42.99791387,51.47452431,50.87248309,44.72593629,39.90456243,33.55523475,33.55523475,33.55523475,20.11374476,25.39910835,27.48560698,26.84936608,34.56633619
1997,638,104.0055209,30.68097239,1405,104.0066113,30.6827291,220.9492292,,18.67176585,22.55436366,20.43023695,22.55436366,22.86776881,24.77935281,23.19000656,25.57611656,37.8409717,25.90935587,31.94446687,25.90935587,25.90935587,24.20133545,23.39462427,23.39462427,23.39462427,23.27142262,33.31590472,27.28704031,28.83687826,35.35187667,27.17826509,36.37578773,37.30704203,38.28723105,40.27428988,25.09202603,20.87709252,28.15636195,39.27986297,29.1735641,27.90937632,30.2670177,59.91843504,23.08903411,36.19646076,24.74081571,36.65517166,33.31590472,26.02592148,20.87709252,22.29620813,23.62291292,23.32601833,23.47352688,18.07766421,32.10563976,21.18288216,21.91232025
1998,639,104.0931812,30.70381237,824,104.0921312,30.70228545,196.8525428,,22.07692069,22.07692069,22.07692069,58.81071818,17.32687418,51.82224161,24.64936188,24.64936188,24.64936188,35.4334577,20.85197174,25.04131287,28.12179183,65.46597266,44.99486693,30.82845695,21.5728814,23.44645671,30.15613422,38.56702879,21.02875828,26.15015329,22.14591107,36.90985178,28.96467932,32.4581292,22.86029529,55.1064661,30.71155597,28.38461231,29.50227181,34.63681105,23.67491606,19.90643691,34.15273032,29.28384934,29.10744061,31.02754615,21.73831761,89.70495621,29.10345602,29.10345602,28.86636065,29.10345602,28.98442348,31.81455237,46.01747754,33.48702441,26.32011714,30.85194402
1999,639,104.0931812,30.70381237,1248,104.091716,30.70476829,175.8291427,,26.7646898,26.7646898,26.7646898,26.7646898,51.46218811,35.2147379,44.78666843,44.78666843,44.78666843,38.59664108,44.78666843,41.4618939,53.19200956,39.47930856,39.47930856,39.47930856,39.47930856,39.47930856,39.47930856,36.92668431,34.68410486,32.71239864,32.71239864,24.67777441,28.13266283,26.29220825,27.18131675,26.72937086,26.95344942,26.95344942,26.95344942,36.27420709,36.27420709,36.80144847,45.78552721,37.3442427,28.6418513,48.69114721,36.06751645,41.43927422,38.56724531,39.24727231,39.95171053,39.95171053,51.32310113,44.92905856,47.91370133,47.91370133,49.25952636,31.30489188
2000,639,104.0931812,30.70381237,1269,104.094755,30.70598533,284.1048662,,45.35598751,72.0265858,25.92591935,69.57670193,30.03751889,39.45139897,34.10679511,34.10679511,33.04612337,33.04612337,28.37108234,30.53067219,29.41128737,29.68336712,29.8213035,29.75217543,29.78669936,29.76942738,29.77806087,29.77590203,29.77482272,29.77590203,29.77590203,84.00636701,43.96757729,57.7235695,49.91517125,53.53614947,49.91517125,45.06589334,32.01181591,41.07540234,41.07540234,42.70469805,44.46858775,61.61310351,44.46858775,44.46858775,38.45028264,38.45028264,36.30088796,30.80655176,34.37907625,56.40317198,34.37907625,33.838793,33.9722655,34.03939739,33.9722655,28.29260078
2001,640,103.9863516,30.64206014,114,103.9834118,30.64102237,304.3038699,,76.20827351,42.23184008,45.90058372,37.90773076,42.57100771,53.30870714,39.18893182,37.00862773,48.77533088,49.45796531,49.86010071,44.05043806,85.51123491,42.97311653,36.76154133,46.47550013,77.14745997,39.19696518,43.61768471,68.68300512,49.5586488,56.23685481,53.7783041,42.2087885,69.11633638,44.65328526,36.82332543,65.99361034,51.23120492,44.65328526,44.65328526,46.81597998,44.65328526,46.81597998,44.65328526,44.65328526,44.65328526,43.38589828,56.43239828,62.06764485,55.39792322,48.76990235,44.65328526,44.65328526,44.65328526,73.19558562,44.65328526,44.65328526,62.36208338,44.35198104
2002,640,103.9863516,30.64206014,316,103.9881014,30.63882185,396.1457194,,72.68728796,72.68728796,45.38958626,84.3860704,43.71430598,55.06272548,45.38184852,40.495729,42.65591989,43.93144674,62.8248718,47.99073213,41.2733546,58.29569116,58.32820408,54.94219592,56.97074898,56.27437469,47.07123152,54.53631319,60.55730742,71.66455225,76.1107186,61.20706394,107.3619516,58.1300784,58.1300784,58.1300784,58.1300784,58.1300784,58.1300784,58.1300784,56.54736677,58.1300784,58.1300784,133.2826719,58.1300784,48.52414392,55.17990288,51.63843903,53.35046396,58.1300784,47.77636817,50.92050171,45.05922875,46.22770145,47.18360926,36.45392634,36.66130051,37.57904058
2003,640,103.9863516,30.64206014,496,103.9889356,30.64334541,285.6781238,,23.4746514,22.04590023,21.3702077,35.63243814,21.53521781,21.61868217,21.61868217,20.34502959,22.92216744,25.15038709,25.28902061,22.21975253,21.73834804,19.6258901,25.36751274,42.69359415,45.48388802,44.04459296,44.75267114,45.02752793,50.51283132,45.30578175,47.76782377,38.04344929,65.29785687,44.32936404,34.56945364,37.56862998,54.35735971,59.3331488,54.35735971,54.35735971,45.37240789,49.46014328,49.46014328,49.46014328,65.29785687,57.35107059,68.23780778,65.56547102,78.50696532,75.66041746,45.79330223,36.86169339,74.3131739,45.80179976,47.72349168,46.74290294,52.60569032,47.10586476
2004,641,104.0562259,30.6535869,854,104.0549607,30.6517935,232.8213646,,73.09507956,46.62903547,46.62903547,46.62903547,24.94514621,32.50244935,25.3219611,25.3219611,21.1122648,24.871125,23.5437335,24.18923269,22.32108955,27.26600236,27.66194431,65.99660729,27.66194431,26.35713562,26.35713562,22.24703152,25.85574023,25.37306496,40.27180361,25.37306496,13.87677008,17.94128247,15.64942112,16.71716604,16.1656816,16.71716604,22.9907605,36.80162075,46.95556933,43.52446875,28.95187954,45.30577906,30.47843318,23.7035326,18.70885966,20.84967444,20.84967444,28.00078773,30.10981604,96.33987501,32.56242862,32.56242862,30.47843318,25.6709621,33.38439283,36.90289103
2005,641,104.0562259,30.6535869,1340,104.0581861,30.65264309,214.9886571,,44.22623803,41.68541286,42.91825318,39.42067058,77.78484076,47.57945689,35.34060117,43.17763825,38.73669497,34.14776817,30.53093355,29.69152809,29.69152809,28.80741311,28.80741311,28.80741311,28.80741311,28.80741311,28.80741311,62.75344587,34.10763858,44.19467041,34.10763858,30.07321176,25.12854434,26.89225732,41.24116334,22.01875293,27.74047188,27.74047188,27.74047188,27.74047188,26.55091477,25.45918308,21.54374852,23.33838419,23.33838419,25.58014181,42.64237827,28.29832415,29.82501601,27.66610065,26.6997556,27.1743398,26.93495737,27.05411906,27.05411906,33.45644808,29.91658391,31.58765187
2006,641,104.0562259,30.6535869,1445,104.0574646,30.6553011,224.0087819,,32.38681184,32.38681184,32.38681184,39.53096151,39.21061336,42.78151803,38.89541551,28.56310324,28.56310324,94.31948712,40.2880074,24.63640371,68.34166227,30.33978987,30.33978987,30.33978987,26.61490478,26.61490478,26.61490478,23.47690291,22.61023219,23.03541866,22.82084513,22.92762987,22.92762987,24.27563733,25.79205591,32.19287884,52.70794868,32.19287884,22.51030328,26.49467318,24.3405128,26.49467318,26.49467318,40.72886944,32.10476695,32.10476695,32.10476695,32.00125456,32.05292718,28.13787909,41.18649718,76.80301094,24.43732166,22.53651462,23.44845984,24.85151355,19.94883401,33.60131729
2007,641,104.0562259,30.6535869,1889,104.0530059,30.65569411,386.9601822,,97.6441581,132.8301937,105.3350969,117.4955535,105.3350969,152.080421,105.3350969,76.96445613,99.50404685,123.8272583,81.0964418,98.00672193,88.75327781,70.85590704,58.9653611,57.86320481,58.40908411,57.86320481,57.86320481,57.86320481,57.86320481,60.86539185,59.32634148,60.08601293,59.70376078,59.89427697,59.79886712,59.84653402,59.82269109,59.83461018,59.82865002,59.83162995,59.83013996,59.83088496,59.83088496,60.98765134,64.56809529,62.19002928,50.61979128,55.81156474,50.61979128,42.9955758,47.54459577,47.54459577,47.54459577,89.87462296,82.92003904,54.41627562,65.71021962,65.71021962
2008,642,104.1133584,30.64805452,42,104.110012,30.64971387,369.6500203,,35.62891762,35.67667756,37.3389373,39.45856406,43.91881429,58.2380776,44.9574349,42.17876618,53.01753279,55.44750305,48.56715595,58.27672009,46.74730935,37.13693228,51.99099394,47.55731256,48.50814362,42.24571661,44.35800244,51.64579843,41.52075111,40.57134369,34.69987153,55.86389598,47.57497708,49.56201389,40.02225784,46.69263414,28.43461695,51.05140945,51.5790726,53.89066171,49.42395815,46.66534446,80.56953014,39.45856406,41.45607704,43.67855819,50.40682095,43.44091643,59.31976553,35.33563657,48.39054811,37.01641372,50.26402542,28.86637903,50.71417961,41.31566696,58.36579268,74.82072698
2009,642,104.1133584,30.64805452,848,104.1118232,30.64369174,505.40604,,69.19157834,62.3637273,69.14687584,69.10223107,91.78898934,75.42520892,54.1134813,97.94442573,73.58117346,64.40572545,72.7694171,71.97537609,76.8453628,67.89036358,117.6693125,80.41433533,43.57992201,96.70639492,100.9060239,77.89744469,61.46830216,68.40081744,96.66561805,86.02656,70.31736209,63.71036163,93.13515324,97.07494062,65.65068149,85.46794599,54.59534608,80.81365616,78.17236279,68.17467413,44.88803645,68.50096506,87.57127978,87.30622572,85.72851899,96.90874802,49.69509714,56.91746852,97.55827046,56.79901387,60.07656701,72.82008122,66.56567357,94.62673039,70.24948819,101.5324634
2010,642,104.1133584,30.64805452,1653,104.1140751,30.65030184,258.3630147,,56.7138325,24.54107791,24.65818804,25.36078672,30.79824016,21.46813279,29.22238766,23.84889366,21.68081242,34.80649346,32.18362813,29.14172907,27.57915057,21.81642345,30.70926464,36.9928862,36.47477855,36.93342898,35.90612944,34.73788433,29.96719623,24.58432211,23.40872952,30.2719887,30.53535302,32.61772076,26.44227016,29.92362578,27.6406197,36.65445726,33.8067007,21.18694426,21.09085834,28.24496972,28.24496972,32.90825147,30.39880969,24.34834694,33.65379839,38.39450373,35.1425763,26.27420488,26.23714677,21.68081242,27.74179876,27.75308662,39.5902463,39.0391124,26.93359613,32.80800187
2011,643,104.204397,30.6509292,149,104.2035543,30.6181818,3630.189347,,201.9888972,251.8050414,251.8050414,251.8050414,251.8050414,251.8050414,251.8050414,251.8050414,229.9811993,226.0528718,228.000116,227.0223184,227.5101666,227.3880081,227.3269781,227.357489,190.7836737,227.3498605,227.336536,224.9331927,226.1317744,225.5308911,225.830933,225.6808123,225.7762792,225.7762279,225.7762536,225.7762407,225.7762472,225.7762439,225.7762455,227.5617494,229.3757202,250.7421651,239.5835127,245.0358667,292.5892484,266.7094898,279.0506176,272.7405204,275.859489,334.2373823,244.5029308,244.5029308,244.5029308,244.5029308,244.5029308,244.5029308,244.5029308,229.5439692
2012,643,104.204397,30.6509292,201,104.1720131,30.64867986,3113.028242,,446.0458377,304.3630645,466.1045665,249.7823552,283.0025675,257.9263906,318.830773,435.3989171,227.9841702,230.8096163,216.1085321,228.1054387,384.1894626,304.5353715,446.9352611,341.1537799,210.1455193,232.4814851,232.6258808,240.63524,254.6331344,230.7520031,224.9986721,230.2502074,224.0237808,231.5176588,317.475968,225.45796,224.9816857,225.9873293,546.0122617,225.3902048,227.2299824,226.3063545,231.9297673,231.5550153,491.5307751,348.7625002,348.9957719,348.9895278,348.9926498,491.5307751,491.5307751,348.9914791,348.9914791,314.8006087,358.4774625,326.8071567,313.479767,325.771741
2013,643,104.204397,30.6509292,306,104.2033612,30.67494723,2663.702411,,199.7585081,205.2062043,218.2191732,220.4784522,205.9416282,211.6484586,196.9609006,209.8626323,195.4881607,183.9603212,172.2992582,185.2880901,197.5847769,193.759897,197.1029641,189.0787485,179.1380401,204.2989888,204.3641286,205.1804346,205.1081224,195.3600808,197.938444,180.8919738,195.6088957,179.956809,193.3937998,199.416352,199.1984013,194.2126191,198.2848479,186.6132413,204.0941808,202.6482331,206.553584,198.9814908,241.3358378,229.0929988,227.9525097,173.3592729,173.0426724,195.3946646,198.8806704,196.1760119,186.1102121,189.7937393,216.3108119,190.7533264,190.7533264,191.9545338
2014,644,104.0318082,30.61918283,343,104.0353868,30.62436116,668.6110217,,42.84823637,80.77180128,53.01761406,73.16108444,105.2930743,50.99575589,78.59590786,40.81966667,68.64067523,66.81826995,53.2227679,80.9983066,67.66498533,108.0987879,57.58372436,37.8260819,65.72012773,59.72703916,79.96676671,59.50555447,60.17499195,63.11372476,70.55891181,142.7074908,47.91638377,87.69429777,66.00547563,59.18851667,78.2764123,66.0809795,75.63235438,37.53118001,75.79112931,71.24814796,64.42718625,46.49281939,46.1489941,58.3279405,61.32483256,64.42287529,59.2467922,74.72543531,94.76376686,48.62625612,85.14466182,87.64677936,75.77663524,51.65235361,98.72109046,61.92983827
2015,644,104.0318082,30.61918283,1052,104.0362486,30.61577708,568.8964783,,67.14843678,74.20388847,39.92255988,39.92255988,39.92255988,56.41948545,46.75861465,51.13676209,49.96711978,49.40213651,49.68302198,49.54218112,49.6125016,49.59490277,49.58610804,49.59490277,53.07824834,57.0878696,77.87176129,71.37538042,68.51738035,69.917186,69.21020598,69.56189971,69.38560721,69.47364162,69.42959651,69.45161209,69.44060254,69.44610688,69.44335461,69.44473072,69.44404265,69.44438667,69.44421466,69.44430068,69.44425768,69.44427918,69.44426842,69.44427379,69.4442711,69.44427179,69.44427211,69.44427179,69.44427179,44.86368723,49.21910148,51.73010832,51.73010832,74.4737208
2016,644,104.0318082,30.61918283,1233,104.0232414,30.62280846,914.1837157,,71.23509473,71.23509473,71.23509473,71.23509473,71.23509473,71.23509473,71.23509473,71.23509473,86.26635325,109.3375873,109.3375873,124.897965,116.6009345,118.5701014,119.5798388,119.0728295,119.3257956,119.1991783,119.2624533,119.2466283,119.2387174,119.2426727,119.240695,119.2416838,119.2411894,119.2414366,119.2414366,120.0022797,120.7728946,127.5605185,78.73352575,97.36867978,87.06511578,91.92908873,89.43101567,90.66284784,90.04271892,90.35171933,90.19695448,90.27427057,90.23559596,90.24526151,90.25009505,90.25009505,90.25009505,168.7723783,138.6205941,127.2534536,127.2534536,78.54561758
2017,645,104.0770091,30.6189983,257,104.0802516,30.61899568,310.7959552,,41.06613221,36.21599926,44.54673279,41.47786612,31.34076859,37.18925959,39.01884703,42.96443284,40.6736906,34.21606846,40.44091947,43.66850349,48.61989956,43.0885278,37.73576522,53.84936027,36.05366613,65.93196457,48.79955875,39.76581526,52.31835718,38.01354832,173.4675099,31.0221471,44.59852272,42.54241212,43.02522693,55.64921641,44.41945259,155.3979776,88.33148198,42.41441882,37.74991171,42.72031675,28.7256852,38.82253431,46.42595181,25.60332812,41.59351073,45.52397269,38.31730955,84.76253324,61.47612301,34.32102573,46.78183018,91.71028186,46.09804633,32.49367199,43.71344281,41.14988741
2018,645,104.0770091,30.6189983,1102,104.0796812,30.61696945,340.8211338,,50.15645506,54.31836821,53.80099217,46.43791604,51.38447178,55.13001541,56.62290174,52.74832808,47.88121294,38.22293089,41.59173158,43.30246738,36.74896538,40.59408045,42.3088304,53.18538211,35.80611133,36.77191054,42.41416937,43.22804751,60.20023706,35.31655788,43.86253767,60.99201731,46.3002295,56.56347667,36.10818369,42.41608947,51.82496649,51.35617494,50.74260057,45.93047474,41.93288044,33.68444974,37.35879064,64.3058743,57.10347825,62.72781604,41.3813181,41.3813181,41.3813181,41.3813181,54.59203923,51.19427322,38.1361725,40.36039742,39.96303767,37.23899978,42.3985452,51.51290588
2019,645,104.0770091,30.6189983,1204,104.0746665,30.6189463,224.6265588,,39.80257317,39.80257317,39.80257317,39.80257317,39.80257317,39.80257317,39.80257317,39.80257317,39.80257317,37.09429411,38.40074136,37.09429411,27.43530489,21.08619587,37.78764541,29.33454456,29.33454456,29.33454456,29.33454456,26.72505464,25.58699364,26.72505464,26.72505464,28.27467174,25.28695072,23.73744457,23.99571548,25.61062903,27.45859462,46.3412958,46.3412958,46.3412958,49.45905882,22.90809098,26.46990546,26.46990546,26.46990546,26.46990546,22.68318686,28.72666471,25.3497057,28.05396745,37.32256669,27.41205463,23.00584955,25.0164149,30.864718,40.28172412,72.85185691,36.92491378
2020,646,103.9826104,30.72083812,511,103.9731196,30.73083762,1433.212385,,150.9906024,174.8511015,182.1022795,157.3437739,160.8802781,102.5758367,125.4859648,196.5548414,82.02805383,181.515025,156.5876961,63.61978528,171.0362822,126.9786198,157.0295153,106.9118232,161.8433057,87.74769704,231.8905432,151.5290627,108.8745429,183.2131648,136.264675,175.1379697,108.1669725,107.5656272,188.458122,144.6606893,228.1440123,103.0882035,103.1912917,151.7518996,88.34870866,111.6950048,195.7346201,108.280474,202.9958826,224.817629,196.3678244,218.39812,206.3825834,126.7706286,124.8044934,142.2020557,422.91513,161.9594265,174.6467703,101.2530196,127.3966564,548.8898496
2021,646,103.9826104,30.72083812,529,103.9863879,30.71780493,493.8147888,,66.83207668,79.80845072,81.45398578,74.03023358,83.49595443,56.94703904,65.89136132,89.00933509,220.8364273,63.51853395,101.8758304,74.07221832,80.25883701,55.51079593,70.23652371,81.0164888,76.04716367,65.11098051,78.14569854,70.9673948,67.83979918,62.71602615,63.33026237,53.79618138,61.849566,44.89225353,90.0118096,65.53212269,74.5693473,73.56825067,71.97300566,92.39549074,88.0779018,77.61042881,61.44178498,86.73985068,70.24878201,84.1879235,68.85563179,64.82163135,73.21047008,68.24857674,70.21987779,60.10127942,78.48711875,97.23244704,97.88783987,79.43327486,95.1215846,93.35314821
2022,646,103.9826104,30.72083812,628,103.9806755,30.72036376,192.5960514,,39.28304731,39.28304731,25.09848996,23.34637963,39.06173437,59.26032351,27.19003079,65.40997972,26.34149523,33.98753848,40.62572958,33.01646595,32.4135356,48.48571923,29.21529006,42.14867994,34.55211553,33.95979355,29.96767159,25.25466511,28.30945702,35.07313997,26.36295761,29.74258763,33.98753848,23.99120363,25.03505272,17.03552297,29.94090373,32.37502206,28.07067956,35.43599189,39.86297071,31.73610714,33.11392427,53.12994521,31.00484226,41.37319454,30.21114532,29.82132409,26.08161444,32.76617395,30.10456597,32.10088998,31.73812482,38.78857539,64.00114941,43.08725804,35.05065635,44.500215
2023,646,103.9826104,30.72083812,1417,103.9990459,30.72573991,1664.859868,,238.0437592,207.0292064,297.0715322,233.2099426,224.3267069,301.6860163,301.6860163,301.6860163,301.6860163,301.6860163,301.6860163,301.6860163,301.6860163,243.073399,131.783103,170.9078893,148.8169292,159.0992365,153.7864033,155.0810667,155.7366074,155.4081458,155.5722032,155.4901312,155.4901312,155.4901312,141.891466,160.0399339,160.0399339,177.7166946,277.7981703,199.7831842,173.3226005,184.0377336,178.5195252,181.2366352,179.8678195,180.549633,180.2080813,180.3786955,180.2933481,180.3146773,180.3253438,180.3200104,180.3226771,180.3213438,180.3216771,180.3218437,180.3217604,180.3217812
2024,647,104.010975,30.68116406,709,104.0125452,30.68328194,278.7823559,,30.97581732,31.31408678,29.43156836,37.20543026,27.19827862,27.19827862,27.19827862,27.19827862,27.19827862,27.19827862,27.19827862,27.19827862,27.19827862,27.19827862,27.19827862,27.19827862,27.19827862,27.19827862,27.19827862,27.19827862,27.19827862,27.19827862,27.19827862,27.19827862,27.19827862,27.19827862,27.19827862,27.19827862,81.92787602,40.8389209,54.50734453,46.69341,50.29871167,48.42905436,49.34617969,48.88331573,49.1136572,48.99821577,49.05586856,49.02702521,49.04144266,49.03783749,49.03603511,49.03693629,49.03648571,49.036711,49.03665467,49.03662652,49.03664058,49.03663706
2025,647,104.010975,30.68116406,928,104.0094376,30.67908282,273.6748765,,32.74223875,23.12745435,24.9899697,51.34077933,34.4787246,40.21345124,73.36035409,47.49298885,49.44690366,49.25121709,61.76987808,39.56745202,51.31403934,54.79205035,58.55399711,53.64921734,62.90758458,61.76987808,74.63860268,69.87443655,44.21167546,42.64037508,51.42564013,43.43008417,62.06170428,55.92599178,51.31403934,39.21927834,33.7022653,29.11649961,59.09899859,67.63589624,64.47837404,53.83768062,74.92239965,79.29412921,41.69180874,49.57129838,62.99291785,55.00234782,32.62349521,50.68053269,47.65318285,56.62395279,46.32060204,44.965194,57.01405267,55.45158597,56.76064546,45.97528948
2026,647,104.010975,30.68116406,1308,104.0132057,30.68050837,225.70321,,20.6095512,24.11072866,23.82790487,23.82790487,23.0178911,32.66458517,26.77204468,34.79792531,34.79792531,34.79792531,34.79792531,34.79792531,34.79792531,34.79792531,34.79792531,34.79792531,34.79792531,46.43037463,39.78122673,41.25834623,42.03881939,41.64492639,41.84094588,41.64492639,41.64492639,35.83380622,35.83380622,35.83380622,31.92658373,33.76754518,32.82126962,33.28768377,33.05283136,33.16984187,33.11123323,33.14051164,33.12586597,33.13318719,33.12952617,33.13135658,33.13044135,33.13067015,33.13078456,33.13072736,33.13075596,33.13074165,33.13074523,33.13074702,33.13074612,33.13074634
2027,647,104.010975,30.68116406,1405,104.0066113,30.6827291,452.5730792,,55.80578174,50.83504166,47.7789761,60.92980872,60.92980872,60.92980872,60.92980872,148.1148259,109.0902635,109.0902635,109.0902635,133.0010682,119.8648582,122.8994831,124.4751551,122.8994831,122.8994831,79.86583751,96.81606418,91.93797853,89.678743,90.79430882,90.23307806,90.51282343,90.37273426,90.44272463,90.4077159,90.42521685,90.41646555,90.42084099,90.41865322,90.41974709,90.41920013,90.41947361,90.41933687,90.41933687,90.41933687,58.39652635,70.96253146,64.06919483,67.33991157,66.49132015,66.07499446,66.28250355,66.17858634,66.23050418,66.21751709,66.21102546,66.21427112,66.21345966
2028,648,104.0810477,30.68827702,936,104.0801761,30.68922895,134.537117,,32.94786539,18.80907267,32.94786539,34.84414541,33.869484,33.92880008,33.92880008,33.92880008,42.36154123,31.45023514,42.86138241,36.279672,39.29684553,39.29684553,38.49646269,46.79551896,37.11368745,46.79551896,46.79551896,48.7993573,48.7993573,47.89454845,47.02268167,38.13650561,47.67063201,38.13650561,37.54524195,38.13650561,38.13650561,48.67674585,42.76676567,48.67674585,48.67674585,53.0292286,45.90840011,34.10800149,43.43799293,38.06158123,43.43799293,49.6752432,43.43799293,36.3250216,44.74213591,74.5128648,46.12701154,49.17092601,45.40627697,42.11596706,45.40627697,54.1154884
2029,648,104.0810477,30.68827702,1254,104.0793448,30.68519776,378.2537959,,70.98420498,125.7934102,99.45565416,94.67302426,104.747205,144.8631559,102.3844861,100.1260048,93.66903974,94.23623981,85.82228981,94.23623981,101.3054183,109.5212063,94.46972903,99.75924287,79.78791006,109.5946612,139.3566617,121.5815773,121.5815773,66.37109659,66.37109659,66.37109659,49.42699329,66.37109659,68.05732605,92.00768008,69.83147001,84.05639909,95.76045466,77.37009462,77.07813198,77.22383736,77.22383736,77.22383736,120.5056341,59.20494197,113.9509343,110.7084281,115.7561849,93.5242902,79.94405081,86.20259538,82.95544717,84.54785526,84.54785526,163.4056398,163.4056398,163.4056398
2030,648,104.0810477,30.68827702,1362,104.0825614,30.68754155,166.3330078,,36.73612442,47.71305403,29.86527821,29.9025632,29.9025632,29.9025632,36.84915865,35.64278739,38.14005274,41.43936527,43.07905238,55.0619612,44.8538448,26.91230688,47.95871619,46.78115844,45.24928173,46.00247078,45.62276785,45.71710472,45.71710472,45.71710472,41.2964709,41.2964709,39.74328504,40.50499402,39.74328504,38.56701545,37.45837172,34.21707589,37.45837172,37.45837172,81.46922831,51.32037707,62.97227112,56.55238108,59.58991406,58.03142641,58.03142641,58.03142641,43.26581128,43.26581128,43.26581128,42.97599246,42.97599246,42.97599246,42.97599246,43.46996937,42.97599246,36.530686
2031,649,103.9807086,30.64868896,433,103.9759777,30.64764778,467.7929198,,55.21490201,58.7460876,46.49943427,73.75421218,47.34289791,116.3422806,48.04720432,70.16893797,42.9742778,53.28583819,53.83590845,53.28583819,74.16019867,62.99455779,45.57657676,68.14968796,65.52741289,56.40373961,82.75452144,45.23380369,56.24764567,56.16819049,51.32889893,56.65448314,45.51498679,39.55832745,61.20655026,58.56797392,78.36125053,43.23631608,66.56341942,78.00159848,59.78891755,49.35360014,50.57220755,53.53002261,61.7171211,60.92816611,55.43299905,53.85527698,40.35734878,54.14966274,115.822181,85.37665456,38.27396617,55.83272313,64.36902098,53.97610613,51.85695185,80.02370963
2032,649,103.9807086,30.64868896,568,103.9805188,30.65092525,248.5186834,,37.86283591,39.0400259,50.84540433,46.77998746,34.60995204,36.31446056,45.64628879,33.34163703,42.08548461,40.82978785,32.63224049,35.12873327,33.43958364,50.23868566,52.03714851,45.50119569,40.51935055,79.88100538,58.85968817,42.01137595,39.4343696,39.49190909,36.76085301,45.41458174,41.7040287,37.78953581,41.58019799,41.35595965,35.47138918,41.46777568,41.46777568,41.54801519,50.97819147,49.88850894,54.05102217,46.02937768,44.62031824,43.37780656,40.48268146,47.94432157,40.48268146,44.73336301,34.63004684,46.9455097,38.10337565,39.81595632,37.04626336,37.4239231,37.80243414,36.49575072
2033,649,103.9807086,30.64868896,694,103.9819807,30.64440871,489.8020495,,48.17725077,43.75402924,45.8592296,44.78190167,44.78190167,44.78190167,33.00491115,55.21776759,45.19318355,57.37377587,38.22845264,50.10920873,61.08385836,54.82534046,70.53149513,49.73010333,58.5485571,58.5485571,58.5485571,58.5485571,30.03896726,53.3117877,81.36461205,48.93489487,36.33147071,48.93489487,60.80301304,60.80301304,110.5509328,78.4555007,91.77813289,78.4555007,78.4555007,42.72046949,51.16415645,62.83989231,43.14732573,45.91894214,53.95065921,66.79118857,65.38766544,70.49792469,76.47466943,131.0994333,89.74125088,54.6473361,66.63343895,60.87298198,83.11792357,46.09901642
2034,649,103.9807086,30.64868896,944,103.9841556,30.65006856,363.9895721,,37.70827222,36.54488296,37.39441026,47.05423659,41.99559199,45.57782468,29.62107849,36.35897917,33.51132083,109.6537623,109.6537623,109.6537623,109.6537623,109.6537623,109.6537623,109.6537623,109.6537623,109.6537623,109.6537623,109.6537623,109.6537623,109.6537623,109.6537623,109.6537623,109.6537623,109.6537623,109.6537623,109.6537623,109.6537623,109.6537623,109.6537623,109.6537623,109.6537623,109.6537623,109.6537623,115.9612796,112.7193514,114.3173356,113.5127198,113.9136069,113.71281,113.7629428,113.7880259,113.7629428,113.7629428,66.01322214,73.75222793,78.34455777,75.97906369,76.55694363
2035,650,104.0351255,30.64268059,632,104.0325574,30.64073354,327.3099315,,41.03246964,30.91533086,41.4025212,38.56433588,28.66948305,35.88778945,35.89690033,31.33818493,41.9649467,33.85964809,24.69228318,42.23353955,50.98481626,137.9043144,34.82970622,28.46173317,31.52985579,27.1814476,35.91057534,40.61601601,33.79490688,32.29368286,35.81506849,45.75983508,36.86302504,24.6123395,35.88050406,28.95124701,30.46890759,45.53877308,38.07159139,28.53928558,34.95542958,35.70653798,34.36992961,31.25505977,31.33818493,32.16512521,24.34536681,34.35322896,59.96517829,34.08820887,56.37874418,25.0812208,26.55858197,43.00422458,34.82706661,49.61329488,62.42732468,25.5710884
2036,650,104.0351255,30.64268059,840,104.0358847,30.64300854,81.32587157,,20.15649829,20.15649829,20.15649829,20.15649829,20.15649829,20.15649829,14.21228824,20.15649829,25.45853371,22.49937657,23.88766039,23.17274401,23.17274401,18.88858953,20.81248563,19.80392201,20.29568177,19.80392201,19.80392201,10.63013931,10.63013931,10.63013931,24.12965421,24.12965421,24.12965421,28.98743937,26.33641417,27.59841047,26.95264789,27.27170697,27.11123876,27.19123612,27.1511785,27.17119255,27.16118185,27.16118185,27.16118185,17.79775913,17.79775913,17.79775913,9.775396917,11.01686313,11.76386289,11.37811562,11.76386289,11.76386289,30.02801412,30.02801412,30.02801412,30.02801412
2037,650,104.0351255,30.64268059,1559,104.0350719,30.64438023,188.4418958,,23.27241252,31.71903331,35.19952394,30.31537946,29.85218151,48.16162041,37.96963571,55.71998562,40.07033815,34.12810186,31.26224999,28.26628437,25.85753212,50.06574353,32.77250362,34.16356672,28.96012059,27.24461144,29.33128952,50.89748954,46.55623308,56.53256874,46.38343205,31.83272901,46.21190905,41.06274855,39.2890439,43.00417273,25.02709983,39.59479523,35.7675303,39.59479523,32.6149435,29.49525326,40.09402038,38.16544725,39.05704483,29.24098383,22.60549233,29.33581945,35.77202091,33.17314547,29.81937692,31.66351575,30.28530468,37.95193426,37.21215222,36.50065929,27.80290266,32.0643874
2038,651,104.0851728,30.65815153,266,104.0842535,30.65673383,180.1292799,,58.0282244,25.68179832,32.5511499,40.52908798,32.8544855,43.66770422,31.52672903,32.10721498,27.47734778,25.23211703,35.5323511,29.2101535,35.56483041,31.76076076,31.86256393,41.17240683,31.84942096,30.43736601,30.26493565,31.8420137,32.15530946,27.03548453,28.82068478,28.82068478,21.14561112,29.50252082,27.70035915,31.27646661,28.82068478,28.91707503,28.82068478,28.82068478,40.91264402,25.9732473,31.37735843,31.69688347,36.84462543,30.02154665,36.12620655,23.17327246,37.23246359,63.95122363,42.30559234,26.27138721,32.88364136,30.23148754,29.38664989,30.23148754,57.7268909,35.14717657
2039,651,104.0851728,30.65815153,1443,104.0867086,30.66062918,311.5380371,,48.76247537,85.61350638,62.13501017,72.00879188,66.70851649,69.25739458,69.25739458,69.25739458,60.89793303,59.59282325,56.66235772,51.56491649,54.0065939,54.0065939,60.62361803,42.59001014,59.3405785,69.23067491,58.11072195,56.50060119,54.97730066,49.99421696,52.36748327,51.1533379,51.75329054,51.45156533,51.60198688,51.45156533,51.45156533,44.4173043,47.67636967,44.4173043,44.4173043,44.27119475,44.34412916,44.30763194,44.32587305,44.31675061,44.32131136,44.31903088,44.32017109,44.31903088,38.67368736,44.31903088,93.3641568,52.26173968,52.26173968,52.26173968,52.26173968,57.35294981
2040,651,104.0851728,30.65815153,1578,104.0863404,30.65755893,129.7246327,,26.76267494,16.62649939,18.76667381,25.34646826,44.26622538,44.26622538,44.26622538,44.26622538,40.96567348,39.49333427,40.21603253,39.49333427,39.49333427,35.04755555,21.97687895,37.06418077,32.43115818,32.43115818,32.43115818,32.43115818,32.43115818,32.43115818,29.37161495,30.8256553,30.08107425,30.44881354,30.26382683,30.35603836,30.30986246,30.33293284,30.32139325,30.32716195,30.32427734,30.32716195,30.32716195,43.51012527,35.74179563,39.24523185,38.75590686,38.75590686,38.75590686,38.75590686,49.68177423,43.54393265,46.41080027,44.93168276,45.29255247,45.47516984,45.38367742,45.40651603
2041,651,104.0851728,30.65815153,1641,104.083667,30.65886582,164.5701772,,56.15664814,26.04187419,28.66244015,28.66244015,28.66244015,28.66244015,28.66244015,28.66244015,24.68552658,25.37270398,25.37270398,25.37270398,25.37270398,25.92790538,26.50794801,26.50794801,45.34076309,26.50794801,17.3994901,21.00895879,24.63420532,29.77148934,36.79830049,30.1247104,30.1247104,29.52421783,28.39683518,22.99893781,27.35238402,26.50794801,22.96328054,49.5776266,31.76689748,31.76689748,24.33070382,27.55593665,25.84308126,25.84308126,25.84308126,22.96328054,33.3776134,28.21203038,28.21203038,28.21203038,28.21203038,28.21203038,28.21203038,28.21203038,28.21203038,28.21203038
2042,652,104.1531756,30.65116278,187,104.1550545,30.65083151,183.7408367,,17.86541559,19.21147263,20.40725048,20.57360171,21.44298711,20.2872876,22.46449353,21.44747739,22.46449353,24.32982114,26.09508892,25.51053879,23.47014827,24.96101933,22.23418528,21.79822086,17.08187171,17.12905512,20.92146585,25.88067866,27.36161374,22.49250254,26.30305408,25.90179196,20.57440162,23.06102309,21.99315387,17.53488517,22.16588703,18.48479992,20.79301664,23.40311171,20.79301664,23.43723081,17.68628375,18.87939146,18.09759267,18.07286918,17.81129619,20.26708578,20.55043144,18.13480499,19.04415582,18.77833959,20.07994977,23.54673434,20.49471765,25.12695203,27.27699019,27.8146444
2043,652,104.1531756,30.65116278,481,104.1443436,30.65238121,856.9806966,,96.54441782,102.1063268,117.4169556,99.22711598,88.52598301,88.65795234,99.57387331,132.7889745,98.72417625,79.66766966,101.5506699,96.57694874,110.9370124,119.4244068,111.6284218,109.5961104,98.35697686,161.949108,103.302545,172.9979724,85.5199032,84.8923781,117.2774724,74.88180844,73.98394503,92.51459653,113.6746687,86.47878088,115.3589346,115.764747,65.71097993,86.68760262,109.2311174,79.00462248,151.6034648,86.29735686,97.39954247,95.41333357,88.27268978,108.5676425,115.2242953,100.4110824,124.5259539,93.20635975,180.4169888,115.5479591,88.06271669,106.6596545,118.2722065,123.9008236
2044,652,104.1531756,30.65116278,580,104.1496059,30.64216205,1054.551688,,132.9732426,96.06240073,98.04153427,101.0573046,242.58058,127.5601422,130.4600026,114.5502462,137.3014856,109.9286543,112.9876809,124.6760616,152.0581873,133.6657608,205.5804734,127.4489661,115.743478,127.2131884,104.1056511,173.8802784,115.2748809,95.80785052,133.4406354,107.4159359,142.7212811,135.42274,426.5602333,122.464067,129.8366783,119.571215,134.8899183,140.0941788,112.5093249,209.2825842,175.7586147,128.5944381,144.6635958,104.6797631,178.4435289,243.3580818,121.9395956,115.9201856,176.5760966,89.1868303,115.5673083,95.23702921,118.267479,120.2656624,135.1027074,149.7588196
2045,653,104.0485173,30.60075701,947,104.0481868,30.59674836,445.4054304,,60.6605126,54.88167311,52.38637243,50.10811092,37.26087257,40.06145033,54.72558189,90.590935,35.59288678,84.61527965,58.40673445,48.49172024,73.41847754,58.40673445,58.40673445,36.27736537,65.44732855,62.59438709,65.44732855,77.64937285,77.64937285,77.64937285,83.5135182,77.64937285,57.99130378,65.28079591,67.94320125,62.81917921,65.28079591,62.81917921,64.02633589,52.6587701,69.91829432,60.07341427,64.62305489,64.62305489,64.62305489,64.96999795,64.79606201,64.88291341,64.83945862,64.85031685,64.85031685,64.85031685,49.11055282,128.6197499,65.58116767,45.04099858,120.5608684,102.4574792
2046,653,104.0485173,30.60075701,982,104.0517689,30.6005863,312.3035886,,18.59103628,18.59103628,18.59103628,18.59103628,38.0471377,18.59103628,18.59103628,15.32778349,15.53963952,15.53963952,15.68051491,19.16136206,18.0464353,18.08271683,18.66046339,16.59472943,14.77388855,16.49732823,15.58811673,16.02984023,18.89567931,15.06085625,18.89567931,17.53967112,36.20911172,16.36525355,18.73821532,18.73821532,18.73821532,18.73821532,18.73821532,18.73821532,18.73821532,26.23787442,18.73821532,21.86276945,16.57027147,28.2722444,16.75548314,16.95126904,17.1516845,20.23929647,19.50204543,20.31242853,20.31242853,21.72546703,16.74924274,30.67647801,21.66789533,23.3847081
2047,653,104.0485173,30.60075701,1221,104.0463133,30.6009013,211.9033815,,19.15110059,21.36342143,20.24750511,22.00376434,27.8413202,18.29930251,27.28125788,24.30239482,15.77770783,14.87041274,15.77770783,19.30049775,23.21051237,20.87527611,15.77770783,20.87860892,19.13708808,22.57515679,23.36151326,15.77770783,23.08176016,27.34237181,19.64426198,15.77770783,24.87265734,18.89082945,19.36432208,22.26998286,15.88034709,25.51345062,18.77212361,22.83988543,22.43682863,21.9394274,23.74791123,22.68143231,16.63195145,19.18320637,15.77770783,19.89554849,15.77770783,20.72967863,23.86359993,17.47156423,23.35261755,27.37507799,24.05011696,25.87819343,23.443521,23.75059583
2048,654,104.0684365,30.59321293,30,104.0705271,30.5936291,205.6812406,,57.84784892,23.49710325,57.84784892,25.35796117,26.07226994,20.72645112,34.43964959,23.82791524,31.42503835,34.84482194,67.93141891,42.49368529,19.97982909,20.24477009,21.40809443,20.24477009,20.24477009,41.7156319,27.65123964,22.14713259,32.19358549,54.84833083,32.19358549,35.21771539,27.52611398,47.16257746,32.19358549,32.19358549,32.19358549,26.61105,30.42955341,24.95626782,30.13644551,31.22860227,30.00820532,36.93029756,32.10326939,29.21740284,29.21740284,29.21740284,25.98078829,38.30870113,38.97118243,34.96307941,30.91659566,38.42607568,45.70694236,45.65058361,34.60058253,36.88879337
2049,654,104.0684365,30.59321293,148,104.0685886,30.59134338,207.7138149,,24.47691436,24.47691436,23.58895059,19.34721174,22.6596889,16.30904544,16.36257623,16.47069898,16.59340034,16.65543914,18.12775112,17.02770718,16.95622979,44.91109511,23.7387217,17.45086893,16.11138667,15.02740097,19.36077847,25.57935235,22.44110669,22.57661478,25.262491,17.7406817,27.79813136,20.75696693,24.84284829,20.43784718,18.04028308,24.45975764,31.34676996,48.1655223,27.04280345,18.85926188,23.24973909,42.85213373,33.16052034,21.39541441,18.34267539,26.99529724,38.84518097,22.15067096,16.32685008,18.67469934,28.52268532,32.35931051,70.76685174,39.89435058,22.54015776,17.03501988
2050,654,104.0684365,30.59321293,1180,104.0685883,30.59774153,502.1111475,,74.08197258,55.77688512,60.73925171,72.25300312,76.24166289,81.79186113,80.69643442,80.69643442,60.90296937,60.90296937,50.53868027,78.76253294,57.86171994,67.07236108,54.94225322,56.68432466,74.38683667,73.88730464,73.39443687,76.28898268,60.53583828,86.31105674,91.02310458,68.93974565,88.91919126,86.90385245,108.7169285,63.27655067,64.3274068,63.91796786,64.12203374,82.38833778,54.51146354,73.71273756,77.18602107,136.7322338,87.65731716,62.48019597,71.62984201,55.03232248,66.72847079,54.33667728,40.25835481,59.63490168,60.2533377,128.1985909,79.84981252,91.0035494,79.33638215,116.569226
2051,655,103.9802912,30.71025208,4,103.9812278,30.70951601,121.2443022,,24.04845663,24.04845663,24.04845663,24.04845663,24.04845663,29.0502155,26.31375963,27.61436064,27.2773042,27.1118428,25.69888429,25.66347012,25.69888429,31.02934748,28.11367765,29.4996433,28.78998984,29.1404967,28.9641829,29.00806103,29.03004998,29.01905134,29.02454961,29.02180021,29.02317485,29.02248752,29.02283118,29.02265935,29.02274527,29.02270231,29.02272379,24.72963051,24.72975879,24.72969465,24.72972672,18.97736904,17.89380789,21.75990937,22.94890809,27.75704216,22.94890809,22.9323724,22.9323724,22.9323724,22.9323724,22.9323724,22.9323724,22.9323724,22.9323724,22.9323724
2052,655,103.9802912,30.71025208,82,103.979059,30.71243403,269.0872958,,72.29210932,30.89997655,72.29210932,30.89997655,39.06105907,86.49234508,40.12277566,31.3690108,43.12584373,40.47640723,44.46192839,42.38290467,42.39014936,80.72618874,46.5728012,41.00377841,38.36492138,44.31362309,36.54542399,39.15232899,40.28666347,39.61082159,40.28666347,41.86044943,43.56219291,52.89907248,47.77875536,50.20870825,50.20870825,50.20870825,60.47050396,88.06493317,54.30383526,58.48614538,45.84544557,48.43571324,53.66446865,42.46919578,39.88972058,56.8444041,38.50244833,42.92677687,44.47043298,111.3464672,44.74738219,43.68497249,44.61525179,37.88973656,38.13210161,53.76767427
2053,655,103.9802912,30.71025208,538,103.9787618,30.70955492,165.5916463,,21.17690681,29.47490367,34.45837726,28.76380828,28.76380828,28.29730664,38.74118126,34.57078226,35.20452324,35.20452324,25.36723092,35.20452324,35.20452324,35.20452324,26.37743038,35.20452324,35.20452324,20.80732728,35.20452324,30.0569711,35.20452324,35.20452324,35.20452324,35.20452324,35.20452324,35.20452324,30.26040237,35.06646628,35.06646628,35.06646628,35.06646628,31.57432992,31.49699935,31.53561722,31.51629645,31.52595387,31.51629645,31.51629645,35.06646628,27.85653863,35.06646628,35.06646628,31.27649143,35.06646628,35.06646628,35.06646628,35.06646628,35.06646628,35.06646628,35.06646628
2054,656,104.0304049,30.6923283,765,104.028725,30.69153993,183.1001312,,39.00357824,51.9023994,77.54829086,62.18495022,69.02203899,65.42535705,67.17558954,66.28892242,66.50838756,66.61866597,66.56348109,66.5910621,66.57726874,66.58071655,66.58244058,66.58157855,66.58200956,66.58179406,66.58190181,66.58187487,66.5818614,66.58186814,66.58186477,66.58186645,66.58186561,66.58186603,66.58186582,66.58186592,66.58186587,66.5818659,66.58186588,66.5818659,66.5818659,98.38216005,79.41692439,87.88806298,83.43803447,85.60525615,84.50775286,85.05296417,84.77948197,84.84768751,84.88183145,84.86475604,84.87329288,84.86902425,84.86902425,80.38542345,82.56640045,82.01013598
2055,656,104.0304049,30.6923283,1531,104.0323026,30.69123331,218.5492369,,53.16062519,47.68346987,49.69119493,53.16062519,49.69119493,53.16062519,53.16062519,55.99838099,60.80195153,58.75857004,60.41289376,59.75523438,60.41289376,77.13502479,54.82768312,60.41289376,58.0023163,57.30351441,59.00829398,36.99579558,36.99579558,36.99579558,36.99579558,50.67808392,50.67808392,62.87930093,96.73490814,82.81865819,89.23749559,85.90834426,87.54127987,86.71712545,87.12725375,86.92170582,87.02435841,86.97300183,86.99867253,86.98583529,86.99225344,86.98904425,86.99064881,86.99024767,86.99004709,86.99014738,86.99009724,86.99009724,51.089432,51.089432,51.089432,42.22418173
2056,657,104.1111145,30.6886652,880,104.1143105,30.68613383,415.24228,,127.7668554,101.7909091,101.7909091,98.48183635,81.35358955,113.0765664,99.91880492,119.3749018,126.4162544,146.5560988,81.6870059,93.72239549,109.9170741,139.0578798,119.5897766,128.5911577,123.9272297,126.2161231,123.9272297,77.72299176,46.28087331,76.13950127,74.619245,89.24610197,123.0347496,129.7069161,155.715855,137.1442393,132.832117,137.1442393,143.565158,150.6168472,160.0505576,179.2412719,169.103191,169.103191,156.4765047,118.7753173,145.6044358,84.07605219,84.07605219,66.4387648,84.74332245,96.75548272,85.42126903,73.27804941,79.83296171,126.9530538,79.83296171,58.46957788
2057,657,104.1111145,30.6886652,1188,104.1096861,30.68729676,204.2516645,,39.98401263,42.30759449,37.90237073,45.62866846,59.10028067,49.51555503,49.51555503,40.07117124,44.2955417,44.2955417,50.36342412,48.15363407,46.12961055,41.3093254,25.26824715,41.14422019,41.14422019,41.14422019,51.69110666,48.67337635,45.98856101,60.3416406,29.10182027,39.26618139,33.42842634,39.26618139,39.26618139,67.30489631,47.1349995,47.1349995,47.1349995,34.30665594,69.69725045,39.63913705,39.63913705,36.95004986,41.92764033,53.75043803,44.49658047,41.85802611,40.62464045,44.69945241,47.0595835,47.0595835,47.0595835,57.38973598,36.76529961,49.29425645,51.67813198,51.06080547
2058,658,103.9880426,30.62480647,132,103.9896589,30.62215352,332.3477681,,45.84107146,48.00208486,42.19048952,43.7939958,55.51981277,38.87950494,46.79733892,46.79733892,46.79733892,46.79733892,47.08895895,38.45257802,37.58487849,46.31886703,33.3157526,40.35251147,42.94772236,57.52172909,39.79330261,42.17809512,41.20959697,37.5063312,38.61598597,41.54948223,38.33246184,45.84107146,53.29407417,41.20013654,41.25696432,44.81093502,55.77864639,48.34637701,41.23563554,44.27613896,47.80071775,40.69984755,40.42043065,39.70526433,43.60103236,38.63303634,40.18210865,39.78330992,41.46135177,38.23039165,53.89423266,39.66030369,39.66030369,47.4281819,56.74870982,39.31386523
2059,658,103.9880426,30.62480647,412,103.9926702,30.62703779,507.8290308,,52.56424701,68.38595428,82.53654677,59.14859567,65.05994701,54.87983522,56.12590759,63.02273523,150.6745476,53.04851682,63.3686139,56.37573381,54.28101279,65.57039268,69.78358371,78.91826663,50.86363902,75.24360688,68.30079118,71.41345746,79.90316918,47.23990984,53.45568745,74.92559471,50.36320967,47.14245773,60.47701243,77.87793444,55.70902521,43.01610614,81.56336252,66.75251523,117.685367,94.08476093,80.53676259,89.3809652,46.852499,49.54429569,40.74705447,73.49485471,79.69328601,81.9813682,58.65832655,75.96334532,115.952506,96.09379821,54.24879854,87.36996882,54.54553488,69.87805106
2060,658,103.9880426,30.62480647,930,103.9856642,30.62376699,255.4251042,,28.73532422,43.01896492,43.01896492,43.78716072,30.75352425,31.9651347,31.9651347,32.21524145,32.46929291,44.26623251,41.52717824,41.52717824,28.91604953,32.72350089,30.72783208,35.43469654,57.67663644,42.47253465,42.47253465,47.0348018,60.05641057,52.69515044,52.69515044,52.24604404,52.46963624,43.71776745,53.66908805,53.66908805,78.42476547,45.01617371,29.71018983,38.76603605,68.87867978,60.10002452,52.09803825,45.22280534,45.97651876,53.1827863,79.26985992,63.65734684,63.65734684,42.18029244,47.15540385,47.15540385,47.15540385,79.04272568,79.04272568,77.40697649,54.20597068,55.72911364
2061,658,103.9880426,30.62480647,1042,103.987755,30.62805485,361.0762485,,66.66023049,66.66023049,66.66023049,66.66023049,38.15678555,55.90858041,55.90858041,55.90858041,23.06787036,37.12601198,42.61883589,32.88740024,29.54260215,49.39805355,36.04754561,46.71886288,46.53488645,46.90429979,46.53488645,42.7063489,59.76434458,49.81554949,49.81554949,47.61990135,45.60963139,29.77948441,59.46360909,30.87587873,30.87587873,38.97674646,52.84042661,94.33051485,67.73707632,78.851956,67.73707632,54.85859863,46.09484023,32.94992382,35.34668918,29.60989737,35.34668918,40.98934157,44.5448531,42.69319904,43.59937511,42.69319904,36.36012572,58.29033608,46.21775981,31.88571941
2062,659,104.0640141,30.67295026,479,104.0634855,30.67324036,59.97920594,,17.84505301,14.63899264,12.75776315,26.01507728,11.2198047,7.783423539,9.217722151,10.41021172,7.67052012,8.418134167,12.67352261,10.9398425,12.48122205,13.63648021,19.3221603,11.66473288,11.07308417,11.62670344,12.7014789,12.21842372,11.61487005,11.61368803,10.68936343,17.06918114,13.31152892,9.759328424,7.468227977,7.851228534,10.64419711,13.58019757,8.645651307,12.24528212,21.16913151,7.739252379,7.325704542,6.010442349,7.344392564,10.79625707,9.072484932,13.87099409,8.84939104,12.57663728,12.45422589,11.03347682,8.202284573,12.68282769,13.10225372,14.11275434,21.32593989,10.65967992
2063,659,104.0640141,30.67295026,1711,104.0632252,30.67144791,182.8543638,,27.54291672,27.54291672,27.3143448,19.27600907,27.08953538,23.26062578,23.26062578,16.37501765,16.37501765,16.17385036,16.37501765,16.37501765,17.6009548,17.27757768,17.12030454,17.27757768,17.19858157,18.97048155,15.97756577,33.41501064,36.77517931,35.01466541,35.87333568,35.43879998,35.65474392,35.65474392,35.65474392,53.08675078,42.65861221,42.65861221,42.65861221,37.2960742,37.2960742,34.10754972,35.63062028,34.10754972,34.10754972,14.21761792,20.06938139,16.64413931,18.19697884,17.78222413,17.58185686,17.68147288,17.63152417,17.65646319,17.65022183,17.64710279,17.64866217,17.6482723
2064,659,104.0640141,30.67295026,1751,104.0653152,30.67506014,264.9869195,,26.31594235,26.31594235,26.31594235,34.28402193,49.17283042,57.12292875,44.3699028,35.09330142,37.11879028,37.68082594,26.35229034,38.26745198,58.28632851,34.48022567,34.16634808,34.48022567,34.77349612,35.07179817,64.28254112,52.70458067,52.70458067,30.8295031,52.70458067,88.32897317,52.70458067,61.02044203,32.06564404,72.45211974,43.50982487,51.46386469,52.3000499,57.61579267,24.61813962,42.39790712,121.7812226,41.23715751,54.93010998,52.69487629,54.93010998,50.63444322,51.37064675,52.12857433,42.71430942,36.77536277,35.02458365,23.67128809,33.4329291,33.4329291,42.43562768,44.87342436
2065,660,104.0728306,30.66386644,1404,104.0719509,30.66243375,179.7670643,,30.52648262,30.52648262,30.52648262,32.15708976,33.97172869,41.66275311,93.11675273,40.95958427,74.67247286,74.67247286,38.63650337,57.98937558,46.55837637,38.89191295,47.23806069,47.23806069,47.23806069,69.5872507,18.33318503,28.42583154,21.01173479,28.42583154,43.72712375,34.45402475,39.0640703,36.61450815,39.0640703,19.14678791,25.69800522,21.94387448,23.67302904,22.77567909,23.21568604,22.99357776,22.99357776,22.99357776,20.70916581,28.57224863,30.43078831,37.30037069,33.66249318,33.53168039,32.22915495,33.53168039,33.53168039,51.36201837,35.46090036,37.08661498,36.25554238,36.45979896
2066,660,104.0728306,30.66386644,1626,104.0732972,30.66451347,84.50477683,,15.15403221,18.16222069,19.50110235,17.34816071,46.80264563,46.80264563,46.80264563,17.68704631,18.86618273,19.81870988,19.81870988,19.81870988,19.81870988,18.80786378,18.80786378,18.80786378,21.65246951,21.65246951,24.93583579,24.93583579,24.93583579,29.60751305,29.28685406,30.12051451,28.97306634,28.97306634,28.10320523,21.12619421,27.28405351,23.81347918,25.43090463,24.59562984,24.59562984,24.59562984,13.19814302,17.17831355,14.92747112,17.17831355,17.17831355,23.22268676,19.74835235,20.51568776,20.92216001,20.7169303,20.8190394,20.76785935,20.78063075,20.78702234,20.78382605,20.78462503
2067,660,104.0728306,30.66386644,1796,104.0744995,30.66310274,180.9136321,,62.02753101,62.02753101,62.02753101,73.17854782,41.0476308,52.59400342,41.0476308,37.44834166,34.36881665,34.42937844,35.54101367,44.10535499,36.72682758,40.07932773,47.88890261,59.47845439,71.83335392,65.07467868,68.2871901,65.07467868,44.30537929,44.30537929,24.30183118,42.33731803,47.10951722,40.53666445,43.57663177,42.00171386,42.00171386,38.02454008,30.08263628,34.73541736,32.24203344,33.44231453,32.24203344,32.24203344,31.92593508,32.24203344,32.24203344,39.47206519,35.49259267,35.49259267,27.08062684,30.72118281,28.78625748,29.72226243,29.48260068,29.36421334,29.48260068,29.73922719
2068,661,104.1400381,30.62512518,145,104.13936,30.62338859,203.1393862,,29.95092656,21.97751436,24.21529107,29.07760598,28.21743242,23.82090522,23.82090522,23.82090522,23.82090522,23.82090522,23.82090522,26.88609523,23.61214268,23.82090522,23.82090522,23.54370431,13.68197924,20.95749002,21.05475404,19.73671398,20.00629694,18.28254476,17.82575967,17.75004345,16.87944121,16.09024841,18.88855248,18.08847054,18.88855248,23.82090522,21.92808966,23.82090522,23.82090522,21.16647729,19.47541386,23.90973925,21.84620733,25.96986003,27.1390427,20.03566549,24.8490085,22.3623218,23.82090522,23.82090522,25.89251747,21.8165169,20.12326328,18.58454359,19.3233197,18.47236739
2069,661,104.1400381,30.62512518,393,104.1417226,30.6285471,412.1781335,,44.79051345,43.2957417,37.89213112,48.22886069,37.9984963,171.5423446,43.36830173,83.83284071,42.72242247,48.27069878,79.5290992,78.33741911,159.5528259,190.2360616,61.33385867,62.69751889,54.41960686,40.06050974,195.2422738,62.39870818,66.04333281,58.24760856,48.05531315,56.17064784,46.17677784,51.20480769,136.1322276,52.41711913,40.13998054,56.87394713,59.11718249,61.51009254,64.31598693,54.22075324,42.15458184,53.71023963,49.21529952,64.48563283,56.88848361,66.12167718,44.62488815,45.27357073,59.83195069,77.43590238,86.70937525,53.14505797,55.2469605,52.26808946,58.54467031,61.56447552
2070,661,104.1400381,30.62512518,1638,104.1352029,30.62718758,516.729278,,76.18670582,241.5877144,61.59686758,55.52911644,81.1144797,61.0076655,50.82004509,66.08260749,75.10372549,75.53256291,75.31753378,75.53256291,75.53256291,89.0881437,86.29842146,93.1665476,85.3314404,79.83889238,76.4251268,76.45825659,77.26782495,70.46073758,100.0144813,70.4624969,56.71418905,54.55206454,63.77921666,72.24176314,63.77917161,186.9572622,78.16073677,86.5221082,78.16073254,96.88673857,97.73513542,160.1341801,77.75236795,105.694625,105.6946251,109.4250236,102.9526337,100.3493136,99.51055304,99.92817328,99.51055304,72.13670968,72.38231132,72.10175972,71.10273868,70.78988325
2071,662,104.0403974,30.60929237,919,104.0419633,30.60947907,151.5351911,,21.47742866,76.83474478,33.57087311,46.72605464,39.07084605,42.55693324,40.73944928,41.62836298,41.40251758,41.29051139,41.34643863,41.31845607,41.33244263,41.32894509,41.32719655,41.32807082,41.32763368,41.32785225,41.32763368,28.11993237,34.01039202,34.01039202,34.01039202,34.01039202,60.61407644,43.57241917,50.69950632,46.86655395,48.70774,47.76941226,48.23401308,48.00058847,48.11701768,48.05873256,48.08785746,48.0732906,48.08057292,48.07693146,48.07875213,48.0778418,48.07829696,48.07818319,48.07812628,48.07815471,48.07814048,48.0781476,48.07814582,48.07814493,48.07814539,48.07814527
2072,662,104.0403974,30.60929237,1094,104.0378111,30.61174835,368.1805411,,52.18306882,48.19817993,59.37065836,113.5289035,111.5581229,82.57719189,114.3091183,115.7361303,115.3760474,115.1968449,100.4582106,115.2415933,115.2639806,100.4157071,100.4114587,100.4135829,99.47074171,115.2566338,115.256284,90.78424301,102.5890053,82.63403666,102.5890053,102.5890053,135.2499947,118.7679165,128.9348198,123.642719,126.2333284,124.9245945,117.1927452,125.2492273,125.4121772,125.3306493,132.5449948,125.3510213,116.8199362,125.3561154,125.3586625,116.8133005,121.6009127,125.3578665,125.357787,125.3578268,125.3578069,125.3578168,116.8140391,116.814037,125.3578136,116.8140378
2073,662,104.0403974,30.60929237,1149,104.0393534,30.60919966,100.6051159,,13.74491147,7.512776158,12.75276117,36.95698135,36.95698135,36.95698135,36.95698135,36.95698135,36.95698135,36.95698135,36.95698135,36.95698135,36.95698135,36.95698135,36.95698135,36.95698135,36.95698135,36.95698135,36.95698135,36.95698135,36.95698135,36.95698135,36.95698135,36.95698135,36.95698135,36.95698135,36.95698135,36.95698135,36.95698135,36.95698135,36.95698135,36.95698135,36.95698135,36.95698135,36.95698135,36.95698135,36.95698135,36.95698135,36.95698135,36.95698135,36.95698135,36.95698135,36.95698135,36.95698135,36.95698135,36.95698135,36.95698135,36.95698135,36.95698135,36.95698135
2074,663,104.0925346,30.60710553,92,104.0925349,30.60819686,120.950215,,20.29933678,19.26640593,20.18172765,18.15829466,14.80393622,24.72810832,16.47760734,19.54312271,17.57796228,21.51775677,19.02439209,17.33592995,20.73432257,27.99008591,27.24040033,19.17214758,17.07532447,21.17977012,23.82565219,21.13663017,20.57106019,12.65758064,16.62017078,15.29581173,20.39441564,21.60897141,18.68758687,11.28033093,21.75245848,16.35434376,16.71882022,16.63233897,17.46787598,18.01741134,13.69247717,21.39659823,20.70146311,17.64722529,21.18835883,16.87677419,25.66330691,14.09889177,22.17762856,19.23803125,16.65089002,11.82137848,16.77922058,18.60772538,17.63432092,16.74695285
2075,663,104.0925346,30.60710553,681,104.0926227,30.60533263,196.6699687,,24.88618233,33.27905463,30.55067475,32.57098964,40.29663559,31.89242736,29.07646354,29.52783589,22.19473001,28.82002255,25.51394189,31.05315295,27.96255479,27.96255479,28.88665391,31.82075898,29.8739193,31.82075898,31.82075898,35.00676822,38.90175205,24.88618233,30.25691826,36.58976162,30.48490365,26.8186321,26.0298488,40.02894063,40.07614456,44.07856108,31.62335973,40.69033835,20.64174599,22.51230166,35.40059437,39.11667886,34.48109841,41.97698936,34.65691473,34.8345332,26.15347341,20.64174599,28.04007475,48.26668171,29.79012148,43.83974534,38.92119321,29.64253244,29.23253044,40.6319591
2076,663,104.0925346,30.60710553,1053,104.089617,30.60737573,281.2981577,,35.53239887,35.53239887,35.53239887,35.53239887,35.53239887,35.53239887,35.53239887,35.53239887,35.53239887,35.53239887,35.53239887,35.53239887,35.53239887,35.53239887,35.53239887,50.88810893,41.84600693,45.92622983,43.79128077,44.30619055,44.56821313,44.56821313,44.56821313,45.41136178,44.98583712,45.19759792,45.09146889,45.14447103,45.1179544,45.14447103,45.14447103,73.24942985,52.47012268,52.47012268,52.47012268,52.47012268,52.47012268,52.47012268,52.47012268,52.47012268,45.92622983,55.56506819,62.07959342,58.64196121,60.31183281,59.46517619,59.67460398,59.77987206,59.72719164,59.74035303
2077,664,103.9780511,30.71972036,52,103.9691811,30.72962272,1387.754926,,143.3438673,148.356874,138.6585682,177.9489843,136.5626715,167.1527709,143.6296426,153.7008404,243.448828,163.6664286,216.7594275,217.4586243,217.108463,203.7763861,209.667363,136.0667562,162.4614004,155.5383647,155.5383647,133.9687437,140.810233,151.3881014,125.1325669,135.7375019,140.3264825,239.4209776,167.2073829,151.94397,164.6372626,179.8710255,163.4706254,173.1020581,177.2674268,182.1112175,141.4902289,150.4060831,190.7445523,201.9232496,176.5861938,190.8963949,158.7265364,174.4790602,181.6779939,192.5827519,170.9369662,200.6056978,189.3887626,187.0546454,183.3364352,192.9701916
2078,664,103.9780511,30.71972036,457,103.966997,30.71641552,1120.091888,,115.2094513,274.3082175,153.9057556,141.2728508,96.85342187,87.6321502,96.82241387,101.3512229,145.9935074,147.3446089,93.14078726,96.23701186,109.723287,131.4533267,132.1186284,113.9613037,135.9518138,130.3344409,111.9648451,105.1259426,118.443137,124.4285516,87.72293248,135.540531,126.6524637,114.2103247,126.3411869,128.6333759,125.5108467,119.9732322,89.60735104,154.8662812,157.3899608,184.5694961,184.1246939,171.2242377,100.7453041,158.5970815,96.7243528,137.7789566,126.3333488,138.2692789,89.90704118,125.1305135,133.0802243,153.2789333,102.5603424,171.3455013,137.5427926,152.0563197
2079,664,103.9780511,30.71972036,493,103.9810702,30.71328192,769.9336156,,80.54518027,83.61270034,105.5238965,98.2545557,78.93007164,90.28537512,80.4575041,81.28331426,117.4830585,103.0384455,118.9779372,106.8284848,112.7751577,112.673212,132.853996,114.0195521,120.75232,128.5206035,107.0291763,84.68013259,108.201471,333.9471104,90.58042536,91.62846334,107.2939748,75.93865798,94.68398755,102.1982583,90.4490542,117.9825233,93.16843752,113.8300212,130.0685601,128.3222693,107.8506232,121.9249714,106.6061929,87.12315723,92.36637656,101.0976662,86.83956473,121.7019107,120.3151825,174.8745121,152.6433902,153.9867231,152.7497575,117.9472773,116.4605469,174.8745121
2080,664,103.9780511,30.71972036,628,103.9806755,30.72036376,261.2204073,,29.41793951,25.01046453,35.71114429,32.94671804,26.77912101,29.40567437,26.77912101,30.77371583,28.75820998,39.67904921,60.28163245,40.62488166,38.02976508,58.16866801,35.59849083,29.90914814,28.24004403,46.02251875,30.30289845,25.74069707,29.47941901,30.89334646,41.42702495,27.94631401,38.34427997,25.76420456,31.19049639,35.92601826,37.61991865,37.61573865,26.79183665,36.87817515,55.31726272,44.67427393,31.87774462,26.19480407,34.41513143,40.97575016,33.34728604,38.20796206,31.66307967,42.29655771,42.29655771,61.73261937,49.49439296,63.11365546,58.89729433,67.13100493,44.72074739,66.40513156
2081,665,104.0672515,30.69482107,168,104.0708018,30.69481683,340.0459077,,44.36453012,47.83971954,43.45634603,31.67309878,56.25759502,68.00918154,85.60596278,61.08863147,46.72386518,39.7671446,87.20678666,42.61334792,51.86408422,42.30985949,57.28046039,57.28046039,55.86151809,50.30816169,51.3720305,39.43468419,55.01866372,46.4918156,43.19566929,47.59921507,44.13013746,30.87860821,46.11198578,63.14198673,105.0785638,49.28506807,44.72857795,52.33730389,50.58534164,45.92707349,44.32169688,40.77153265,45.95214969,45.11418182,68.96705734,58.78344623,25.77190037,31.85165484,41.12537293,37.07719135,55.30450724,42.90298836,35.71308722,62.69473534,49.94554336,43.16140212
2082,665,104.0672515,30.69482107,816,104.0637039,30.6948428,339.7840332,,69.87181184,73.54043205,66.5518237,69.87181184,68.17142038,69.87181184,69.87181184,87.7491047,74.36003158,90.77718141,131.5293032,116.4973828,123.5578303,119.9237764,108.0108185,98.25080478,65.313178,128.7602652,86.66556315,103.6002134,103.6002134,132.2402724,92.66837269,62.09251368,91.97161801,91.97161801,91.97161801,91.97161801,36.33334216,52.08896464,42.80743725,46.99430201,44.80326665,45.87263638,45.3316458,45.60053662,45.46569364,45.5330153,45.49932957,45.5161662,45.50774633,45.509851,45.51090341,45.509851,45.509851,41.66289235,42.56234365,43.02679175,42.79330754,42.8514407
2083,665,104.0672515,30.69482107,1401,104.0672473,30.68824176,729.1902363,,108.0281832,103.4281044,83.73476398,94.42751261,185.4587885,80.64776807,152.6951924,90.96453425,80.48292847,99.33241608,115.7274732,136.4566524,90.56701227,124.1297141,114.7294944,116.9954251,128.2405887,81.71470352,87.40571091,108.0515862,89.44071041,98.76991494,126.8156933,114.8331081,90.83338584,77.13275762,75.30363886,91.14877954,107.7326204,106.4777007,81.97568023,139.0405112,156.6389697,92.97821196,84.27238686,176.3492701,83.94515284,122.7580905,86.47663891,77.87643563,71.7236298,110.6075078,79.61695821,92.24695759,96.1889852,92.82478256,96.18631513,86.6240338,98.09415362,81.82932826
2084,666,104.070802,30.69064995,168,104.0708018,30.69481683,461.8181134,,51.04486989,47.68619733,56.75138064,47.25377191,49.65386872,39.72059462,49.90297116,45.25221165,57.37860943,43.0028381,51.58606586,41.40319283,54.99046996,32.16939959,37.20450264,28.76375793,43.99162977,55.52227788,40.04409964,37.65674311,43.90524317,51.61074906,47.31877638,49.59490516,44.33908648,39.0707467,49.68929068,55.60351867,37.79172532,41.44706035,41.53919539,44.27550488,50.45993638,49.8112185,39.60326842,41.31786018,33.06454039,37.55042819,84.23281612,47.09124545,39.73985473,63.03488941,43.76270619,31.12850603,38.14237477,64.81657732,39.23200105,35.6482489,40.66710538,41.06242706
2085,666,104.070802,30.69064995,495,104.0707783,30.68827718,262.9853943,,72.27079538,40.24431114,23.35725542,29.91303063,28.79110247,28.71832415,22.71739459,44.11170271,27.15856051,25.48445275,35.99800074,21.71439036,49.36117933,39.57146999,62.94863161,26.08119613,16.37971314,24.98014299,28.73285036,24.71925377,31.24578942,32.53427558,31.45340264,30.65560992,37.844667,60.61123044,56.18679047,30.78853397,26.61063952,27.72320408,25.62239295,30.54516598,33.99452135,22.95145259,34.2817412,18.11956784,32.61834348,28.4736066,40.01468383,36.05675699,28.08356725,42.96886927,44.18891106,24.43219147,24.18256499,41.07364076,42.0029911,28.22741263,29.13068983,35.97520276
2086,666,104.070802,30.69064995,929,104.0741314,30.69052755,319.1842578,,60.71668841,60.71668841,60.71668841,60.71668841,60.71668841,60.71668841,60.71668841,60.71668841,82.57731427,84.80172163,82.37013105,84.80172163,84.80172163,84.80172163,84.80172163,68.12628426,75.55484899,71.64853176,73.54985963,71.64853176,58.03350142,64.1263106,60.92796437,64.1263106,64.1263106,86.39573895,73.61366666,86.39573895,86.39573895,117.25136,99.48600243,107.6405928,103.4027742,105.4791351,104.4306348,104.4306348,104.4306348,59.38311773,75.71301657,75.71301657,75.71301657,91.28039843,101.7397751,96.22670045,98.90647233,97.54818568,97.54818568,60.16038367,74.42254154,74.42254154
2087,667,103.9884216,30.67348142,559,103.9869391,30.6735601,142.2912529,,18.1648408,17.81733949,18.1648408,19.30584839,22.76660046,12.12986451,21.56835833,16.00062282,18.55972864,14.64613325,15.65711188,19.51422897,13.78070551,21.12364992,19.04859661,23.25759412,15.75836116,16.06481532,23.57875767,26.5413736,20.08817688,17.80724428,20.34750786,14.70569887,15.02195045,15.01835053,17.96528732,18.83762428,22.91939644,18.49272601,16.69921794,38.41863829,23.55614541,23.46176384,15.82723653,31.33018412,37.85087516,16.78643352,15.88572716,19.40335267,20.28706972,29.52440982,21.84428616,23.17866563,19.2574628,14.16192173,23.53362222,20.80619458,16.33212518,62.46933054
2088,667,103.9884216,30.67348142,577,103.9891873,30.67490119,173.6150959,,17.68908524,21.7396294,16.88576,43.80941671,43.28354191,16.77140461,29.16085593,28.21204492,29.16085593,25.55300545,22.28215135,25.26161045,23.67852295,27.90502146,23.67852295,28.44206349,23.67852295,26.65306376,27.47567412,26.70377389,29.23367015,20.52324599,29.23367015,29.23367015,52.7438266,31.1223578,46.12796057,37.1548777,38.44395783,41.32075019,25.36794241,41.32075019,34.20051137,37.42497828,27.21137273,36.56317288,36.14698472,45.58115122,29.05968097,31.80734581,36.14698472,32.89942578,34.60504663,33.73068843,34.16227381,33.94510937,35.21207579,34.05334537,25.56295891,24.87619285
2089,667,103.9884216,30.67348142,790,103.9918974,30.67315839,334.8991809,,46.07530132,47.77953969,32.57220903,47.77953969,47.77953969,50.37480716,47.77953969,31.01982121,45.96551108,53.11176437,44.28418921,40.45761917,42.28450859,42.28450859,43.76178044,43.01046337,49.76829933,39.39990364,63.95952526,48.76186254,48.76186254,47.37277215,48.76186254,69.48916722,67.73241861,67.73241861,67.73241861,51.63327843,58.59718354,54.89525561,56.68584431,55.7761828,56.22733461,55.7761828,55.7761828,52.76310946,54.22782436,53.48544088,53.85407427,53.48544088,53.48544088,51.80922315,54.22655404,50.23487714,54.22655404,67.47968569,148.8440804,40.05438708,58.34904059,71.23409461
2090,667,103.9884216,30.67348142,832,103.9882345,30.67074127,304.2261242,,37.74430949,41.27691133,34.46908204,51.09863362,51.09863362,51.09863362,45.66563088,51.45876495,42.86552044,61.87649984,61.87649984,61.87649984,61.87649984,61.87649984,61.87649984,52.52825166,56.82044343,54.59010827,55.68295124,55.13111453,55.13111453,54.39804871,54.76212844,54.57948142,54.67065238,54.62502886,54.64783111,54.63642759,54.64212875,54.63927803,54.64070337,54.63999068,54.64034702,54.64034702,54.64034702,88.68129936,67.61821532,76.73051586,71.88674953,74.22969813,73.03943949,73.33341119,73.48128625,73.40727425,73.44426158,73.42576325,73.43038699,73.43269907,73.43154298,73.43154298
2091,668,104.000968,30.65963267,460,103.9987553,30.6604005,228.4536373,,44.09828924,61.22330728,44.09828924,49.84442996,53.06019963,60.47302164,52.78408411,54.49584279,52.13521992,39.07045579,57.73301872,59.88590494,47.67728083,55.02640362,46.81782319,73.49714873,59.46732424,48.37841731,38.65725473,57.43247865,39.02410886,57.33738348,46.84745473,60.03161272,49.24749068,107.7423268,36.31051189,60.25150874,53.46787257,33.36442573,47.47088567,27.69134998,63.26408418,67.41254871,60.98550485,63.05620659,60.98550485,74.09307156,59.16784851,58.68533804,34.92284901,52.38427352,55.66383041,65.18624259,61.95352876,65.32431249,54.12227658,89.88339828,61.69790655,114.6514537
2092,668,104.000968,30.65963267,1123,104.0024588,30.66283584,382.6730463,,102.2354706,102.2354706,102.2354706,102.2354706,102.2354706,102.2354706,102.2354706,102.2354706,102.2354706,102.2354706,102.2354706,102.2354706,102.2354706,102.2354706,102.2354706,102.2354706,102.2354706,64.98221541,79.45914732,75.26709055,73.3326706,74.28728977,73.80689353,74.04631251,73.92640919,73.98631227,73.95634858,73.97132737,73.96383724,73.96758212,73.96570961,73.96758212,73.96758212,101.2958064,85.50109573,92.73068597,88.9692644,90.33593224,90.33593224,90.33593224,90.33593224,90.33593224,90.33593224,90.33593224,90.33593224,90.33593224,86.9162755,77.17775724,77.17775724,68.53845605
2093,669,104.0872745,30.65548692,588,104.0864107,30.65596472,98.26014065,,16.93419445,15.44700901,13.76406639,12.7933637,18.55058703,16.0941728,27.8898691,18.42377637,18.54450885,16.49601895,19.50976939,15.02863543,19.32986373,19.32986373,20.0417284,17.37195857,23.27213858,22.24757902,22.60297165,29.97767003,20.58768771,24.3641158,20.26780341,19.37121281,19.2174665,20.42137507,23.23154069,23.86080987,20.53467452,24.30460978,25.69514573,22.60297165,22.24757902,26.7971298,24.31201175,24.31167519,22.24757902,22.24757902,20.40787537,24.4377481,20.66368785,26.79822231,22.67541707,29.05433348,24.31178738,27.21050055,24.70802141,17.79386655,23.04472354,15.68676303
2094,669,104.0872745,30.65548692,1124,104.0864662,30.65274298,313.8177829,,41.35731611,51.82312011,34.40844727,41.35731611,41.35731611,41.35731611,47.07266744,34.81491582,56.58150342,53.55929292,53.55929292,51.23039334,49.09558748,49.09558748,47.85924295,61.90378183,35.15800888,39.18640369,41.90445172,39.77971896,42.10226156,42.10226156,42.10226156,45.28032138,45.28032138,45.28032138,52.9154107,35.03082228,53.13941761,48.98442052,45.43206508,54.70915344,53.35272814,54.02242766,49.59367947,55.10946431,55.10946431,55.10946431,66.06690166,57.71361525,57.71361525,57.71361525,57.71361525,48.15105033,104.8486328,62.93838543,56.62877285,63.58784343,63.58784343,120.1855339
2095,669,104.0872745,30.65548692,1368,104.089307,30.65441059,228.3722807,,35.02091121,32.62461153,18.41299464,18.41299464,18.41299464,18.41299464,18.41299464,18.41299464,18.60045725,18.6956273,18.64792085,18.6717436,18.65982462,18.66280294,18.66429246,18.66354767,18.66392006,18.66373386,18.66382696,18.66380368,18.66379204,18.66379787,18.66379496,18.66379641,18.66379568,18.66379605,18.66379587,18.66379605,18.66379605,26.8234979,22.01178617,24.18059448,23.04527577,23.59928849,23.31899203,23.45830299,23.38844007,23.42331943,23.40586676,23.41458985,23.41022749,23.41131792,23.41186318,23.41159055,23.41172686,23.41165871,23.41167575,23.41168427,23.41168001,23.41168107
2096,669,104.0872745,30.65548692,1620,104.0893045,30.65943908,479.26032,,105.5252081,119.81508,94.28071869,169.9839559,126.3983262,126.3983262,126.3983262,90.80721853,94.45276378,94.45276378,107.833572,86.7003594,102.9710502,102.2119166,102.2119166,102.2119166,102.2119166,125.0244313,102.2119166,80.70703933,81.38382792,81.38382792,107.833572,107.833572,110.8947286,185.5201239,114.134762,144.8314154,144.0181262,145.6539422,89.86131,100.9877667,95.10020343,100.9877667,100.9877667,124.124975,100.9877667,72.95294512,91.50648367,128.5646164,83.6527104,101.3562727,101.3562727,233.1536692,141.2907894,175.9538175,137.964888,97.75281314,134.791965,168.1615158
2097,670,104.1496203,30.63655116,149,104.2035543,30.6181818,5555.625992,,581.17234,634.475488,608.3863395,513.8405068,587.1059539,636.3174729,503.20378,692.0502966,595.0157681,495.4390109,537.889746,704.5887014,721.5509691,668.345984,588.4590974,473.6790864,291.9745047,737.5914651,739.4070858,587.0508831,765.1064315,590.7352558,659.6920184,713.1388299,590.7001144,682.728686,553.9539304,664.1390959,659.5299042,567.088253,640.7835551,663.4806213,681.6884763,672.4613205,731.5254056,581.9867868,611.00571,718.1956733,725.0299552,527.363311,551.2966135,808.0910534,441.3605555,496.7604612,482.8063626,441.4845518,413.3762016,482.8063626,482.8063626,352.6137795
2098,670,104.1496203,30.63655116,436,104.1488547,30.63519483,167.2679445,,22.60493338,23.21822249,24.07525447,19.04193579,23.12164087,25.59135572,20.74045696,25.96656318,22.16347622,16.64587699,20.87564835,19.3633176,23.93431766,23.11225789,19.10236033,15.41820005,23.00301615,24.500368,24.93950095,19.33545824,25.95146788,42.1094126,19.4822734,26.80755037,19.69467212,24.2208999,18.67399762,19.76497272,22.87605921,18.98973826,21.44167138,21.61308635,22.60296823,23.43931421,23.06512832,19.86351896,20.74045696,25.70388286,53.76469645,20.71371941,21.3173489,22.51082372,25.43820196,22.67069599,27.27469296,19.39717098,18.95624609,24.44015156,29.43370754,18.09932673
2099,670,104.1496203,30.63655116,490,104.1515982,30.64137098,566.8046306,,31.74635037,35.13251843,35.90843238,31.27197962,34.45329962,32.20989219,34.24290515,26.72556215,33.86716465,33.41789502,32.77906297,29.68920534,53.18410087,60.72906756,44.80387921,32.48164072,41.07004368,32.38026982,30.97528152,31.56220681,27.22477212,39.83400039,31.82061084,28.0802294,39.7370335,35.8737108,195.7310955,36.32069545,29.38080159,32.17603159,62.69609536,72.05992662,25.99358815,40.37922171,72.05991326,57.20016362,33.93757456,31.48914614,51.29023889,175.9048854,69.33586205,34.9699515,29.01523882,75.37093141,29.31748089,31.35473797,28.61846662,27.49995512,26.71389924,37.950961
2100,670,104.1496203,30.63655116,517,104.1446052,30.63798103,506.067925,,53.90072574,43.17167133,50.96068615,47.54196136,46.47562577,41.1716278,45.13624325,42.2163024,50.54536584,49.37248049,76.70924337,42.44250507,49.47618438,47.00776081,78.75408632,44.75998594,41.35855914,51.25326038,43.59131521,49.23904135,51.17666138,48.58907948,50.64782662,56.80768996,52.53318011,47.95116381,45.78881014,36.40049011,53.32923039,42.59114463,48.61788694,52.93043921,53.90387109,49.04022961,62.82222517,53.68987618,54.28113532,43.56742598,49.52346667,80.970868,56.03109446,46.01803335,44.16860489,45.83160597,45.94367042,73.31366318,49.59693308,62.28186845,45.31951567,32.938791
2101,671,104.0578935,30.61635561,308,104.0579254,30.61419904,239.0312783,,34.01235581,34.01235581,33.56787993,45.54482842,44.65555796,35.41204123,53.91682969,53.95063335,34.22709383,42.25102791,27.75847103,48.07332971,48.61653118,33.87844889,44.64397416,40.39965267,30.33621809,30.3531782,66.02398482,39.51837437,40.65413867,44.81836468,53.10986588,33.09663853,37.52962501,34.19353095,41.99671068,42.59963376,39.8197821,38.38123422,30.44138074,36.80025383,59.96603497,52.79218416,41.23862309,47.28091219,34.79161464,43.19842379,42.71279225,67.49118446,46.57713677,44.93538391,36.85278809,35.05394687,29.42517238,40.15368554,32.53355773,29.76307071,43.24701361,27.7137714
2102,671,104.0578935,30.61635561,722,104.0577827,30.61849646,237.5079512,,20.47972753,20.47972753,17.92512839,38.10005009,47.73362871,31.01675783,31.01675783,30.75905972,30.50560841,26.91792386,26.91792386,26.91792386,26.70176387,37.80524499,37.80524499,43.46550741,40.43826611,41.89727544,40.43826611,38.28486378,27.63728887,66.53919255,30.73569532,34.61654349,27.14376585,34.38452912,37.99926164,54.11573572,42.46328747,31.00738438,39.82831723,37.50125545,56.12879373,37.50125545,29.3091769,32.90297312,31.00227398,32.90297312,31.92435781,34.31880947,24.69396749,43.47603174,52.2953287,47.47960895,49.77125147,48.5984298,49.77125147,58.40359456,53.74299292,53.74299292
2103,671,104.0578935,30.61635561,770,104.0602206,30.61638355,223.0838282,,28.08048187,29.88285699,29.88285699,31.9324764,30.87368694,31.39415711,31.13174683,31.26240132,31.22963499,31.21327757,31.22145414,31.21736532,31.2194096,31.2188985,31.21864297,31.21877074,31.21870685,31.21873879,31.21870685,28.65662021,43.17751514,34.44940618,38.3227811,36.28301145,37.27501198,36.77232267,37.021961,36.89671959,36.9592342,36.9592342,36.9592342,54.63277425,36.9592342,35.06994679,35.98981298,35.52392608,35.75535198,35.63926334,35.69721328,35.66821477,35.68270813,35.6790837,35.67727175,35.67817769,35.67772472,35.67795119,35.67789458,35.67786627,35.67788042,35.67787689
2104,671,104.0578935,30.61635561,1185,104.0551395,30.61637622,264.0017055,,64.21663107,60.37062595,60.37062595,60.37062595,41.0838389,53.66061445,48.29299491,123.4293688,66.25347785,51.46603644,69.8828044,53.47944517,53.47944517,53.47944517,60.82599295,56.91663332,56.91663332,56.91663332,48.99000721,43.69683401,47.5851959,73.39043551,61.31652515,54.00034885,71.45910826,71.45910826,71.45910826,81.231294,71.63865374,71.63865374,71.63865374,71.63865374,71.63865374,71.63865374,75.04725544,81.09267404,78.79642742,62.32171409,119.6554493,79.20051165,79.20051165,65.88604089,65.88604089,65.88604089,25.04364005,81.93156378,66.00042638,66.00042638,66.00042638,88.40987347
2105,672,104.1346143,30.60842985,63,104.1392625,30.60626466,506.0911374,,75.75584593,75.75584593,50.82086735,51.56400268,48.98204803,47.75696185,47.75696185,54.93250536,47.75696185,48.0614138,47.75696185,47.75696185,47.75696185,47.75696185,50.24968888,47.75696185,53.23383768,47.75696185,66.03431762,47.75696185,52.96302601,59.57258076,73.05977322,52.65688135,52.65688135,54.38084043,56.2323486,77.3642503,53.91316722,53.91316722,53.88825125,51.55792273,53.8633583,50.31709489,53.74419158,51.97421018,54.20028597,52.18054803,54.83145538,54.0227142,56.10749521,59.56928375,61.59104581,58.2822716,58.83711679,59.65126224,66.15216999,59.04729412,72.61328165,63.60556682
2106,672,104.1346143,30.60842985,284,104.1369858,30.61186495,443.4145726,,22.00265281,58.28543903,24.07227086,25.35810105,24.93093982,28.31560907,39.1056458,27.79507366,34.15747064,26.91892852,24.78715002,48.59337782,24.71040962,27.65100401,20.25751855,55.52321605,27.86823431,33.45523123,28.05434906,27.30038414,29.89311725,23.71905589,24.94206971,37.47165402,34.29199702,25.41361133,20.71089797,22.55446784,24.03796328,57.94165014,45.82657784,28.8399722,30.22400524,25.17811453,27.67737254,24.23871416,22.62960677,26.91892852,33.90698598,21.91956693,26.58272209,24.68311736,24.02697966,24.88374842,29.89933851,26.1564776,19.59843415,21.67771124,24.37832103,39.41462868
2107,672,104.1346143,30.60842985,822,104.1341692,30.60786785,75.50330093,,10.07176965,8.272235862,7.124820009,7.692789152,7.124820009,7.124820009,7.124820009,7.700053353,7.124820009,7.124820009,7.124820009,6.956158243,7.124820009,7.124820009,7.419796634,7.124820009,7.124820009,7.124820009,7.124820009,7.124820009,7.124820009,7.124820009,10.89972465,7.346267118,7.346267118,7.346267118,7.346267118,7.346267118,4.149799746,3.913778018,3.913778018,3.913778018,3.913778018,3.913778018,4.097666583,3.913778018,4.135069219,3.913778018,6.391813835,3.913778018,3.913778018,3.913778018,4.178507046,3.913778018,3.913778018,3.913778018,3.913778018,3.913778018,3.913778018,3.913778018
2108,673,103.9922205,30.71446713,36,103.9945272,30.71275996,290.8539716,,27.12627714,57.21717474,70.74826336,33.74031035,53.2862238,29.12584973,43.13385367,41.63317287,77.94597752,58.99010128,36.8688133,27.62729018,37.98334816,31.68152187,38.36280127,37.53915537,41.22339755,38.05236696,36.8688133,50.82884941,36.45606586,39.96466785,45.72376846,39.96466785,41.79937316,49.97968008,38.23764934,25.17005523,40.9241769,43.0451921,49.86068085,47.39041515,41.10491459,39.78749706,40.7648503,42.61813473,41.13904093,56.90621183,38.43179658,52.93601101,45.00319331,72.7134929,44.74676486,33.13526259,55.84396255,18.2417125,35.15429363,41.44182836,44.10740966,54.39347001
2109,673,103.9922205,30.71446713,299,103.9944727,30.71680117,336.8025037,,58.43320546,35.51780339,58.43320546,30.02603964,32.36000703,29.53013808,41.05493274,48.89068602,28.87738049,34.60546595,44.45422597,28.80021409,32.26850335,48.24226844,66.62027546,38.11716958,55.78937179,38.57335144,44.0447488,28.69796481,31.93014403,29.48525604,40.8245459,36.06374936,33.8369027,37.83117046,35.31950032,37.00843993,37.53835955,51.54866401,45.16380799,41.43785876,50.88192494,30.85213774,47.20480029,40.06572535,37.38644096,42.84413475,50.59064033,33.99184226,40.79021071,36.08598254,42.69327512,40.50631448,33.34761632,34.67970006,38.50122119,50.62584607,51.23193013,40.89338999
2110,673,103.9922205,30.71446713,529,103.9863879,30.71780493,669.9234775,,40.38386669,40.38386669,77.71400169,77.71400169,77.71400169,42.12619247,193.7128128,110.3181518,146.9443728,87.53990995,114.2997402,190.0658552,258.5669562,67.65005663,96.56554631,79.07293505,91.2453058,73.64044333,157.1887489,101.332963,168.2598502,93.13203376,77.60979949,71.30005969,177.3326852,73.19346036,124.6727207,162.8932132,162.041961,149.796554,99.65803798,84.56257079,104.8575878,80.65968291,79.92459052,82.83580246,89.78355885,160.9604796,95.09377843,87.2140328,165.1866109,131.3349552,43.69066158,71.00268456,128.6253077,162.9543594,108.5886845,78.1758353,147.5060868,85.34057038
2111,673,103.9922205,30.71446713,691,103.9901669,30.71201697,335.2836766,,47.61424993,34.10868911,26.57173882,29.87214195,28.12544932,28.97249338,28.97249338,30.57261664,37.36907851,27.55756246,37.36907851,38.99907062,38.16667939,38.16667939,26.09775645,37.55803145,47.42716054,36.96849114,36.96849114,32.57817101,32.63689687,32.27329507,32.63689687,33.03136791,33.4354913,52.25200155,40.77774445,45.80725752,43.14642487,44.43704503,43.78222574,44.43704503,44.10720514,45.03810581,42.20353971,28.33383183,30.87010833,31.93177872,35.50062458,33.06907495,47.05735812,60.50231758,35.74593985,44.45750408,44.45750408,44.68380327,63.94814494,44.91241807,44.91241807,40.53807677
2112,674,104.0182871,30.70949657,629,104.0279096,30.7154902,1135.948688,,97.45329859,68.49463789,101.8106407,145.5631689,154.3175576,151.7856276,103.8380731,95.72414576,146.2827404,114.3572505,128.1055952,167.3418016,127.5285429,161.1274735,155.4254117,123.3372671,222.2508303,178.8374027,211.8868019,181.8468734,250.6098222,168.5729253,127.1485512,137.6038789,156.9859363,179.9522674,153.0469789,315.1765146,180.6810874,156.983312,153.4489785,208.6436366,167.4274422,183.793945,182.1971609,182.7671632,159.2761549,148.6789775,201.531759,213.5464897,201.0775797,177.2947959,216.550205,410.3092251,232.1915114,209.1333761,252.3846101,204.4707638,197.8635351,188.1692634
2113,674,104.0182871,30.70949657,1365,104.0101791,30.70649574,844.7026092,,146.6867611,167.2607663,123.1544384,159.4464189,131.655866,292.7688608,289.6722966,279.3504691,131.2427243,174.3985505,147.6730748,169.9668919,115.2412844,208.2828351,167.5443192,179.6949951,178.5406228,173.1532542,145.6483459,142.9455998,163.564109,210.3143223,201.2749737,137.8283838,139.9005576,145.5723318,227.8625566,130.8864875,206.4646532,141.2196313,184.5047372,130.680249,155.4667379,182.4391782,131.0510063,135.9580951,144.3876466,161.670943,139.6428949,117.052615,166.7965143,282.0423552,135.389463,150.9728847,101.3305363,147.7374604,169.4583111,94.52912987,106.0190545,120.7859225
2114,674,104.0182871,30.70949657,1510,104.0140284,30.71606518,834.4591962,,115.6294498,100.5036168,88.87731084,93.53123172,98.69947481,85.04042764,98.69947481,155.4490611,109.2382948,87.32712518,109.2382948,151.4648625,109.2382948,95.51838176,150.9574425,84.86025724,158.82456,167.556747,187.7533191,146.5391759,76.73188011,160.1094261,102.5274098,125.0061111,102.5274098,102.5274098,74.63485978,118.3280396,254.150009,139.8860585,157.8311615,131.5403659,77.82521001,124.1344259,127.49297,133.7115626,131.0383034,133.2174327,132.7269414,134.9436433,117.575464,140.3763134,180.9670546,153.3984565,169.0836645,81.1906245,107.2237872,103.9464743,100.1351035,87.83781013
2115,674,104.0182871,30.70949657,1669,104.0201392,30.70653513,373.0802071,,42.23549514,42.49160282,43.9996313,44.74232671,47.17859237,54.20823522,43.08694893,61.89349058,61.89349058,40.53587764,48.98803935,44.36296435,46.5609272,45.99126791,45.7116337,45.85102444,45.85102444,45.85102444,64.109248,58.30488666,55.77977537,58.30488666,58.30488666,158.632529,150.9088478,150.9088478,150.9088478,150.9088478,150.9088478,150.9088478,150.9088478,150.9088478,150.9088478,150.9088478,150.9088478,150.9088478,150.9088478,150.9088478,150.9088478,150.9088478,150.9088478,109.194207,95.9349104,102.1360263,98.93839746,100.5117864,100.1137663,99.71888598,99.71888598,55.94017943
2116,675,104.1138323,30.68001049,1062,104.1083185,30.67849451,554.261027,,71.51755187,61.54656685,46.85729231,46.00206795,59.7407095,67.28510191,53.17360952,48.35233515,63.91222605,75.41780712,63.19699211,121.7731288,74.27974675,61.48966709,68.62386172,82.6694413,43.2932914,51.96197128,102.0634116,43.78488364,47.64990322,67.99718772,67.08968257,69.77996365,74.83693192,77.82136105,58.76052957,61.11300757,47.25239326,57.65211491,46.83896003,58.69797109,71.33706592,55.22157834,77.96833723,73.11265419,190.8111732,111.0836296,45.7227245,68.56837447,64.11465633,55.66318664,45.09242254,42.25176701,65.32212556,45.76467195,51.22823356,51.66405726,71.40786238,49.05335866
2117,675,104.1138323,30.68001049,1158,104.1164574,30.68081382,266.7629033,,27.85407047,25.7811128,25.7811128,23.95732417,24.6558781,27.99843883,29.22539415,34.95346504,51.63152967,51.63152967,24.28621808,51.63152967,59.46417659,21.27013182,28.25471745,26.44368385,26.28685544,26.60239479,27.39374557,26.5721633,21.97589135,32.96383702,28.02567466,28.02567466,28.02567466,22.00106419,28.02567466,26.90548521,29.5794595,25.87140226,23.36609372,25.57513853,23.59573592,25.9152859,24.2435204,24.92787675,21.90904453,27.30842991,29.91733495,22.09724924,22.89264486,26.84406574,24.43629649,24.44873859,28.86090013,21.89239632,26.2031774,30.9077019,47.23015338,30.9077019
2118,675,104.1138323,30.68001049,1274,104.1119057,30.68279465,359.5430798,,29.35045549,63.51797047,65.82706228,76.43829257,61.93086542,148.7764468,70.05981528,124.4572199,66.37718396,52.24440312,43.07338061,40.1474903,49.63969654,66.76850117,43.5443259,68.97096379,49.16828442,71.99750176,48.4172726,59.10297202,65.70330392,80.2949806,52.12168137,41.55233025,65.04296921,46.49871312,90.83193595,48.39297971,50.44813814,40.89589533,58.5681035,65.60084263,61.88531126,79.24622985,53.95100943,69.39262601,65.77007557,51.36329711,48.65996569,64.45991471,65.66626711,48.15707228,66.96589512,57.17747487,68.06883548,55.41403032,57.70913213,60.2025622,46.11716462,64.53848079
2119,675,104.1138323,30.68001049,1680,104.1171783,30.67164767,980.7063535,,92.26157332,68.85810567,78.78677607,65.92983889,92.06109185,79.16015409,92.38228187,92.70572095,87.5289538,118.474593,114.5350486,94.60189905,112.0969017,63.04540844,125.7315838,84.29008455,100.4707704,72.59823411,81.22414584,102.7440632,105.4854248,102.7440632,108.3770835,75.41746382,79.97993563,82.54074672,82.54074672,138.4526617,90.79162946,86.0886994,96.03808333,98.94755148,64.98501212,83.20211012,113.2945968,93.31831382,94.2195963,109.2483612,79.62882149,79.62882149,79.62882149,87.3642341,82.87055386,102.1125921,71.52112634,77.04021344,94.85040554,94.48630632,96.49221334,80.18898638
2120,676,103.998059,30.64659511,304,104.0029427,30.64826448,503.2303635,,52.0209421,75.9665392,75.9665392,67.53510936,67.59810853,56.96947511,62.95844687,58.25174626,83.32100009,83.10226186,73.69964134,83.87172725,92.07772852,77.25498118,58.5340649,74.41866223,58.91477426,64.36771393,74.47602502,82.00791109,70.67474547,66.408699,52.81718101,93.26277007,75.48455453,73.53670721,77.91954015,88.58823025,45.00942382,69.19017093,70.62882295,63.56594065,86.68082816,87.94317032,111.1429024,102.3519383,108.4158772,69.41108462,121.6402848,73.79345453,69.67805033,81.95236363,113.9389502,75.87976162,85.05301918,93.80604834,82.62847474,118.0214533,64.70104674,76.11887851
2121,676,103.998059,30.64659511,631,103.995507,30.6497011,422.2628695,,63.76006977,71.36837231,68.78490182,67.26311196,88.48348837,69.13684276,104.9824814,65.28235773,66.72185796,102.3667562,50.84101439,68.70200346,56.12724632,60.52341062,53.18048647,86.04601867,51.18337812,95.90828582,57.04113809,94.41902672,69.57191443,59.66757938,76.30405451,79.53817943,63.33943043,64.41298009,83.371828,55.00529484,74.10837724,49.40224616,82.05918112,74.51697697,100.481816,101.5786333,181.6907964,155.1169725,163.0183732,63.29952118,67.08583254,89.68414927,132.7252326,78.96864053,55.68301576,107.9649382,86.67976224,89.42037236,87.05204468,80.00770159,89.42037236,91.94433451
2122,676,103.998059,30.64659511,1628,103.9995359,30.6447123,252.1376521,,30.45106674,34.95618283,26.97460765,26.97460765,25.24883303,26.08320539,25.65923809,26.08320539,27.69052921,25.59291957,27.69052921,27.69052921,42.61481444,27.3278804,18.99938352,26.97460765,40.10436882,32.25450568,32.25450568,19.90560411,27.92909377,27.92909377,27.92909377,39.12480808,24.26993443,29.78003765,29.78003765,29.78003765,29.78003765,29.78003765,29.78003765,26.08320539,27.80929986,26.08320539,26.91861054,22.66405862,43.08681396,43.12092863,43.10386455,43.11239489,43.1081293,43.1081293,43.1081293,33.93254383,34.81571963,34.81571963,34.81571963,25.82348642,34.25266217,34.25266217
2123,677,104.0580009,30.67074252,1685,104.0579058,30.67416757,379.710862,,80.22501844,67.73685097,64.83031052,44.99042578,49.36190423,50.36504962,55.03609877,50.37932813,65.88768111,66.59618591,64.54444332,46.62207037,71.21005144,54.09108945,69.22188141,84.71397397,108.4888177,60.63823652,59.66884974,85.0261643,57.74047172,52.68793118,83.91972666,64.83435158,64.25189674,89.65213311,123.7867235,101.1563224,89.93151995,89.38700846,70.6823322,105.7316433,80.69756462,89.53880587,118.9953517,92.59672164,66.4378665,93.44446994,95.84288191,80.88515404,73.37407961,72.38479978,105.0038417,73.97854436,61.11111286,56.05162904,106.1029058,41.11717291,51.77875391,57.30683776
2124,677,104.0580009,30.67074252,1719,104.058001,30.66940919,147.7734406,,11.92790103,11.92790103,11.92790103,11.92790103,11.92790103,11.92790103,11.92790103,11.92790103,12.02224601,12.0699804,12.0699804,12.0699804,21.27937545,15.08105985,13.16385737,13.16385737,13.16385737,12.32872274,12.73261059,12.62917791,12.62917791,12.62917791,14.47576561,13.4895702,13.96527885,13.72330324,13.84323371,13.78300759,13.813055,13.79801494,13.80553088,13.80177188,13.80365112,13.80271144,13.80318127,13.80294635,13.80306381,13.80300508,13.80303444,13.80300508,13.80300508,13.7746276,13.76048258,13.76755145,13.76401611,13.76578355,13.76534165,13.76512071,13.76523118,13.76523118
2125,677,104.0580009,30.67074252,1892,104.0595661,30.67321994,312.851384,,81.31877129,59.14739513,46.47585898,59.14739513,63.99232855,61.47454988,63.99232855,63.99232855,84.36441816,84.36441816,84.36441816,84.36441816,84.36441816,84.36441816,84.36441816,84.36441816,84.36441816,84.36441816,84.36441816,77.94221331,51.78229804,62.22458466,62.22458466,62.22458466,94.64411617,62.22458466,62.22458466,35.08613652,65.57583595,92.82403704,69.3086143,79.36100872,69.3086143,69.3086143,53.2512994,60.22807393,56.52521869,58.31792789,57.40758114,57.40758114,57.40758114,35.40669952,29.71307922,32.3109841,32.3109841,32.3109841,32.74026112,32.74026112,44.69305486,36.40158314
2126,678,104.0899921,30.63529384,1746,104.0872468,30.62967908,675.6140046,,65.79469115,73.64383578,81.25424555,67.7260123,72.82067115,70.83248392,81.45834497,81.77787894,95.75631561,67.74959378,65.92980429,76.45026007,75.8643299,86.30980896,58.80823091,82.72824546,90.13750773,91.38223833,80.43530511,123.9869371,128.2736229,89.5092492,124.527076,78.6486796,70.13845741,64.69720144,66.77580278,84.15319983,117.7182247,62.6320279,76.54478101,74.19799928,83.04602361,66.64459648,60.38518953,78.57104719,94.87850269,87.35865009,65.25669957,75.17133841,77.92424242,56.66846264,81.75497199,63.94434651,77.85564714,61.32267045,65.07815507,56.30116705,66.00299638,87.67509984
2127,678,104.0899921,30.63529384,1816,104.0863831,30.64181519,801.2480006,,137.520515,167.216974,102.361711,88.6544309,147.1210865,106.1776491,106.1776491,106.1776491,106.1776491,106.1776491,106.1776491,106.1776491,106.1776491,140.0239224,140.0239224,227.1254175,173.2428109,173.2428109,173.2428109,182.5628356,175.6160001,179.0220513,175.6160001,175.6160001,109.4684175,130.5200363,130.5200363,130.5200363,130.5200363,136.8679859,228.9280002,143.8649777,121.4523285,131.7120001,196.2240001,101.9255407,134.1624559,134.1624559,134.1624559,203.1332959,175.8837074,175.8837074,175.8837074,140.5355811,100.0691345,117.0179636,95.19778225,100.0691345,100.0691345,101.9705807
2128,679,104.1482109,30.62933224,254,104.1462001,30.63025162,217.9900907,,37.45891773,37.45891773,13.92660739,21.01109308,29.02234935,34.10535969,33.35322506,36.5077415,28.33084211,27.68128136,32.26525478,27.24876134,33.85758824,33.05198624,31.4366802,35.11249783,34.53308368,46.89826653,44.03095033,23.47251226,33.42267149,34.22248358,36.44134323,29.39192234,28.9937559,42.88329653,42.88329653,26.46759955,42.88329653,42.88329653,31.26551102,34.41948801,42.88329653,39.48499756,27.63254671,35.87494064,35.1912254,32.90416463,32.53583443,56.71286913,29.21684015,36.09297166,47.73021752,47.21807019,47.62762382,34.23928126,47.60204426,34.47536398,32.97329103,38.70600871
2129,679,104.1482109,30.62933224,370,104.1515025,30.62822194,338.6277925,,84.5590788,64.70594761,61.81846111,57.50283269,48.81121333,40.03481291,56.24267834,63.49271109,66.4639738,63.35130195,50.09835835,78.64903568,49.98423907,54.56848939,40.01291202,65.71752307,45.52978723,108.6022319,74.81764806,65.65853067,60.66750848,40.56772223,76.27070198,78.43596685,93.77385023,42.66176913,52.44880376,66.02898053,68.92212314,36.90393703,49.64177062,61.67251532,72.05378961,74.14925242,82.64813919,87.70216209,73.36829358,99.24487101,66.67602844,40.81674284,71.29006158,68.59662678,71.09116322,70.23436413,45.48731541,64.958795,73.53887465,73.53887465,59.23821229,70.76843748
2130,679,104.1482109,30.62933224,553,104.1510429,30.63182274,387.1093873,,118.101169,94.76200896,118.101169,64.56805225,114.463556,82.13715878,74.62349635,69.62167164,135.9603702,76.90561294,72.73691309,64.51916465,165.9040231,118.101169,107.2224334,72.567262,119.1105807,92.90625295,93.37311854,89.21081867,98.53071458,91.62352362,79.07243673,95.72481703,64.76871339,148.254659,87.85461272,75.30395376,70.80070082,65.75270783,74.58551062,70.57421342,51.61458497,76.9233005,74.73888719,122.2450697,100.5237169,93.79206694,90.20024558,112.0102179,94.38761414,84.37500266,96.97376361,79.66594447,79.40234093,79.70760106,90.04694966,85.55741256,87.5098144,73.20704201
2131,680,104.0519133,30.59656657,738,104.0578933,30.59668669,573.4910421,,69.46728639,69.46728639,69.46728639,69.46728639,69.46728639,69.46728639,69.46728639,63.41134636,58.32112293,64.51774224,90.95012121,53.84892414,53.09078114,53.27830845,53.46716523,53.37256978,65.64603344,38.63819872,49.47047328,49.47047328,49.47047328,48.72136287,49.09306057,48.90650549,48.99960547,48.99960547,48.99960547,79.40645198,54.73811512,61.99903158,37.06584832,64.16682989,39.21306271,44.59109615,45.57544705,46.60423818,117.8630495,45.27560859,39.28768319,42.06964343,40.63109966,40.63109966,40.63109966,38.69855204,40.63109966,42.76127382,70.90673445,58.07504224,62.01455073,62.01455073
2132,680,104.0519133,30.59656657,863,104.0519979,30.59381519,305.0422449,,31.98113088,31.13852783,32.25426361,31.27450394,32.48970656,32.48970656,32.48970656,32.33028699,32.48970656,49.09770856,32.18814113,31.4957576,31.89212241,28.38213435,28.38213435,28.38213435,28.57290759,28.47720147,28.52497425,28.51301604,28.50704068,28.51301604,31.20604446,34.46083938,35.85802716,35.14555269,35.49821531,35.32100373,35.40938781,35.36514054,35.38725034,35.37619198,35.3817203,35.37895592,35.38033806,35.37964699,35.37999252,35.37981975,35.37981975,30.25673306,26.42965299,33.31772092,34.75164815,34.01958122,34.75164815,35.20658557,35.67359226,40.46000914,37.91634291,38.52179626
2133,680,104.0519133,30.59656657,947,104.0481868,30.59674836,357.842533,,33.65729899,42.14043568,39.24349468,38.51220086,38.51220086,38.51220086,90.40232413,54.01396725,60.05748806,63.61645031,61.78576109,62.68774301,62.233484,62.34643043,62.34643043,62.34643043,59.09326233,62.34643043,109.1722982,92.90142681,85.60280988,92.90142681,33.07402102,70.78203949,70.78203949,70.78203949,70.78203949,70.78203949,70.78203949,70.78203949,70.78203949,70.78203949,88.23514512,88.23514512,88.23514512,101.0378917,88.23514512,88.23514512,27.82360948,42.30650636,38.91942957,38.91942957,38.91942957,38.91942957,38.91942957,38.91942957,69.13594557,41.75796171,41.75796171,41.75796171
2134,680,104.0519133,30.59656657,982,104.0517689,30.6005863,445.7206334,,41.44453586,31.56578912,60.32309324,67.99128306,63.92805897,65.8970957,64.89764531,65.39355192,65.26886611,65.20670134,65.23776891,65.22223141,65.22999924,65.22805711,65.22611511,65.22611511,42.78918081,51.67734827,46.81512956,48.55050772,48.55050772,48.55050772,48.55050772,48.55050772,48.55050772,48.55050772,48.55050772,48.55050772,48.55050772,53.66536054,67.94330049,94.38789884,92.57274695,93.47151145,93.01995827,93.01995827,93.01995827,51.76110581,52.09721689,51.92861748,52.09721689,52.09721689,63.73760795,54.39302645,56.00678116,54.39302645,53.16998798,52.00074056,49.3114407,49.95734633
2135,681,104.0926227,30.60533263,663,104.0925346,30.60710553,196.6699687,,33.00754719,26.44055223,33.00754719,26.96332164,19.18731402,31.86850205,22.37004383,28.04007475,22.53618739,32.42802538,25.60621654,22.12537148,37.19852298,26.45125357,31.83193592,26.26589854,29.48294594,31.25880297,34.20347282,27.92946301,28.32047549,23.13764338,29.96241588,41.10373802,39.627531,38.9731314,23.83878408,23.20139568,33.34794274,21.2935906,31.27606349,26.49249345,23.71457754,29.29704361,31.46719499,38.90175205,34.36950909,24.56479177,33.31820646,22.299587,32.10938264,28.13292267,31.74941199,52.83670801,30.23538308,33.8458028,27.28369508,31.23581855,26.83557375,38.33467112
2136,681,104.0926227,30.60533263,878,104.0955874,30.6052878,284.2564098,,37.19822157,38.04175001,40.38370463,38.04175001,40.65205428,35.84319003,34.7543686,36.91715675,48.26995638,37.72619632,22.61487459,61.3871071,54.49004661,54.49004661,54.49004661,54.49004661,64.63093108,43.05707189,43.05707189,41.85370451,31.61657287,37.56079804,37.56079804,37.56079804,37.56079804,28.42564098,37.56079804,40.35892934,43.60751741,64.05778249,40.09886659,51.16615376,40.09886659,25.8089048,40.09886659,44.88259102,44.49230762,44.68659717,44.49230762,51.74832239,47.47375091,31.68182896,42.72747705,47.3760683,64.35994184,47.3760683,37.50725994,34.80690732,45.01421153,33.15301539
2137,681,104.0926227,30.60533263,1252,104.0893772,30.60548711,311.6035031,,29.01136063,52.12698007,28.51964266,25.78787612,28.04431528,31.98971324,36.61934531,52.1148716,37.72249218,31.20368877,42.85664226,31.68849184,36.435976,51.14464793,39.13160271,52.48936015,30.42782851,47.2751853,47.2751853,47.2751853,47.2751853,47.2751853,47.2751853,40.254998,37.13454161,27.62986727,34.46306025,34.89571505,36.94092023,35.33937119,41.27198717,26.77261602,39.98171221,39.98171221,39.98171221,48.60834617,33.41924363,40.79173131,40.79173131,41.14709257,41.50869977,51.45745923,51.45745923,51.45745923,35.48041996,39.04081014,39.46429591,50.98966414,93.01597107,40.97799493
2138,681,104.0926227,30.60533263,1302,104.0919401,30.60210279,363.8910957,,49.29011173,49.85758114,52.34274077,53.48335573,57.61894822,47.81050892,47.81050892,47.81050892,57.24725177,63.5155367,60.21871416,60.21871416,60.21871416,50.55099393,50.55099393,50.55099393,55.50881121,32.66852729,69.38601401,44.55809335,39.61717574,42.00426275,42.00426275,42.00426275,42.00426275,42.00426275,42.00426275,43.50680228,45.12082473,47.89791388,46.46791408,47.17207903,46.81734892,46.99404456,46.90553035,46.94974574,46.92762763,46.93868408,46.9331552,46.9331552,46.9331552,36.25706986,32.55442302,34.30612941,33.40732938,33.85076425,33.73880557,33.68310349,33.71093152,33.71093152
2139,682,103.9561414,30.69217475,547,103.9536909,30.69205188,235.1135961,,33.66558618,33.11675042,31.04046988,32.21040609,30.31554436,32.92228641,33.67904755,32.85270762,27.66607382,25.34158521,20.7962886,24.05140268,23.4543525,23.60081873,23.67473998,23.63772156,23.65621629,23.64696531,23.65158989,23.65043358,23.64985546,23.65014452,23.64999999,23.65007225,23.65003612,23.65005418,23.65004515,23.65005418,25.71640576,28.17840852,42.60447714,29.28750678,29.33826502,29.46593371,29.50445128,35.59144057,32.2633547,33.84578103,33.03562893,33.84736712,33.84816023,34.44456608,34.75072058,34.75077283,34.7507467,37.20479382,35.93592605,35.93592431,30.91904847,30.91904831
2140,682,103.9561414,30.69217475,583,103.9627994,30.69202232,637.9453543,,81.89967103,88.18015991,72.76943205,93.24414436,83.3108806,71.21250467,80.75967562,139.3992883,68.41237043,70.58327393,83.89418358,79.86201156,86.23041085,82.66118569,82.38935517,66.62614666,80.48843256,103.6841208,80.02102005,64.36668373,71.44635148,74.30995279,73.08028153,77.36781941,95.65194817,66.20838272,79.33097091,64.45098061,74.88923724,61.54225968,66.35184617,81.43983246,89.36199515,95.05058886,80.69916429,80.44144573,281.7918129,112.3033387,82.02154555,81.66507104,91.74180862,81.58448581,77.32990347,69.76905227,75.4620357,72.50396297,74.54303933,106.3242257,58.2639554,64.60862405
2141,682,103.9561414,30.69217475,756,103.953125,30.69762633,669.7416885,,90.6701377,97.28185918,84.13155262,82.27504107,84.56907072,94.64455657,114.9497058,121.5410248,90.6843471,74.87795275,80.26866679,105.4403824,88.61513307,86.78116661,86.49578757,66.07934439,85.3476134,92.55547327,81.68042727,65.20527414,81.23494457,81.30885391,81.27188244,81.22396951,81.22396951,67.33265289,69.18091182,65.20324941,77.21260343,94.64455657,157.2437008,101.3054655,100.4612533,102.1639864,102.1639864,141.6453874,129.1068315,139.8798758,138.2197107,139.4453534,139.229103,139.2831027,139.3101182,139.2966092,139.3033634,139.2999862,139.3008305,139.3012526,115.0868773,115.0868773
2142,683,104.0435485,30.70448881,235,104.0428838,30.70972262,583.5540994,,134.3791956,104.9348031,140.8747532,123.6974342,191.8534025,104.7255612,152.2315042,125.8903226,92.32008211,105.2613407,80.955482,88.64112902,270.4885954,156.7757282,210.0794758,127.3208944,77.56780645,88.2686873,94.77269583,178.0334541,83.19979239,109.3851025,97.08217155,83.48392704,89.89760932,78.75519242,98.16797934,85.55756691,143.9886743,173.0473441,135.8858187,124.9646584,197.489519,85.33582844,96.16811754,98.78345255,98.23006184,81.4261534,86.80970074,84.03179031,101.0786311,105.8334891,90.84517872,82.48114479,93.99529118,123.7581595,93.99529118,100.999748,94.47081542,141.8497473
2143,683,104.0435485,30.70448881,1501,104.0472504,30.70550355,371.9397429,,51.05750522,57.59066987,57.59066987,57.59066987,67.45506672,59.74935629,51.6981882,62.3145119,61.53414864,61.53414864,56.41782618,73.30199311,57.34402888,63.15957898,94.29458271,69.68286615,64.60714473,75.50656436,85.55802393,52.50914017,52.50914017,52.50914017,48.95733362,66.61607336,48.95733362,48.95733362,40.51386004,48.95733362,60.21284202,78.18879267,100.1108841,53.55932298,71.22250396,78.15076311,65.42262578,65.42262578,65.42262578,64.47751561,65.42262578,87.80216882,65.42262578,55.38709718,71.98833734,73.87492824,102.2124484,85.76352759,119.0207177,81.45904635,79.28189256,59.19941245
2144,684,104.1017061,30.68526712,262,104.1002591,30.68461396,156.3704658,,26.74269249,19.64864492,26.74269249,19.64864492,19.64864492,19.21275348,19.64864492,21.65129526,21.65129526,28.57531355,21.90403412,21.90403412,29.24330789,25.13096772,24.47537726,24.79884039,29.78485063,24.71717571,24.67654474,24.68668995,24.69176569,24.68922756,24.69049656,24.68986205,24.6901793,24.69002067,18.82721327,24.69006033,24.69008015,23.60308918,23.17791773,21.81913476,22.7677928,22.28337167,22.52297782,22.40253409,22.4625945,22.43252409,22.44754922,22.44003415,22.44379106,22.44285171,22.44238207,22.44261689,22.44249947,22.44255818,22.44255818,24.69007355,24.69007355,24.69007355
2145,684,104.1017061,30.68526712,477,104.1023844,30.68413271,141.5225217,,36.101405,23.37739389,23.37739389,22.43174807,21.81931812,22.15536488,27.35468876,32.14708567,28.87941869,39.02823451,41.03203313,25.52190748,31.52079263,29.68262628,31.34579254,16.87023437,31.42035634,32.82185026,32.82185026,32.82185026,41.87515709,40.84796273,41.76074411,39.42189626,38.73460323,35.21124762,36.06945686,40.4350062,36.95909163,24.85273552,46.74138331,19.70913262,25.68812159,32.73598704,34.11703649,36.24050349,36.24050349,36.24050349,36.35363722,36.69731656,36.69731656,48.23489497,39.24116135,40.17263531,37.98996738,42.32907115,50.69463464,38.40724284,37.20360435,29.74710103
2146,684,104.1017061,30.68526712,540,104.1010393,30.68638247,139.1397902,,26.94462905,19.33735222,21.09482639,19.04739674,19.36026575,21.95985364,23.60555145,20.59446872,19.17082831,22.76832931,19.35857951,19.08505775,19.22084559,18.07757383,32.52618472,16.49267793,18.81404997,20.01455566,16.78770824,21.10560156,21.56741635,21.43556603,26.90495858,20.11912116,16.78067822,22.65390136,24.91502037,26.46780685,25.10793207,34.90614946,25.10793207,11.51501712,21.82584944,19.49039863,20.5288215,20.11659617,20.784367,20.27948359,15.41240753,28.06180643,32.20552367,21.71232097,23.68336854,24.75266092,21.39754883,21.2073031,24.54806394,22.11493354,22.5135895,23.51382442
2147,685,103.950652,30.63319074,735,103.9538128,30.63739103,555.4109708,,116.9286254,116.9286254,116.9286254,116.9286254,116.9286254,116.9286254,116.9286254,116.9286254,116.9286254,116.9286254,116.9286254,116.9286254,116.9286254,116.9286254,116.9286254,116.9286254,116.9286254,116.9286254,116.9286254,116.9286254,116.9286254,116.9286254,116.9286254,116.9286254,116.9286254,116.9286254,116.9286254,116.9286254,116.9286254,116.9286254,116.9286254,116.9286254,116.9286254,116.9286254,116.9286254,116.9286254,116.9286254,116.9286254,116.9286254,116.9286254,116.9286254,116.9286254,116.9286254,116.9286254,116.9286254,116.9286254,116.9286254,116.9286254,116.9286254,116.9286254
2148,685,103.950652,30.63319074,909,103.9425616,30.630378,835.7274091,,51.22433574,47.45923175,52.15417113,198.5886913,198.5886913,198.5886913,198.5886913,198.5886913,198.5886913,198.5886913,198.5886913,198.5886913,198.5886913,95.20945167,75.54598048,84.24553511,84.24553511,84.24553511,125.5334634,111.8315687,100.8264304,100.8264304,90.62104436,95.45173091,193.4803005,84.74982177,117.8694877,98.60282418,102.9341677,100.7219523,102.9341677,63.47296778,73.02472507,73.02472507,73.02472507,73.02472507,73.02472507,73.02472507,73.02472507,73.02472507,73.02472507,73.02472507,124.3230857,92.00668724,105.7510957,105.7510957,124.0667494,114.1790768,118.9177341,117.696574
2149,686,104.0189197,30.67281507,1064,104.0190987,30.66725688,616.2614777,,70.71048031,89.46399168,70.47960422,109.6930195,77.3803907,53.12280921,76.83259982,62.62903095,103.6298009,103.7004415,66.36543895,87.01262768,62.12180043,73.67849402,62.09328474,61.41677241,77.91897575,85.52761506,79.03819445,75.42851916,64.66600259,73.21918547,51.59859943,68.33289485,61.36195048,64.52878675,64.37485176,87.44743081,60.40956623,64.295192,82.92420115,81.89680412,67.219266,50.49623983,69.69239749,54.41660483,64.60905632,79.6746748,82.50974063,77.87999015,66.21946631,125.1057135,79.95277046,66.95125197,69.7977282,88.98927513,55.82821731,77.03268471,54.25004514,59.13481971
2150,686,104.0189197,30.67281507,1439,104.0147899,30.67361433,405.4376708,,25.64032701,41.39095028,55.44095776,56.52887742,31.11153869,33.92700842,104.7041331,36.06434629,35.8178065,44.07596602,45.78342581,31.25429582,58.00186946,40.92615795,39.63703747,31.65171368,38.93355226,23.50363309,22.60571422,42.75854808,25.78755503,55.7799598,33.16589165,35.5271955,42.62917583,27.36794304,41.07623682,42.28902858,80.7138589,23.21946572,45.48735847,63.86564455,35.93907331,32.20599327,33.97028167,25.57803372,60.78750826,22.07575924,23.6445102,36.06116405,32.94753081,22.34044309,22.19886867,20.83407281,25.86371438,31.27438643,34.83474021,72.55554008,57.11213536,49.82431457
2151,686,104.0189197,30.67281507,1773,104.0227021,30.67217959,369.1366858,,23.70904672,23.07905642,25.54742843,26.76519776,42.32140347,29.68485634,20.42877892,26.49457272,29.82253296,48.06119598,36.20959316,67.00296147,25.65428704,94.18693787,113.7425452,138.3301945,118.0487878,119.4667645,104.8849305,105.1146754,51.37904932,37.06811908,25.77370188,32.52106623,35.62713321,20.49968483,26.36690613,23.04881214,26.36690613,31.55264113,44.20263913,39.2775981,207.6393858,69.09317517,29.59670532,66.53533345,57.40354509,72.79107532,41.28418578,94.5830654,77.85526584,44.95575335,35.43712184,27.62769374,25.82044175,33.70878072,48.72198236,22.1113489,47.14771658,43.28638661
2152,686,104.0189197,30.67281507,1869,104.0192811,30.67648682,408.4159668,,53.54881562,48.56028376,64.13511365,40.86429907,52.07665221,57.91546849,48.71761035,44.05685722,62.74384697,48.3536874,44.76192187,49.87440572,52.13820853,50.31289089,41.99926883,54.31178028,46.0427186,46.3329038,53.9806326,49.73411453,54.27955627,54.99376095,49.71420052,49.34497448,55.46389672,39.79923575,54.92256776,45.22998182,49.33884163,47.79335782,45.23992248,48.17488468,38.92250114,46.09083011,53.96348742,41.47524628,37.7386417,71.08037131,59.4660255,85.48241166,44.18625035,49.80307612,33.87782213,70.51786477,42.22970264,45.89898483,41.94397026,44.78712952,51.68005204,53.81762374
2153,687,104.0846885,30.65076332,753,104.0858231,30.65025995,122.1942999,,25.50141911,29.62286058,25.50141911,27.40806727,22.41526011,45.35046182,22.15002415,24.19689107,20.93098237,19.40732998,24.71345391,27.84173922,24.03822293,24.03822293,18.04715814,39.45286813,16.29257332,19.29383683,17.66664577,13.49384907,19.29383683,29.13241587,29.13241587,29.89970975,30.87013892,30.70851516,28.51090335,16.91921076,26.60682337,26.34128621,26.34128621,26.34128621,21.19997492,26.34128621,23.49262909,39.27673925,10.7554885,15.01363412,15.01363412,15.01363412,15.98181579,17.08347494,23.32653008,21.38895363,25.65011543,25.65011543,25.65011543,25.36662064,25.08932394,24.17030108
2154,687,104.0846885,30.65076332,1124,104.0864662,30.65274298,277.7654698,,47.87021926,43.66618739,40.62796105,40.71066428,52.13759849,64.26450458,64.26450458,64.26450458,64.26450458,64.26450458,36.23027867,46.33714973,40.66513588,41.94884914,41.94884914,41.94884914,38.29151991,57.91249176,46.10114054,46.10114054,46.10114054,36.42825833,40.69784294,38.44487176,40.40225015,40.40225015,40.40225015,40.40225015,40.40225015,40.40225015,40.40225015,40.40225015,40.40225015,40.40225015,40.40225015,34.90246741,37.45152402,36.13209363,36.77997945,36.77997945,36.77997945,38.28497502,39.08462455,38.68066742,38.88159679,38.78087184,38.80600412,38.81858248,38.81229229,38.81386465
2155,687,104.0846885,30.65076332,1794,104.0835708,30.65122542,118.7153404,,18.86866337,13.95131313,29.13921991,18.86866337,22.90532696,22.55278235,22.72768759,22.55278235,20.89854403,29.6788351,39.02970095,29.6788351,24.81133384,21.31547259,14.89112284,11.24671646,14.78807008,17.19819821,16.99305071,24.91983822,21.05296677,22.82377706,21.05296677,21.05296677,14.24584085,17.49745038,20.35120121,15.34560953,18.42134592,16.74339767,16.74339767,16.74339767,12.24570847,14.14564255,13.12728663,13.61745217,13.36787763,13.61745217,15.3499155,17.58745784,28.39702495,22.70253522,18.91040821,29.99124389,23.19539894,23.19539894,15.26340091,18.41142597,16.69026997,17.0896685
2156,688,104.1445578,30.63469503,75,104.1426242,30.63145711,403.8793365,,52.87147678,158.0397404,36.88395767,45.77977366,51.67358903,59.34553516,37.37700801,40.75586857,39.16028965,105.7429536,44.01510428,51.55906423,31.04552907,49.43499557,46.940879,40.67036675,63.98088499,49.05417043,50.97658942,55.80013859,37.18582126,37.9625486,48.56444796,36.71630332,60.4908841,41.0261177,42.34851296,33.68260103,39.77240828,38.91076569,38.87608587,30.00961014,42.47221845,49.20357399,44.63059516,55.17896058,139.8043857,35.25619814,171.0547778,66.72627863,51.88102092,100.0435054,56.51694185,53.06443837,48.10473487,58.07390487,60.15325159,38.60085694,42.63828772,45.76330612
2157,688,104.1445578,30.63469503,517,104.1446052,30.63798103,364.2085207,,22.20407578,22.20407578,39.56785419,34.91281253,28.53429107,38.87770718,27.95630436,40.28318935,39.86716861,30.48124316,33.06811285,32.21500429,40.60158888,42.04652083,30.77818485,26.55495037,29.5304206,42.93429933,47.91829971,38.54485476,42.92945135,24.90314671,46.26910188,45.25296108,36.47150694,42.12134259,37.12147836,35.17826339,42.31338235,23.75272961,38.49521354,39.51432444,41.22979138,38.80866285,44.88803713,36.12875342,30.34193056,39.391145,29.75379745,28.91181201,40.18519049,34.32331609,38.11484519,27.74922062,25.79312803,41.40475814,44.72648603,45.08522607,43.96823635,27.28721487
2158,688,104.1445578,30.63469503,544,104.147912,30.63352447,346.6419963,,73.23303075,77.87277296,69.11508109,77.12677297,72.45385989,52.14113594,53.70247172,99.04057037,94.77806479,120.7655987,47.45811701,58.31360685,47.2110306,49.28113154,82.16301386,115.8154234,38.12355968,57.05668391,99.83289493,86.66049908,48.10052903,50.93515048,48.81400415,81.03319394,84.47398804,53.10260369,78.79470792,95.07894756,82.51301929,86.06284046,61.23214851,67.13210209,45.28709951,109.1467511,131.9145018,43.38674203,50.23797048,83.35284645,50.06664741,103.8195663,100.7395509,94.53872626,58.11961615,57.58324527,42.15916171,83.85173982,54.05137787,71.8566902,151.261962,37.97371432
2159,688,104.1445578,30.63469503,616,104.1398098,30.63635551,490.8295407,,34.90343401,50.58167023,34.90343401,51.52126972,49.95014407,45.6468339,37.83696673,49.30436721,47.88580885,43.28594412,47.66245835,48.66893018,48.41519054,54.36881066,49.19112901,49.20254359,39.87182429,43.52616679,47.54276653,37.97248596,48.77135927,54.69487627,31.49708283,55.7848886,40.65152637,47.529179,46.5581168,29.74724489,26.47831688,33.91528496,52.69972615,36.8506016,54.08573749,35.38690948,62.54818926,40.43447017,37.04373892,46.74567054,55.11498274,49.91486855,39.93189484,36.71659941,50.92179673,32.28355079,47.26142017,43.22902377,62.27336098,40.22734995,56.08018335,51.70406281
2160,689,104.0553991,30.56872554,706,104.0435588,30.57197098,1191.105926,,78.76825985,88.27216512,75.8599086,92.96436496,41.96703042,41.96703042,41.96703042,46.77372603,46.77372603,53.1842646,53.1842646,53.1842646,55.11544131,54.61961734,54.13263479,54.13263479,45.39948474,50.26941774,50.26941774,50.26941774,50.26941774,50.26941774,50.26941774,50.26941774,47.7617461,45.49237547,41.65110572,43.26923646,43.26923646,43.26923646,43.26923646,43.26923646,43.26923646,46.86318397,46.19839828,46.19839828,46.19839828,46.19839828,46.19839828,56.08258965,71.34744315,58.94132417,49.94154826,50.21055426,61.21315251,55.16862443,55.16862443,50.29890127,54.83352089,54.83352089
2161,689,104.0553991,30.56872554,746,104.0661417,30.56811912,1032.437045,,89.27397988,89.27397988,89.27397988,89.27397988,89.27397988,89.27397988,89.27397988,89.27397988,92.67220815,160.2057484,96.33938212,89.66883865,92.88450236,92.05915631,91.6519593,91.85510653,91.75342047,91.80423533,91.77882088,91.78517316,91.78834965,91.78676139,91.78676139,91.78676139,68.82913633,91.78676139,93.28581404,92.53021668,92.90647909,92.71796616,92.8121269,92.8121269,92.8121269,122.7236487,105.6923643,113.5730584,109.49109,111.4947251,109.49109,109.49109,101.8992012,103.6967311,104.6194894,104.6194894,112.1087224,120.7528708,125.5030681,128.0211267,126.7495925,127.0651022
2162,689,104.0553991,30.56872554,1131,104.0568157,30.57426532,628.8184826,,48.25608441,61.90738023,43.3667919,61.29277629,60.69025569,156.4801754,64.49420334,54.70188975,47.11231087,52.04015028,161.12075,47.09393395,38.5865887,43.006346,44.42068677,44.42068677,49.7190488,120.7331487,56.4525321,74.22119795,60.04518959,50.23106222,64.18074428,46.08135445,50.96615093,47.78356807,40.67547338,47.62440121,43.8765077,46.34754537,45.0781884,46.34754537,37.93140981,46.57059112,46.79579405,63.76750809,53.89872708,56.4994976,60.36657433,122.8072263,48.00141089,51.22757496,54.91864477,85.7479749,66.56120369,47.2598442,43.42621475,50.51126524,54.9453043,41.21523054
2163,690,104.1131027,30.61119346,335,104.110436,30.61840969,839.622912,,73.79047869,75.06562458,139.5065761,68.69642007,90.22813383,71.41506162,66.28601937,67.09528265,86.19702898,115.0168373,98.61802555,81.69304009,131.0133817,175.3749741,99.10303224,159.3058851,105.3185534,174.5669353,91.31850402,94.63501826,171.2088724,128.7600632,119.6296497,145.8555244,112.953755,135.4616488,112.925622,84.00896285,71.62659913,141.3550655,79.17858502,203.0787437,70.78788017,68.69642007,90.49827794,152.5431483,168.74487,90.63395752,71.07918832,70.25316637,80.38942774,69.6194046,71.76264205,226.4151673,121.3564518,79.33444838,95.4016565,66.57802826,149.8211888,115.9210924
2164,690,104.1131027,30.61119346,385,104.117088,30.61514917,581.4989553,,53.67682664,47.87250465,77.15219555,74.93140901,59.03542693,49.31439904,69.03202767,76.77492318,80.48428447,97.36726693,59.50529389,68.57972937,85.54450481,72.6369271,66.56267851,72.6369271,78.34147915,142.0857176,154.4941874,96.1302421,86.95311481,96.1302421,113.7715347,96.1302421,93.03983285,93.03983285,70.12149217,61.38991903,70.30061996,72.39410624,66.19434748,131.509758,76.07739208,96.57583702,123.6257622,89.53790586,109.9101719,112.3468465,54.44463561,111.6477994,81.08700731,74.25271687,104.6175032,107.6296267,87.90506104,70.48472185,70.21453606,79.84837441,94.29712789,62.05720077
2165,690,104.1131027,30.61119346,510,104.116215,30.60810306,454.2245491,,44.77569487,51.42164707,91.80117203,66.67916145,41.63484091,54.85742388,58.42348309,95.18092996,75.97091145,74.64432638,64.37828255,61.04203428,70.00892132,77.61120444,109.500561,48.35850713,88.28525064,67.35649206,82.34368663,122.3565862,118.4933606,106.7103043,57.37573252,123.2259515,106.5778272,69.19076348,167.7919043,108.4265811,124.7690413,90.74408306,108.2919455,120.3660637,116.8721527,95.4739498,121.4263646,112.0389433,78.9193232,110.2078097,90.88374904,50.62564607,121.7708366,97.52733855,93.69408672,80.01464476,79.90800599,157.3036001,131.2941033,141.5442331,126.939253,102.5793678
2166,691,103.9901669,30.71201697,386,103.9917914,30.7107053,212.9194736,,55.0653811,25.24009401,31.43582112,32.45413933,27.92386539,27.52168152,32.84574082,38.83521748,27.19498598,37.39073683,61.48476776,40.41353804,31.70374564,55.5442105,25.46545199,27.02150781,21.53118272,31.12731391,25.87375882,34.52748221,26.94912474,24.42610949,41.8096421,21.4408421,33.84150574,39.93280047,31.55661198,26.36320223,34.92073371,43.08253517,30.44727329,39.19097257,33.42416483,32.62612844,28.31933885,97.4377252,35.48657893,34.7492303,42.11593983,62.06559554,45.49021394,27.47348046,38.90914238,68.43840223,63.45282326,32.52894167,42.82179357,30.29983615,39.04126172,33.0217789
2167,691,103.9901669,30.71201697,419,103.9887776,30.71046208,217.7154892,,25.5788598,27.80960915,22.53848343,27.51286124,30.74836254,24.30438042,24.00538319,28.80690097,23.68715811,37.2340029,18.20617331,24.08533496,35.04866456,59.3769516,26.71745959,26.44801016,30.54713176,26.29182585,30.69655433,28.07667586,52.60240008,27.69525658,26.15491972,28.48698902,50.45766704,39.51810561,27.96976716,26.56180357,29.30534678,27.60420182,21.77154892,28.82422487,31.14817794,30.36419414,28.2717658,22.20327935,48.58114223,28.1933727,27.58993867,23.37215507,27.50894745,34.07595467,27.2809696,30.03283221,30.53336863,30.33719391,35.72815107,25.68282989,24.44037891,26.58534592
2168,691,103.9901669,30.71201697,673,103.9922205,30.71446713,335.2836766,,36.85561025,41.26568327,33.29713754,29.26112087,36.35606132,28.43395137,36.52106613,47.99289208,52.13914625,32.14437379,66.1381499,49.01609079,46.24602436,33.74709885,48.32917861,42.6007495,47.52052109,43.86509639,34.19323614,58.59326387,42.02495063,46.61077233,71.00124916,44.37578073,61.67261789,36.63190397,62.39627297,73.12510326,47.17559268,70.03991698,57.4772017,54.62958797,52.47918416,45.86527811,40.00070375,33.76283177,47.42327848,42.65092706,38.60409069,45.80725752,42.80217148,65.73059182,51.58210409,38.19687455,64.37446591,70.38024698,43.0502447,47.77231853,51.00089728,45.60174681
2169,692,104.0187006,30.69832771,1127,104.0159345,30.69643301,338.0642436,,66.77812219,62.56426048,60.65065854,58.85064202,47.72671674,61.0891327,63.80109876,76.06445481,62.57230216,71.36618123,46.98962459,60.59906774,60.59906774,75.00963186,82.23184304,120.1017708,96.20800608,83.35830664,71.85016621,72.29888775,77.7655768,62.86318579,69.24786782,63.25526388,63.65226344,55.89121823,81.05822018,51.97286591,107.1658475,72.05244374,110.5136233,90.0393053,107.306211,64.6068362,99.349492,64.6068362,64.6068362,37.04813628,58.88267442,54.09027898,69.64413602,48.68125108,48.58408291,44.07252426,47.3092819,54.18661073,76.54284761,72.1322456,53.98122598,86.6214432
2170,692,104.0187006,30.69832771,1453,104.0197676,30.69901835,127.6770045,,16.86742078,25.04834966,28.0480376,29.40110126,35.81588699,31.59018668,27.5231866,21.78375432,21.78375432,18.91511178,54.28786018,30.04164812,28.47814227,20.75111586,24.03331849,24.03331849,25.55314614,28.05109427,27.27817307,34.87384038,51.72766099,18.83759083,45.06247218,40.76605022,30.23929054,32.21756188,35.78932719,36.41721012,37.06751744,38.62497615,37.06751744,30.84813532,30.68339227,30.52039948,28.37266767,25.89505443,29.31359797,22.98186081,30.08096965,18.87627171,23.19642777,23.19642777,27.09060213,21.83549721,30.14014532,26.99778069,36.02979298,34.15563177,36.02979298,36.5371396
2171,692,104.0187006,30.69832771,1537,104.0174359,30.6998178,204.8096738,,29.61103718,29.61103718,29.61103718,29.61103718,37.33239624,33.02641996,35.04764471,34.00702569,34.26134382,34.38993466,34.38993466,34.38993466,56.42715501,48.6356679,45.4947033,45.4947033,45.4947033,43.37146033,44.40771692,43.88347198,43.88347198,40.62340637,43.88347198,43.88347198,54.81894615,48.74542555,51.60409541,50.13404281,51.60409541,51.60409541,53.42861056,52.57146707,52.57146707,52.57146707,52.57146707,52.57146707,52.57146707,52.57146707,52.57146707,49.56738324,49.56738324,20.94644391,29.4484204,24.48025983,27.10716271,27.10716271,27.10716271,27.10716271,27.10716271,27.10716271
2172,693,104.0853733,30.69184839,504,104.0880489,30.6904511,299.4326317,,45.96833578,68.5747819,47.07237878,62.4601144,55.05528598,58.03270386,56.49672296,62.55072385,39.92435089,56.52500161,55.67570003,35.87212892,67.28823184,56.61355518,57.9303706,56.71161812,56.74076992,56.72619027,45.67543515,46.91232401,56.00234361,39.24602454,50.36898271,56.72788854,51.45381738,40.03910613,46.24772545,68.65971173,49.5442212,61.21859839,46.53814749,60.74425743,99.35091927,68.65971173,43.87886597,51.43847177,33.85810676,53.50494675,60.49568427,60.49568427,104.6560654,54.1914105,32.91473203,45.44064026,58.58464533,115.2895694,46.86771627,54.66535969,54.72796799,87.75773197
2173,693,104.0853733,30.69184839,594,104.0869352,30.69443168,323.0325162,,52.56782283,59.96993854,42.70599367,49.62661701,36.67865261,53.44805057,37.46166318,47.40151054,47.27305115,53.95707963,95.71333813,52.71609512,60.04089362,64.89492513,56.2474998,73.80996842,39.51020584,52.33650127,70.19620069,52.94480448,48.69836928,40.83276188,34.34486292,43.08016566,43.1909771,43.48092332,45.66189172,54.81763912,56.25203443,44.40497889,54.94096338,58.55574312,63.30522909,70.80164739,42.58655196,143.7919083,51.71393255,39.45435312,67.51332704,50.07776807,43.34621623,54.66120133,58.73318476,74.57112424,42.05848312,33.46961706,51.51349096,45.96510112,62.39662285,60.56859679
2174,693,104.0853733,30.69184839,831,104.084873,30.69103796,101.8033251,,12.77452405,13.9381134,13.67890157,14.59642763,11.95676954,11.85338897,16.46837715,12.67042248,14.15803393,16.75357052,17.01735616,12.14554997,12.94795868,20.21095425,20.21095425,20.21095425,20.21095425,20.21095425,20.21095425,21.24591133,20.7155141,20.97736058,20.84561509,20.91128033,20.87839608,20.89482527,20.88660744,20.89071555,20.88866129,20.88968837,20.88917481,20.88943159,20.8893032,20.8893674,20.8893353,20.88935135,20.88934333,20.88934734,20.88934533,20.88934634,20.88934584,20.88934596,20.88934602,20.88934599,20.889346,20.88934599,20.889346,20.889346,20.889346,20.889346
2175,694,103.9819807,30.64440871,114,103.9834118,30.64102237,399.5874423,,92.95733714,74.92264543,92.95733714,47.61487435,55.9008339,57.29232496,74.92264543,66.41342531,74.02305965,57.31134631,61.70940482,51.65223671,42.49674423,64.21941037,49.40924214,86.39728482,79.74028782,57.19740725,63.79223026,48.45814988,61.60662922,50.54070416,61.2785854,50.29772001,43.69065428,73.91212806,58.55555463,49.60395835,59.81350488,64.00510755,74.8738994,82.67326392,72.27204314,53.62590092,88.61487429,56.04603086,79.58588062,69.71800287,74.10250057,72.74411086,72.74411086,57.3875582,54.33840657,102.2294776,73.21218224,55.06368377,82.20084527,47.08722724,54.69637993,41.36040231
2176,694,103.9819807,30.64440871,649,103.9807086,30.64868896,489.8020495,,58.07929441,46.70959942,93.95847484,92.19803285,60.46938883,61.33173489,74.62334169,64.9570032,89.28037358,65.28276113,62.97454922,64.01519024,53.40058686,76.77593808,87.29145437,46.67868639,60.00491806,44.47932126,102.7157696,59.50351108,49.24237501,81.18266014,56.74802934,63.75522544,53.80923924,43.93573202,45.29545559,74.55760584,60.64964613,71.84523661,62.43303818,81.88641076,66.61455906,61.25797948,65.07796192,70.35375933,65.46859078,80.40741801,79.66659842,50.52399364,72.69147024,71.05254713,53.89020105,110.0075563,66.15083952,66.32016467,73.01397011,56.5156211,66.20603423,56.1231515
2177,694,103.9819807,30.64440871,711,103.9869334,30.64626777,517.4086721,,39.48515845,85.05348035,85.05348035,85.05348035,85.05348035,85.05348035,85.05348035,85.05348035,85.05348035,85.05348035,168.822165,85.05348035,81.25065298,49.40772466,56.70232023,56.70232023,56.70232023,93.60156882,70.62260548,92.67020993,92.67020993,78.59372234,68.229715,55.93607266,183.5144059,92.73612044,123.2100027,92.73612044,92.73612044,79.60133417,89.3673649,102.1574709,86.23477868,121.3466593,100.8211756,110.1357706,105.2728347,107.6494113,106.4478597,107.0452638,106.7457259,106.8204531,106.857856,106.8204531,79.36831297,63.14139727,113.232293,83.85689227,83.85689227,51.03208821
2178,694,103.9819807,30.64440871,811,103.9771835,30.64323835,477.6647368,,62.41717069,62.41717069,62.41717069,62.41717069,133.301787,85.02314227,85.02314227,85.02314227,78.59499763,75.73214654,77.13701839,76.42812705,77.13701839,147.6045539,207.1798858,172.390281,188.1907581,179.9443351,183.9751845,179.9443351,65.01296985,177.8889365,177.8889365,177.8889365,177.8889365,177.8889365,69.82106361,69.82106361,55.60527251,61.90756088,61.90756088,61.90756088,233.9582384,97.90779414,138.0456738,114.5628207,125.2127471,119.6512691,119.6512691,119.6512691,109.7612586,112.0772499,113.2722874,112.6716,112.9711452,112.8211738,112.8211738,79.19829833,207.1798858,57.41546085
2179,695,104.0302157,30.62701444,343,104.0353868,30.62436116,576.3072459,,49.07643017,73.31116909,36.88366374,51.54976193,79.12685298,67.80085246,55.52291039,58.29314671,45.59793594,76.9121811,48.31639695,57.84880541,76.27595902,79.89882227,68.39690392,86.44608689,59.63227071,62.54609478,53.56384042,50.72631015,65.46965492,50.85063934,60.9132732,71.65139971,58.27826082,58.79045824,66.13930474,41.24664185,64.03413843,75.71920019,83.91126735,62.1398715,60.13640827,76.15930338,58.84409132,55.96058141,45.02074688,67.0341223,52.56856634,55.15884099,48.77071192,57.06012336,62.78644008,65.4626615,73.39018348,79.73505324,46.48680451,52.32550026,99.42680918,57.50521717
2180,695,104.0302157,30.62701444,1658,104.0289627,30.62488198,265.1027488,,37.38874203,30.15386716,30.93581509,30.93581509,30.93581509,45.97157494,36.9839138,40.99086849,39.90987776,39.39048466,39.64848028,39.51906139,39.58366506,39.56749434,39.56749434,39.56749434,52.92254506,52.92254506,60.40315795,52.92254506,45.01744791,48.65097173,46.7637352,47.68868935,47.22168332,47.4540374,47.22168332,47.22168332,31.44546609,37.75166261,34.31121055,35.94930892,35.1111639,35.52529353,35.31701473,35.42084796,35.36885514,35.39483245,35.38183904,35.38833454,35.38508649,35.38589845,35.38671044,35.38671044,39.49116809,37.32644561,37.84506835,38.10982193,37.97698371,38.01010638
2181,695,104.0302157,30.62701444,1670,104.0326902,30.63157475,558.3018389,,67.80422097,59.24499985,79.25420426,51.4915445,64.78280806,63.50074011,64.78280806,62.26843229,66.25999847,73.44287283,53.59697653,49.62683012,56.37830631,62.55760934,71.22206308,60.58437438,59.86259479,76.42154449,92.51491922,66.572577,53.1716037,66.572577,64.6100539,74.04845443,62.75992568,67.93846244,62.75992568,62.75992568,43.56690651,74.11893835,90.49837421,104.5001709,51.4915445,66.68502389,55.21666539,86.40544343,70.11232395,77.4108466,58.1732741,105.0921109,58.62576432,58.62576432,104.3193747,61.21093697,57.67249986,64.03461952,68.0548517,63.47010378,121.8113103,68.83173356
2182,695,104.0302157,30.62701444,1833,104.0269189,30.62852164,357.4211828,,61.38913445,50.59172706,71.19657365,64.50556439,49.22403436,41.62058062,73.38685884,38.37126019,57.46041019,55.67187704,66.55428922,59.27860676,52.00954964,55.71808278,58.30159756,60.82457603,48.13153086,55.62174027,66.15507754,58.03488278,48.05662962,45.14793888,49.3835664,145.803542,41.37351312,73.34328511,48.5187126,52.86426697,44.8333191,73.73732138,69.17829345,54.16123756,37.67048852,49.48908685,49.48908685,52.64796473,56.23759869,93.24030856,56.44199652,40.35701803,56.64788559,76.59025346,74.80908477,47.5329242,83.55300377,59.80752861,44.91156224,53.86254103,45.29096297,60.59888187
2183,696,104.1337947,30.6277929,799,104.1344607,30.62917938,166.3895178,,27.93853844,23.91226603,24.87550931,17.8806646,26.76289564,25.84134012,22.02214206,21.27894366,21.75470713,19.76905162,20.64394229,22.66495053,20.7506558,13.37058625,13.37058625,13.37058625,13.37058625,13.37058625,13.37058625,13.37058625,13.37058625,13.37058625,13.37058625,13.37058625,13.37058625,13.37058625,13.37058625,13.37058625,13.37058625,13.37058625,13.37058625,13.37058625,13.37058625,13.37058625,13.37058625,13.37058625,13.37058625,13.37058625,13.37058625,13.37058625,13.37058625,13.37058625,13.37058625,13.37058625,25.70825168,17.59184329,19.09931492,19.95427072,19.51743453,19.62484062
2184,696,104.1337947,30.6277929,1455,104.1321073,30.62839123,174.798879,,70.70516454,70.70516454,70.70516454,70.70516454,70.70516454,70.70516454,70.70516454,70.70516454,20.76818364,20.76818364,18.87827893,19.77818641,19.31775792,19.43084354,19.48788431,19.48788431,19.48788431,50.07501042,28.05679706,31.52187564,33.59649777,31.52187564,32.52613876,23.34975749,37.68119547,28.83280478,30.92265181,30.92265181,30.92265181,30.92265181,30.92265181,11.02059482,34.01491699,16.64751229,22.35438595,19.08342576,20.58980661,19.80801777,20.1913475,19.99784583,20.09413083,20.09413083,30.10889782,28.86586993,28.86586993,28.86586993,28.86586993,28.86586993,28.86586993,28.86586993
2185,696,104.1337947,30.6277929,1638,104.1352029,30.62718758,150.7177595,,12.1860513,9.219777981,17.96635544,19.40687693,13.57308153,24.15062021,16.7167813,22.42082373,16.58462983,17.67374379,21.98572402,22.70225666,26.9463465,28.1861784,22.32855696,22.92734314,11.75696499,9.998475445,18.11632502,18.11632502,18.66152826,7.883529738,10.56638626,16.4419374,13.06906305,16.94251161,9.498187032,7.941802316,11.28619728,17.67374379,9.980084626,19.79383009,17.67374379,27.403229,11.95777265,18.64142078,9.469178607,15.03843336,20.13561126,12.37834071,10.76555425,8.23969528,17.67374379,18.61351404,61.30891912,12.93406279,15.88238056,18.01853506,15.01533391,7.658206552
2186,697,104.1441848,30.66940351,463,104.1604886,30.67205697,1589.350889,,83.89535484,74.06683755,83.89535484,83.24437246,70.26912128,83.56859591,73.92329716,73.5432288,81.27362501,102.7521627,73.44882157,83.28476274,69.89671918,72.28885913,75.74181842,71.39584727,76.67220369,79.00121782,99.07641905,99.21385817,89.07623042,81.22074692,79.39403145,74.54396178,77.17637094,72.22802272,73.53377715,78.9095978,105.8313073,73.11737647,80.24773072,88.39958595,86.02387822,89.98978788,87.96215345,91.18188367,86.92894562,82.38535926,86.92894562,88.96279794,84.81564187,71.97060629,74.2590941,76.80084833,75.78361855,81.48582768,67.03764734,86.08859433,73.70111465,74.91539379
2187,697,104.1441848,30.66940351,1874,104.1347948,30.67503343,1094.768275,,132.3427062,132.3427062,132.3427062,137.1635426,132.3427062,130.2864724,130.2864724,112.2040083,98.52914475,115.3511938,100.0295886,113.5782648,111.096992,108.7218149,111.096992,109.8965713,111.096992,111.096992,171.6037354,97.19274451,103.6807837,92.95202335,149.8542125,110.4999754,111.2799752,111.2799752,117.2384469,123.8711092,317.8359508,179.9619082,105.4351469,165.5952013,165.5952013,165.5952013,165.5952013,165.5952013,239.5845465,116.7752827,102.7683387,107.4619166,142.6666349,156.3954679,181.5010562,156.3954679,138.0927046,73.66665028,79.29911046,177.8733754,162.4553087,268.1065163
2188,698,104.0343852,30.60567934,334,104.0364277,30.60445821,238.0226222,,32.93164642,23.85250708,34.2924038,33.60319372,37.11451824,39.21654187,36.43203401,64.14583457,38.38214736,31.06518816,47.09526021,32.14561088,42.50535743,47.0813978,33.01054124,29.16546766,15.16604318,32.86243532,32.54957894,32.66947627,12.76070648,38.57728829,38.24544893,39.47076392,43.98963541,62.20554918,38.94915636,42.20645522,38.58926048,40.80387809,35.2626107,47.47265595,43.04402721,43.04901332,13.23369019,46.11758294,47.22505267,40.3344229,43.04714302,45.52475504,43.94263794,14.44993996,33.55932531,35.01047763,35.95306741,43.16783073,36.38562378,36.38562378,37.90113262,12.00955066
2189,698,104.0343852,30.60567934,446,104.0320147,30.60709687,276.2753372,,17.25722176,19.88519588,18.43542565,16.19855397,21.19910225,16.94363226,16.16345418,17.68162158,16.84677051,16.29809445,19.75354943,18.01795677,14.81018757,15.93896176,17.35761281,16.6633083,23.37464663,17.51811914,17.11124669,19.97672536,18.41835581,18.39281024,18.16604957,17.22981748,16.68777205,18.87269856,19.26568937,15.56480773,18.69532357,16.74342994,15.18459869,16.71766224,14.93380201,14.56920723,18.90857821,16.6319601,18.78950656,17.67638413,18.3334786,19.89182428,17.12188394,21.2974564,32.25449906,17.71626672,23.45445666,17.95291,15.91345942,24.66794336,23.45754846,15.54048772
2190,698,104.0343852,30.60567934,975,104.0364116,30.60942077,457.9102345,,71.67290627,55.59786996,71.67290627,71.67290627,103.6777889,84.75459353,93.26601664,88.80683336,89.88117058,90.42814608,90.15382869,90.29077901,90.2222519,90.2393739,90.24793736,90.2393739,90.2393739,64.81560332,75.44316948,75.44316948,120.6202569,92.82684337,104.9140296,98.50101342,101.6064307,98.50101342,98.50101342,76.14211752,85.89030326,80.72297546,83.22650988,81.95562799,83.22650988,83.22650988,83.25640627,90.32749831,98.71118828,100.9271537,99.80687248,100.363887,100.363887,103.3527802,103.3527802,118.7174682,118.7174682,118.7174682,130.9057052,137.9890931,130.9057052,106.3533448
2191,699,104.10601,30.6219429,465,104.1059759,30.62083666,122.6468622,,10.63924588,13.88455044,13.88455044,19.62349795,16.26256736,17.78564769,16.99004152,16.99004152,14.81639946,14.65250124,14.81639946,14.81639946,17.247215,27.6820504,17.52098031,17.52098031,16.83617555,15.19892268,16.20288822,16.45959754,19.88868036,16.72457212,18.46627787,22.29942949,16.32268776,27.17099716,21.43343223,20.59609114,21.69674221,13.99013637,18.42993993,16.78816365,15.69680512,16.46343338,22.87713492,16.15102712,18.9091522,17.28096689,17.28096689,17.28096689,17.04744031,15.3842754,22.87713492,16.1732126,16.72457212,16.44427203,14.95018185,19.19690017,18.02157975,12.35045326
2192,699,104.10601,30.6219429,857,104.1060279,30.62213772,21.65960939,,3.452749542,2.669220156,3.76688859,2.707842934,3.918321297,3.382845718,3.85774119,4.343988513,3.133082624,3.342962221,2.910042687,2.564953744,3.438791347,3.339383032,3.508418169,3.152877182,3.012783146,3.302841955,3.66939265,4.008976545,4.881038736,4.007831777,3.57190077,3.297354953,2.934133351,2.819207972,3.878689794,4.135497703,2.758860496,2.897786082,2.727974128,3.975506663,4.070894607,4.516420804,3.54729779,3.374793067,3.732627755,3.974071462,4.112816778,4.521139957,3.007046448,3.637723061,4.945104661,3.302608802,4.391697764,3.463228683,3.888037587,3.494659666,4.07990114,2.544032424
2193,699,104.10601,30.6219429,1292,104.1048034,30.62147959,126.5451723,,26.25721154,18.94231269,26.25721154,26.18175979,22.95025795,26.03214973,24.49261399,24.49261399,31.09642459,25.90877462,24.6250065,24.57519192,24.29667308,26.93800011,18.07788176,23.69684664,23.69227332,23.92042473,36.87408996,34.25282859,34.25282859,29.06300608,36.37226509,31.92450037,22.70387043,22.98330499,22.58055119,30.91179781,25.95798406,41.56593251,22.89259398,36.54245616,31.11633692,34.70374902,34.64354527,30.2211522,32.80886467,28.1211494,37.64980333,28.74212115,26.69698205,33.01178408,35.21256968,26.92450474,25.81091333,26.89271666,27.75490538,30.37084135,39.08012673,28.29581492
2194,700,103.9775607,30.70377111,208,103.9805092,30.70204313,341.2004052,,30.1539575,31.98129164,37.98442856,41.66110025,39.77832277,44.44401479,33.15307581,33.37830051,35.5753977,33.95028907,33.95028907,36.3769573,39.17723226,46.76350731,54.83577941,46.91831393,147.1043663,46.91831393,62.35134308,62.35134308,40.33896416,47.90645315,33.09055654,37.36339038,52.46434421,42.2769468,48.67852545,32.60309114,52.5485116,38.87972061,33.74509502,45.85733445,38.38504559,52.71765917,43.83383477,52.94489046,34.40676355,50.57422372,71.62224249,34.79664189,28.76631051,48.50232808,45.85733445,46.52732798,46.52732798,46.52732798,45.03470059,35.00322371,32.74068748,184.7099938
2195,700,103.9775607,30.70377111,619,103.9789201,30.70587597,267.1579858,,35.42426331,41.54508634,37.22975803,65.4264455,40.24137025,39.82479291,54.95821422,49.00732478,54.19369601,65.64974395,49.78823904,49.75805338,49.78823904,53.85545958,49.13250314,52.77760383,52.25469472,62.80231174,57.04503758,58.38307499,50.3983624,55.62538776,52.88302756,54.21955348,53.54295133,54.21955348,54.21955348,58.84133487,58.84405183,58.8426933,59.48150855,59.48150855,51.06736721,54.95422759,48.59464089,47.31949119,52.45589267,51.02221479,53.55308394,53.61522044,44.9424649,53.59190236,53.59578732,53.59384475,95.2246286,53.59433039,53.59445179,56.53706677,56.51122191,50.15743149
2196,701,104.0088378,30.71389448,1333,104.010434,30.71089385,366.0146793,,78.74419397,78.74419397,78.74419397,78.74419397,43.55877175,94.96597085,59.72364172,73.33024531,73.33024531,104.9922586,86.35038103,94.76321172,86.35038103,73.28436293,47.65471412,57.75379555,52.22046351,54.8479253,53.50195541,54.16658024,74.70547568,120.3335932,172.242202,120.3335932,116.0927617,105.9774407,112.1406677,108.9719789,112.1406677,116.6925029,175.6870461,121.6294935,110.3407826,99.07164252,100.9695667,100.0116012,100.9695667,100.4883009,125.4907472,70.08791731,89.94217375,89.94217375,120.0594848,102.8411977,110.7853154,110.7853154,115.2466046,85.28497382,98.02749003,98.02749003
2197,701,104.0088378,30.71389448,1462,104.0054097,30.71258206,359.0602097,,31.26038101,27.5220033,36.17397635,36.48115021,37.83268551,36.79358553,43.62036294,32.80753185,32.94690115,39.31914083,32.5186605,39.42407182,31.95591483,21.68820059,25.65988595,23.50746542,25.49539951,25.49539951,25.49539951,27.97871764,32.77287356,30.34311631,35.62563404,44.36899617,28.61882114,29.53427467,29.53427467,29.53427467,29.53427467,29.53427467,29.53427467,29.53427467,37.52153135,33.05220767,21.19043861,43.7433758,40.45748842,35.609277,30.70348587,32.66933668,32.66933668,33.91076629,24.52118505,28.34685866,34.01623039,42.52028799,38.58557477,33.90152598,32.09799318,30.47666037
2198,701,104.0088378,30.71389448,1543,104.0116103,30.7148958,287.763438,,17.66322893,17.66322893,17.66322893,17.66322893,17.66322893,17.66322893,17.66322893,18.93872718,18.60288892,18.43939707,18.5207822,18.48000003,18.50036864,18.49527228,18.49272515,18.49399863,18.49336187,18.49368024,18.49352106,18.49356085,18.49356085,18.49356085,15.43887298,16.82872136,16.10386499,16.45831602,16.27916134,16.36824847,16.32358336,16.3458854,16.33472677,16.3458854,16.3458854,19.63883179,17.84169052,19.63883179,19.63883179,26.47227539,22.5492119,26.47227539,26.47227539,30.03474395,32.20147785,31.08039383,31.63100543,31.35328242,31.42225496,31.45685515,31.43954554,31.44387116
2199,702,104.1090332,30.68661379,468,104.1064432,30.68993585,443.9603623,,70.6746755,69.56506221,63.86217251,92.56316432,69.48944801,102.4523913,149.9940868,106.1964986,108.7249867,78.68343652,65.28828857,88.06915237,131.363614,69.33871168,74.74313193,83.78806313,98.03700284,93.19284573,78.83780426,106.9068431,150.778991,82.54395374,107.2655909,99.65750923,83.82468378,84.28515777,78.51088511,110.7337624,108.1364888,98.05259535,73.34043402,73.14678738,80.40422435,131.363614,132.0873805,91.32898882,200.4084394,202.9533085,67.19400077,76.47164135,94.09420628,133.7453811,102.2339427,91.72208346,133.9321764,75.86664418,100.0996224,93.83115291,84.29627132,92.08066772
2200,702,104.1090332,30.68661379,1188,104.1096861,30.68729676,98.18900417,,23.64417492,50.86049137,36.19253396,36.19253396,36.0694301,36.0694301,36.0694301,24.2941866,36.0694301,39.16680499,36.0694301,19.36878986,25.20359465,23.43840298,22.64539195,23.43840298,23.43840298,27.29578494,23.43840298,21.24201555,20.29127864,20.75576546,20.52089399,20.63766149,20.5791121,20.60834522,20.60834522,20.60834522,21.75264092,21.16503766,21.45481674,21.30894207,21.38163061,21.34522445,21.38163061,21.38163061,22.16178151,22.16178151,30.34166652,25.61452283,27.77842161,27.77842161,27.77842161,44.55635484,27.77842161,27.77842161,21.93827246,19.85147996,21.93827246,29.21325744
2201,702,104.1090332,30.68661379,1284,104.1072861,30.68493691,250.0881637,,45.67562855,39.22951587,75.34036731,49.42919001,45.47057522,55.05642226,50.22691154,50.22691154,82.85129347,42.56819808,51.5203084,43.49359369,33.7513548,54.11374241,40.87706648,46.80288885,53.59032079,50.22691154,51.85413329,61.03846707,40.76908933,38.2706648,43.38878985,56.05961328,28.26742196,32.73881416,35.58566756,36.19366389,37.63082087,40.59598193,53.71329079,44.06839889,51.30013614,43.41718663,42.78494044,40.7844797,38.93732102,52.42022645,41.24490658,55.97828329,35.25126818,42.26842203,36.99934477,38.97477876,56.89209411,40.65949501,39.83705262,39.51649112,42.82127892,37.51322456
2202,702,104.1090332,30.68661379,1402,104.1111282,30.68377369,373.2936321,,85.43274479,65.58399637,71.09127892,67.09500688,77.45573923,68.21609521,104.3830547,97.27521358,49.28571181,49.28571181,60.37093781,53.3629547,63.65638779,65.62514204,69.03375387,50.74350192,71.0096209,62.3599571,37.53790714,68.370343,107.3654121,62.89502693,55.76170438,62.89502693,70.99622285,66.70054026,70.99622285,70.99622285,74.04171215,70.99622285,66.20762131,60.62513122,62.02417271,60.62513122,61.31667264,59.20075223,63.16602,111.5234088,88.12177545,73.83830085,42.79799604,58.22604314,58.22604314,58.22604314,55.34071691,61.32133587,64.76419641,71.86401474,53.86200704,45.2985531
2203,703,103.9943014,30.62444502,132,103.9896589,30.62215352,512.3599603,,72.61794713,49.05574088,65.25339116,65.25339116,65.25339116,68.52616186,42.42658671,70.40060523,68.52616186,68.52616186,72.14455763,76.6145735,72.14455763,72.14455763,72.14455763,79.23375794,72.14455763,75.91494203,72.20486565,77.31793523,72.20486565,69.16859463,60.04869854,69.80116772,80.07941494,67.03115821,65.31848761,85.19611349,75.02984321,79.79045552,77.33695667,78.54455076,77.93607619,71.80504222,42.67196893,78.16314614,66.15900055,70.46036805,82.06878118,62.95207703,80.40432189,78.13824593,78.13824593,84.89186696,84.89186696,73.71664859,88.83125726,88.14949725,115.2809911,94.38684893
2204,703,103.9943014,30.62444502,412,103.9926702,30.62703779,327.1391113,,39.88825743,51.29358888,49.87271516,39.72009446,40.71567159,35.35311972,35.35311972,35.83449873,50.54509874,42.13598571,35.44355731,32.73209563,34.53668037,37.91649122,36.22069484,102.4087653,51.39058039,41.5323183,37.28867971,45.57004307,42.61691905,36.29278276,41.54147445,44.10864422,30.66929168,47.44940413,30.54995592,31.72258049,106.7402539,57.60336516,82.9366761,58.44850278,67.90886776,54.80067707,53.30093434,51.32681414,45.54565344,39.89501357,41.47013073,40.84806592,45.12263604,45.98990252,46.49351506,37.63123315,46.14758541,25.60219132,29.27783221,27.60236251,38.62633306,35.86905992
2205,703,103.9943014,30.62444502,940,104.0056635,30.61351558,1628.943577,,182.8751625,162.9849049,243.2435622,182.8751625,243.2435622,262.1065351,208.1963388,223.8243083,220.1826112,259.9954279,208.6902803,311.9253658,205.0866667,184.481223,184.481223,268.9998568,218.8643574,241.356013,229.5605848,245.8165425,252.2359702,295.1776951,295.1776951,295.1776951,412.9716111,344.2777032,375.5088715,359.2157352,367.1816464,363.1550123,365.1572292,364.1533687,364.6546079,364.4038158,364.5291689,364.4664816,364.4978226,364.4821513,364.4899868,364.4860691,364.4880278,364.4875383,364.4872934,364.4874157,364.4873545,364.4873851,364.4873774,364.4873736,364.4873756,364.4873752
2206,703,103.9943014,30.62444502,1731,104.0008795,30.62747673,714.442903,,95.73180337,95.73180337,95.73180337,90.24541933,102.879778,96.14932526,99.40075172,97.74800763,97.74800763,97.74800763,97.23986581,97.49327461,97.36640533,97.42979867,97.47306875,97.51637728,101.7172946,75.46932074,111.968801,189.8150886,137.1527184,152.6406202,121.8184931,183.2775144,146.3578026,146.3578026,136.6779594,128.1991004,96.20926875,109.9240794,102.6104257,106.1414153,104.3460575,105.2360796,104.7891788,105.0121537,104.7891788,104.7891788,71.64329947,85.10272702,77.79514789,79.50180811,81.28502891,81.28502891,102.879778,81.28502891,76.8428474,74.79898597,75.80714288,75.55256444
2207,704,104.0559369,30.6356958,452,104.0572518,30.63571665,126.0383256,,16.61874758,15.56562512,17.824713,20.71862887,22.15156903,35.75868432,36.29903777,18.50103862,22.77229471,18.40721997,21.30225221,30.30692562,18.7323016,18.40721997,19.58299405,17.60949439,20.1661321,17.5527262,16.49956262,17.86369969,22.02611515,20.18856383,17.30998463,18.1132923,15.90435421,19.31974334,22.54598619,20.71862887,15.04935231,19.81388525,21.76201305,18.14951889,15.38094821,17.41796438,46.29979308,16.70937926,18.38713727,18.44463301,27.75155793,12.29642201,16.93052135,23.32843045,11.6492419,24.11362119,25.20766512,20.12141783,27.52707617,14.24609018,27.92233675,21.11944016
2208,704,104.0559369,30.6356958,1598,104.0564645,30.63764945,222.3496414,,32.27155596,44.32785183,25.37111598,34.35445103,34.53688422,29.4106078,32.47296994,30.20598902,36.17438303,34.43656015,38.09692428,73.10125197,45.56025927,29.97972693,55.81999366,46.77625765,34.35445103,42.12940574,32.8730476,38.85721889,33.94389283,27.60202445,47.13621949,32.69402488,38.73187301,28.28476004,36.68089808,38.61620236,40.56378594,33.69170295,30.96552066,35.41852695,59.62448484,43.38529588,42.464653,43.38529588,43.7940935,43.7940935,43.7940935,47.44864902,18.72418033,28.2348751,76.96718356,75.75319011,48.66010389,29.68326486,38.65083095,38.65083095,48.56170127,30.43569236
2209,704,104.0559369,30.6356958,1886,104.0537561,30.63563816,209.102316,,31.08900073,25.3031374,43.36223143,22.67374511,30.95991988,22.79734517,22.91034071,22.91034071,28.51395218,24.30898829,24.40091856,23.99261634,29.13941952,55.7606176,30.15459474,19.42627968,36.9910731,36.9910731,51.97479893,112.3534832,90.15189672,51.73665551,122.7756718,81.42926729,85.896802,43.73734693,28.84169876,38.72265111,35.91451992,29.54349834,20.88122989,25.09227792,20.88122989,18.58687253,19.66736349,19.11185878,19.66736349,20.1207708,20.59557695,36.31164523,32.16958708,25.30921404,18.0519985,40.25499132,25.93517098,30.7001769,20.47420682,45.62232349,28.43168457,30.38078492
2210,705,104.0909494,30.66142069,1494,104.0973389,30.65838887,698.3434451,,245.1389774,230.9987507,183.0609031,130.4863184,152.3658426,140.5798548,146.2357577,143.35204,144.0622543,144.0622543,144.0622543,129.4941488,144.6927426,187.2652814,111.2405488,139.5717642,123.8060401,131.2170362,127.403856,170.1007821,462.1390446,241.7342695,136.1040589,174.1539318,152.7957874,162.7772442,157.628661,160.1615865,158.8850295,160.1615865,160.1615865,285.6859548,194.1340851,194.1340851,194.1340851,194.1340851,194.1340851,194.1340851,194.1340851,194.1340851,194.1340851,194.1340851,194.1340851,194.1340851,194.1340851,194.1340851,194.1340851,194.1340851,228.0305127,415.543207
2211,705,104.0909494,30.66142069,1620,104.0893045,30.65943908,270.3154592,,46.12017313,63.32769976,50.81648319,62.85052659,51.98374215,88.8708359,68.05144427,68.17062369,68.29022127,85.69163704,67.46174372,66.65312693,47.76125905,55.11174589,59.7061525,56.84203581,56.84203581,56.84203581,56.84203581,68.85393774,56.11546293,61.83546644,56.12894899,56.12894899,56.12894899,33.44108774,60.25607759,56.57765425,53.32250154,88.69726006,71.81812938,76.47431459,36.72210012,81.7761053,58.55208503,109.3410846,98.54538259,89.68992195,121.6419566,80.42443414,46.67317281,80.42443414,89.68992195,84.80484995,48.05608164,137.7078754,107.7073219,115.1639826,101.1575523,67.81433123
2212,705,104.0909494,30.66142069,1722,104.0919183,30.66268492,168.0767401,,39.12131019,35.65389233,35.22920439,32.75108332,34.81451464,34.81451464,34.81451464,50.63399702,48.60050316,38.2959661,42.83725765,40.43951642,42.83725765,55.76739764,94.54316631,70.15376978,70.15376978,70.15376978,30.02859873,37.46602256,42.98943264,42.98943264,42.98943264,64.64490004,50.95379068,62.54018236,32.88457958,32.88457958,32.88457958,32.24207447,32.24207447,32.24207447,29.23073741,32.24207447,32.24207447,46.01340413,46.01340413,67.23069604,54.63442568,54.63442568,54.63442568,48.89505167,48.89505167,48.89505167,54.51137517,51.55069345,52.26029814,52.62247713,52.4407623,52.4407623
2213,706,104.0435588,30.57197098,269,104.0437776,30.57776198,642.1561865,,53.02207044,50.11950724,50.11950724,50.11950724,31.5814518,63.45184643,35.75811711,35.37509214,71.35986433,36.14952731,70.6263495,70.26521809,70.26521809,42.67212315,70.26521809,78.6648157,79.02053697,35.32104311,85.34363093,56.66083999,58.13316692,79.37381189,59.47930372,50.09235691,65.30401897,65.30401897,65.02847458,72.99821658,68.7832568,66.38226192,37.65085133,35.20296593,35.20296593,37.45734965,37.14808791,37.10499979,37.10499979,33.09609551,50.1829726,42.71226239,40.23955216,38.30591999,38.30591999,45.32867199,38.30591999,38.30591999,38.30591999,38.30591999,38.30591999,37.22644559
2214,706,104.0435588,30.57197098,372,104.0266743,30.57742312,1728.254341,,110.0701571,147.8061619,110.0701571,140.6567211,77.96636125,103.2649897,59.82418873,64.47373707,86.11371111,89.77944629,550.5943033,93.69171769,96.61049111,418.9707493,90.89431158,109.4409081,64.45703836,84.64919221,127.0775251,87.660664,131.9557927,108.3136334,119.3042306,115.8606262,117.2644302,73.19665444,88.70424334,95.42508631,117.2644302,117.2644302,117.2644302,96.34867406,113.8465806,117.2644302,123.324393,84.74142778,64.27392177,86.05415806,101.7035656,139.5003504,103.5227226,92.58505398,65.28557846,89.77944629,104.0855814,100.6750102,92.94813263,91.20660593,92.62812882,129.4841962
2215,706,104.0435588,30.57197098,689,104.0553991,30.56872554,1191.105926,,48.21568216,111.6414022,45.93445456,48.19310293,46.9144566,113.8906065,78.96228957,80.16167004,97.28093169,99.115431,43.84438991,95.80074194,86.90532859,85.32117066,93.7113501,93.80328053,99.67523606,97.72895499,52.22876168,55.44803449,52.02057077,100.2330441,108.0945365,49.32966734,87.98222527,97.59989231,92.31391461,50.77538583,93.62494162,96.43527114,41.17779771,84.16057573,49.84092988,84.35422504,86.77928325,96.84100447,48.45176648,76.32123406,86.91120007,109.1840936,74.99092923,76.92136216,54.86860312,54.90373026,102.6938411,45.4785899,79.21191334,85.89025144,43.33482904,69.52543711
2216,707,104.0991022,30.61345907,564,104.0994826,30.60753214,657.8851349,,149.3577063,186.1207454,198.1913377,163.4394689,58.91508671,141.3962081,257.4333137,151.8196465,119.3893629,78.89362044,159.7023928,174.4667761,56.44895542,302.3472109,197.3655405,177.4072274,297.9102498,234.9166037,248.2585415,213.3681519,159.7562554,250.6229085,197.2161343,166.7877807,142.6738847,122.4556219,88.82374568,99.65160527,215.3078623,163.0774593,140.5570615,123.1701738,95.49945507,133.3960643,175.7163812,57.01231259,102.0856244,140.9753861,90.05775375,83.39389034,106.9248978,105.8496753,105.3284968,122.2919011,89.10408148,82.2832595,85.9965699,88.02365568,112.7803088,90.56927287
2217,707,104.0991022,30.61345907,1257,104.0968473,30.61335413,216.4567285,,35.69057509,59.4842918,59.4842918,69.16368838,53.58260864,67.61338157,76.98140011,90.34715624,68.2051836,86.34285015,47.51489162,112.9339453,78.87087273,47.80639402,101.957188,74.21373549,67.46703226,29.97093164,61.84477957,59.4842918,61.51928072,59.4842918,49.26728487,31.54834909,42.04555159,30.32078687,43.41193441,60.17329904,52.22816505,24.77724078,26.68644598,28.9144424,23.38317247,78.71153764,34.5818442,34.5818442,34.5818442,22.32791469,27.13560844,24.49811546,27.13560844,42.63990274,33.16520898,75.65477889,27.01019836,37.64464843,31.38949537,46.34909874,42.69831357,42.69831357
2218,708,103.9929798,30.68390412,110,103.9945152,30.68621014,294.8788977,,17.24718167,14.97269438,20.3364757,15.38498597,22.00132708,37.98082403,17.68431276,37.6496775,15.40452069,37.6496775,17.14966126,33.81225848,17.38843623,15.42970976,15.3516129,33.3470156,29.91681869,16.99862341,17.35527027,16.52882883,16.86360654,17.93182486,15.73075868,16.16594972,31.56022833,18.44594321,17.21222589,16.10871065,15.78533876,18.7224697,17.9015857,22.36441078,17.17741152,14.01404662,18.25247647,22.11591733,33.62281744,18.39799015,18.74313011,28.66590221,17.8264321,13.43751939,27.18519108,26.680275,26.93036659,16.14546056,18.09998349,16.7122801,16.99862341,17.89152863
2219,708,103.9929798,30.68390412,273,103.9914211,30.68156318,299.3455262,,32.27733774,28.95594879,31.84526874,22.25387495,28.01986205,36.83552999,34.45492038,33.15827367,19.97486366,31.64720651,26.75635112,24.33585696,29.0457004,26.77376135,24.54769691,29.28569625,32.92610243,30.89870671,18.40553193,30.37755868,29.50428184,18.1880826,17.10545864,32.10296584,29.06659189,27.08215022,30.091659,34.00145632,31.56034045,39.33006914,30.68995636,37.00810194,37.58084713,26.09702181,30.61488336,31.58992558,31.58991027,31.58991793,25.39616405,31.92073147,31.84663987,48.43343345,51.39795998,30.21497634,30.52376417,34.76270627,28.3876705,22.87991283,27.5423733,24.37495614
2220,708,103.9929798,30.68390412,484,103.9889788,30.6857075,432.2380955,,61.31036816,45.17949607,61.31036816,36.50573944,43.34421013,49.53624015,45.69079519,51.96239245,45.72156153,47.60233605,35.31365894,35.22948838,43.41294036,92.25635238,41.60580598,41.39998221,39.16720606,41.11115307,44.01858964,67.5812006,44.01858964,44.01858964,32.70745442,177.4970126,44.01858964,44.01858964,59.27836738,39.09691316,43.42760918,57.20798323,48.06354112,48.71377463,45.51191585,45.49623566,46.86919108,40.20819493,46.30496032,50.76858544,44.25331372,101.2618532,50.29058121,47.44076658,135.9001872,42.47465,46.38024274,42.49418994,42.49907772,43.50955684,45.28640775,43.95641649
2221,708,103.9929798,30.68390412,637,103.9964967,30.68224322,383.8978287,,46.02669399,48.20201767,49.66425957,43.70234976,41.58780831,37.99401191,47.37979531,45.04484606,50.77111955,52.8308179,45.48652277,41.92740791,45.54898709,41.97781737,37.15140278,44.76821758,44.82872334,44.5547349,46.12058595,44.84842295,43.68911012,44.45098907,44.06675677,44.59873006,42.05674197,42.10015606,42.07843781,42.08929413,41.41132953,41.41395772,40.12998087,41.57738217,44.52619807,45.72959821,44.80295638,39.87271553,41.83090061,42.0643292,50.90162396,48.62921702,49.21511195,39.92870158,53.6364366,39.17851076,38.0890431,48.17880256,38.26230218,34.46464298,36.76684535,40.73139832
2222,709,104.0125452,30.68328194,647,104.010975,30.68116406,278.7823559,,33.35329341,29.78090449,27.30000629,36.3804911,36.28731741,40.96393801,35.15909901,45.52091942,42.98143389,47.81497877,59.21041187,42.98143389,52.27169173,48.56453561,49.96099568,49.19975748,64.08160244,52.96129189,59.63812631,56.63325423,51.92518577,51.43866005,52.03069129,47.56887182,57.96517077,49.33072269,49.68398422,41.99578943,39.43483227,41.70873688,49.10061063,47.30886752,40.82594216,54.84243067,53.85802456,40.93424241,45.14228655,38.28902503,42.6078319,40.92293433,41.19949941,44.50627411,40.92222779,40.92215714,42.52612209,41.15892997,41.43608312,40.85377775,40.85478017,40.85452956
2223,709,104.0125452,30.68328194,1318,104.0141882,30.68538655,281.3872696,,31.26525218,39.84244525,39.84244525,54.90483309,41.07426946,42.38469333,35.60612199,26.94133432,35.76325404,35.9217791,35.9217791,60.77965022,39.80330729,30.69679305,57.72046556,49.83981159,71.08731021,43.8525615,26.94133432,29.81586963,33.37707317,34.63227934,35.98558332,38.81203719,61.39358609,38.81203719,38.78726881,32.94289986,38.76253204,32.94289986,31.88022567,32.94289986,57.96819288,57.96819288,57.96819288,74.48486548,41.34670084,47.44703375,39.41611559,39.02134709,39.41611559,48.18045996,48.18045996,48.18045996,48.18045996,44.55169524,33.54285333,42.28737928,43.17963216,54.0383643
2224,709,104.0125452,30.68328194,1573,104.0143304,30.68271515,182.1806897,,24.9557313,24.57903122,25.34415777,24.31327091,24.81801375,25.66929483,20.55037324,25.00065374,26.16859782,26.0710751,21.64523046,25.97427655,25.97427655,28.35088543,23.2159463,21.39805817,22.46063298,22.46063298,22.46063298,21.39805817,29.23010509,28.1480894,30.39863189,28.1480894,24.02382721,24.02382721,24.02382721,21.6810077,24.02382721,23.71972813,27.05653807,23.42323153,30.50467362,30.50467362,30.50467362,42.86604464,26.02581281,34.97869242,24.02382721,24.33582497,47.18348798,29.31175343,22.11974647,25.53603438,25.53603438,25.53603438,26.11216255,26.71488729,21.53860371,38.57944017
2225,710,104.0877124,30.71150796,866,104.0930635,30.70984187,544.689017,,81.76013043,92.93272328,72.9856251,81.76013043,81.76013043,91.1684058,103.2042348,103.0234918,83.15221694,103.0234918,125.1625826,113.0190468,113.0190468,90.78150283,101.7318008,90.78150283,78.53993836,78.53993836,76.46887593,76.97633366,76.97633366,76.97633366,71.23998043,82.30348211,108.9378034,95.46642946,95.46642946,92.26225509,89.26618183,74.05137693,148.9276299,76.74678909,94.10344145,84.52070953,106.1369668,84.52070953,88.52733459,64.43199764,92.93272328,82.87744975,82.87744975,65.36268204,76.00311865,70.28245381,73.03092965,71.63033648,74.4520346,75.92954351,115.1201837,101.9632349
2226,710,104.0877124,30.71150796,1294,104.0898329,30.70899025,345.1055575,,54.76256275,41.50490002,80.46502636,32.57989529,80.46502636,80.46502636,81.02478308,80.46502636,55.33986668,35.64935458,38.9868203,37.24346761,38.09520911,37.24346761,26.18292955,31.97889336,31.97889336,31.97889336,31.97889336,31.97889336,31.97889336,38.27418383,34.84448204,38.27418383,38.27418383,44.16042679,44.16042679,50.50325232,50.24792748,50.37526638,50.24792748,52.31073714,58.60283052,66.61554997,67.15567605,57.65104441,62.04144854,59.76572493,59.76572493,59.76572493,55.96306338,58.64893818,58.64893818,58.64893818,49.62902825,67.01078786,61.61580462,59.23146636,60.40011377,59.23146636
2227,710,104.0877124,30.71150796,1304,104.0780641,30.71194952,925.2190875,,211.8148626,100.9329914,136.7178539,130.4486442,133.5096938,130.4486442,220.5820341,127.4536498,223.876762,173.704757,151.3708183,127.1293403,134.1257201,171.6901399,134.1257201,134.1257201,124.4379345,135.5816302,137.0694944,142.138921,142.138921,142.138921,118.6540509,258.2006756,175.3046692,132.7007456,333.0788715,178.5945692,168.6475299,189.7885308,168.6475299,170.3002326,114.6570986,171.9856479,199.448426,172.5797262,129.8553105,133.2315486,133.2315486,133.2315486,133.2315486,133.2315486,133.2315486,133.2315486,112.1477682,264.3483107,285.6594095,285.6594095,210.4098999,166.5394358
2228,711,103.9869334,30.64626777,238,103.9893797,30.64731331,261.5002682,,13.72304614,14.86031516,21.69126649,42.98634546,21.69126649,31.48498212,21.81062185,21.69126649,42.98634546,40.84169048,43.2496615,42.98634546,41.06438236,32.63088269,28.65756364,28.65756364,28.65756364,47.07004828,35.6929276,46.83586893,37.65603862,43.08471238,39.80553765,28.27029926,47.07004828,46.86918035,47.07004828,46.96939957,46.96939957,28.35545077,45.16659876,51.63076594,49.72188199,58.30073822,54.19434679,55.66302826,53.2052824,54.40641303,57.87301016,52.73954989,53.94968707,55.84893987,54.00635803,53.98745451,49.20214106,62.70034977,54.52129143,53.76873674,54.52129143,54.52129143
2229,711,103.9869334,30.64626777,496,103.9889356,30.64334541,376.4561013,,23.02875046,22.20797976,20.25772742,48.66218904,19.43695898,20.22749201,21.286523,16.66964286,20.70652352,40.75915683,21.39292762,44.31066323,24.39130645,26.07739012,23.02875046,18.33390104,21.40982567,28.60022235,22.64397602,22.60620458,22.23074783,21.31721533,66.52945526,24.28749041,22.53103848,29.59043591,60.80430865,21.49471792,25.02755244,21.97214599,25.26080083,17.25598554,22.91195207,18.5522514,67.61185769,16.99362965,60.80347148,22.78355783,18.30171458,35.06447515,21.27538406,32.38332054,21.49471792,23.81796071,24.13302913,45.94040558,24.48494968,21.6665382,22.30588703,21.16463245
2230,711,103.9869334,30.64626777,694,103.9819807,30.64440871,517.4086721,,73.04593018,37.69874077,74.40763861,67.61057058,67.86511608,69.16928557,202.464263,71.39572594,79.41044368,55.0760266,70.24530054,67.25072722,55.71022041,84.57077047,202.464263,67.33560667,73.51095042,57.49619022,86.82516974,62.80179114,90.25663087,85.75834344,114.6259212,66.21990115,60.37832154,93.83734104,58.614064,75.63050195,64.06803095,71.20351431,66.500646,75.54924854,171.9388819,187.2031376,119.166958,69.2958043,188.148608,65.61079665,89.66825647,73.15550235,84.60506796,75.05726874,62.93524647,119.0556099,80.45378851,71.29960675,62.15810521,85.83738339,70.37800577,60.70478754
2231,711,103.9869334,30.64626777,944,103.9841556,30.65006856,498.3025608,,31.06413742,29.35388372,32.98601077,32.03373605,32.03373605,31.03614566,30.02325053,29.07437956,28.12620287,28.22873748,27.92045477,36.16712135,29.79882423,31.07646979,32.42749853,30.26809705,30.58200118,30.90248439,29.31191534,29.54525202,29.78233346,30.80739982,34.76529494,31.90554413,31.59646356,29.42409872,31.30696717,39.97524722,33.40575827,29.60213232,35.80617203,30.71728115,31.97663492,34.43165487,33.40575827,32.43922638,64.15559793,64.15559793,73.6888622,86.54981756,159.1032567,141.1500816,95.92990475,89.28523693,80.5337472,120.9023905,124.8646788,64.22037777,134.8788886,76.6892434
2232,712,104.0085096,30.64330149,25,104.0120406,30.64390586,344.9470654,,32.5934235,53.14448368,42.26237444,45.26644358,39.1121082,36.82162892,47.09770298,55.29392663,51.55792436,39.80158447,33.83676936,35.89303954,26.42147735,38.38669043,40.44981874,62.61224045,48.79408391,54.65176,45.75087394,35.57060764,44.22398274,36.54171954,47.87237608,46.99867502,33.47195244,63.68253515,54.46532612,31.41832854,45.90792737,45.90792737,37.25428307,33.74482162,45.931082,42.44051386,68.98941308,44.27128112,40.38404668,51.74205981,50.07296111,55.43792123,38.15082751,46.16391953,77.61308972,54.70526147,43.4959522,61.39972487,110.8758425,39.92956384,43.68722728,32.21295552
2233,712,104.0085096,30.64330149,1359,104.0101395,30.64049511,348.0515964,,53.9498707,58.44831473,63.76517797,54.73047216,63.41221557,70.44398799,64.51414949,64.51414949,52.2247397,59.37353794,59.37353794,52.22405948,59.37353794,59.37353794,45.77116884,49.36324665,47.89386198,48.80326678,56.41538708,34.02732367,56.52509175,68.90674671,57.27875179,47.7942401,52.80310652,70.04812003,64.79564303,64.79564303,73.40279713,58.37343336,82.07330219,70.12979926,62.05459745,44.56380843,51.87451772,45.68078069,45.68078069,45.68078069,45.68078069,44.80950369,46.86248703,43.76096209,43.20640507,52.38234728,52.49756979,52.49756979,62.64928735,48.85648962,51.47846126,45.29955702
2234,712,104.0085096,30.64330149,1849,104.0068929,30.64748892,489.2733294,,61.26552994,61.26552994,61.26552994,61.26552994,61.26552994,61.26552994,61.26552994,61.26552994,61.26552994,54.03018361,57.42083083,57.42083083,57.42083083,57.42083083,40.86737786,47.75015888,44.04148113,45.82089875,44.91357229,45.13701842,45.24957731,45.13701842,45.13701842,42.75203849,43.91216874,43.32433858,43.61627316,43.46981573,43.5429213,43.46981573,43.46981573,41.29856942,42.35638557,41.82078945,42.08688358,41.95341459,42.08688358,46.53520476,55.91695193,52.03497743,53.90616636,53.90616636,53.90616636,79.8813599,64.3721877,71.2930528,69.4269724,68.53009216,68.97561689,68.86369352
2235,713,104.0810256,30.66585121,806,104.0798131,30.66389343,246.1195413,,32.19002175,41.59766895,61.44454568,41.59766895,33.01156292,36.10555618,41.08332373,26.47501042,33.22613807,43.57526306,38.63504428,37.57019147,61.43507812,44.52413812,31.17081262,44.52413812,57.68426749,44.72641841,39.37912661,40.12818608,26.05971614,29.49992837,32.67073557,26.89014715,34.98984495,37.6633517,41.5326726,45.94231437,45.94231437,78.40976537,57.93752865,89.95231966,44.41254881,44.41254881,25.64487261,29.14573515,29.14573515,29.14573515,29.14573515,29.14573515,32.97470594,46.26790333,36.09084923,40.55058804,36.09084923,49.77698588,46.02755058,37.46428536,52.0428986,84.38384273
2236,713,104.0810256,30.66585121,1184,104.0792781,30.66658936,186.3356176,,39.50287661,25.4094024,25.4094024,25.4094024,43.55897554,31.45642314,31.45642314,31.45642314,31.45642314,31.45642314,30.63051248,31.03797448,30.63051248,18.25328499,20.46707013,20.46707013,20.46707013,20.46707013,20.46707013,20.46707013,20.46707013,20.46707013,34.31244109,25.64006587,29.34900622,27.36945448,28.32468582,27.83887838,28.07968101,27.83887838,27.83887838,19.87579921,23.1928616,21.40659364,22.26395641,21.82685893,22.04324107,21.93451637,21.98874432,21.96159687,21.97516221,21.9717693,21.97007324,21.9717693,21.9717693,30.49128288,27.79674824,26.62051219,27.19591797,27.04974703
2237,713,104.0810256,30.66585121,1575,104.0824686,30.66503017,165.5151902,,29.62608749,19.38789647,32.16489526,20.67743267,18.6204589,28.17279833,29.62608749,23.13998776,21.93061041,27.73029365,15.67007718,20.37192947,28.19501663,28.75878736,29.54738541,21.28323915,22.5921335,20.87056689,21.74652134,31.28592616,26.08524765,24.82727853,23.56638753,24.23933048,35.62378543,23.52334321,26.96756116,19.87838815,23.72880359,20.58727934,25.51343532,23.80488906,26.84030111,20.01527325,23.2453063,26.3070501,17.60094015,22.79615765,26.55323907,24.87261924,27.51307911,34.04883913,22.80783482,20.79253635,26.0835504,22.04827696,31.23746709,25.39875041,27.67739079,20.84501258
2238,714,103.9997597,30.58962127,44,103.9967302,30.59844508,1020.176889,,112.5958945,124.3907468,114.2314653,98.11140162,145.1635099,192.2846492,142.8115412,145.1635099,103.8935446,124.0755676,142.0691997,133.8038455,143.462375,164.9387784,90.79448209,109.8933812,137.2667709,137.598241,151.9793665,137.4737523,135.1784955,137.4841177,134.4892109,190.7863273,221.2431807,97.5208922,98.39616344,101.0354003,144.5531973,112.0565892,116.4437793,167.3183053,111.6877229,111.7490318,111.7183689,106.1455723,144.242533,161.0021004,126.3521835,95.76627902,77.42496305,134.5945566,134.364761,120.4143213,71.34226823,94.25073054,156.8609112,98.14417461,99.62129129,137.1410306
2239,714,103.9997597,30.58962127,105,104.0186689,30.5856335,1866.193322,,158.7680575,146.6770095,157.7018505,232.1456793,196.9019918,232.1456793,196.9019918,190.355949,589.3242069,169.8684187,186.9222154,76.21436142,286.4944972,190.1404517,201.4733263,162.6582967,174.0914007,165.3670787,185.4602059,162.4370765,196.1904277,177.7253509,270.856368,214.6232939,239.4830945,226.3727263,232.7434308,226.7975477,223.1908558,82.43307925,219.4477477,265.4085712,218.4482831,288.6837598,258.6772579,265.5452948,246.0418774,222.8066596,176.1663904,285.333033,201.2519667,256.5634027,173.4635527,229.9211485,182.3765445,212.9974941,177.9582838,181.5244616,173.7818048,175.7182901
2240,714,103.9997597,30.58962127,268,103.9910119,30.59474494,1012.898539,,125.9998183,125.9998183,122.8583134,125.9998183,112.7066168,157.1739112,133.4305571,125.4004038,103.2496859,87.13105712,108.551766,107.3599139,141.0385717,118.7937081,121.0832518,101.7757625,102.1797878,104.0862688,115.855014,99.75790252,104.5686882,109.593339,122.9229479,118.5785458,213.2417977,103.7168055,96.46652752,122.5834616,133.076334,102.2920848,123.0033645,134.7101266,109.4616602,135.311546,135.0531385,144.1278554,148.9417245,110.3308545,102.9427196,129.2009042,120.1958057,127.9450786,102.8217948,153.0507761,126.5457243,132.3649855,114.6664694,97.7487253,112.7085339,95.00717459
2241,714,103.9997597,30.58962127,1038,103.9999551,30.58885883,86.55318403,,8.745793479,8.337638919,8.710819632,7.985259051,8.312747442,12.55151913,11.40177334,10.8622071,10.07435686,7.941165021,9.272405579,8.83503571,12.70505454,10.50190302,8.857272414,8.725913467,8.68730508,8.727364616,9.357100976,8.46276033,8.663590929,9.384354254,11.21576731,8.059783501,12.94376604,7.942767576,8.808368909,7.912463799,19.9099976,19.9099976,19.9099976,19.9099976,19.9099976,19.9099976,19.9099976,19.9099976,19.9099976,19.9099976,25.96595521,22.5382613,22.5382613,14.66312765,15.46359615,15.46359615,15.46359615,15.46359615,15.46359615,15.46359615,15.46359615,15.46359615
2242,715,104.1328426,30.60870213,428,104.1365144,30.61517896,799.4633154,,95.45830632,95.45830632,101.5788683,104.0892563,108.2794558,131.2189029,121.9520312,106.2998314,85.98734029,106.7268703,81.99623748,118.6017006,160.8701728,116.190215,109.7909924,127.2630855,125.8630292,112.5711057,117.8328735,100.631746,74.17018149,92.28890433,87.61241813,108.8116422,114.163742,160.0037768,173.6390911,101.6985136,84.89875916,84.89875916,84.89875916,84.89875916,92.22267454,553.474603,127.9141305,155.5712398,145.3569664,118.9986742,152.1637126,70.71419989,95.93559785,123.522229,98.41951905,92.34442573,101.1030891,104.0892563,140.8516119,145.6020878,95.65659943,95.65659943
2243,715,104.1328426,30.60870213,591,104.1265738,30.60504824,724.660058,,84.19933972,80.64223211,92.07445444,110.3076621,92.32155034,92.54124334,92.43126631,92.48622213,110.0749455,108.3327275,113.9203585,88.43309182,111.8148029,109.5585907,109.2333525,109.3957299,125.6580966,200.675093,121.1554652,110.5977245,119.020017,118.8503525,116.8544774,118.8157391,134.0699489,128.5901782,105.9400513,86.09822471,110.4097314,112.7890534,111.5867105,112.8424069,114.1201746,115.3853373,123.9323615,56.65094916,129.84438,127.3601175,130.3736236,270.3395035,128.3583321,115.093068,120.1566075,98.69266869,119.4061339,123.1764855,175.773804,163.6237528,158.0178661,158.0178661
2244,715,104.1328426,30.60870213,822,104.1341692,30.60786785,157.2249592,,18.26820398,22.00767351,19.97681835,18.63406924,12.83562609,15.87833887,17.8038342,16.32020226,17.01916044,13.73810323,16.12563684,37.48409623,37.48409623,37.48409623,37.48409623,37.48409623,37.48409623,37.48409623,37.48409623,37.48409623,37.48409623,37.48409623,37.48409623,37.48409623,37.48409623,37.48409623,37.48409623,37.48409623,37.48409623,37.48409623,37.48409623,37.48409623,37.48409623,37.48409623,37.48409623,37.48409623,37.48409623,37.48409623,37.48409623,37.48409623,37.48409623,37.48409623,37.48409623,37.48409623,37.48409623,37.48409623,37.48409623,37.48409623,37.48409623,37.48409623
2245,715,104.1328426,30.60870213,1234,104.1304402,30.61020532,284.2427263,,52.74607292,27.28730172,35.96744516,35.96744516,35.96744516,37.2099569,36.57815245,36.89134979,36.57815245,28.59638048,32.09851202,30.24640871,31.14494982,30.91534644,30.80180959,30.85847359,30.80180959,30.80180959,28.30632959,28.89150771,29.19326459,29.04160231,29.11723596,29.11723596,29.11723596,38.73591727,33.24481737,35.78092115,33.24481737,33.24481737,24.62752863,33.24481737,33.24481737,37.59271913,35.2853344,37.59271913,36.75552495,43.35905994,35.95480726,54.28508301,43.25824623,48.78540237,58.80883992,44.29756774,50.53204023,47.20986458,47.99877172,47.99877172,47.99877172,46.19746342
2246,716,103.9950242,30.6798424,273,103.9914211,30.68156318,394.3385761,,33.1945177,37.88536835,54.86449754,53.87547909,42.15810973,28.67916917,33.26971816,36.07671853,35.19716217,36.92116707,45.39149077,33.91349436,49.82575749,28.14842447,42.70814904,43.52433951,45.75725621,29.33096847,40.50267829,36.99064813,40.50267829,40.0456664,37.63071899,36.37716525,55.07735689,45.70569459,35.45248704,43.36921204,52.38446029,41.61681362,40.73855648,46.12896422,49.58688313,44.81827542,48.95237496,40.54766698,39.03626601,41.56456645,48.78415374,39.79708497,35.54972139,45.83640276,35.16809762,25.83473838,48.87337705,33.13769547,30.16187409,37.63218596,56.55852087,35.61999912
2247,716,103.9950242,30.6798424,351,103.9942328,30.67855575,161.5027547,,26.67017968,20.47089302,22.15739013,21.33614374,23.37424182,17.78400445,21.98701312,19.12532621,53.66860773,36.33811981,19.52473223,30.47221787,28.36145936,23.25639668,24.22541321,23.50940263,17.92630782,29.81589318,23.69072666,25.24210928,18.0749197,19.0958221,17.26960149,16.49389835,20.45777329,17.63685405,24.02520318,19.33200056,20.72762627,25.95869704,24.90867191,26.97592747,24.90867191,42.16115941,18.60866185,18.19749349,21.98147134,20.15285674,23.66822377,25.95579986,21.85751567,19.2082566,24.54824824,22.98062913,17.55199749,18.16418183,32.48100095,14.99928841,35.4518242,18.43551064
2248,716,103.9950242,30.6798424,637,103.9964967,30.68224322,301.161894,,34.78661449,54.48154866,34.78661449,31.1248656,29.82621234,54.55007891,55.50423986,36.9712811,50.25569307,41.44495746,32.04481237,33.79960911,35.7324741,60.16552821,38.48031299,47.551878,44.83799911,47.44782575,43.6730239,34.74944931,43.09152696,54.00661611,47.3959702,48.54549934,32.07641475,31.35742063,38.20908611,35.13419882,44.05381806,38.62167448,39.16963366,39.64105369,42.82618603,66.10870844,39.84396759,36.01936274,32.21940025,55.81378731,35.5190578,41.39089739,39.53264607,75.2904735,41.067531,101.5627933,33.67027386,26.83620838,34.33897472,31.6226652,39.70816166,51.62775326
2249,716,103.9950242,30.6798424,772,103.9978433,30.6784115,313.1806594,,29.47582677,30.40998985,31.40530289,30.8996334,40.92378852,28.32789884,35.79207536,36.0591804,70.90882854,39.37544961,39.37544961,39.37544961,39.37544961,39.37544961,39.37544961,36.92523059,64.20560215,28.11596942,31.53707339,31.53707339,33.16030511,34.95970151,37.5066658,31.7949908,34.40845495,53.53515545,33.75599922,42.95049043,42.95049043,42.95049043,104.8791045,60.94326345,60.94326345,46.32564453,37.36372407,35.37099212,37.36372407,37.64756236,37.93574609,62.2900759,47.15392613,47.15392613,47.15392613,35.17785878,34.6109094,31.08778604,28.76148913,40.77578206,37.89749156,53.34938678
2250,717,104.0570593,30.69273539,1268,104.0546653,30.69292497,230.2660143,,55.15071377,31.89320877,58.3772994,58.3772994,58.3772994,58.3772994,58.3772994,58.3772994,58.3772994,58.3772994,58.3772994,66.54476559,59.7446956,61.17768646,46.26740379,51.06515308,48.5480323,51.06515308,41.90888026,41.90888026,40.48633218,40.48633218,38.9181996,39.68678164,39.68678164,43.02083173,46.96643918,74.6808695,62.52913318,62.52913318,57.71919988,45.4846448,53.59639987,49.20846807,51.30879081,51.30879081,51.30879081,54.62653387,51.30879081,33.86264916,37.42472467,37.42472467,37.42472467,37.42472467,37.42472467,37.42472467,37.42472467,50.64914366,41.76109075,29.8723478
2251,717,104.0570593,30.69273539,1313,104.0566951,30.69008656,295.6367042,,61.87744972,51.79037154,49.94722575,59.62420925,59.62420925,55.21619378,65.59581726,62.14844585,59.62420925,59.62420925,59.62420925,55.50415307,50.44038555,50.44038555,59.79169298,62.14844585,51.22946499,51.22946499,51.22946499,51.22946499,51.22946499,51.22946499,51.22946499,51.22946499,51.22946499,51.22946499,51.22946499,51.22946499,51.22946499,51.22946499,51.22946499,51.22946499,51.22946499,51.22946499,51.22946499,51.22946499,51.22946499,51.22946499,51.22946499,51.22946499,51.22946499,51.22946499,51.22946499,51.22946499,51.22946499,51.22946499,51.22946499,51.22946499,51.22946499,51.22946499
2252,718,104.0839234,30.67841788,365,104.0811893,30.67984653,306.0426804,,53.0539478,62.39705133,53.28917289,53.17664673,59.60795219,70.54986014,53.58723976,74.27552695,41.57560941,77.22572307,55.69100167,67.38554431,75.83358452,78.69668925,45.43314018,76.5106701,44.36294139,59.25921965,73.4502433,101.7003369,71.4844217,53.07330915,64.90448598,44.1126832,96.22302615,46.33798129,56.87448934,54.40758763,54.06053236,73.54830771,57.40637202,47.35330871,110.9147969,47.76101074,68.77363604,58.07436406,78.47248215,89.42805596,62.86754062,101.5441152,67.05743454,45.56466706,65.19252364,46.56772848,66.10521895,88.7080233,45.1908798,50.55220209,57.30838229,86.52515574
2253,718,104.0839234,30.67841788,796,104.086401,30.68210717,472.7748279,,128.6138071,86.64864172,93.24752673,75.94057539,83.39530412,87.83202077,83.53322113,95.71514922,108.5452411,96.52113691,95.07767267,93.67674609,90.87939878,87.77665706,128.6727366,66.78209451,75.85852181,86.35886921,84.69229451,112.5654352,108.4697751,101.3088917,83.80431148,65.93663459,65.64347299,85.83863504,123.7810459,87.37111809,96.23258339,89.46537954,120.6269895,99.10317913,106.6166469,90.91823613,94.16656814,96.33902152,92.08993205,99.47136644,108.0247138,92.33215447,119.3780126,107.7208469,81.53242541,84.53589639,110.9621963,89.3613164,61.62906627,97.77255785,107.8725664,168.5138
2254,718,104.0839234,30.67841788,1482,104.086665,30.67709933,300.5571136,,38.61547498,30.73879571,45.73142895,49.55750881,35.18717428,41.15393758,41.15393758,49.80095742,63.04828739,72.13370726,67.28568724,72.13370726,59.73805985,48.50683593,39.27425078,40.83040034,36.62849049,38.61547498,37.59574736,37.59574736,37.59574736,29.16457167,37.59574736,41.89760344,41.89760344,41.89760344,70.71932085,53.03949064,53.03949064,53.03949064,43.19383669,47.04372213,47.04372213,47.04372213,47.04372213,55.67781865,46.78220668,46.52358269,42.04685009,44.17207967,44.17207967,56.59025151,44.17207967,41.45993575,32.46016827,39.06157433,40.14863113,42.00604112,46.57126008,42.72480193
2255,718,104.0839234,30.67841788,1730,104.0822831,30.6759215,318.1792328,,53.74523111,54.35676281,47.57271408,31.1262293,41.37897412,41.64245897,103.7123455,58.42617894,53.88921663,46.12166993,47.26734133,56.96156247,41.27730588,55.45032272,38.61919211,36.47914771,39.40751965,50.27557739,45.27451534,36.44046357,31.81792328,38.79108208,54.16980918,46.14079509,38.76295222,45.79491207,40.76317573,60.9279382,61.47291082,45.68727446,48.50645292,33.3341648,42.52232902,56.66513546,86.6121163,51.59939938,47.0037503,47.36506843,35.54523625,39.55656964,41.8755277,55.0694826,52.30343553,84.99308271,61.65674128,46.73819238,42.82038273,31.21104191,42.31940534,32.35721012
2256,719,103.9845026,30.63716601,114,103.9834118,30.64102237,440.0064418,,70.39060246,67.46265718,61.87590588,48.92735723,51.76546374,78.22336743,64.32581484,44.57015167,72.00105411,92.36286825,55.03902677,73.22141097,55.16287563,42.85004122,75.54959572,61.31702674,66.97772476,81.90399123,50.36639715,67.43393744,69.86869776,57.90163098,91.56203413,55.03265283,76.53373381,70.16282357,60.00087843,45.35499472,48.72668108,93.50786248,83.15082365,63.79840237,49.65589939,49.24424426,67.11962672,65.45550374,70.36975524,65.8833175,47.28427434,43.87875874,67.90368408,62.77502737,52.27799309,61.1002195,47.9764722,57.63111417,56.37093205,51.80779037,36.41432622,64.78622456
2257,719,103.9845026,30.63716601,184,103.9862152,30.63266016,525.6727881,,43.70489693,43.45400774,67.6382653,50.28579373,46.98751179,54.36041758,54.36041758,55.78252136,51.98961641,47.95494551,51.98961641,57.28825542,79.18083837,50.59951971,54.21053567,54.85281267,54.06920106,60.40347632,53.34523008,34.31408952,34.76160979,55.01226852,53.0306835,55.01226852,55.01226852,54.34090559,71.50209208,55.03226571,55.02893184,54.85281267,52.56727881,55.030182,55.69223182,55.03007781,55.03007781,55.03007781,58.43385204,71.95521054,61.75556311,61.75556311,58.13892587,67.20248712,67.20248712,113.5453222,67.20248712,67.20248712,67.20248712,67.20248712,67.20248712,80.35762366
2258,719,103.9845026,30.63716601,198,103.9798505,30.6351988,496.3083944,,35.62732243,42.49013602,50.72278836,50.74379655,80.24147693,58.03362468,65.84927101,65.84927101,48.51894691,48.51894691,48.51894691,50.70119807,50.70119807,47.10723743,49.13043684,50.70119807,43.42698451,54.94011034,50.09467906,54.92640614,48.61520921,31.45616584,46.49863942,51.32842,51.34493729,43.71156501,51.73871293,54.52482075,50.88198263,48.3132684,48.02984462,58.93197127,51.6224138,58.16694608,53.84587414,66.25625042,57.29964025,61.61069724,55.883811,60.52584944,61.64096401,62.22234902,57.62379246,50.77797201,45.34797512,42.9497649,44.45611141,46.68134434,49.63083944,56.66100064
2259,719,103.9845026,30.63716601,316,103.9881014,30.63882185,390.6763381,,31.96442766,31.96442766,42.44239358,37.95021093,41.78201395,44.36702893,49.17604256,41.13384793,42.06699143,42.05681166,42.82961674,42.55307512,39.51141916,43.8825216,32.58150155,43.98545167,47.49045653,47.35719908,46.4213431,37.66815714,38.88619864,44.36702893,60.62219039,43.56535314,42.92489511,41.09180227,44.01986908,41.09078862,41.89584585,35.19019559,38.24133982,40.19028117,50.77382011,36.15889486,36.30700006,42.21064603,51.2654825,31.2194188,45.24925854,40.53126274,51.44565863,55.50871884,50.26884417,50.08057113,47.03008919,45.99950342,48.1779504,40.76031929,41.94556568,45.73771763
2260,720,104.0385395,30.65909862,1411,104.0385396,30.65746299,181.2781944,,27.68193,22.6597743,35.56411443,22.6597743,25.51217748,19.83591185,29.18611359,34.65140708,31.68481145,31.68481145,28.2206054,38.79913792,28.2206054,25.95869132,25.95869132,22.77841186,23.66641885,23.21392618,23.66641885,23.22425266,25.39305447,36.03044858,28.56024069,32.65339884,18.8886107,19.91662766,19.98779479,19.98779479,21.65413521,23.6235837,33.83859628,32.69624597,36.66300561,31.62850565,36.66300561,36.66300561,39.5216654,33.88377465,19.65667168,31.49621138,24.90845419,33.98966145,39.19528528,43.18432371,26.90030914,23.64498188,17.52538435,17.75786394,15.64991606,17.86970153
2261,720,104.0385395,30.65909862,1544,104.0385394,30.66145875,261.5753554,,54.8394256,31.08966073,26.62595512,27.69112382,26.25651845,32.38209352,24.75386793,42.99868856,42.38747764,24.78082314,28.73138915,30.67333158,16.9908611,55.830313,32.06599135,44.15536601,55.64702243,42.61920251,49.58097611,43.74271418,57.20305719,37.00857106,34.34249743,34.81224693,32.13895152,29.23310142,35.61203666,48.91798854,54.21743731,38.23004501,53.41067467,34.73293935,47.82754805,37.02881619,40.44400628,31.13698137,58.91290032,44.46135455,41.75925851,30.70970672,33.63111712,45.57841626,50.32983856,39.19547469,29.92599405,38.43556243,31.01975979,43.29997124,32.96158493,35.48693919
2262,720,104.0385395,30.65909862,1835,104.0362324,30.6594657,224.7686089,,24.4092607,24.4092607,24.4092607,24.4092607,24.4092607,24.4092607,24.4092607,24.4092607,33.68020779,114.7754599,30.59232484,35.96297742,34.14206717,34.57978598,34.80288138,34.80288138,34.80288138,45.07894106,39.09019285,32.89296716,37.85576571,32.89296716,32.89296716,31.2419688,33.78567816,36.61389104,34.72819708,60.53618393,34.77795094,33.99861311,38.04860464,38.04860464,38.04860464,57.79764229,26.48664458,57.79764229,59.71712118,58.74170541,59.2253974,58.98255978,58.98255978,43.66008951,43.66008951,28.75050505,34.67033053,31.43413371,34.67033053,64.99333269,45.21889432,64.99333269
2263,721,104.0808711,30.64973437,498,104.0817032,30.64925009,96.10959483,,22.71298959,25.1327754,20.71823601,19.60309016,20.05765457,21.86379408,15.62404793,22.61402231,26.61496472,13.90467012,16.71471214,17.69793051,16.46025411,51.89918121,14.18010416,17.54091465,26.61496472,17.65278272,18.75309167,21.47129247,13.91632142,13.91632142,14.56819122,14.56819122,37.40481529,27.75357283,13.83978166,18.37952411,17.02310167,16.55476275,31.3117232,15.49916053,13.54186072,13.35113029,13.78550124,13.32285489,26.11279558,13.12574133,14.85866128,12.49077767,19.06306013,39.09542841,20.23359891,17.59890851,16.11150367,18.34973996,18.85100793,16.32049724,19.65878076,15.87477686
2264,721,104.0808711,30.64973437,1266,104.0769254,30.65164009,433.0777914,,44.93026078,61.23645126,88.70039665,97.96732806,63.69709404,101.2987628,147.3610632,74.22330476,143.3442987,104.3250591,103.5028684,75.28989835,110.9042341,78.5148226,158.6849923,94.7563303,62.22492434,119.4697356,80.05056485,68.42357581,111.3628606,65.37023266,67.27422002,52.05609513,102.4961318,81.02624766,94.37530563,118.1867377,127.2718407,76.58638836,70.37514111,93.00634518,105.7003423,68.93500584,112.9768151,108.2694479,68.12459639,69.08774219,82.49100789,85.5071325,60.92319908,70.47827151,102.6385812,62.72561662,67.40926709,67.40926709,69.13880484,121.015269,110.2379833,140.2050404
2265,721,104.0808711,30.64973437,1476,104.0783778,30.64675931,407.188637,,69.67105956,72.03337067,64.23659479,106.998474,53.74442138,54.78990835,67.64945339,57.3954226,33.90622421,85.09360059,71.13261743,66.29603939,101.9387408,58.11215434,59.50794696,66.93511841,99.85552406,51.7313764,76.25960601,69.55535436,76.17154643,60.24985998,60.66467279,73.29395466,72.42883249,62.28947989,86.73840788,49.52294234,76.54721113,57.3449034,68.10123546,38.57576561,106.0693989,84.38448728,80.25931682,42.41548302,76.51867003,62.1793889,57.71177532,67.39673992,74.67545049,83.71668151,78.30550712,83.71668151,167.5290392,83.71668151,64.13822329,45.92353049,120.5492675,95.80909106
2266,721,104.0808711,30.64973437,1708,104.0821982,30.65181091,262.9349518,,95.93572565,95.93572565,95.93572565,95.93572565,95.93572565,30.5343815,46.32459184,36.80748515,38.80030715,39.87989087,39.33269244,39.60440165,39.46807941,39.50207191,39.51909012,39.51057919,39.5148342,39.51270659,39.51377036,39.51323846,39.51323846,37.56213597,39.51323846,39.51323846,45.07456317,44.12894296,44.12894296,44.12894296,44.12894296,71.61910413,54.60956692,61.96830288,58.05668242,59.94875271,58.98754907,59.46426681,59.22494867,59.34436644,59.28459744,59.31446688,59.2995284,59.3032623,59.30512946,59.30419588,59.30466267,59.30442925,59.30442925,59.30442925,43.15649665,46.30884152
2267,722,104.0577827,30.61849646,599,104.0550603,30.61846945,260.9699899,,56.49380419,49.22242212,51.7983164,39.07572042,59.23082216,72.89161786,52.02882709,59.03042786,69.85070362,41.97283531,43.33894245,48.93187311,57.87424829,57.54927802,91.65775255,80.48189297,133.6103841,71.55308177,38.82532436,101.2929341,59.84025246,53.38022521,43.33450017,48.94644051,82.65325191,77.23096414,31.00633543,44.47218266,26.97106116,39.59506748,58.47460353,59.08754488,56.25700381,41.20578788,84.44871583,44.88018935,86.19192327,76.69322152,128.6975293,53.85095028,29.53888351,70.11134057,54.78087252,41.89484788,43.96998269,38.61454844,115.9866622,33.57993516,41.35087868,44.36797939
2268,722,104.0577827,30.61849646,671,104.0578935,30.61635561,237.5079512,,33.7955978,33.7955978,33.35395453,37.9450573,37.39192234,35.18636314,43.44657644,42.41814578,33.24887637,36.07172138,35.68566879,40.48727667,48.11254317,41.02262077,44.3594617,40.14218894,37.55616212,30.15973983,33.23724163,42.22363577,42.53873753,47.02265579,68.12977086,55.16313705,39.6851345,41.90648088,45.4118062,42.32814972,47.6093568,47.10901511,55.88422381,58.16521254,26.30857306,58.96749133,45.24958542,22.70992362,43.41787063,42.92312371,46.34301487,67.06106857,53.80182082,44.64901432,39.58465853,36.33947231,33.0420365,49.48730091,46.85088352,37.98472076,40.32448758,37.98473207
2269,722,104.0577827,30.61849646,762,104.0600781,30.61857201,220.1828316,,22.48675727,35.54521048,33.61391757,47.38349578,31.88167697,35.09278113,48.92951813,23.73228125,44.7829488,44.7829488,44.7829488,43.97548925,43.19663181,46.71855758,35.07337141,45.59874557,31.74865929,18.87281414,30.0933255,29.08075134,38.91938758,34.07816826,34.07816826,34.07816826,32.75447082,35.74557807,45.38119429,27.8125682,44.61490771,56.90879339,45.64250635,41.17704903,46.71855758,38.29266637,52.32067286,32.61967876,40.03324211,40.03324211,40.03324211,61.44637161,46.81052326,46.81052326,27.73956934,27.73956934,27.73956934,25.90386254,27.98851942,37.30156206,28.2419784,41.14142873
2270,723,104.0747906,30.6144846,474,104.0747506,30.61768468,354.6830268,,25.20062761,26.41549307,26.16883957,27.27434383,29.16227276,28.42427183,28.84929942,30.14241467,28.31991767,32.34857469,28.88616804,23.92401573,28.120516,28.25226885,30.22946223,24.60906463,33.70637836,25.40844183,26.53319318,31.91677877,29.99081378,26.36970726,27.87636888,27.04891154,34.23673137,29.34943105,25.19950457,29.88371237,25.52016449,30.68574901,29.88424178,31.82297274,28.55396657,26.99368844,31.50721093,27.84783411,28.32885813,24.61810212,27.19242995,29.6102295,28.9154685,30.79466753,29.54470631,32.86253595,24.27488396,30.65687627,33.2578326,32.76441136,33.13934328,26.61328013
2271,723,104.0747906,30.6144846,618,104.0748969,30.6108969,397.7534043,,45.40947957,70.02015919,81.35865088,103.0152702,82.05800891,90.66561349,58.16053028,86.78256094,49.64529861,61.83763411,75.59114472,77.82131823,77.75089169,82.61032245,85.74324883,69.60245167,78.00300223,40.91177873,117.2630601,69.94242812,75.33076312,65.53374167,58.62486205,63.57775185,86.13006048,62.93055891,76.03915064,57.34817544,69.58536878,107.0366304,93.89588561,102.0062159,80.26413988,56.08011445,79.7722705,62.59725707,74.35097233,100.3341921,71.30391495,68.80058885,76.57284789,74.19234484,95.46081703,38.66233385,79.61386645,97.02075864,112.4538421,112.087065,91.05960289,42.39562562
2272,723,104.0747906,30.6144846,969,104.0790641,30.61458745,409.8056342,,44.57100553,44.57100553,44.57100553,44.57100553,47.39920588,45.94162034,46.65903248,46.29754738,46.47758706,51.13692489,43.3911848,52.31561288,44.88743254,49.1766761,49.1766761,62.64544727,42.09130622,64.51750508,63.31760872,44.57100553,47.3231847,47.3231847,47.3231847,90.19303039,64.69264137,59.86725787,70.36408344,64.69264137,70.36408344,70.36408344,75.04070616,72.62718822,57.03480475,104.1388435,56.96140089,73.64227704,60.14619675,60.14619675,60.14619675,55.02285438,44.70606919,62.24895709,65.42351588,68.93926557,70.75780734,67.88191488,61.13122721,57.85491306,61.13122721,61.13122721
2273,723,104.0747906,30.6144846,1347,104.06964,30.61440644,493.8019149,,64.64315977,87.96946227,59.25622979,63.18792277,51.14594433,54.05357335,61.44079126,64.32155201,48.17579658,90.39085898,62.85617432,62.91684631,62.79561923,65.6780872,63.12808571,68.92167409,78.42736294,49.19797677,96.09118344,74.94464138,86.37934371,58.69105665,104.2631609,77.29073451,88.39327096,54.64201518,60.51700063,57.42964792,60.51700063,58.93291726,70.2643041,56.16704245,70.2643041,70.2643041,85.74052543,77.23476727,69.71321152,89.10711246,86.8576658,86.8576658,86.8576658,86.8576658,86.8576658,248.6275376,81.00220685,72.26369486,106.6612136,59.05936524,72.4752131,73.96755453
2274,724,103.98599,30.68063674,221,103.9875546,30.68324826,325.9436551,,57.66079402,41.18989586,34.53707604,46.6868896,40.8138142,51.24005058,39.72567612,34.78450075,36.535459,39.27689233,48.9206677,36.78360998,36.44444246,43.89266179,43.43904335,39.41759582,34.88792344,39.41759582,40.74295689,49.1646854,42.66898758,38.53521046,36.04906785,38.19030621,146.6746448,38.10504269,40.69585521,38.08378626,40.69585521,45.8358265,37.79056871,46.01557484,45.17409657,41.42620153,48.21354528,47.8327504,48.02239298,47.92738409,43.02085043,47.9748415,47.9748415,57.37883415,44.14586751,44.74345694,59.10080125,64.34826789,36.74521373,45.30490959,55.41426958,38.85421054
2275,724,103.98599,30.68063674,363,103.9897196,30.67889818,405.9290698,,45.17928938,43.04402507,55.69148823,34.79392027,26.5337204,59.82987313,39.0733864,48.49595082,28.12306281,38.73310321,79.56504452,65.97492782,46.48042784,65.82633564,51.41054182,47.79540969,52.17535203,45.74530472,63.17051808,53.04336302,44.29995154,53.70122742,41.40275249,81.73068519,56.98837081,51.09596683,41.30735935,49.85242517,80.07367952,44.41777056,43.90909758,54.50110871,52.94726997,70.25695439,47.99059932,45.91813515,63.95381406,47.63972244,67.26557658,45.93629387,46.61386447,58.1629712,52.37794449,41.61152237,52.70657343,42.72937577,41.48600855,41.79250671,90.8473584,42.04305749
2276,724,103.98599,30.68063674,397,103.9833818,30.68521098,565.1937117,,57.01832147,56.99875888,63.38621066,64.79927905,58.64420549,70.51416286,67.23850032,65.74851449,63.55119298,72.44138361,63.03438323,57.17761969,70.29074337,62.34735779,57.19659474,67.43732477,72.17480005,63.04833481,70.00419555,79.93572874,76.69317648,65.30623429,65.56269821,63.07611101,64.29537175,72.16038522,63.6950903,66.64002868,72.92464732,88.37079849,83.23909732,77.26272237,79.7155901,81.97750189,85.18680446,84.6729973,150.7183231,71.87664024,75.81607904,83.25398153,85.8819351,94.1444702,91.75636357,80.25759996,79.54445181,77.27195547,81.34595046,69.73750823,83.23948532,69.89131859
2277,725,104.022819,30.68524364,364,104.0198136,30.68603439,300.925423,,57.19807407,43.24676738,42.94674025,44.82751128,45.14665142,52.03113178,54.37615088,54.37615088,67.49729114,101.2459367,56.61787267,65.55712695,53.84686041,60.6404141,60.67358064,48.3990256,57.98637176,47.8292063,53.79933264,53.95817324,54.03794578,53.99803004,54.01798054,54.01924642,54.01861349,79.68633186,53.26111964,54.18018298,63.6006765,53.26117732,53.26116771,53.2611725,59.96299941,46.44508136,53.49785298,64.52402668,73.94754422,67.63776416,70.92768628,27.39144179,38.72498741,59.40131722,50.05767529,52.31905936,49.55204221,49.37559996,38.19030045,46.59386044,45.07718449,45.23415563
2278,725,104.022819,30.68524364,1690,104.0204478,30.68347603,299.9488593,,63.51858197,35.83459824,39.17107231,45.81962772,43.29365426,38.88044134,63.33231047,50.37042069,43.00556155,36.72843175,37.51966273,47.85003959,47.05080146,63.07335826,39.05301604,54.71379843,37.49360741,42.6804701,39.68938594,39.58269404,37.62424716,29.69790686,37.62424716,37.62424716,46.20521581,37.62424716,35.87428218,36.72843175,41.13584356,28.49118452,43.17344754,46.4897159,61.88056696,50.35783648,50.35783648,35.09694128,37.87055975,41.12017873,23.83699544,33.66534352,33.66534352,33.4653686,36.91678268,36.91678268,36.91678268,50.30198261,38.15603864,39.95618477,41.93459781,52.67394602
2279,726,104.1018715,30.7188824,6,104.1012878,30.71733224,180.6695447,,19.92068487,17.55493552,16.30101155,15.35797783,16.71111087,19.34305906,19.66471235,17.21719698,18.89959278,13.36917494,21.70295261,25.06398308,21.11650534,20.9748124,20.90467661,20.9748124,20.9748124,24.17133581,24.17133581,28.92855572,14.96916826,26.85334365,25.92352182,15.78665925,26.14988783,21.64427158,14.38960975,26.23579763,26.22144015,26.22861693,23.11239604,26.22144015,23.36803692,13.72897859,29.27578518,28.24523169,28.75127668,27.20477701,27.32056452,17.32118138,24.67606321,15.14343099,23.0081834,23.77840952,11.32132917,23.55081803,23.00720369,23.23561216,21.35994617,20.35270391
2280,726,104.1018715,30.7188824,112,104.0980229,30.71968669,379.1506685,,36.2133736,43.42340637,31.05671005,45.95765679,56.11274025,58.33087208,61.01275126,48.80604552,48.57446287,48.57446287,44.41244274,69.99704649,50.39787348,33.04945294,45.88041703,45.15938483,47.3116952,73.78067063,45.95765679,45.95765679,45.95765679,45.95765679,62.18416431,47.47625762,69.6399187,65.78035694,45.95765679,44.99810132,38.44908188,46.42661247,40.32326164,43.6083836,49.99789035,49.91789373,53.05898568,50.19227819,50.33060469,45.80343646,50.29595162,68.41816574,39.50629252,45.19676843,50.45997806,50.28459149,37.49841776,73.78067063,50.28438868,50.18170613,49.54418899,49.91154466
2281,726,104.1018715,30.7188824,1309,104.1020007,30.7191637,33.5412434,,3.740031528,4.167333089,3.901089613,4.613122301,3.39181113,3.990366036,3.758289612,4.181765411,4.093829513,5.603177552,5.027445851,4.424371648,5.70465242,5.449348308,5.257553391,3.720107099,5.731731466,5.960434863,4.309880175,4.756998408,5.342852931,4.393516419,5.219674766,6.165879639,6.160636543,4.528067858,5.257553391,3.795132831,5.257553391,5.257553391,4.073835231,4.425723015,4.202383164,5.718159884,4.114087776,4.769525065,4.229623324,5.2046757,4.101750208,4.476310519,4.297098799,5.471985327,5.334984223,5.402616387,5.192180152,4.199947,5.272859224,4.302641696,5.69120862,3.554039036
2282,727,103.9919226,30.67483657,577,103.9891873,30.67490119,262.1330427,,39.77771584,35.56578972,35.32173251,35.01591665,33.75505975,43.25495586,35.56578972,28.43477073,26.35361286,30.73038656,28.84398228,46.83270242,34.201593,37.67181452,28.41693211,51.28689966,43.43746622,44.96385724,43.43746622,28.98610724,39.71817246,48.14304746,40.52278823,40.35915202,40.29116765,38.61046398,39.15109182,97.28649007,43.60603818,34.35724346,37.62175231,54.38549343,41.89473712,71.53599142,68.63119663,69.3403594,94.6093463,50.3295442,55.64349828,45.00853515,55.51052669,52.22220344,67.89057221,43.73946483,43.2880254,63.33415797,54.07902314,52.46304121,69.04967952,81.35163394
2283,727,103.9919226,30.67483657,790,103.9918974,30.67315839,186.011315,,23.89440621,33.42632616,21.46284404,30.3004857,30.3004857,30.3004857,30.3004857,24.05894853,25.36517932,25.36517932,25.36517932,23.74612532,24.52896462,24.52896462,27.58561211,31.51250513,32.55951704,70.48849832,45.8658037,20.82863869,34.34055046,31.21868224,32.70528615,31.21868224,37.62026596,32.34979391,27.27660831,35.93778537,28.19539933,28.19539933,38.4298843,68.68110092,60.32799405,64.23412317,60.32799405,59.92310819,37.13349727,59.5236208,52.17979747,52.17979747,18.04961547,33.3154594,33.3154594,33.3154594,33.3154594,25.59136563,20.7747901,58.28594396,25.43744479,47.15779817
2284,727,103.9919226,30.67483657,979,103.9963677,30.67454556,427.0568548,,51.5043443,51.5043443,51.5043443,51.5043443,51.5043443,51.5043443,51.5043443,51.5043443,51.5043443,51.5043443,51.5043443,137.2682748,50.35168158,77.8432748,61.61942594,68.78768131,65.00654027,66.84368162,65.91231199,66.14271266,66.25851808,66.20056472,66.22952872,66.21504354,66.22228535,66.21866426,66.22228535,66.22228535,68.40510244,67.29599804,67.8460178,67.56988865,67.70767169,67.63871002,67.67317327,67.65593727,67.66455419,67.66024544,67.66239975,67.66132258,67.66186114,67.66172652,67.66165919,67.66169284,67.66167601,67.66168444,67.66168232,67.66168128,67.66168232,86.61434802
2285,727,103.9919226,30.67483657,1007,103.9921507,30.6764134,176.124342,,21.24112667,22.05383065,20.32203946,22.54391578,21.58092686,21.24112667,22.49060471,31.33678573,31.33678573,31.33678573,31.33678573,33.22520339,32.25337675,32.49096435,32.6110756,32.55090917,32.58096461,32.56592995,32.57344554,32.57156631,32.56968732,32.56968732,30.04965077,31.86169001,31.86169001,31.86169001,31.86169001,23.97155505,27.35912109,25.55355692,26.42553295,25.55355692,23.76379035,19.78307742,22.20832333,20.9256644,22.20832333,22.20832333,35.77137553,27.40346326,35.77137553,59.67507117,62.16153247,28.75499461,39.32078333,33.21795055,36.01264501,44.33899519,32.23971006,34.60014359
2286,728,104.0503621,30.64027361,1207,104.0511427,30.64230117,236.8384633,,33.93024033,30.72498983,31.16010847,44.40721187,46.95392246,27.95470386,29.29960371,25.7491421,59.02743241,36.56168387,37.31371851,31.57846177,41.79502294,34.1346065,41.86342722,25.10742067,35.01513215,34.94337983,61.33945812,26.31538481,34.96943754,38.53020836,38.53020836,38.53020836,39.05581425,36.05152084,33.22753187,34.33362958,32.35743711,24.97905668,34.694546,34.66515879,34.66515879,34.66515879,38.52191874,30.30409956,33.74479424,28.2323996,22.1932854,36.40335026,42.47165469,40.02903605,40.02903605,40.02903605,27.327515,40.02903605,32.54268961,32.54268961,35.44138524,38.90697051
2287,728,104.0503621,30.64027361,1811,104.0516754,30.64002194,128.9108704,,15.65683058,28.29750814,28.29750814,28.29750814,28.29750814,28.29750814,28.29750814,28.29750814,28.29750814,28.29750814,28.29750814,28.29750814,28.29750814,28.29750814,28.29750814,28.29750814,28.29750814,28.29750814,28.29750814,28.29750814,28.29750814,28.29750814,28.29750814,28.29750814,28.29750814,28.29750814,28.29750814,28.29750814,28.29750814,28.29750814,28.29750814,28.29750814,28.29750814,28.29750814,28.29750814,28.29750814,28.29750814,28.29750814,28.29750814,28.29750814,28.29750814,28.29750814,28.29750814,28.29750814,28.29750814,28.29750814,28.29750814,28.29750814,28.29750814,28.29750814
2288,729,104.1164633,30.66075295,74,104.1179738,30.65793984,343.7264565,,41.55886628,56.02332738,65.44765852,49.90695583,65.51021876,58.17807075,74.81349718,55.09417825,42.44992259,59.77851417,55.77531682,34.5646716,54.03560015,55.67672636,31.94703727,61.71647099,85.57505141,62.15455814,54.84996646,53.29881387,51.99223712,55.08804645,33.67116309,53.29092349,77.06751224,62.25988646,56.24614743,74.08228084,67.02260101,64.44871059,59.54837552,86.35561492,72.35437394,48.25798804,53.49057249,43.72492026,47.86288977,35.72902532,63.13343079,66.97782102,59.27737693,54.64207147,61.03157797,88.56755322,50.16548283,42.71859298,44.95604881,48.79397647,67.69229997,56.15316654
2289,729,104.1164633,30.66075295,392,104.118797,30.66166685,245.4629425,,34.33937538,38.98529086,34.33937538,23.13263332,30.26255455,46.10434397,49.18366936,26.77777555,32.60762336,38.07881898,32.81194126,30.78722265,28.50537397,38.08907728,39.96231059,41.87993332,27.89058158,54.54732056,43.03571071,25.10416457,40.53516482,38.37857081,40.53516482,32.13333065,53.71833392,34.29495186,34.62164573,26.02847108,42.93812405,45.45610046,48.28779197,51.30139872,44.62962591,25.17568641,28.05290771,33.34590917,39.62630462,25.91397633,27.87591776,30.68286781,36.63246318,44.3496408,43.96351209,44.57334643,39.98189848,47.4451862,31.61597828,73.79261737,36.2753117,47.76576178
2290,729,104.1164633,30.66075295,462,104.1124124,30.65966078,406.5579245,,51.26474705,51.26474705,53.54665348,55.022877,77.68622761,38.21432189,66.56127718,57.46965851,54.15757736,68.49961909,65.04926792,41.99737527,95.97432972,57.622383,110.461021,69.36533309,74.24038184,74.25926464,54.91964459,52.96532672,55.46597928,63.2911796,164.4503964,60.77267246,77.85151746,74.25295702,59.13569811,57.74639099,71.11800429,74.25296851,124.5624279,74.25296851,73.91962264,50.91088962,59.90212258,65.33966644,56.2926357,53.41636964,67.75965408,56.2926357,60.67399847,88.62681401,93.22347313,61.70356358,62.01731052,53.2221283,58.77945896,37.91731938,60.0824519,63.00510238
2291,729,104.1164633,30.66075295,1810,104.1148162,30.66338768,331.9183729,,53.48729375,50.27655578,50.27655578,28.47274366,45.21877549,45.21877549,45.21877549,44.42030269,56.09887993,39.86817444,59.57509256,64.35760192,45.86971756,69.97986193,67.05108119,68.48417293,67.76005061,68.12018747,67.76005061,53.52323146,59.80604764,89.30539181,43.70541852,64.07003445,51.96373744,51.96373744,51.96373744,37.65460533,65.72641048,47.87923637,55.40094935,51.36619634,53.30733575,52.31876713,53.30733575,53.30733575,69.47128735,60.32530985,64.57606785,62.37835601,63.4581896,62.37835601,60.45056369,60.45056369,47.13633698,47.13633698,46.58503479,46.69628867,46.69628867,54.36333678
2292,730,104.0280169,30.58735258,509,104.0301944,30.58666704,222.1820801,,38.48697165,38.96981673,37.58277873,50.98680404,35.86795912,35.44084136,33.83841305,29.07243938,29.74131493,32.8651459,29.58774926,35.30396638,32.06904731,33.61914487,32.63051457,32.63606209,39.32103998,27.25231647,29.95129184,20.9614891,38.43846888,32.98585686,34.35166197,43.36565902,36.92350783,37.25456397,39.69506146,45.14706425,53.01444828,38.9267133,22.43633908,34.45177982,35.08138107,25.55857128,33.52988842,34.852091,30.29755638,36.00925102,33.60737346,27.25231647,36.59967916,25.6981683,27.25231647,31.18344984,34.00633167,32.40331134,35.7078343,41.95046267,27.25231647,24.84023256
2293,730,104.0280169,30.58735258,545,104.0313763,30.59554599,963.5097573,,90.4215469,90.78499115,90.06100106,78.56478202,102.6874429,66.23250269,95.09623376,88.83496216,82.52105773,78.65385774,98.0301967,112.8011423,80.90785033,103.4898596,101.5677149,98.90369851,65.19990839,77.98190482,70.71631246,69.57563145,87.0641347,75.51455283,124.3907164,76.6464507,148.8684604,98.4382308,119.338665,100.0207173,87.90256275,102.6679037,96.83177238,91.61136022,84.00327248,106.3889723,110.4861935,78.33244183,87.11515595,90.94848052,95.56408889,70.22622122,103.4512775,94.37475229,62.41142787,99.18721134,72.87048585,93.28467396,68.07405894,100.4624964,72.85518014,77.16652116
2294,730,104.0280169,30.58735258,1179,104.0258455,30.58528944,309.2503307,,28.76747262,26.07262741,23.83942592,24.9060669,24.36107638,24.63055731,24.4950757,24.56262969,24.4950757,22.9074319,23.67466647,23.67466647,23.67466647,24.68517052,24.68517052,27.38748316,24.68517052,24.68517052,23.1455549,23.51216875,23.69986568,23.60564411,23.65266107,23.6291292,23.64088928,23.6291292,23.6291292,22.02376242,22.79821975,22.40430035,22.59954364,22.50149848,22.55041449,22.51367423,22.51367423,22.51367423,22.51367423,22.51367423,26.92384983,22.51367423,17.02295398,19.38704729,19.38704729,28.00757712,22.91332525,22.91332525,21.10523584,22.91332525,22.91332525,23.97095821
2295,731,104.0775283,30.62293972,997,104.0743822,30.6227454,302.3180211,,23.08750267,19.82413253,28.05012567,37.98760475,31.03645083,22.29072967,62.85820242,23.63398211,24.6324755,24.6324755,24.14073662,24.38412717,24.38412717,41.20567443,24.38412717,24.38412717,21.06134254,24.26632945,24.14966441,47.27823093,94.63868487,147.0736319,44.46256869,20.46402149,28.50313949,25.36934443,32.52026521,27.65806546,29.89274093,27.65806546,68.02155475,20.1919272,23.50636881,24.59536443,25.79016294,27.51820167,23.65967122,24.0385395,23.84760068,23.64681968,24.26632945,24.26632945,39.00877692,99.39222612,132.7249849,80.81768879,75.05826731,56.98140712,75.05826731,19.28834517
2296,731,104.0775283,30.62293972,1246,104.0813033,30.62306332,362.0874831,,34.46173005,34.46173005,34.46173005,34.46173005,34.46173005,32.79282866,33.60657271,33.19471435,33.29672964,33.34797278,33.3223315,33.33514722,33.32873813,33.33514722,44.00050428,37.93239623,40.74174238,39.28691034,39.28691034,20.08497595,39.28691034,46.06059856,42.40495427,44.15724568,43.26336404,43.70573486,43.48342437,43.5942962,43.5387897,43.56652527,43.55265307,43.56652527,43.56652527,44.41277476,32.1181047,25.43443784,19.79521548,24.94765434,31.13137009,24.47915379,44.33724283,42.27616019,42.27616019,42.27616019,42.27616019,42.27616019,42.27616019,43.86477641,45.57744543,47.26305073
2297,732,103.9313093,30.70607506,32,103.9354466,30.74137286,3932.226913,,126.1677084,126.1677084,126.1677084,126.1677084,126.1677084,126.1677084,210.9689551,210.9689551,210.9689551,207.5281933,204.1978635,189.4203865,197.8824657,197.8824657,229.9921509,197.8824657,197.8824657,197.8824657,274.27497,250.5046343,239.929948,245.1032862,242.3489188,256.6221009,249.281366,252.8984759,251.0768943,251.9843931,251.5298252,251.756904,251.6433133,251.7000958,251.6744221,284.8120773,327.9666396,347.9938562,202.9536471,180.792042,340.202703,316.9605983,328.1706452,289.8379357,326.2577265,226.2737677,175.9604336,279.597698,267.6776384,274.4111773,249.8855585,271.8467716
2298,732,103.9313093,30.70607506,354,103.9299735,30.69461569,1276.518468,,138.5045782,154.6969572,146.1972371,152.9273373,106.8092152,138.5219739,165.3045498,145.0875405,156.3333094,157.8294156,162.0261431,257.6897095,184.1343182,51.7507487,140.2054251,138.7372339,142.1205036,106.7105609,211.043237,157.6038806,151.999994,123.7530527,166.5024089,173.8237914,112.5879906,166.4421038,137.932961,167.0939477,241.5699922,174.6789474,150.8847599,117.3310592,166.9571601,126.4717208,143.9214796,141.7640922,138.0883882,134.5459433,163.5397326,111.4728074,128.1859549,146.5079644,154.0379827,146.5079644,162.3839747,141.8475484,187.6179223,129.8555588,134.6769898,69.00099827
2299,732,103.9313093,30.70607506,780,103.9464317,30.71977497,2098.285937,,102.4297653,103.1943903,101.6763881,102.5522712,102.5522712,100.253456,200.0131343,105.8268081,106.9714012,97.2804813,101.427719,105.2600269,196.5863207,116.9323432,181.1469874,101.0207873,105.0642366,105.0642366,139.4155144,126.2077456,124.5086827,128.9793943,158.7798932,121.2120273,126.870574,126.2192105,126.7251807,126.6526089,124.4201158,126.6992212,120.9192321,135.2884006,135.7961006,144.1958267,147.2959904,234.9558125,153.4032027,158.8468457,170.3769122,180.9977836,134.3923386,134.3923386,134.3923386,84.77922978,113.4208615,113.4208615,105.7218947,109.4361372,107.5469567,108.0131105
2300,733,104.022412,30.67849209,1475,104.0214793,30.67608461,281.387117,,76.30837071,76.60721508,76.90840943,76.75751679,76.90840943,76.83288902,100.2963981,61.76790373,59.15291219,45.22292952,56.75034292,56.75034292,66.20873341,63.56038408,62.31410203,62.93107334,62.93107334,62.93107334,79.34675882,74.4891041,74.4891041,91.36679241,118.1333669,121.5592345,118.1333669,118.1333669,79.45048009,104.4323321,104.4323321,104.4323321,104.4323321,104.4323321,104.4323321,104.4323321,104.4323321,90.85144585,97.16965191,93.9043913,97.16965191,97.16965191,158.6343478,91.46669266,115.6385412,74.04924132,90.28463647,90.28463647,169.5386814,100.2963981,109.5128239,120.5944787
2301,733,104.022412,30.67849209,1759,104.0241872,30.67793555,180.8968523,,43.2094851,31.63223647,42.01475279,42.01475279,42.01475279,47.41956324,44.55384275,44.55384275,41.37412124,56.20962609,63.66760723,56.20962609,48.84215013,76.01891069,61.64191182,74.21409325,74.21409325,74.21409325,74.21409325,63.07299451,48.59915435,48.59915435,29.3346247,36.79258013,34.4793471,36.79258013,32.43978422,34.4793471,34.4793471,34.4793471,43.41524455,42.28757586,42.28757586,39.92818322,31.19658291,37.81815728,37.81815728,52.09829346,43.82427108,52.09829346,49.14933346,46.51633345,38.71751892,58.40615859,72.7629797,64.79887247,66.62185865,67.57236506,66.62185865,55.50244334
2302,734,104.0911229,30.71239601,140,104.09164,30.71366187,148.7778925,,32.75843505,15.53751716,32.75843505,16.59306435,14.59543705,11.76497338,13.83533518,17.79033965,17.01792185,40.57578886,16.64504046,20.67955263,15.69836214,18.37394213,19.49494527,19.94787385,39.82159204,19.91696608,15.63796826,16.61706801,14.12339714,12.53599562,20.03887818,23.49124618,14.47568684,23.69913332,18.69364476,19.95679309,14.47035379,15.08733558,30.60573789,34.89253505,18.9341728,17.19047208,15.9077116,13.93885265,14.07067944,15.13494315,20.17327356,27.5372963,14.34537227,22.59917354,18.79299695,14.44056115,31.41351396,19.64304693,14.36551884,51.74883217,20.5096289,18.82602506
2303,734,104.0911229,30.71239601,1339,104.0939086,30.71128143,293.9807589,,33.82449072,18.76472929,27.25705133,22.82524943,39.36144052,40.86219043,31.31156012,31.4355663,32.37310421,37.52945858,33.36828372,50.44474414,23.13572162,23.79608166,40.78345788,52.0490524,30.29861815,35.47477314,37.85159986,27.52485649,22.64154989,25.0789273,41.02057101,30.03776912,30.27261819,28.19708878,26.20557171,26.56897235,28.09727607,30.1709743,29.89031722,30.94534304,34.9668744,36.49416317,23.50105253,29.10166999,24.65534612,46.62249921,33.31392298,20.71097323,20.73125822,25.87605702,33.86658343,33.27430087,32.70237874,36.87563526,38.48475389,34.21327798,37.66301538,26.92268461
2304,734,104.0911229,30.71239601,1438,104.078117,30.71337306,1250.137312,,96.84432912,95.14787153,95.9886053,93.50982565,126.7031059,91.18222941,142.549594,88.9928256,84.08209852,94.60665696,93.03347438,281.2808952,99.6362844,99.20266693,124.5984032,97.46955653,100.99286,89.90713545,105.7107085,86.23288605,87.42596354,99.81136224,111.5517734,114.6785077,92.30731291,159.907023,109.9469297,75.25910239,92.60276385,123.349492,107.0272134,75.78716234,149.9165331,129.3245495,85.92829257,118.4340611,98.75692873,91.13387088,85.65377995,160.5026506,75.63856005,117.8580631,92.27727084,86.78161055,90.27066839,97.51883691,93.06782943,103.6383264,85.15599476,119.8214676
2305,735,103.9538128,30.63739103,685,103.950652,30.63319074,555.4109708,,45.37353834,31.54064076,45.91911659,105.2357629,56.48247161,131.9788445,77.49920523,99.31776805,86.74531431,88.47254402,131.9788445,63.47553952,34.74334483,73.10711133,50.20664143,53.94582416,55.98822527,47.24109852,83.42751716,57.20715619,63.10201898,68.72293562,54.4076053,92.17067128,49.92458164,46.99129248,78.33416239,65.52984825,57.70503593,68.93165169,51.61279027,68.82889827,48.5310557,48.5310557,48.5310557,70.21877067,48.5310557,62.21985536,49.6148758,60.16056936,48.5310557,56.24414894,67.72157476,61.14616192,70.28047434,70.28047434,53.43344455,52.00206749,120.0888586,78.21924674
2306,735,103.9538128,30.63739103,839,103.9586125,30.63198082,755.7504979,,96.3648805,96.3648805,107.750566,90.38876387,90.38876387,90.38876387,90.38876387,90.38876387,90.38876387,90.38876387,90.38876387,90.38876387,90.38876387,90.38876387,90.38876387,90.38876387,90.38876387,90.38876387,90.38876387,90.38876387,90.38876387,90.38876387,90.38876387,90.38876387,90.38876387,90.38876387,90.38876387,90.38876387,92.85671647,91.60612096,92.2271794,91.9156011,92.07112665,91.99329814,92.03219594,92.01274293,92.02246841,92.01760541,92.01760541,92.01760541,62.54486879,67.98899474,71.08263643,69.50140664,70.28312903,69.890082,70.28312903,110.8228836,86.01568677,91.11458266
2307,735,103.9538128,30.63739103,1070,103.9556823,30.64225974,568.5783798,,59.74553903,59.74553903,59.74553903,59.74553903,59.74553903,59.74553903,59.74553903,59.74553903,59.88537646,59.95554093,59.92043815,59.9379844,59.92043815,52.89101207,56.18671884,87.54842461,40.09563501,55.00153614,46.38038106,48.27196503,49.27682143,48.76921769,49.02170557,48.89513568,48.95833883,48.92671684,48.95833883,48.95833883,50.14410013,49.54412566,50.14410013,50.14410013,52.15935629,51.13187914,51.64050735,51.38493463,51.51240399,51.44859036,51.4804774,51.46452894,51.47250193,51.47050845,51.46951176,51.47001011,51.46976094,51.46988552,51.46985437,51.4698388,51.46984659,51.46984659
2308,736,104.0433938,30.66603272,239,104.0451214,30.66880677,349.1738293,,48.9932099,67.04137523,41.50556838,80.34680636,44.33242591,64.11352428,64.33913169,64.32396964,55.86781269,69.06735085,61.96941682,44.82101665,51.99693011,60.14477442,73.72585252,66.68571806,55.99223989,57.24161136,57.52978423,48.91150916,38.55907317,55.99223989,76.46857843,48.38097845,67.63051212,53.79568268,39.36406427,36.97134663,61.06627509,43.439336,61.61891105,60.51705983,42.61104358,46.25669864,61.52466371,66.32287739,52.05075716,65.26613632,41.69239753,57.1375357,37.67310046,62.3061108,62.61647748,63.46325638,62.7989568,58.33687536,75.47186168,62.02429862,94.34951048,69.83476586
2309,736,104.0433938,30.66603272,945,104.0381346,30.66861573,579.5088314,,56.19610069,53.96651336,53.66247192,53.74000541,51.04651479,53.06227536,54.55151556,67.6212384,51.78895639,54.42005795,57.84162673,71.27616645,62.5155075,70.21860773,72.39104974,94.08035143,98.92042641,51.60934296,58.20073477,56.14186741,62.43212213,73.57400523,75.18799119,59.43680322,77.15354264,98.36497952,69.70507171,52.18415578,68.5235883,54.1445664,62.49137873,93.03645713,83.53280453,54.77471068,66.98909428,52.68262104,73.43164887,57.2018118,61.06789003,75.95336507,62.78511932,85.27607476,61.23112181,98.51042044,66.056883,56.8713801,54.21344135,49.86511606,63.21914524,69.32922048
2310,736,104.0433938,30.66603272,1727,104.0447227,30.66539556,145.5910052,,15.87784364,18.39044276,20.20538237,26.89956196,22.41777668,14.30739633,28.74557324,30.12227694,21.21193453,36.57919572,33.69391834,15.77408914,23.82398267,22.34245115,22.16184434,16.96205886,16.96205886,16.96205886,17.04480061,17.02403958,17.02403958,17.02403958,19.59355584,16.74529133,32.82636442,22.17747329,26.47109185,26.47109185,26.47109185,27.73162004,13.93956433,12.56900764,13.21885545,12.88574355,13.21885545,13.21885545,16.4046203,14.64043628,15.47240203,15.04492626,15.04492626,15.03952995,15.04492626,21.43671242,17.68088109,19.37849081,18.92424338,18.70501309,18.81398961,17.47945552
2311,737,104.0985074,30.64632943,1470,104.0987232,30.64521317,125.4311527,,21.2996297,21.57955315,17.53600581,17.53600581,17.53600581,17.53600581,17.53600581,17.53600581,17.53600581,17.53600581,17.53600581,17.53600581,17.53600581,17.53600581,36.91161988,23.77633083,28.92247556,23.77633083,23.77633083,19.93974534,18.45109661,19.16655895,19.16655895,19.16655895,24.5408777,21.52330199,22.93325206,22.20591857,22.5637255,22.38339221,22.4731971,22.42820476,22.45067839,22.43943595,22.44505576,22.4422455,22.44365054,22.442948,22.44329926,22.44312363,22.44321145,22.44318949,22.44317851,22.443184,22.44318126,22.44318263,22.4431823,22.44318212,22.44318221,22.44318218
2312,737,104.0985074,30.64632943,1782,104.0991292,30.64644369,60.91020231,,9.431257132,9.659767767,11.14494172,14.72891542,11.21620094,10.56755317,10.37996347,10.37996347,10.37996347,10.37996347,24.50019311,11.51058941,11.51058941,11.51058941,11.51058941,11.51058941,11.51058941,11.51058941,11.51058941,11.51058941,11.51058941,9.922023906,9.922023906,8.353399174,9.922023906,9.922023906,16.48697205,12.38851572,14.1468857,13.20944146,13.66210145,13.43195886,13.54605271,13.54605271,13.54605271,19.93424803,16.13070185,17.83190675,16.93869718,16.93869718,15.52659248,9.492499061,11.42066293,10.36769401,10.86873498,10.61230385,10.67527051,10.70703488,10.6911291,10.69510111
2313,737,104.0985074,30.64632943,1842,104.0957842,30.64664658,263.3073136,,35.07516481,32.63016623,54.95109153,50.2868079,50.2868079,50.2868079,44.08866646,44.08866646,43.18479859,47.5141017,45.24612549,49.48056899,42.75350711,51.19864432,41.57483899,54.47737523,41.0793642,46.83910211,56.59142262,42.12917018,42.31724683,42.22299906,42.31724683,42.27007041,48.42995643,36.81189627,41.68453513,41.68453513,41.68453513,41.68453513,25.95226089,41.68453513,64.26483586,41.68453513,38.37677445,39.96232416,38.37677445,39.15350388,32.74287838,51.94007282,60.50465928,51.30751442,38.5327776,51.10007164,58.15376251,89.93418681,33.49492328,45.55052037,59.77787659,36.9914665
2314,738,104.0578933,30.59668669,13,104.0612402,30.59666547,320.8957553,,43.48399193,45.00875528,42.78610071,38.1514108,32.8692114,33.38799766,55.65113059,37.14548936,43.42950072,27.85911702,42.91325108,37.50729607,46.88094903,56.27399466,33.26438928,76.3364352,41.7048635,45.7696006,54.32091155,33.40730824,44.7761519,60.3250506,35.7023092,31.2222897,48.69229585,57.7973593,44.22759261,37.14548936,35.87654407,31.86826811,25.97956639,61.81151695,39.56249038,34.17824613,80.36345872,48.81231207,45.06728424,37.47253491,46.52803817,35.24713102,29.74189364,49.0541282,79.82796678,51.63015504,64.13461313,59.29297105,47.23465556,60.40390688,34.70011671,34.70011671
2315,738,104.0578933,30.59668669,45,104.0579082,30.60063219,437.27896,,37.19324881,34.04242493,41.58926123,41.66565644,33.92681586,51.52878088,35.38005335,38.06605148,33.35178508,33.479461,35.02477106,39.37024881,38.03738278,40.70138291,32.37286748,33.52223714,48.43705403,43.4263243,43.80663341,44.39067342,45.2682748,45.09321845,37.06022334,47.28631026,49.13538849,37.8232642,35.98181157,42.98845778,40.10273598,31.83211626,33.40233341,35.09461958,43.1223202,35.05313121,40.85914564,40.28305535,38.07023594,39.38675647,32.5056926,36.81870661,33.10194256,40.3763916,33.87571026,43.65073561,26.01376249,41.41431834,41.13262334,28.44947451,32.15286471,41.44096848
2316,738,104.0578933,30.59668669,243,104.0577985,30.59397529,300.6409098,,31.83256692,31.83256692,34.56582044,32.27342614,22.36172056,36.02487325,43.97835332,50.93210707,25.16993663,22.13307311,35.8746162,27.05768188,43.37904911,33.79569946,41.10027628,27.8945174,39.27094613,25.7232864,32.64878658,28.17400339,20.7537349,21.4743507,35.85777831,31.4924301,46.15382837,31.61559714,30.95844609,32.43678147,42.05857288,40.37330262,26.85625993,35.30701999,39.45227006,35.2495245,33.74038735,31.64229445,39.62119847,34.30256801,53.8461331,28.04854107,30.08022855,24.37628998,36.19034385,31.64219512,31.25957323,34.96179664,43.29317488,42.16022046,31.1455331,32.44083253
2317,738,104.0578933,30.59668669,680,104.0519133,30.59656657,573.4910421,,56.8653538,62.71787004,64.9011613,60.22366915,61.39978443,64.70308964,70.55336186,76.62510792,70.07442517,87.90167719,73.78561957,110.1102801,76.04732034,91.22690473,75.47101799,76.18262555,65.15401188,69.29504654,61.8827718,63.21718046,75.58673757,77.55458764,60.50869641,69.14989892,74.93893835,89.41393467,68.59551328,85.9009407,78.13109776,73.41990582,75.55726204,83.61394875,81.49609547,75.78713067,80.92580607,76.13147397,81.91374778,75.30992321,66.77241786,63.57406471,88.04126872,66.49171503,66.65271191,63.15594223,68.50617945,158.812904,76.10808644,71.20222165,69.03465836,69.56408198
2318,739,104.0723172,30.57817949,78,104.0701368,30.57443762,464.4351601,,38.16730664,27.81540444,26.6236716,31.96537267,28.58062524,28.58062524,28.58062524,25.70279134,27.13130347,35.24567223,31.58378421,26.3405526,27.26402897,29.28778763,36.13109835,28.53185284,29.4295547,33.23559043,29.69745251,30.71068699,30.97668506,30.97668506,30.00613014,28.51563234,33.20688334,32.6795324,29.90159864,43.90524409,32.49297367,34.14499475,33.3755108,37.42379634,30.74579198,31.82007109,37.03212247,31.62625748,30.69372213,35.29250998,41.33632929,34.76956153,35.79584157,43.06417454,30.82914154,41.66894894,33.67505693,34.51267574,31.8963458,30.769439,30.51178774,41.23063264
2319,739,104.0723172,30.57817949,120,104.0758544,30.58360116,689.9948448,,38.78191165,60.36406905,60.36406905,60.36406905,60.36406905,60.36406905,60.36406905,60.36406905,60.36406905,60.36406905,60.36406905,60.36406905,60.36406905,60.36406905,60.36406905,60.36406905,60.36406905,60.36406905,57.13585834,70.16896727,76.37145092,73.13894564,74.72025392,73.92114398,74.31855091,74.11931475,74.21879911,74.16902358,74.19390301,74.1814612,74.19390301,74.19390301,112.9082473,89.54577525,99.87903831,94.43056323,99.87903831,99.87903831,115.5340205,107.1376724,111.1775446,110.1392809,109.6273874,109.882738,109.7549142,109.8187889,109.8028133,109.7948272,109.7988201,109.7978218
2320,739,104.0723172,30.57817949,1032,104.0688553,30.57844617,333.2923204,,28.24635865,27.73690665,26.10380313,27.10969148,24.9665827,27.49393148,26.48924339,27.88327909,27.83418881,27.88848702,32.76047381,32.44549292,30.6084784,27.23906305,30.2610934,32.76047381,26.74138133,29.83856849,28.72643579,35.55118084,37.13276142,29.29722984,33.33212545,31.07671009,36.62360826,36.57345984,35.02946381,36.05107054,36.5922494,36.58911646,31.8264955,36.5922494,39.10139057,33.44536177,34.85516285,32.67126898,37.32101815,35.55392299,44.16634429,44.16634429,44.16634429,44.16634429,44.16634429,44.16634429,44.16634429,44.16634429,44.16634429,44.16634429,44.16634429,44.16634429
2321,740,103.9600779,30.70097319,96,103.9579823,30.70105758,200.9250985,,35.37067749,37.87069919,37.87069919,35.37067749,37.87069919,40.75100589,35.37067749,37.87069919,40.75100589,52.28894131,37.97009735,40.75100589,40.75100589,46.07199711,40.75100589,46.07199711,46.07199711,46.07199711,46.07199711,52.99123477,44.74208378,48.51852575,48.51852575,52.99123477,53.77920852,58.45093775,53.43160514,57.50700956,56.8502305,57.17673401,57.01301478,57.09475705,59.28937333,59.28937333,59.77936815,59.53336252,57.06663172,59.53336252,59.53336252,61.42932948,59.28937333,59.28937333,59.28937333,59.28937333,59.53336252,57.407171,57.407171,58.33309311,58.33309311,57.407171
2322,740,103.9600779,30.70097319,556,103.9601174,30.7022019,136.2343272,,15.54188403,17.8798242,15.89671869,21.78297037,17.89940065,12.82624591,21.53725057,20.3279509,21.76405279,21.29121005,21.21768952,26.90971537,30.34967147,22.11209059,23.98473682,24.67123427,23.73209781,24.21196312,24.01887325,24.5909206,24.80337669,23.71297367,22.21676796,21.88869525,21.26008466,25.3365686,25.4693192,24.96425424,20.69891652,24.18460215,25.07059823,28.19174217,21.7732998,26.43010188,23.67505581,23.79530664,24.50973255,23.82956566,24.72767944,29.31411033,26.04082433,25.29543638,24.42617526,20.16324533,22.96297853,25.1964906,25.27387597,23.44224761,24.54790522,19.21581155
2323,741,104.0403035,30.69333808,1247,104.0433067,30.69163822,343.855049,,69.25192595,52.46172742,58.18463814,64.30535981,44.15736658,42.98188113,61.289526,70.13474087,37.39813222,37.39813222,37.39813222,37.39813222,37.39813222,37.39813222,37.39813222,37.39813222,71.96966142,49.21980821,58.45941801,55.83888024,54.61478236,55.2200483,54.91574761,55.06747756,54.99150793,55.02946652,55.01048068,55.01997198,55.01522592,55.01759885,55.01641236,55.01700558,55.01670896,55.01685728,55.01678312,55.01682019,55.01680165,55.01681092,55.0168063,55.01681092,55.01681092,60.90421721,64.34714474,62.57836112,63.45042838,63.45042838,68.58050839,65.91580342,67.2217587,66.89044239
2324,741,104.0403035,30.69333808,1495,104.0407045,30.69517994,207.7167499,,22.35516591,41.08682965,41.08682965,41.08682965,41.08682965,35.77896171,41.08682965,44.51073212,43.60234983,43.16192206,43.38101811,43.27119275,43.32603583,43.31231203,43.30545338,43.30888243,43.30716785,43.30802514,43.30716785,33.72177225,37.91807206,37.91807206,37.91807206,54.98384556,44.88349589,49.42290782,47.04395022,48.20409542,47.61695739,47.90872758,47.7623969,47.83545033,47.79889569,47.81716602,47.80802912,47.81259714,47.81031301,47.81145506,47.81088403,47.81116954,47.81102678,47.81116954,66.46935997,55.61713535,55.61713535,55.61713535,54.34421748,53.72936145,54.03504043,53.95829508
2325,741,104.0403035,30.69333808,1498,104.0390211,30.69392231,138.8510248,,45.5802756,45.5802756,45.5802756,42.54159058,44.00854199,43.26263447,43.63240059,43.44673081,43.49299995,43.51617149,43.50458266,43.50458266,43.50458266,41.84726633,41.06507498,41.45248107,41.2578686,41.35494588,41.30635022,41.31848842,41.32456019,41.32152408,41.32304208,41.32228307,41.32266259,41.32247283,41.32256769,41.32252028,41.32254398,41.32253213,41.32253804,41.3225351,41.32253657,41.32253582,41.3225362,41.32253602,41.32253609,41.32253606,41.32253609,41.32253606,41.32253609,41.32253609,41.32253609,41.32253609,41.32253609,41.32253609,41.32253609,41.32253609,41.32253609,41.32253609
2326,741,104.0403035,30.69333808,1516,104.0385937,30.68899368,508.5857965,,63.75030875,86.7729321,94.86574442,131.4835811,104.6233639,64.39304341,112.3256974,95.60881814,86.72155677,134.4608715,107.7709601,134.4608715,218.485545,99.83145406,84.22812501,84.05090441,62.70235847,84.05090441,278.8186092,132.1955861,61.08119658,83.55545316,70.57225218,70.57225218,70.57225218,63.42640418,136.4313612,65.2730434,65.2730434,65.2730434,77.82821966,96.3636246,106.9317314,92.00547072,129.2406259,155.4545264,124.1294147,81.73700301,125.083441,126.0522456,172.3208346,118.8901862,116.6927258,129.9833881,77.91101563,164.9467448,108.7834336,122.8797898,114.6365123,145.9085298
2327,742,104.129349,30.7231598,3,104.1508278,30.73841386,2662.134322,,294.8598895,393.0961263,235.9060568,297.4759511,265.8442041,137.0729472,137.0729472,187.6088136,210.765514,222.9813088,99.13300811,194.2556526,106.5026302,108.5194852,170.2603309,176.3004129,189.3649232,187.0770683,192.3215356,154.8863127,215.3636755,109.2102079,161.7643581,109.2091917,109.2086835,168.8226962,109.2088106,109.2088741,178.9855679,331.8067015,162.152842,109.2088542,166.8097503,109.2088532,180.3553695,109.208853,184.3804019,184.3804021,184.3804021,254.3440435,326.530956,222.6606055,333.538871,280.6349505,254.3777985,670.1876615,225.7362067,247.8538851,297.6299242,340.2491204
2328,742,104.129349,30.7231598,750,104.1054866,30.72778795,2341.621036,,300.3504416,300.3504416,300.3504416,300.3504416,300.3504416,300.3504416,626.7535858,406.0940537,445.2867998,467.8639245,456.2962589,462.0076957,459.134216,459.8492298,460.2075725,460.0283313,460.1179346,460.0731284,460.0731284,443.0925482,451.4232108,162.5812098,476.2619056,354.9404518,354.9404518,354.9404518,354.9404518,354.9404518,354.9404518,354.9404518,354.9404518,354.9404518,354.9404518,354.9404518,354.9404518,354.9404518,354.9404518,354.9404518,354.9404518,354.9404518,354.9404518,354.9404518,282.5643262,314.6439463,297.7425423,305.9600114,297.7425423,234.1621036,262.1523259,254.5456413
2329,742,104.129349,30.7231598,894,104.1266838,30.71717064,711.1470145,,54.4515261,54.4515261,147.6997646,147.6997646,147.6997646,116.6345901,130.3417523,123.1077982,124.8399493,125.7244332,125.2806301,125.5021393,125.3912869,125.4466886,125.4466886,153.3011528,125.4466886,125.4466886,67.37182243,59.33092126,63.0962231,61.1556704,62.11079308,61.62953139,61.86922635,61.74914626,61.80912798,61.74914626,61.74914626,56.89176116,61.74914626,117.1683868,107.7193234,107.7193234,107.7193234,107.7193234,76.30787637,89.33280323,82.30824119,89.33280323,89.33280323,99.89124052,99.89124052,73.3254992,57.79072804,57.92147629,57.8887338,57.87237643,57.8887338,125.8048773
2330,743,103.9625424,30.65991764,24,103.963491,30.66467205,534.7262649,,43.12791651,41.42785983,38.67918229,43.99793821,39.21598276,88.91522188,84.67805956,25.56460231,25.56460231,25.56460231,29.37832207,39.33953448,34.52940903,34.88925335,35.0720028,88.43864717,35.0720028,39.72612581,39.72612581,85.93814972,54.33508821,66.5765903,66.5765903,66.5765903,74.43265553,66.5765903,82.26557922,47.79676111,33.37693201,39.30606541,36.09966345,37.63469313,36.85119988,37.23882585,37.23882585,37.23882585,71.42911145,48.95530932,71.42911145,75.30619281,79.62831659,89.12104415,89.12104415,89.12104415,89.12104415,89.12104415,89.12104415,89.12104415,89.12104415,161.089084
2331,743,103.9625424,30.65991764,804,103.9755348,30.65367442,1424.284554,,184.6611426,154.8602958,150.1965578,155.2588764,114.006101,124.8561135,117.3743334,183.9159848,282.3471583,282.3471583,282.3471583,282.3471583,282.3471583,282.3471583,282.3471583,282.3471583,282.3471583,282.3471583,282.3471583,282.3471583,282.3471583,282.3471583,282.3471583,282.3471583,282.3471583,282.3471583,282.3471583,282.3471583,282.3471583,282.3471583,282.3471583,282.3471583,282.3471583,282.3471583,282.3471583,282.3471583,282.3471583,282.3471583,282.3471583,282.3471583,282.3471583,282.3471583,282.3471583,282.3471583,282.3471583,282.3471583,282.3471583,282.3471583,282.3471583,282.3471583
2332,744,104.0194321,30.65955788,129,104.0192612,30.66338368,424.3351096,,87.41667494,130.5646491,65.70350084,26.91027119,50.44935253,33.42683577,69.27920157,71.99323214,104.3446991,107.5779151,54.75291737,54.36321689,56.03427462,50.92021315,70.39660804,77.59270576,56.36923965,64.54106763,73.20797417,83.34292672,89.48321977,32.3474091,66.13014695,79.24534368,47.05153166,56.1619998,66.63495723,45.46447603,89.85919968,49.39713483,135.7872351,89.64826259,77.54347181,98.08066739,235.0163684,64.54674906,106.9324476,136.1503025,114.0004772,86.79581787,116.6111752,168.4240788,49.85660557,155.0869436,54.90754692,56.28616045,64.91245304,72.57037504,79.70813434,52.48604688
2333,744,104.0194321,30.65955788,1105,104.0196143,30.65421329,592.6053692,,56.53832145,36.2922483,55.09049268,85.65764903,58.70419002,34.69849817,52.64353681,28.86846183,69.49118336,121.5369918,59.6332447,62.63591689,70.79798659,31.67601083,37.34036166,38.71831813,40.20187178,80.62658084,56.08621306,125.9644263,46.86685697,126.8789746,32.17766711,54.26144966,60.40715419,148.0908477,31.7519662,52.91283408,172.0467201,51.96122235,31.45030952,93.56926882,41.80637525,53.95496533,153.2049788,210.8461151,42.4975962,251.3143189,63.64074897,52.11838752,134.4284391,169.3158198,48.5594688,53.1446808,36.10334249,38.56085547,53.33448323,66.61332334,31.54331192,48.80013715
2334,744,104.0194321,30.65955788,1873,104.0163373,30.66013517,303.3538764,,65.26338378,37.91923455,46.87012683,38.86384182,38.86384182,38.65748513,38.76038882,38.70886859,38.73461157,38.73461157,50.79413744,38.73461157,33.55065914,42.9950376,40.75378025,51.67542375,36.86947856,46.66982714,47.89798048,69.91510596,48.21518565,43.50892251,35.60143293,49.24797993,39.49634557,40.14977776,38.93311783,40.14977776,42.24657466,41.17149689,42.24657466,42.24657466,45.69347092,43.90247055,46.47123213,36.34189534,49.41511109,56.48658389,52.7571959,52.7571959,33.60227554,31.09107345,32.40575534,41.62263764,37.98518104,38.45330828,38.45330828,37.14537262,43.33626806,30.76264662
2335,745,104.1058444,30.63216341,939,104.109586,30.63629375,581.4829376,,66.30784211,55.37932739,53.44044503,54.40069063,48.45691147,78.47567293,78.47567293,78.47567293,83.85933201,86.83800157,85.32267789,86.07367094,85.69652913,85.69652913,85.7905044,55.28182857,90.81729177,67.41831161,77.3877477,75.29994875,75.29994875,75.29994875,75.29994875,75.29994875,69.48841744,72.27755116,70.85554729,71.55948554,70.85554729,63.93180734,48.23360773,58.24073938,52.76690683,52.76690683,52.76690683,52.76690683,47.20041884,56.98743854,51.63425057,56.98743854,56.98743854,56.98743854,43.83955132,56.98743854,56.98743854,116.9462891,76.63228463,76.63228463,73.96956097,74.61774217
2336,745,104.1058444,30.63216341,1250,104.1037953,30.63314518,224.5111459,,21.3820139,21.3820139,21.3820139,21.3820139,21.3820139,21.3820139,22.14356508,22.14356508,28.21082462,28.21082462,28.21082462,28.21082462,28.21082462,28.21082462,24.35375142,17.1783236,21.42452287,19.40552522,22.11327292,21.87388702,21.87388702,21.87388702,21.87388702,21.87388702,21.87388702,21.87388702,26.76291805,24.79264188,24.79264188,24.79264188,24.79264188,24.79264188,24.79264188,24.79264188,24.79264188,24.79264188,24.79264188,24.79264188,24.79264188,22.51365251,22.51365251,18.49519737,20.30754084,19.35904492,19.8219528,19.58776432,19.64579112,19.67493363,19.66035158,19.67493363
2337,745,104.1058444,30.63216341,1623,104.1088753,30.6298657,386.3014545,,57.28878419,79.79341519,53.63228832,56.45542232,41.94074601,41.32794164,40.17869949,55.7575103,59.0942735,65.99787563,58.0661894,62.36256665,62.64347911,60.72861293,37.71715093,55.4057863,43.05527047,53.0121437,38.52313674,33.05253087,91.49244975,73.90709846,27.26833796,53.4878937,51.34837796,57.68483525,130.5807734,64.08687724,56.11372844,37.48477726,54.0421724,62.64347911,39.54662273,62.54956086,49.27139898,84.48877498,51.22229231,52.08558937,78.56978736,80.92730962,59.48748633,44.1207245,65.75343906,65.75343906,65.75343906,65.75343906,118.861986,76.41127671,93.02242383,88.22745353
2338,746,104.0661417,30.56811912,204,104.0696326,30.56814664,334.8063591,,28.95042977,28.95042977,28.95042977,28.90414611,28.95042977,26.0888072,24.71571208,24.19072539,19.55866763,33.13547472,23.023933,20.60346825,23.79670075,21.64890692,24.49802628,20.60346825,24.98037083,24.95451124,21.40857714,23.92185954,21.8483908,24.37417377,22.76662162,20.60346825,19.63034027,29.76529324,22.10297568,22.65606941,29.38867157,27.73467826,30.09780639,13.45955212,25.15073011,26.57153663,32.66564877,26.79939728,25.01973424,36.15633821,26.34786893,29.70597203,33.04463037,21.38958106,33.92678567,21.71716924,35.7126783,24.87725269,35.7126783,35.7126783,11.81090537,25.85100038
2339,746,104.0661417,30.56811912,689,104.0553991,30.56872554,1032.437045,,66.13373584,72.83699776,61.75003768,70.59957316,55.08371044,60.32825248,60.14791153,55.37275847,51.24227981,53.24016216,66.86096818,51.57708048,52.69683101,58.20759724,65.25152306,53.03136091,42.74609962,62.90259329,59.06882854,60.12771173,64.46316079,56.37926016,51.0680745,75.65950864,83.67970045,78.45431899,66.78376463,78.19298799,72.03944096,76.09655904,74.01244225,76.09655904,62.27837403,76.46277076,76.83252428,54.18036971,88.49460386,92.76472617,99.11395632,105.7403517,78.81198817,63.56718594,90.16917424,105.7403517,58.47047764,66.93873682,71.3001193,82.93283812,90.21294568,44.40589441
2340,746,104.0661417,30.56811912,1066,104.065939,30.57440927,697.4012569,,40.05814958,40.05814958,40.05814958,39.90780771,40.24758777,40.07697757,40.16210148,40.07697757,34.61366533,36.74113939,39.1472639,33.63221065,36.20251658,36.58764974,35.57593456,34.51057766,36.49618892,37.46531654,42.26674284,43.95001356,43.95001356,43.22797087,33.38623038,42.5292692,32.22906964,36.66958897,44.75302183,30.91926755,33.16571367,42.99048844,39.0863185,44.75302183,35.83222443,42.75256747,47.01581507,40.92330114,37.08485266,45.31849323,42.58938973,49.78145126,42.86814783,33.58721772,31.21398083,35.86635035,40.52694955,38.05448314,42.55329703,34.58188051,34.58188051,34.58188051
2341,747,104.0862848,30.60562673,492,104.0854722,30.60092942,526.3930735,,62.7488432,62.7488432,61.14924378,61.41181446,69.73376503,62.72621843,71.00283931,84.22289176,79.39611225,73.20698372,50.87288764,79.8036086,82.38236512,76.72125768,83.2173488,59.32253313,61.4267444,63.48459178,61.42726293,81.33111865,83.92783298,101.5985696,93.83228422,99.71610911,96.60229724,67.4983104,70.06680258,98.44234102,152.2100453,94.51446706,78.02429499,152.2100453,67.37831341,71.49314085,64.67628207,74.5243727,60.06386893,177.1042116,80.98354977,67.35402453,225.5970315,91.54662148,92.43436519,183.093243,81.33111865,69.92675515,70.05600978,69.11383869,70.05600978,62.59339602
2342,747,104.0862848,30.60562673,1252,104.0893772,30.60548711,296.8561054,,31.1115569,31.1115569,31.1115569,31.1115569,31.1115569,31.1115569,31.1115569,31.1115569,40.37841232,44.57484794,40.37841232,40.37841232,36.41165177,37.32843473,37.80435921,37.80435921,37.80435921,44.46665657,37.80435921,36.93468338,36.93468338,41.92194096,85.15394258,48.46630292,49.64840787,47.14773438,47.14773438,43.79844178,43.79844178,39.98275711,43.79844178,45.0287351,43.79844178,43.79844178,32.28646464,37.17154711,34.55721841,37.17154711,37.17154711,47.0785013,37.17154711,29.14587216,32.67307963,32.67307963,32.67307963,54.99221164,41.82708334,51.37894132,41.82708334,41.54254536
2343,748,103.9978866,30.71380994,299,103.9944727,30.71680117,465.5974047,,64.73707074,54.01129937,64.73707074,43.34872388,51.55734157,42.43419385,49.93497488,50.81810987,43.75420467,44.12858246,49.93497488,49.93497488,55.59371996,50.41054607,64.84141806,67.45073066,49.93497488,49.93497488,49.93497488,48.58627748,39.97179627,43.04720788,68.13620557,48.16524876,40.1954594,60.84031423,47.71959166,47.71959166,67.72325887,90.11562672,69.64614917,55.52465944,63.01318259,69.16715229,67.79173537,72.46260608,67.30402503,70.93879252,68.27961126,46.59209609,56.38858392,51.99297642,66.40583253,53.60822996,60.88585258,61.33193438,73.72663894,71.40151893,64.55008948,57.94034208
2344,748,103.9978866,30.71380994,566,104.0036392,30.71829539,742.0186781,,75.03559666,68.45015352,64.00161105,65.22743359,68.38626501,64.45038959,64.06876909,100.5180523,69.38356471,70.22547236,69.59823458,83.73878499,71.09160988,94.22459404,72.03821989,75.2116539,73.7240269,73.7240269,65.4722363,62.93232074,64.14088071,66.80777782,80.05795927,76.58175212,74.33263819,126.3010516,71.15078385,86.22206145,97.72928932,87.75036105,81.58798877,77.78737985,83.82637785,54.90785696,65.4722363,84.44504435,81.31195865,75.19401101,78.91483726,62.90268228,65.4722363,130.624315,81.10109271,71.80825917,67.2497546,150.0711933,61.44696707,72.87758757,79.29550252,82.79408091
2345,748,103.9978866,30.71380994,977,104.0013005,30.71088213,460.6256727,,38.1792576,55.09144258,85.3010505,52.83863267,43.63822162,50.76282923,44.91474598,46.82859051,59.18806977,58.01466199,69.13500268,63.08854723,65.97352566,64.49879188,64.49879188,43.83046049,108.9521959,58.01889077,72.09793138,42.26641687,45.51730785,81.04850546,42.84889979,48.8080183,48.8080183,48.8080183,64.94461183,64.94461183,89.79706253,64.94461183,57.54490763,47.28856715,51.65895395,118.1091468,58.34807958,58.34807958,58.34807958,42.69130913,58.34807958,65.45302632,97.5442601,83.32926742,74.69605503,74.86466915,48.60059853,44.87827934,51.42592793,72.8082071,60.23164301,49.50007229
2346,749,104.0643009,30.71280217,521,104.0645697,30.71476468,219.0246148,,37.81719968,37.51358255,32.30683179,37.83015966,29.25746246,36.23152732,33.91348874,36.90274321,39.52323876,33.98753192,36.27091542,55.65801975,44.35941566,43.64328117,50.5025078,37.99945124,24.79523941,32.4592225,45.57737649,36.44936012,40.35339956,23.00477355,43.04760399,37.69066029,30.34983115,42.7365102,27.56953193,39.94875811,31.75121933,31.42484385,35.66913911,60.18997048,35.66913911,33.50592341,32.90853979,37.51135173,46.51850226,35.2312793,40.39831871,33.41053446,45.07489011,41.17434012,47.05833898,29.51298615,32.44809108,35.97666676,25.57951706,31.66620937,27.69866323,51.28381225
2347,749,104.0643009,30.71280217,766,104.0718154,30.71217924,722.8980514,,131.4360093,131.4360093,131.4360093,131.4360093,131.4360093,131.4360093,131.4360093,131.4360093,173.4955323,125.1169704,94.97930602,137.9381441,112.4971031,117.9350295,120.856021,119.3776599,120.1122916,119.743849,119.9277873,119.8817498,119.8587443,119.8702459,119.8702459,119.8702459,184.5697153,119.8702459,119.8702459,98.95182453,108.411181,98.95182453,98.95182453,87.23239057,98.95182453,98.95182453,133.4581018,113.6433618,133.4581018,133.4581018,180.4112988,153.4227257,165.8260763,162.5409496,160.9467179,161.7399053,161.3423368,161.5408765,161.4911957,161.4663668,161.4787804,161.4756767
2348,749,104.0643009,30.71280217,1474,104.0641104,30.71169341,124.232046,,21.43300474,21.43300474,21.43300474,21.43300474,21.36474677,18.95065108,21.29692217,20.05539756,20.35200754,20.50362708,20.42753597,20.4655108,20.44650575,20.4512537,20.4512537,20.4512537,16.48287588,28.60780591,20.91513791,27.81314463,27.81314463,27.81314463,24.24039922,25.9041625,24.24039922,23.72601409,23.23300601,18.6348069,20.68140419,19.60483794,20.12873657,20.12873657,20.12873657,22.2505157,21.13651115,21.67921184,21.40442206,21.67921184,21.67921184,32.6449172,21.67921184,12.65163693,15.9784874,14.12177041,14.99286365,14.54428572,14.65389476,14.70932116,14.68155565,14.68848719
2349,750,104.1054866,30.72778795,34,104.1146272,30.76027681,3705.554474,,336.3377524,319.9519378,281.1749937,293.4204967,328.5881937,212.4203202,293.6708004,344.4599933,272.183099,462.8912735,241.7152506,339.0087956,1114.762906,316.363544,394.5285355,368.5081797,315.3663382,728.0537769,318.9999069,298.1374844,275.9186981,282.178659,298.9115645,561.6840466,315.3663382,267.245331,413.1857201,400.1998832,368.3385947,296.7741069,448.2149049,358.9639046,344.4060957,342.9304912,355.5036334,359.3319938,363.5704801,399.7002579,313.9494163,217.213242,305.6127401,491.3442396,410.8833583,556.6062352,500.680126,502.7241996,346.1936706,297.7677702,244.322273,252.6514414
2350,750,104.1054866,30.72778795,742,104.129349,30.7231598,2341.621036,,209.9149798,304.9377877,290.8929655,223.0115272,233.8373295,230.3233806,264.2995996,261.3902552,293.2878332,391.6025201,325.7278103,374.6669545,252.9312825,215.3673169,335.8500291,267.3780496,288.422499,574.7615269,706.9044637,234.1621036,189.4345108,207.47173,174.5872392,202.9299205,203.7191733,200.0313247,203.5212851,187.0799182,436.0259861,688.1498555,266.1766635,295.2656998,272.3161657,355.2966388,251.914181,267.7021286,234.7400621,209.08339,266.8398358,254.1467446,287.2175717,328.9157169,288.363822,244.1145757,205.6684533,226.6411257,197.9410046,203.3633789,239.6201174,256.7462659
2351,750,104.1054866,30.72778795,1128,104.1028346,30.72097893,796.2212338,,103.4800159,125.3069483,158.803127,125.3069483,125.3069483,60.49802536,87.65738354,71.58832272,57.73205321,73.93971904,92.66367808,124.086426,126.831701,120.1843372,120.1843372,120.1843372,150.2698004,123.1534454,126.272971,74.84063816,108.7472567,139.8242167,135.5270185,83.50754382,107.9331635,67.96434954,83.40774265,74.89825759,78.92429326,78.92429326,78.92429326,134.2574446,56.61085797,84.22320593,111.3163667,95.8928277,146.9946893,73.78111819,108.1659035,124.517656,45.4406538,124.355594,124.355594,124.355594,124.355594,106.2940584,100.4578192,95.22911766,54.39082432,54.39082432
2352,751,103.9670978,30.62927127,198,103.9798505,30.6351988,1387.613862,,150.0123094,195.4672498,166.9309909,139.0833384,151.070864,171.9590328,121.0798799,157.6668039,143.4775463,208.1420793,163.4267144,157.9160138,146.7909782,135.7448343,137.3623255,180.5026162,134.7834038,143.0324954,162.4158616,162.4703277,143.8562967,162.0132942,142.0201234,167.7116034,143.9599396,133.5671097,284.6387409,120.0579188,154.4176168,160.366289,113.0183236,136.3934445,148.2317479,179.3159411,179.3159411,184.707336,165.5616838,142.0361076,216.485803,184.6731942,264.9910773,138.3770056,260.1775991,232.0747923,109.1495245,177.3938176,177.3938176,232.7054302,177.3938176,162.716935
2353,751,103.9670978,30.62927127,229,103.972055,30.62091828,1040.590722,,137.3465298,101.6538691,84.3722207,100.217405,100.1638128,101.7324142,122.1231165,90.86239152,102.603487,112.7926714,118.2209578,106.7627397,106.303252,100.86954,106.303252,106.303252,104.9335182,214.0643771,105.4652759,91.81682841,97.98598265,121.5042076,113.4502301,94.98292594,127.9633339,90.98060957,216.8973217,103.6262421,105.7598601,92.04242258,134.5259243,126.5583311,134.4714907,134.4714907,115.1641906,123.2785388,271.9511143,139.1319071,300.8937027,142.8456282,93.26456263,116.1846974,105.8218956,144.9943441,108.0509547,106.4240511,99.22590086,112.047655,99.22590086,120.2528434
2354,751,103.9670978,30.62927127,532,103.9616424,30.62666907,597.146254,,64.97913898,60.27763526,134.3579072,67.53067585,73.62077104,164.8563278,119.2966989,73.05782547,61.95177275,63.12281929,117.9009057,73.46039091,75.10453573,59.09901071,60.04822666,59.73675012,59.41753771,66.34958378,58.99764019,67.86525882,61.0428731,91.99970816,60.53039684,64.26686142,83.64694609,71.65652906,66.49067124,58.3768232,72.85444493,67.80283092,107.3886996,57.40257715,163.68476,84.67657368,78.85287536,86.42985283,69.5212232,103.4143843,96.09250065,68.28085109,62.35256819,75.73079468,70.21302774,67.63305201,60.81478169,97.77833397,58.66111745,68.34321164,197.222616,61.63292278
2355,752,104.0641764,30.6318617,1562,104.0642777,30.62758318,474.2868375,,38.09854466,40.52262244,46.27972529,52.99294274,41.59209726,35.0072512,42.74592683,44.77421258,39.3739575,41.55348296,44.61826877,44.96099685,46.73957464,52.57233505,51.31144646,42.23858332,41.67216805,40.92532096,47.23188423,66.41313924,66.15818981,64.683256,49.87631787,63.36773206,30.49259068,41.22516513,55.10809947,45.35367884,43.05356458,32.96950756,47.64611642,47.41670983,50.74093952,49.08178556,38.91666437,38.39515662,31.89836747,42.72253005,54.55848587,42.86800439,40.3489393,42.68096527,46.86457315,45.44763308,45.24712589,36.25603429,46.40813449,48.86034438,43.00404531,43.20311584
2356,752,104.0641764,30.6318617,1755,104.0641712,30.63209389,25.73839799,,4.001075183,3.321083612,4.593131835,3.337532022,4.019087384,3.553503797,4.624492689,5.31729726,4.300220474,4.502450593,5.235089149,4.163277103,3.437014662,5.655337045,6.521478604,5.762327908,4.652535795,4.360387424,4.941772414,4.260515919,4.472396645,5.688043755,4.81391887,5.647022821,4.535585531,6.57150587,6.57150587,6.57150587,6.57150587,6.57150587,6.57150587,6.57150587,6.57150587,6.57150587,6.57150587,6.57150587,6.57150587,6.57150587,6.57150587,6.57150587,6.57150587,6.57150587,6.57150587,6.57150587,6.57150587,6.57150587,6.57150587,6.57150587,6.57150587,6.57150587
2357,752,104.0641764,30.6318617,1791,104.0669157,30.63191109,262.598445,,55.52742449,59.83255709,51.80024121,51.80024121,46.76499639,35.53963917,42.62192976,38.75991808,39.6582864,40.59928718,43.2310233,46.22759912,49.04562397,48.30939135,48.30939135,48.30939135,62.81424598,62.81424598,62.81424598,65.95495829,66.57425366,68.75304742,67.20528923,67.97035846,67.58565877,67.58565877,67.58565877,61.08913745,61.08913745,42.42428132,58.35521,58.35521,58.35521,58.35521,60.36745862,37.00017229,59.64381085,51.72937904,59.64381085,45.66929478,59.4562517,59.4562517,59.4562517,69.40928062,64.04840122,66.62116998,65.95879309,65.30945782,65.30945782,40.09986859
2358,753,104.0858231,30.65025995,687,104.0846885,30.65076332,122.1942999,,15.6826909,14.36015712,18.284703,19.42161058,22.93631873,23.21369286,15.59927233,29.42471436,21.510977,29.36578636,32.95127188,24.45244467,27.40806727,20.70115198,18.45409458,16.07305703,15.9921909,19.775207,18.7828782,25.65011543,20.95234536,23.49262909,21.66992511,16.91262846,16.06938738,17.77371635,14.47037762,16.72621596,18.34825775,17.49973067,17.23406384,17.49973067,14.74935389,16.00725875,15.96731324,14.65491994,16.47563594,15.89519348,20.1326993,17.99179876,17.52587568,19.57555743,19.46457875,17.77371635,23.87514136,23.87514136,16.36285286,17.96526718,17.12666019,17.32888547
2359,753,104.0858231,30.65025995,1286,104.0837911,30.64784092,331.346377,,65.36147711,65.36147711,65.36147711,65.36147711,65.36147711,65.36147711,65.36147711,65.36147711,65.36147711,65.36147711,65.36147711,65.36147711,65.36147711,83.02879051,95.81100058,83.02879051,88.96310435,65.5410416,105.5616776,91.58134028,85.89357028,88.64631359,87.24823458,87.94171784,87.59360365,87.76731553,87.68037355,87.723823,87.70209289,87.7129566,87.70752444,87.71024044,87.70888242,87.70956146,87.7092219,87.70939165,87.70930678,87.70934921,87.70932799,87.70933864,87.70933335,87.70933464,87.70933528,87.70933496,87.70933496,87.70933496,89.01842964,83.1252235,85.97095187,100.2392401
2360,753,104.0858231,30.65025995,1479,104.0879033,30.64936446,222.6732767,,21.9896802,22.4105059,21.59851017,18.928543,21.2210138,24.22637396,27.92229815,23.40032975,18.30888,23.521825,26.15412059,33.4125931,27.64219987,20.60729553,20.60729553,20.60729553,36.65962482,14.05124971,27.35917393,16.3763799,17.74625735,17.74625735,17.74625735,20.52813818,24.589687,25.52942026,19.50422862,20.35869958,19.50422862,19.92230621,16.39312467,24.18171331,19.51016236,20.43655312,18.66411632,23.20184649,17.26707154,22.20564532,23.16831781,24.21824157,61.66336893,28.30092837,20.8213973,28.78361925,25.77568476,35.15893843,21.19296222,23.26075578,28.07242865,27.21058371
2361,754,104.0009258,30.60599487,405,103.9983609,30.6065462,253.3709515,,28.23948685,27.58995552,46.09654708,34.98242224,39.65806197,35.69012213,29.38028481,29.51304657,33.63744654,40.6598258,34.0844775,32.53753004,41.13504868,36.92855973,35.48848628,37.3825994,31.85415398,32.09448965,34.2800661,88.12902661,52.27137108,33.1987416,36.4509543,35.00213888,27.29828348,39.06361565,40.72033149,67.4822756,34.4387701,33.68784006,38.59529304,65.43295735,44.7094769,59.26455806,40.06084767,49.53518677,36.79987556,96.52226724,39.55883413,70.47403951,50.62848403,59.73237081,76.37497583,32.34522785,40.94884065,39.35859441,56.39168009,54.51008519,47.71414605,43.81739785
2362,754,104.0009258,30.60599487,940,104.0056635,30.61351558,949.2317713,,116.1953521,111.9584673,211.5934599,211.5934599,211.5934599,211.5934599,211.5934599,211.5934599,168.5442356,168.5442356,210.4532334,280.1011784,373.4682379,357.2021996,260.857586,153.5835675,153.5835675,153.5835675,126.6815339,138.841417,142.9431373,147.2945852,200.4243036,156.0380994,156.0380994,156.0380994,146.2857182,207.1051137,173.0245254,207.1051137,207.1051137,427.1542971,258.8813922,258.8813922,258.8813922,142.2662105,207.7346126,168.8774093,207.7346126,207.7346126,244.0881698,207.7346126,157.4762386,207.7346126,253.1284723,253.1284723,269.073573,269.073573,268.0183825,266.9714357
2363,754,104.0009258,30.60599487,1251,103.9992457,30.60127686,547.1455093,,51.22818813,53.65267507,53.65267507,56.31805099,56.31805099,68.73010092,68.73010092,71.25615936,70.60739555,70.28742365,70.28742365,66.18268187,47.31122098,53.41623955,53.41623955,53.41623955,53.41623955,56.27782381,54.80970667,68.39318866,64.1139765,45.34056835,132.1962304,61.76619108,63.07489461,64.44025627,45.64241632,43.94252835,63.4371605,52.17183282,52.17183282,52.17183282,52.17183282,52.17183282,65.65746112,49.88747574,73.49715797,62.00599685,93.64772585,74.61075127,74.61075127,49.59959291,54.34553802,54.34553802,54.34553802,52.84030094,74.63645253,57.3427608,57.3427608,57.3427608
2364,755,104.1074639,30.58994089,519,104.0901351,30.58874098,1666.817721,,197.521672,206.5147359,206.5147359,203.4082643,445.5849352,220.6082278,183.713549,163.8001036,204.7967166,168.6730512,156.6721618,218.4001381,204.7967166,217.0669246,206.7370817,228.919172,285.7968865,256.4334955,287.7958655,220.3550625,176.2705644,206.2707073,211.7877918,208.9928453,188.8982196,211.1009251,192.2523097,206.9153033,193.7307074,160.4423475,167.6129552,144.0172422,134.026384,156.876962,167.6129552,219.800139,182.1105856,310.909005,155.4004781,181.285311,152.7096498,159.3769932,131.3029277,171.6114772,151.8484301,199.6853177,153.8600973,149.7337815,149.7639882,149.5152109
2365,755,104.1074639,30.58994089,636,104.113379,30.58869562,583.7037356,,37.36811111,37.37364959,65.82093808,48.2233723,62.72637159,33.88336654,71.35257888,79.8986102,110.5964973,35.81818377,79.8986102,29.44418657,104.0505537,102.0142158,83.71846407,40.95168717,39.11016787,74.317717,66.815054,62.89799157,36.84395292,64.32012467,65.52150237,65.95631606,28.07392716,37.39027488,70.04744103,72.45977407,73.80237538,68.67804141,71.35257888,75.62437153,46.69629885,43.28184239,62.9822697,29.24611619,39.36555729,34.37295717,55.16253489,60.54095482,42.97205415,55.81230938,47.48776154,85.62309465,69.95942814,100.5272393,37.53721772,32.26202838,93.35167531,80.76227521
2366,755,104.1074639,30.58994089,1150,104.1082206,30.5804885,1050.099938,,125.9857455,115.6073326,72.8217631,72.8217631,72.8217631,72.8217631,67.99208232,63.76318409,61.36325092,61.36325092,61.36325092,76.21693098,67.98826103,76.21693098,113.6380694,91.23957628,101.2144519,95.96851559,98.52170122,97.87075282,97.54849372,97.70935756,97.62885937,97.66909188,97.64897148,97.65903064,97.65903064,103.0635501,109.1012923,124.1497464,225.693121,124.1497464,124.1497464,53.15092832,74.4348467,62.01759092,62.01759092,62.01759092,50.2974957,55.54604651,52.791639,53.45430971,53.79192313,53.62258502,53.7071206,53.66481952,53.67538854,53.68067461,53.67803144,53.68067461
2367,755,104.1074639,30.58994089,1332,104.1074328,30.59240675,273.3032235,,43.5832383,40.48936644,33.23958124,39.25099486,54.50923017,45.63857463,30.93998757,60.08498349,30.93998757,30.79472941,30.8671876,36.57589608,28.38148859,31.96182798,31.96182798,78.71132837,45.46283887,45.46283887,45.46283887,45.46283887,45.46283887,65.59277364,53.70343078,59.05564213,53.70343078,44.26543915,36.84987283,37.64891345,37.24510806,37.44592215,37.34524516,37.39551589,37.34524516,37.34524516,24.50539488,29.59257912,26.8097965,28.13253929,27.4552453,27.78976615,27.62149293,27.78976615,37.84198479,32.046072,34.70369688,33.32197811,33.6569892,33.8270336,33.74179717,33.8270336
2368,756,103.953125,30.69762633,180,103.9578968,30.69981301,517.3137746,,89.00021929,108.5906466,109.9259964,104.2835047,109.9259964,109.9259964,146.3520305,146.3520305,146.3520305,146.3520305,146.3520305,146.3520305,146.3520305,146.3520305,146.3520305,146.3520305,146.3520305,146.3520305,146.3520305,146.3520305,146.3520305,146.3520305,146.3520305,146.3520305,146.3520305,146.3520305,146.3520305,146.3520305,146.3520305,146.3520305,146.3520305,146.3520305,85.42796278,115.2253419,104.1498547,109.408017,106.7142033,108.0443219,107.3751435,107.7086933,107.5416598,107.5833696,107.6042366,107.5938021,107.5990191,107.5964105,107.5970627,107.5973887,107.5972257,107.5972664
2369,756,103.953125,30.69762633,682,103.9561414,30.69217475,669.7416885,,90.6701377,93.44729808,81.97026907,94.72357034,86.90634102,83.19872975,90.01716604,114.1638935,75.15365229,73.13198343,88.07561931,75.40625374,76.88259069,75.7639736,75.78816091,68.61565343,74.97937211,83.22133814,74.7774491,67.47242869,70.98311273,72.3019464,71.74232279,73.65074022,80.639269,68.4220752,74.48639455,67.51597224,75.84383511,71.59290561,88.51347135,84.45079084,88.39853634,91.1783395,84.38233398,92.1464738,140.2421931,106.079459,89.9299104,90.76309748,96.36688912,91.4616617,89.20743723,84.19456399,88.01058253,88.60066595,88.7036388,106.7948991,72.19613321,76.63753528
2370,757,104.0311269,30.68739702,449,104.0295217,30.68599766,218.3910293,,23.30194741,23.37374259,23.78843284,20.09476564,26.85339411,34.44502543,22.29743918,31.9921752,23.08980045,17.84807504,34.63470068,28.34315782,32.11632784,27.50726705,28.60423044,28.99352325,32.35422656,20.4475346,20.23700658,20.06143673,25.63322747,25.75619019,34.39479572,19.55740561,25.67208834,22.14669593,24.0614447,17.31735034,30.36228716,19.0827113,17.15674207,36.07836506,20.88201077,30.83167472,43.92221818,22.65728258,36.64449804,20.42097936,27.28624614,28.09557018,25.69306227,20.17857441,21.51635757,22.35661722,24.68822369,28.13626758,23.02218757,23.63011567,37.98104857,19.82869371
2371,757,104.0311269,30.68739702,1328,104.0321046,30.68820264,129.3977951,,35.29030775,35.29030775,19.73864671,19.73864671,28.48157989,19.73864671,19.97136387,19.85432338,33.18905278,14.85118158,28.75506558,20.77035756,36.29455152,20.65519179,20.67429731,20.66474013,20.66951762,26.56836858,20.66832304,20.66802442,20.66787511,20.66794976,20.66791243,20.6679311,15.17368281,20.66792643,20.6679241,36.2986023,20.66792468,20.66792498,20.66792483,27.94992374,20.66792487,20.66792488,20.66792488,20.66792488,20.66792488,20.66792488,20.66792488,20.66792488,20.66792488,20.66792488,27.32152858,20.66792488,36.29860227,20.66792488,20.66792488,20.66792488,20.66792488,20.66792488
2372,757,104.0311269,30.68739702,1639,104.034529,30.68488876,428.3463439,,58.74464145,51.57347284,45.35431877,41.45287199,45.35431877,100.1329116,100.1329116,100.1329116,67.93157877,64.79188395,66.32459518,65.54928111,65.93465903,65.93465903,65.83789035,80.8765824,58.19044672,67.68310921,67.68310921,141.0408694,91.47089501,110.9718864,100.282141,105.3565558,102.7567393,104.0404087,103.3945898,103.7164939,103.5552917,103.6358301,103.5955453,103.6156838,103.6056136,103.6106485,103.6081309,103.6081309,103.6081309,97.15866667,100.279807,98.69456706,99.48087219,99.28312365,99.18454386,99.18454386,99.17577077,99.16699923,94.41103092,83.5043414,88.6233815,88.6233815
2373,758,104.0875661,30.68960162,126,104.0853272,30.68633229,421.0464061,,63.64312366,109.9267007,63.64312366,112.5442975,113.6683211,116.6972075,92.03200133,83.01024436,98.42643259,126.1970727,52.08821519,97.30099495,91.48348922,99.92695917,107.2838163,79.84725525,110.2376045,98.23506558,152.5939995,100.273949,124.2432018,96.54567274,183.0636548,129.2765085,125.7897977,98.42643259,100.2712288,95.87141779,149.5822759,100.2712526,136.5555912,109.3852519,107.2476695,97.5217779,168.2486143,108.1988169,75.03797336,90.1475738,86.36849356,104.3557358,158.7190641,133.2124223,76.16919909,112.6499055,96.64827177,91.86467042,79.35953204,153.8849809,105.1703079,99.06974261
2374,758,104.0875661,30.68960162,377,104.0903802,30.68823322,309.2870407,,51.27091388,76.26255798,51.27091388,64.19538835,66.40755545,57.27537791,57.29502642,70.18777544,51.70743096,51.07492415,54.65661589,50.57776397,51.66744067,45.35370047,62.5524352,54.26088433,63.26325833,77.70721261,69.58958416,60.78296184,58.128936,58.128936,58.128936,91.76648463,84.27120882,76.61238625,57.15776933,73.65601742,66.5929035,53.18949108,48.74927086,121.0253638,63.44349553,47.71431178,62.37721829,76.4720705,62.46470387,62.50853875,62.48661362,73.49395027,83.59109208,45.9283054,77.68139629,69.82763289,74.87681371,52.47918365,68.87216575,62.81711405,55.16597919,50.4272349
2375,758,104.0875661,30.68960162,504,104.0880489,30.6904511,104.8943503,,19.88967364,23.24608037,22.00947233,17.72862259,26.99693734,17.4783458,21.2623683,16.89573428,27.16688209,22.53484763,22.79107724,24.24037945,28.69450312,25.55801429,20.35685504,17.96050707,27.23218709,17.64577856,15.8997752,24.802605,23.45463733,24.802605,22.4996819,30.7596274,28.36422949,26.31495896,27.89148091,26.62418293,32.55341906,22.47736078,22.70258484,21.82772607,21.82772607,29.45040685,29.64629331,24.70928586,22.99054253,19.21728555,34.39159026,23.44934105,39.9597525,18.63254906,20.93235372,19.71561057,20.97887006,19.02366051,22.00260225,21.12016002,21.12016002,23.23813299
2376,759,103.9906239,30.63479511,184,103.9862152,30.63266016,484.2725668,,46.77527284,46.77527284,49.91785943,57.53733467,71.74408397,49.14393913,34.18394589,51.73238102,49.14393913,38.77052425,42.83491991,49.81089259,51.47833682,66.6968381,31.02101851,69.11323054,89.17551102,90.09722173,69.45741994,69.07899913,49.98942625,60.1165945,31.83288936,67.5729163,85.71195873,41.41048077,49.76349878,61.30571395,61.30571395,49.52787615,48.06013068,45.99950503,69.12693261,87.31458632,73.37463133,40.01640184,48.15970278,32.66798077,97.94276632,74.72301058,65.21884463,64.15533901,36.02027356,42.52149367,68.43498491,45.78808248,56.32895769,65.29517755,67.83584593,66.4905126
2377,759,103.9906239,30.63479511,316,103.9881014,30.63882185,507.5619775,,56.12151889,64.96793312,62.71420363,46.85187485,61.07284292,51.50008791,52.20637483,110.0736819,57.64110785,89.35076377,62.39532585,61.28683198,48.13548786,97.41478927,67.40862465,62.07503922,51.50734655,54.05985559,57.85680573,50.33672504,103.0388977,52.20637483,124.8671836,49.48729281,64.79514606,62.36256379,58.56484356,53.80515663,53.99595505,53.74185644,98.15398941,48.85623313,72.55684127,77.02760284,69.25453215,59.79133243,94.83857017,45.79506564,68.14364323,67.70627583,69.07399859,71.04545378,59.55099791,82.86726163,83.62577204,64.68046439,67.67493033,64.86557312,45.99680602,61.58962798
2378,759,103.9906239,30.63479511,401,103.9932544,30.63065031,524.0079589,,65.34972235,65.34972235,54.01370514,51.75387248,45.89850735,51.58228532,49.12574615,44.87934938,51.82579722,44.3343984,51.83750735,102.9429005,55.70222237,47.6699177,57.02625913,48.98860357,48.98860357,52.40079589,58.82833634,49.10443345,60.65686984,61.42217833,52.86273296,52.19690174,62.25837135,183.7430505,52.08206451,66.3359526,66.3359526,107.5325779,51.87840913,70.313699,74.79891562,87.53729244,76.29640655,51.85055884,74.47408812,64.18607186,54.44078962,62.53568322,70.57016234,63.17577535,89.72312257,56.31130305,46.3875898,55.35902155,55.35902155,78.2750478,52.96477263,55.32048833
2379,759,103.9906239,30.63479511,469,103.9938527,30.63635869,354.6651261,,47.08522878,64.81190122,36.97281238,81.64952543,69.20295143,43.95161632,70.15354143,89.5996108,38.97507268,34.49275475,47.11418649,46.51345916,40.23460344,44.12884058,40.50743826,57.83893336,44.15067482,44.19543838,44.17419726,61.491852,38.76415799,40.988586,43.95161632,48.59350919,40.93270032,40.85253937,39.52828398,58.70319329,39.77552816,58.70319329,39.40723623,41.2534557,46.49652054,45.31447918,84.83684079,58.4791353,35.04467852,52.11405935,39.20556153,46.72959723,50.27452538,43.13494777,50.02559483,44.03800314,57.64309047,40.31636762,34.60147572,64.59331132,51.22545452,34.71122213
2380,760,104.0597426,30.66945889,776,104.0599328,30.66775043,190.2236051,,21.30031037,24.68259834,23.25314018,25.48450212,29.90414753,27.51799568,30.0880922,24.48647121,29.75564773,23.32353758,23.45222529,21.36677,25.12123912,32.84436347,25.33968468,29.82971281,27.40198556,27.40198556,25.40262895,19.76349144,25.79910444,29.32783633,28.34164422,32.15046847,24.05638097,23.34031964,46.52207733,20.72027166,21.56866074,33.12236897,25.56832527,28.85920892,27.22882618,27.22882618,27.22882618,23.94423001,25.08443144,34.87971028,19.9797222,25.31626537,26.06298681,22.45262224,24.24088419,24.51203502,24.78932048,42.97939196,34.01349231,28.68293103,31.63071494,31.63071494
2381,760,104.0597426,30.66945889,1655,104.0629728,30.66960555,309.8837454,,42.1769937,34.60955999,38.56807203,40.49297581,33.77579421,39.20626095,45.48892742,38.34162338,39.17757624,131.2448804,131.2448804,131.2448804,131.2448804,131.2448804,131.2448804,131.2448804,131.2448804,131.2448804,131.2448804,131.2448804,131.2448804,131.2448804,131.2448804,131.2448804,131.2448804,131.2448804,131.2448804,131.2448804,131.2448804,131.2448804,131.2448804,131.2448804,131.2448804,131.2448804,131.2448804,131.2448804,131.2448804,131.2448804,131.2448804,131.2448804,131.2448804,131.2448804,131.2448804,131.2448804,131.2448804,131.2448804,131.2448804,131.2448804,131.2448804,131.2448804
2382,760,104.0597426,30.66945889,1719,104.058001,30.66940919,166.9479883,,20.77831488,26.65245046,17.17179308,31.59898832,16.23262006,22.93941824,18.42184698,27.13375882,18.95939299,14.44742206,33.38959766,17.39544885,14.37829564,20.39636056,22.24599967,24.46456273,41.73699708,27.91080919,16.7180183,54.34111735,29.31769551,21.23719993,20.37331383,19.17106086,20.35606293,21.7423445,23.3312406,25.57501097,22.83049413,36.20558782,25.42355152,28.2962692,28.2962692,29.11883517,31.52164814,29.99065658,43.55164912,21.74431107,21.74431107,21.49032507,21.74431107,21.31628863,20.90479158,14.79112612,25.33780598,24.58129889,25.33780598,27.6168987,22.95255902,20.97775769
2383,761,104.0776053,30.62618671,102,104.0742198,30.62620311,324.4906359,,83.02185163,86.85251221,88.83393835,76.35073786,87.61247171,95.30494199,113.4142028,121.6839885,112.3236817,66.94362689,71.91174149,59.35255974,48.33791541,71.33839934,75.36556705,51.12325117,97.28482868,86.40283204,53.16099757,66.60013052,88.16349353,87.83205182,113.9674429,153.4177115,56.96828285,111.2539323,65.33132774,41.72022462,139.6214688,44.24872308,74.40549613,63.32024603,64.90031237,80.01138967,61.24386833,139.9001544,82.38126158,87.33953564,72.47935996,79.06370824,102.8994749,135.7119013,105.6208218,148.8109923,121.4029631,72.18329286,189.6373846,101.1399385,110.7266625,115.0902748
2384,761,104.0776053,30.62618671,731,104.0775283,30.62293972,359.9379844,,57.77839226,43.22858195,57.77839226,68.92429489,46.19524933,50.2239048,45.0633708,72.33203516,59.83855661,73.41511297,111.3848204,92.4454276,97.84721908,77.74660461,74.61286431,87.63707444,57.00159296,116.868252,68.74147182,103.9949233,96.00302721,58.63243185,67.6331885,53.38691705,139.9326937,74.25654692,50.73788798,64.96373956,105.3477028,83.5984996,147.5522172,72.12115456,49.67939752,105.9940077,105.0427007,59.06001567,108.5846434,37.5179658,105.3477028,126.2120205,66.25189999,102.298164,74.25654692,64.46650467,72.59253467,90.49773559,98.08234395,90.29803093,57.89024917,96.84430074
2385,761,104.0776053,30.62618671,1593,104.0815607,30.62637189,379.6559295,,82.54975874,75.77332481,112.2135752,112.2135752,112.2135752,44.81184742,64.04692344,64.04692344,110.2226892,55.46277927,55.46277927,55.46277927,45.67289377,86.32176925,51.18956353,86.32176925,87.42609892,101.6935525,88.55905053,140.9032316,109.7170805,112.769088,109.7170805,77.75507025,77.82662676,49.25266112,77.89831505,103.936224,66.67128518,78.9383616,68.62400063,64.60046875,54.0221876,74.26609294,107.0290796,87.33299337,47.40212762,56.79063765,56.79063765,56.79063765,56.79063765,74.24016003,82.73373766,67.32814513,122.3965384,99.10596446,128.21401,104.9202671,93.82801002,134.9887749
2386,762,104.0600781,30.61857201,29,104.064657,30.61877337,439.4701222,,45.50601457,48.74794633,64.3650301,100.4503136,43.92667579,68.04698666,60.67997504,51.03524,44.41584615,90.06218821,62.37919921,77.32612121,64.00050323,61.90412006,69.62754015,56.68324825,58.66844647,67.06364871,67.33740966,56.32727868,69.18771602,83.62010782,38.23018381,94.45328,65.21403297,58.00522236,92.75248809,89.8916159,72.7398823,143.8265854,87.24774486,88.74915957,73.8145773,72.32422582,91.31846695,65.10668477,78.51575384,79.90365858,94.17216904,116.1168763,87.81271635,71.18526164,94.45328,57.11525054,60.04145882,87.16762754,69.62272685,72.32422582,60.07945975,64.8398541
2387,762,104.0600781,30.61857201,119,104.0598999,30.62248789,434.3321001,,67.18574674,52.13723109,67.18574674,60.40157971,55.72562794,57.47104485,56.3965937,46.81423833,87.17228767,98.44253268,74.17436245,46.30771878,67.98241567,88.94172698,87.74385861,66.9920977,94.89931119,43.65843209,48.74810788,61.88372929,96.4190479,104.5494802,71.12640912,100.6606584,106.4072593,60.27075399,71.07252547,63.46865132,74.69405544,58.12622901,68.94480307,54.85658615,60.67503145,62.72258177,84.42740607,82.13439713,77.18527542,73.32218337,66.7347657,81.0853359,90.59070454,98.03106962,123.6043921,55.20737562,87.43311616,80.5977093,54.54403117,57.4851309,40.47270648,73.40824227
2388,762,104.0600781,30.61857201,722,104.0577827,30.61849646,220.1828316,,29.74327181,27.00709348,26.00300253,28.00912345,34.66435249,24.88722743,34.01966497,26.68882807,27.2017225,30.44781795,33.08256234,22.39938379,31.01166642,38.03020807,57.0844378,37.36016624,34.81661173,52.23447735,29.87405253,33.44549341,39.43573103,44.87802937,30.70618349,41.80686676,24.54050135,47.459937,32.58950329,31.70632775,33.63471826,43.67262776,51.80772508,25.22380887,39.5834304,37.5347189,49.05695517,27.19239087,39.44258788,38.16973645,42.96250373,38.01717956,38.54823854,33.11942314,36.6971386,29.50582882,30.74020696,38.10147967,30.52598949,26.93062946,36.09249973,36.15316733
2389,763,104.1354405,30.60123549,14,104.1323295,30.59740351,518.9610531,,67.60891887,82.78082708,52.04066271,53.5829768,48.41096414,46.41398995,48.9714231,50.00546653,127.671512,145.7950785,172.1898425,55.52550694,55.11090829,56.08810706,51.65695275,70.36760042,63.43836303,48.30665265,87.57467772,95.96197964,52.92520655,54.46821549,61.81173833,64.44805666,79.09651952,68.60195072,103.5620727,49.95347035,63.9814997,57.17704028,53.25206056,71.30762562,69.58137025,71.6723705,48.08905511,59.45138556,58.4135422,130.6475378,65.24772263,66.98454271,58.02049041,55.52035041,61.61474209,62.27532637,45.07261257,62.74592078,62.43140488,41.10582599,64.75770507,46.94120078
2390,763,104.1354405,30.60123549,63,104.1392625,30.60626466,667.0150371,,101.425729,88.28140197,103.0581173,93.65265732,75.74934175,79.82892731,70.38704774,86.84463413,69.00155556,85.7590762,80.4103519,77.67278452,70.83345527,71.5830715,72.84253401,70.31490874,79.24931134,70.25062376,70.25062376,105.8881358,119.0704529,97.87720654,109.8134512,97.46338442,116.8493496,107.8912276,116.8493496,120.3887596,131.8335603,93.55535584,96.62994501,81.83187676,90.11038886,75.13310806,88.18009212,121.7365847,69.60156909,81.53664291,75.33346301,91.43280851,124.6325675,116.1516624,112.3434808,93.31298448,93.31298448,101.8825429,120.8175212,102.8374361,111.3597892,103.3167788
2391,763,104.1354405,30.60123549,362,104.1396892,30.59845534,510.7314006,,80.99705032,67.23068006,62.37940771,71.70955703,50.99493603,55.49194293,51.8655301,55.44545947,52.22091219,62.46771378,63.25572392,60.24777669,63.51926017,60.40683506,55.16037027,53.1013153,53.08853828,62.54684918,58.55519243,50.32209444,61.06893771,47.42819541,63.69214661,42.41368033,93.01684866,72.63735475,41.78711459,90.57305626,61.90683644,70.44571043,63.62052049,38.34479754,38.02757068,50.14453751,63.32834819,71.37785658,56.46907378,64.0397957,41.28667011,39.16151315,72.38712764,79.76673775,79.76737142,67.58112639,61.18155011,65.70038308,66.15771065,66.13787921,94.45032749,57.89450671
2392,763,104.1354405,30.60123549,1156,104.129552,30.604747,685.6646955,,68.94952245,68.94952245,68.94952245,68.94952245,68.94952245,68.94952245,53.86563893,68.94952245,77.47623678,73.08343164,44.13755751,49.3555192,55.9726282,55.9726282,97.56493691,87.16076638,87.16076638,87.16076638,72.28090494,90.74973911,62.20225714,62.20225714,62.20225714,51.15840215,70.1247984,70.1247984,70.1247984,70.17463835,70.14970952,70.14970952,70.14970952,63.61837381,63.61837381,54.95086607,58.96781901,56.88852048,58.63166042,58.63166042,58.63166042,58.63166042,58.63166042,60.18024145,60.18024145,60.18024145,59.38395117,59.77944469,59.77944469,78.36167949,66.31008472,66.31008472
2393,764,103.9583001,30.68082983,166,103.9499056,30.68406085,880.2680957,,82.7406043,74.96073671,89.01587485,88.66718367,112.1978218,113.991552,112.5624894,93.54878655,96.36297137,117.1611545,103.171918,118.3654214,89.84308175,69.25618486,99.34060014,71.65551486,68.33348021,114.609951,92.85372964,97.686965,50.74403754,89.461928,71.29280415,76.6376093,80.00192511,84.47757799,55.44995878,59.28048105,103.6710606,105.1327907,69.38073661,78.92814806,120.4929713,99.18513754,105.7379094,86.01240651,72.43348902,56.74064717,100.8640526,71.96741434,221.6059542,106.8790943,103.8771233,53.52981663,103.9105169,136.4462926,105.9146104,100.6618747,123.787701,101.8028553
2394,764,103.9583001,30.68082983,194,103.9610538,30.68749832,784.7516748,,75.80785409,95.76630608,82.36460727,109.9263046,171.2185472,194.8348986,91.46849272,76.97836592,82.24471701,89.19040345,81.88713128,102.0815187,118.2052732,86.4324397,100.6783363,160.517388,55.61232341,62.73366461,56.50212059,98.36720158,90.06714226,70.2325924,112.1143336,107.2553542,103.2975039,88.42272392,92.12302268,98.26455754,169.6760378,78.48727972,69.75570443,74.56838262,100.6121749,86.26277952,103.8502724,107.8284744,106.164553,90.37458603,106.2069936,136.5335173,328.5007011,137.5863326,152.296821,100.8966439,105.2181016,107.6709406,95.19353144,108.5083774,85.6741783,86.02637117
2395,764,103.9583001,30.68082983,429,103.9634227,30.67938619,516.1461434,,88.6933707,111.065518,109.659902,90.64029835,147.7047787,92.64689451,74.99559348,79.50417368,72.27899314,106.5846721,72.59219863,109.2212265,55.85549447,103.971885,166.5858303,90.51414623,160.7772906,75.00004506,79.20401177,85.52044885,87.33847785,75.79768541,133.9994795,127.7550424,102.5281813,91.41049766,109.0609606,106.6662524,64.05323497,120.91927,59.06313148,47.41327166,61.29058107,49.89002103,87.16156621,58.6622294,64.44368034,80.26462705,64.81835288,74.26563214,97.90725482,100.1526442,126.4031372,157.6353015,82.82880163,106.1786352,155.9266671,67.93879767,116.5883053,77.02964094
2396,764,103.9583001,30.68082983,951,103.956184,30.67458422,721.2945621,,88.92672683,140.8676541,103.0420803,113.3912849,103.0420803,126.0514769,52.45778633,115.5783571,263.6203476,91.28560133,109.046107,124.0936881,97.25319938,81.65598816,81.65598816,57.96117017,67.79792229,67.79792229,67.79792229,132.398237,132.398237,132.398237,120.4597471,90.95132832,110.4961882,100.3863566,100.3863566,100.3863566,67.6213652,80.80893435,80.80893435,94.50420077,187.7103921,113.7888003,124.9295369,138.4885559,97.0714177,102.0298791,97.0714177,97.0714177,86.09616789,207.7328339,83.35988519,85.13640733,81.01904598,83.02671218,74.83171249,72.06939838,69.50375866,92.73787227
2397,765,104.028725,30.69153993,409,104.0298713,30.69080358,136.8058842,,26.12738372,24.30104522,23.79232769,28.57840522,38.32694032,35.33640776,26.47855823,33.08152364,40.0407466,60.00014414,30.15313367,25.71807745,36.07976931,45.95656451,27.56536472,42.77969017,41.3504579,41.3504579,34.79293075,27.66860579,33.49072584,34.39053942,24.08318744,34.24376019,36.36612112,35.85085955,32.20687217,20.78064064,48.88349212,21.22849927,47.12929982,24.54324832,41.21348813,51.55281052,43.45598676,54.9666499,24.93676877,55.33721159,49.98703658,42.09411822,37.86043689,35.51691224,33.20232696,60.24479304,24.32104608,28.19663262,28.63378972,41.04176526,45.44416915,38.47665493
2398,765,104.028725,30.69153993,656,104.0304049,30.6923283,183.1001312,,29.15564198,29.15564198,40.31562522,36.6369878,40.31562522,42.01819744,25.20690143,33.95910987,49.75934023,44.58808156,35.6543866,42.48732327,36.30309446,64.62357572,42.48732327,42.48732327,42.48732327,72.17085464,53.48674622,51.21681992,30.99500653,40.20146641,34.39098116,30.65862662,42.45800144,54.93003936,38.34982662,43.27092817,71.58303772,57.31830194,57.31830194,57.31830194,63.82511001,56.0987636,38.0284888,55.88973452,45.07080153,46.58377896,42.28493507,42.76357854,42.52290994,42.64290467,57.5686002,62.77718784,50.78731334,56.14931916,42.80262807,47.49143449,42.80262807,37.93729337
2399,765,104.028725,30.69153993,1229,104.027045,30.69251558,193.8731916,,33.07789051,30.34536912,36.35122343,33.07789051,33.07789051,33.07789051,27.7512322,27.7512322,27.7512322,33.63583083,32.87018006,32.87018006,32.87018006,30.34536912,30.23036231,30.34536912,30.34536912,51.69951776,38.24347889,51.69951776,86.16586293,51.69951776,42.90636207,36.66953537,30.95093081,36.66953537,44.83577021,57.68128015,77.3344587,57.68128015,45.76678621,45.76678621,43.96494424,42.29960544,38.99125641,35.11665357,36.95266657,36.95266657,36.95266657,66.89554217,47.60734333,46.98308326,41.17660707,46.37498271,41.33337079,43.70927693,41.33337079,38.45418676,41.33337079,45.74730683
2400,766,104.0718154,30.71217924,567,104.0729586,30.70871824,398.9027904,,72.52778007,72.52778007,72.52778007,49.84121633,83.49128171,70.91605163,61.32889061,57.50717661,56.53740336,53.08872626,56.80764972,54.52146848,58.93502238,63.12307892,66.6896306,54.88395228,66.27923286,66.07592235,54.14884929,66.15201746,63.73592435,63.48585524,66.59645265,66.14566949,68.58431517,69.04086757,58.69414354,54.60266332,77.76444288,67.64514443,53.98684381,71.80250227,70.91605163,61.36966006,69.59854826,66.73784162,67.10514231,73.64359207,67.79150491,84.66028271,32.01895308,89.69181508,40.39521928,71.09158641,58.93502238,48.60688953,56.16640045,59.43779074,64.63841164,71.31911713
2401,766,104.0718154,30.71217924,749,104.0643009,30.71280217,722.8980514,,124.7172357,123.8148313,106.6297766,119.3320437,114.3926587,180.2238909,127.2583367,104.9368139,118.4269845,102.9999939,119.2884201,183.7011518,146.4097319,123.9253802,119.0044914,125.4184571,137.5129715,107.1327472,83.01221643,120.3023296,112.5629946,101.6575385,98.2050183,124.3992823,96.78069859,138.0601053,90.99416032,108.4347077,105.5753746,110.6339414,117.4267199,142.7294142,117.1277855,129.4742779,108.6157339,123.8074684,124.550915,126.1498985,215.7904631,145.794565,126.1498985,247.8507605,92.97776037,82.27411136,109.8072989,83.43651527,124.5183246,177.3378525,91.42036246,169.263934
2402,766,104.0718154,30.71217924,1430,104.0719539,30.71412139,215.6588456,,35.52028045,24.90366782,23.8242223,22.834466,18.91283421,34.05139667,30.62610825,32.24805168,30.72711784,30.72711784,28.02786441,21.18340639,22.83110849,22.27752781,22.83110849,22.83110849,26.37505911,31.22138783,39.27682179,30.15036288,33.46430363,32.74103718,34.91927336,32.04837334,21.71669494,28.75451275,21.13534966,23.95387932,28.79005602,43.49422096,28.17426827,19.78017437,27.58427094,22.95260441,25.37162889,20.88424598,25.37162889,27.62889125,24.85052582,17.74564215,24.35039762,23.3846941,23.3846941,23.3846941,40.86167601,29.59486065,29.59486065,67.07316148,27.05128377,24.90652112
2403,767,103.9975459,30.66579267,277,103.995139,30.66594927,231.2527297,,30.68218036,30.68218036,29.04526217,34.83304715,29.04526217,27.29540416,31.93771714,26.61547335,29.98909695,31.28388593,30.62281104,30.94981881,30.62281104,30.68218036,19.38323229,36.35414091,34.90607241,29.61309948,28.55951379,33.16772219,39.9604717,34.25966366,39.29249921,27.65813378,29.59158153,34.65632166,36.59132541,43.64045288,34.03338715,40.14513933,35.26222147,33.87629001,35.15171683,34.50222042,32.53792113,38.45958633,38.37970749,64.28647312,38.35311655,39.95916053,39.9411564,47.66443083,37.58104474,31.95815075,32.29912035,40.15320709,41.82880021,35.86043873,62.83093033,33.28005425
2404,767,103.9975459,30.66579267,586,103.9975617,30.66511082,75.58673852,,13.02042986,9.820592795,11.77762706,9.271286496,10.29753108,9.271286496,9.271286496,9.271286496,8.165409112,8.034810787,9.271286496,10.97226849,9.271286496,9.271286496,8.58736911,9.271286496,8.58736911,9.271286496,9.287107805,9.271286496,9.271286496,9.271286496,9.310941272,9.683710273,10.36124736,10.54698677,10.35960376,10.54698677,12.68588619,13.28781275,15.21242536,15.58638236,17.04697,13.40454476,11.65362992,10.51641579,11.65362992,11.65362992,10.22978416,15.25439894,11.65362992,11.65362992,15.16040583,9.922051365,11.65362992,15.15107018,11.18269556,11.18269556,10.28779806,11.45735826
2405,768,104.0122093,30.67825796,928,104.0094376,30.67908282,280.8129592,,29.64594291,29.64594291,29.64594291,29.64594291,118.9325474,40.56455473,36.49554704,45.65475208,63.58029265,79.60052387,71.19201783,75.16183295,71.19201783,64.32195034,82.0224465,59.46627371,58.41396334,57.39824858,48.13936443,70.85934483,62.79047535,103.7912375,90.49215566,90.49215566,90.49215566,90.49215566,94.38461579,98.62699055,133.8975699,58.94616053,113.5872644,113.5872644,113.5872644,77.56470486,96.27872887,95.27057465,96.27872887,94.28331482,107.5453886,94.28331482,86.70039907,92.18176165,94.83364476,83.16581238,69.39999905,87.62957589,104.2192426,72.59796432,51.84239247,62.40287982
2406,768,104.0122093,30.67825796,1308,104.0132057,30.68050837,267.0575518,,34.39739487,27.84669621,26.29040332,40.39525994,40.39525994,40.39525994,31.78205575,20.94569034,26.1963811,26.1963811,37.95028368,30.99647028,34.12270405,32.48454523,32.48454523,31.19426303,27.50020556,21.67772687,24.58841909,23.78984687,23.40970169,23.59824344,23.59824344,23.59824344,28.47207857,25.80706304,27.07414689,26.4254247,26.74585267,26.4254247,26.58467319,23.16643823,28.11132124,29.58175958,36.00775979,31.21451904,31.6252364,31.6252364,31.6252364,31.6252364,31.6252364,31.6252364,66.53336931,28.52840316,39.93383952,33.28107958,33.28107958,33.28107958,25.4879954,30.52086306
2407,768,104.0122093,30.67825796,1520,104.0139132,30.67782934,169.9984921,,15.83427093,15.83427093,15.83427093,17.36154813,19.96719646,19.96719646,19.96719646,24.60279685,20.56260635,20.39981905,20.39981905,20.39981905,19.55254222,19.96719646,19.96719646,27.60877766,23.17429744,25.19792369,24.14378189,24.14378189,22.17455327,20.50233071,15.73250827,18.57343161,18.57343161,18.57343161,18.57343161,18.57343161,18.57343161,48.37901751,29.37573944,29.37573944,29.37573944,29.37573944,19.80564957,23.65958395,21.56175825,22.56201185,22.05054754,22.30334784,22.17622726,22.23960589,22.23960589,22.66646561,22.45100697,22.55822183,22.53132223,22.51789647,22.53132223,24.97937027
2408,769,104.0821153,30.62726348,1190,104.0842695,30.62916042,294.6685619,,25.31758527,30.23102943,37.51084946,30.23102943,22.7396961,25.9556355,49.45486354,22.16942158,24.96505564,26.64506933,24.96505564,25.59501734,21.13161002,23.41736916,26.25759462,26.25759462,30.57080181,26.25759462,23.59970685,22.59439452,23.59970685,23.35292951,24.84325112,23.11125976,30.00867957,24.93083015,26.29013192,23.57348495,43.52027991,23.11125976,26.77959793,29.36489475,24.6126873,27.01545389,27.01545389,27.01545389,27.60720424,27.30812373,27.30812373,27.30812373,26.81061894,26.93328793,26.99504433,26.96413077,26.96413077,26.96413077,31.95201274,26.61999555,26.61999555,24.64365865
2409,769,104.0821153,30.62726348,1593,104.0815607,30.62637189,112.2062894,,15.32642934,13.34969309,12.08203316,14.50422412,17.60098657,13.60076235,13.60076235,13.60076235,13.60076235,13.60076235,13.60076235,17.00811124,16.6918447,16.6918447,16.6918447,16.6918447,16.76110547,14.35474918,18.44486949,18.44486949,18.44486949,21.7465756,19.09894288,19.09894288,19.09894288,19.09894288,14.27359158,17.99299073,17.99299073,17.99299073,17.99299073,21.89391013,19.75269642,17.89336176,25.01192829,10.94695506,25.01192829,29.75636404,25.01192829,25.01192829,16.22259606,18.44486949,18.44486949,18.44486949,18.44486949,11.70848237,12.88493275,14.32420716,15.67187747,17.29947074
2410,769,104.0821153,30.62726348,1650,104.0791422,30.6290397,346.3408786,,56.06517345,74.06160754,58.55612306,46.05086474,79.58471251,80.26784313,86.258483,66.41694332,49.73383179,57.76168193,54.66142757,89.37829125,69.46112328,71.04428279,77.02407184,98.09812454,84.10301268,92.78713771,52.78692477,59.04469595,54.3872263,70.94995238,85.9880802,83.12181086,65.96969116,85.39912075,58.53648652,101.4138678,102.0595222,89.20612611,113.4051993,87.41299424,108.734927,94.0728562,89.91542038,96.9350564,99.48089069,131.1897267,122.1049452,147.7721082,118.7454441,124.3097869,124.6285299,161.5061092,67.94698436,103.6862506,87.80472979,118.9072226,108.5377291,173.1704393
2411,770,104.0602206,30.61638355,671,104.0578935,30.61635561,223.0838282,,39.62673263,37.09477051,31.32833164,54.78184049,45.11807761,32.38313635,30.84108224,44.37026417,26.72551686,43.10027451,25.59104345,48.23434123,45.28161473,24.4103885,35.50929026,37.70430899,33.40326667,39.35280714,37.98240507,35.95978127,49.36089622,41.82821779,50.57316005,46.882766,35.02576097,32.29631829,60.84104405,39.75751394,38.47572666,41.34773786,43.17751514,41.46825033,52.72002943,45.13921019,47.90237741,33.46257423,66.58369363,40.31635449,50.79469211,62.98837502,48.82077699,50.87522596,53.68327417,44.5961193,30.75893013,45.64699291,22.94576519,54.85667907,44.85699681,34.6164561
2412,770,104.0602206,30.61638355,762,104.0600781,30.61857201,242.92989,,27.30827803,31.43593113,40.55089353,32.19193634,34.77733163,38.44165292,32.5124368,28.15671616,36.97875704,31.73681484,40.61366583,22.89391634,35.37813932,42.35097356,39.9134302,41.33433949,50.69841183,35.02393288,46.00033807,38.35735105,51.47585031,49.3397802,40.02024199,66.75935908,38.18542244,67.27289262,49.54943932,37.2464908,40.20908524,46.81276713,32.43870935,61.06228423,64.10296575,43.43204231,65.16748167,41.55305142,42.66085873,42.11304673,42.71544659,44.84859508,60.31362786,57.15997412,52.21179725,28.95852993,35.87099233,74.11420373,46.07428931,45.38052801,34.98190416,47.01868839
2413,770,104.0602206,30.61638355,1059,104.0646499,30.61653136,424.8894321,,48.17643955,52.97650411,55.98665081,52.64064398,50.48885564,52.94118478,53.62614361,58.12861397,55.31728503,52.90854108,54.5383084,58.84466194,62.31898359,52.18270766,49.86989042,52.85805378,51.9794707,54.6360499,46.67390518,58.54002062,60.65299822,64.02798803,61.53197051,83.13054106,83.13054106,83.13054106,83.13054106,83.13054106,83.13054106,83.13054106,83.13054106,83.13054106,83.13054106,83.13054106,83.13054106,83.13054106,83.13054106,83.13054106,164.4733286,110.4405744,110.4405744,103.7018275,106.9651717,105.3082241,106.1302311,105.7176298,105.820479,105.8719788,105.8462226,105.8526605
2414,771,104.0773184,30.60357397,134,104.0783955,30.61080386,807.9075937,,76.5637996,71.90277719,81.87100175,104.6446535,64.70450139,103.8367489,90.0454284,73.50802031,76.23767595,68.43452558,97.31383814,109.3576959,94.24351548,81.54581319,65.50602111,116.4940188,49.12951583,51.43178315,132.3749763,120.4334301,97.36619494,136.6760967,72.94470123,71.68757522,173.1230558,193.8978225,112.0208008,81.26480406,88.94395527,99.41778627,83.67282328,131.9780981,169.4252818,144.3408108,113.6860197,130.1327668,73.261142,95.11011567,97.08760782,107.9609257,114.2816243,59.59974052,98.84340993,80.79075937,77.35285472,70.05541559,80.79075937,65.31687957,89.76751041,104.1217424
2415,771,104.0773184,30.60357397,418,104.0785558,30.60016577,395.9190753,,36.10661611,23.83459316,23.83459316,32.0474125,29.88068493,27.20054716,28.07567966,25.35134,22.25306278,29.57071932,27.67589653,24.98106726,25.75083417,33.91976847,22.07385273,31.03134949,31.23621896,26.91642223,30.93789171,36.73475956,29.8650324,33.97097015,37.40967641,25.14658912,23.17575075,23.17575075,106.3663187,37.44470788,29.17725018,26.24877847,23.17261083,37.6936512,23.76504662,27.54663239,42.35686987,29.61680355,29.61680355,80.52591362,31.29966887,59.26439381,23.8745171,23.01669231,22.79582041,22.29221773,27.47229923,25.49747175,26.80201215,25.49747175,25.49747175,28.90054545
2416,771,104.0773184,30.60357397,787,104.0751744,30.60399139,210.6821379,,17.97554606,15.51034144,26.1536447,26.1536447,26.1536447,26.1536447,26.1536447,26.1536447,26.1536447,26.1536447,26.1536447,26.1536447,26.1536447,26.1536447,26.1536447,26.1536447,26.1536447,26.1536447,26.1536447,26.1536447,26.1536447,26.1536447,26.1536447,26.1536447,26.1536447,26.1536447,26.1536447,26.1536447,26.1536447,26.1536447,26.1536447,26.1536447,26.1536447,26.1536447,26.1536447,26.1536447,26.1536447,102.494013,41.67338991,59.25435128,48.93262558,51.16058661,52.35242081,51.7496424,52.04928648,51.89903194,51.93651417,51.95527561,51.9458932,51.94823848
2417,772,103.9978433,30.6784115,290,103.9971883,30.67721485,146.7225886,,18.86433282,24.01824868,19.96980412,19.10312184,19.03428176,21.67106058,25.39429418,30.01143858,24.62067077,20.71377721,24.37316568,21.04387725,47.58570441,56.79584075,18.4470775,99.19273595,74.39455197,37.81871018,43.17721955,62.14133164,46.82635806,26.14858015,40.78774664,61.41875802,62.14133164,32.87560076,56.96288734,53.62449939,37.91825692,43.94353735,36.1958809,28.55142265,61.77793204,52.3836019,60.71279528,73.02322382,27.84892718,35.62909403,35.81025891,29.18239331,28.78481302,46.17144397,69.9604396,30.70937901,35.3311919,43.22433052,38.78130095,40.55288437,44.17454279,22.7183363
2418,772,103.9978433,30.6784115,716,103.9950242,30.6798424,313.1806594,,28.21447382,35.5342306,39.36972061,41.07287336,32.27434277,24.86108873,27.48761578,35.17785878,35.71648491,33.33186619,32.87027329,29.03661743,35.45441427,37.66537998,35.6788093,52.56178899,24.5364608,59.79682102,36.88496315,30.33498763,33.48862496,37.29911011,30.74864656,43.58699898,44.58528419,25.74087612,26.95959765,29.59187333,106.1129764,31.37616996,34.94164381,36.07841196,33.31709143,77.22262835,34.50875652,30.14573192,29.46298886,28.22153627,36.04380991,48.01066177,41.73809806,28.9833001,41.71879274,62.67965942,28.11596942,24.29849944,31.46373137,27.31557538,47.37186445,35.87749797
2419,772,103.9978433,30.6784115,1477,103.9994992,30.68075283,304.1354992,,39.38445313,39.38445313,39.38445313,39.38445313,39.38445313,31.41715343,34.95252345,33.09067766,34.37638296,34.37638296,40.67694602,53.14989306,49.80535848,53.14989306,36.01604596,36.01604596,29.63160479,35.89796056,35.89796056,49.76762714,31.46229302,43.23347669,50.75638795,43.23347669,43.08461573,42.93677636,36.81532606,42.93677636,46.21946611,46.21946611,46.21946611,47.50055519,43.03052479,40.25322784,36.19463792,66.47193912,46.15884474,52.05488735,48.92988814,52.05488735,27.3380224,35.84898653,41.01343395,47.91631497,76.0338748,57.15564357,70.80923506,44.07465134,43.13412202,44.07465134
2420,772,103.9978433,30.6784115,1607,104.0001306,30.67735769,248.2977713,,21.05705481,21.05705481,30.04611686,19.75407683,28.71877837,27.74276774,27.74276774,27.74276774,25.41816047,23.96707345,25.41816047,20.01952915,25.41816047,33.35343197,29.59840982,32.6528576,28.33191685,21.22371136,31.81039063,22.80285655,46.43490788,22.53458765,24.26801747,19.30609021,26.29035226,23.06766391,23.06766391,23.06766391,23.06766391,24.8643109,23.93231531,24.38941273,24.15870207,24.38941273,27.5532076,31.66016447,36.803787,36.803787,59.00145061,37.16723396,37.16723396,16.89739086,23.23254,17.91326607,17.91326607,17.91326607,21.28266611,21.28266611,23.61616847,26.524391
2421,773,104.0617491,30.71034299,844,104.063411,30.70790007,314.0591884,,78.5147971,78.5147971,78.5147971,78.5147971,32.89853768,54.85084673,41.12878193,54.85084673,38.89723893,33.63251596,46.11610108,38.89723893,42.2001771,41.32294811,40.89786936,41.17309098,41.17309098,41.17309098,44.86559834,41.17309098,34.57532349,41.17309098,46.77753737,54.14813593,88.55977112,34.78809472,50.11582794,41.06840095,45.14326525,43.00953222,45.14326525,45.14326525,48.05277199,46.55260238,48.05277199,48.05277199,58.88609783,48.05277199,38.02510353,43.44798337,43.44798337,70.44318244,40.04532745,52.07198979,48.89137636,55.69522553,36.1796185,37.26783941,38.42355406,38.45622715
2422,773,104.0617491,30.71034299,907,104.0579489,30.71528136,657.2673799,,81.87413729,89.31979494,86.2147046,82.89599536,79.71006319,82.82949477,74.24598933,107.2279109,75.83854383,85.73052781,94.45758753,83.5294873,74.09694889,74.66376433,89.54257588,174.6245437,98.31700418,80.50980644,143.7522824,80.03255767,110.3841251,92.15823048,290.7726658,111.8627058,99.99150307,108.440081,92.66350373,104.0071458,93.74653596,98.54448454,76.04164651,92.28956909,109.4812061,114.1395534,178.4099957,106.0919521,97.3443313,96.27578521,133.8705837,76.87806088,90.73075435,110.0147116,92.4282253,102.8127745,135.856224,82.38317819,114.9153883,82.20070679,98.73703712,113.7578158
2423,773,104.0617491,30.71034299,1474,104.0641104,30.71169341,271.1658856,,34.74011346,40.71729669,38.96994763,39.82446459,38.96994763,38.96994763,32.61237823,35.50883982,34.73753802,34.36431743,34.73753802,34.73753802,65.37034744,46.59652449,46.59652449,46.59652449,42.95022198,44.69913536,43.80723018,43.80723018,34.37314043,43.80723018,59.16346595,47.49319537,35.31827743,51.85642434,79.15112339,51.85642434,43.65331194,32.86859219,37.69101113,37.69101113,46.70799943,41.71782855,44.07210782,42.86266468,44.07210782,44.07210782,45.54574751,44.79681169,45.54574751,46.93255712,40.42224382,43.43480259,43.43480259,44.22184318,45.03793256,49.93336001,47.35947547,47.97774539
2424,774,104.0734583,30.67845521,1009,104.0758934,30.67758218,252.537158,,36.95665727,22.90009493,22.90009493,22.31003114,18.33855308,20.73754035,20.73754035,22.38143202,26.62177947,23.25150304,24.70472198,23.67535856,23.67535856,23.67535856,17.79126749,24.19195766,24.19195766,24.19195766,24.31922699,21.83318369,21.83318369,21.49252409,22.39245736,27.12675355,20.94778269,21.50947402,21.50947402,21.50947402,26.80822024,23.46151661,22.74255832,22.06635361,21.21665738,29.23259707,24.58779632,33.15586319,19.65694635,22.41315917,24.25974033,20.82780685,21.71713989,21.68476491,21.74961169,22.25541662,22.78530749,25.76666327,20.3689418,20.05810852,22.22141812,17.67023846
2425,774,104.0734583,30.67845521,1083,104.0744869,30.67978055,176.8737082,,26.09612088,26.09612088,26.09612088,26.09612088,26.09612088,39.06413187,30.20613613,30.20613613,27.56473375,25.77916395,27.73281139,26.7203252,20.67355031,27.7448954,27.7448954,29.14166359,29.14166359,31.57414956,30.30917967,48.69945312,30.035158,30.035158,26.05341037,30.035158,30.035158,30.83512588,30.42988528,30.63116534,30.53019356,30.5805961,30.55537405,30.56797987,30.56167565,30.56167565,30.56167565,21.54806597,43.21801016,34.41866754,38.31968,34.41866754,36.26456666,62.12149751,34.38768764,41.25779803,24.65616068,26.53105623,43.53814356,24.0281264,31.34746336,29.96448704
2426,774,104.0734583,30.67845521,1176,104.0690207,30.67976462,449.1910293,,59.01779947,59.01779947,59.01779947,59.01779947,54.2646881,40.25944495,50.22011508,65.60193531,55.40343316,50.37656403,46.87210741,44.30377275,49.30145444,56.44285185,51.74680658,54.44739749,29.13671541,48.70746101,48.70746101,73.17138939,64.27946586,68.43781099,64.27946586,64.27946586,47.70170223,46.43467927,45.23322253,33.42816962,48.12761028,48.12761028,53.9929117,53.9929117,53.9929117,56.60750427,42.55493962,47.52645718,47.52645718,47.52645718,50.2982179,50.61307372,50.2982179,52.41775382,51.41773308,64.34035964,38.96596881,66.43290812,68.66614461,85.86306402,60.27162525,53.70600151
2427,775,103.9784668,30.63921045,114,103.9834118,30.64102237,514.6940253,,67.74765964,50.62564183,102.3700824,101.7377346,68.62587004,96.17120194,71.40263935,37.76287685,89.18885637,69.66438542,63.0237582,94.69668607,64.52633373,68.21680981,68.76002485,72.89136472,56.99062646,54.1255645,49.11593084,48.70921375,73.47062268,61.25284268,57.70116134,53.86332823,69.09503384,57.3258385,53.87637967,59.48309763,52.5644962,55.24443921,67.95471238,73.99965448,75.58608908,79.51500874,68.90019489,64.29210587,74.62767225,62.60969602,80.07821642,61.33310775,84.42120008,87.31849628,66.65936687,107.3366251,78.59880604,69.1093511,69.46425146,50.76434222,60.08101463,169.9906873
2428,775,103.9784668,30.63921045,198,103.9798505,30.6351988,463.9731336,,42.71875399,69.45127987,78.09717269,47.43775959,42.93838769,48.91078422,59.12577986,35.38778138,45.05201028,47.69739871,46.35546468,34.39196872,43.04905363,46.33296202,31.33777263,66.83440937,54.34826294,71.07673536,52.44280317,31.83551361,47.57985358,55.21663739,40.18491553,47.41812011,72.15132963,48.69688866,66.36966678,41.44673154,42.99364945,59.26563978,47.92835813,55.09246204,50.32297105,54.17931983,27.83838802,57.9563942,47.33748848,50.65911164,50.36333078,44.2215516,53.00014871,52.9135147,43.48332655,50.26491968,52.19697753,46.95160312,63.63060118,48.91078422,44.6804266,53.10980226
2429,775,103.9784668,30.63921045,811,103.9771835,30.64323835,463.0510885,,53.94769963,54.96155353,71.48684722,51.29181288,60.73538687,56.19046916,64.23830129,59.96345031,37.58701057,37.58701057,37.58701057,37.58701057,37.58701057,37.23023827,37.05437996,37.14210096,37.09818861,37.12013179,37.10915696,37.11190006,37.11327176,37.1125859,37.11292882,37.11275736,37.11284309,37.11280023,37.11282166,37.11281094,37.1128163,37.11281362,37.11281496,37.11281429,37.11281463,37.11281446,37.11281454,37.1128145,37.11281454,37.11281454,40.41173136,38.69208323,39.53321547,39.31952242,39.21353987,39.31952242,39.31952242,55.61247435,31.65159339,35.07132505,33.27382393,41.22052809
2430,775,103.9784668,30.63921045,839,103.9586125,30.63198082,2064.634066,,263.2591253,263.2591253,263.2591253,187.6150434,145.7388752,125.2347538,145.7388752,167.828002,206.4634066,141.8450885,161.4922898,210.7964446,156.6217861,167.3756672,173.3260784,173.3260784,173.3260784,209.2534526,163.5153843,226.5371118,375.862586,246.932978,218.12715,219.1356446,213.65958,203.9144757,269.9848397,183.6363839,175.2364985,221.2107928,194.9130062,194.9130062,194.9130062,144.783972,166.149722,154.7327753,160.2381421,157.4373446,160.2381421,160.2381421,286.6072997,265.2161512,190.9733463,222.0534062,205.3439966,205.3439966,143.7656216,164.3287938,191.756181,178.7000868
2431,776,104.0599328,30.66775043,1496,104.0630465,30.66775544,298.3073433,,41.91672271,41.25120753,101.551436,42.25601491,28.34357162,44.83951716,30.41270586,34.61169292,29.90457278,48.48336054,36.56889112,32.29793792,22.92222915,45.50450999,46.4894561,33.39722848,40.44845333,40.44845333,40.44845333,28.59937246,23.0823522,42.32522679,36.75244476,36.15846585,37.11658189,37.28841791,37.96958524,53.78496339,31.63200106,33.45502916,46.63628422,39.3853216,40.27149134,38.12685571,34.02026724,36.94632233,34.45689099,24.91662264,35.89259478,33.49975513,38.94997436,29.52320099,34.42007807,30.46543081,25.92411432,31.46978567,45.81512098,30.80037579,38.45385979,33.1306525
2432,776,104.0599328,30.66775043,1652,104.0600469,30.66597437,197.1452485,,22.0753622,22.68290501,22.08108565,23.00382897,24.58624346,25.49030407,25.54031889,23.74647912,25.77309959,23.06258073,23.1468725,22.10804362,23.89671854,26.78546726,23.98924063,25.76067795,24.84342165,24.84352869,26.32695135,21.25095258,24.18622564,25.57816254,25.20907381,26.96003398,23.57339604,23.31217273,30.61267252,21.95644151,22.39824226,27.14789048,24.30548898,25.64817937,25.00550567,25.00584743,25.00567655,23.57305852,24.09317683,27.69751367,21.54271728,24.19586481,24.51978446,22.8519689,23.71085319,23.83527544,23.96101062,29.85281014,27.42988661,25.58029501,26.64884577,26.64884577
2433,777,104.1121511,30.65500441,74,104.1179738,30.65793984,645.8292508,,84.11668968,47.48097963,66.12586186,110.3632264,77.69873764,86.81797247,116.7031106,99.35834628,60.74422738,87.30289802,60.78392949,55.58841131,57.38933176,82.88717657,52.36453385,75.73242029,79.10804025,91.0965073,80.31037316,67.23143621,57.89306033,70.21094531,58.02791937,55.32386206,73.92640073,78.01964104,85.7928156,108.7828087,99.77094959,81.70129076,112.6810325,122.8255498,70.69894491,98.45672791,84.47665615,94.8973593,60.77258073,78.45844668,68.69943909,91.95723019,51.66634006,70.36271994,80.76872019,69.40254635,100.710997,69.879335,62.49960492,83.74210326,82.1066028,58.71175007
2434,777,104.1121511,30.65500441,462,104.1124124,30.65966078,516.6684936,,177.1434835,82.96025278,177.1434835,94.41657751,104.6417202,103.6215363,74.52861793,88.78313017,98.28304238,93.70310211,106.6517533,90.32812189,97.895083,66.54764139,97.95953006,82.9434371,103.208272,57.94413012,94.35935546,94.02414607,48.46922676,88.36135758,93.1075372,138.2904518,84.62055696,84.62053809,88.62215198,274.8778192,93.02100114,141.9852349,104.4377088,181.7596004,205.5255886,65.6086976,148.2076954,108.5606952,100.7223778,126.21883,215.6529365,121.1730669,84.6740475,108.455194,148.8856037,67.39154264,87.15376384,129.513045,129.1671234,128.2763157,136.0980422,97.1473044
2435,777,104.1121511,30.65500441,1726,104.1119814,30.653166,204.3966949,,74.70336057,39.56065063,21.16475843,23.01260678,28.94112494,25.56438107,29.08411469,29.05130689,32.63095794,36.42713374,25.73643599,26.25873479,23.21224295,29.77453878,29.43312407,32.24958809,26.67424501,23.39675999,23.00661079,23.8560984,43.68784319,34.3043404,30.46907253,25.86390515,27.61081057,26.1395418,28.08504205,25.95513586,28.76575847,34.95620435,31.44564537,19.45899778,21.80231412,24.45965989,30.15688941,22.33165711,27.90751333,24.24474799,25.50530682,24.66266081,26.81589292,23.28569942,27.06079442,38.95846997,18.95853402,32.66996353,30.70748468,24.49131995,31.42326412,25.78836805
2436,778,104.0518659,30.60293304,417,104.051983,30.60576544,314.1148675,,33.62657035,30.6517427,31.35090529,27.80018784,23.9173757,28.44813894,27.94103304,26.35370498,27.28504479,25.05957946,70.23686478,32.6719798,27.19810508,27.65670493,32.69701023,43.73311967,22.5261658,24.6364602,31.91383414,21.27188719,26.17623896,28.49422124,22.22729284,37.50625284,23.95227514,32.25519914,19.02811217,26.30478601,74.0303452,22.2163757,52.78009442,27.14572929,23.8352745,31.0711592,34.34999211,36.92805022,29.91570167,23.35989375,35.16396788,33.69693588,31.12889198,33.00039833,25.27361003,20.9216193,21.41692278,34.68753138,29.3908648,27.37218815,28.22329924,32.86114235
2437,778,104.0518659,30.60293304,870,104.0552507,30.60277225,324.9887435,,26.29122419,42.19690684,31.38724283,41.27881218,37.5287723,32.07565392,31.76155259,35.13391822,35.13391822,35.13391822,35.13391822,35.13391822,35.13391822,35.13391822,35.13391822,35.13391822,35.13391822,35.13391822,35.13391822,35.13391822,48.64696368,33.71641143,39.82840771,36.5184386,38.10167235,37.29325954,37.69313189,37.49212954,37.49212954,37.49212954,32.58940046,34.86927364,33.69081108,34.26991422,33.97789534,34.12328003,34.12328003,34.12328003,62.0997599,44.04449285,51.53651489,49.43430593,48.44622886,48.44622886,45.39155839,42.69925097,42.50533975,42.50533975,42.50533975,54.3851006
2438,778,104.0518659,30.60293304,982,104.0517689,30.6005863,260.254019,,19.04943006,39.75591803,41.27376513,27.31529062,34.1939587,17.51241997,23.36445058,19.82887764,39.36615413,26.15253227,21.41518785,23.10516568,22.22810127,23.10516568,41.73338389,29.86181573,29.86181573,29.86181573,23.9008793,26.55088823,26.55088823,33.58116374,29.65505736,31.49623174,30.54792704,31.01483227,30.77960909,30.77960909,30.77960909,29.79060313,31.44008283,29.79060313,25.73940847,25.73940847,25.73940847,25.73940847,25.73940847,29.64919204,25.73940847,25.73940847,23.32083307,23.88184084,24.17258969,24.17258969,24.17258969,30.56817189,17.89712452,30.66823137,22.60348537,24.19404696
2439,779,104.1025775,30.61697272,162,104.101336,30.61698017,119.0059977,,11.43982888,25.43819446,16.30219147,16.22501768,17.93684705,18.56246065,19.40534896,20.47415014,13.97786596,22.54850483,17.94704454,22.91024555,23.30489167,22.91024555,18.85243528,22.91024555,23.86749815,18.54638925,19.97303458,20.79716465,20.23242464,19.75810569,27.07245445,18.87319787,18.87319787,22.86947999,19.04095963,23.5396479,23.15166667,26.67631331,23.28378216,17.00085681,18.87319787,18.87319787,23.76818817,21.05265807,21.80262553,18.3399654,20.6468237,19.46633511,24.76425386,19.36806473,13.77561388,18.25012105,18.87319787,29.93338632,27.06532824,21.58230454,19.79505705,24.62193056
2440,779,104.1025775,30.61697272,1240,104.1041129,30.61840661,216.5947757,,24.06608619,28.78601541,24.52016329,51.75273401,51.75273401,51.75273401,51.75273401,51.75273401,34.80987467,41.62319534,34.80987467,34.80987467,28.98666143,30.25184064,30.92677015,30.58558245,30.92677015,31.85054654,32.83120811,33.03988104,41.84657563,36.92539191,41.84657563,29.53565123,41.84657563,61.88422163,41.84657563,29.14920346,41.84657563,41.84657563,58.62715733,48.83556528,48.83556528,48.83556528,25.26159371,33.29855626,33.29855626,33.29855626,38.41089618,30.31063917,27.81478689,25.34370073,39.7827139,30.69847215,38.5057379,25.52344329,33.90179098,33.90179098,43.80568497,43.80568497
2441,780,103.9464317,30.71977497,457,103.966997,30.71641552,2004.171289,,204.4327727,210.9653988,198.2925657,205.458471,205.458471,187.4291097,199.6718261,236.1063531,248.5295477,167.4017782,196.3269834,230.3128413,196.3269834,196.3269834,236.3987854,193.1731363,228.3631011,228.3631011,200.3377851,192.9551899,211.92934,223.1732445,792.8589715,183.9978742,216.3930198,211.5073461,215.0100995,214.3252467,201.6226746,214.6671269,183.5642625,277.1009751,281.6165746,223.9143095,167.4017782,237.9884543,173.8558227,183.2773067,223.3095629,263.1617011,194.9525498,196.9754953,189.5624926,213.8218026,232.6955578,264.2863238,210.6305752,247.2285937,207.1266733,166.6285598
2442,780,103.9464317,30.71977497,732,103.9313093,30.70607506,2098.285937,,214.9245224,202.0275028,207.6042623,199.1306509,175.5683759,189.2202327,218.9383551,189.8628568,256.9739435,259.4331782,206.4064042,141.5900539,141.5900539,105.5925825,141.5900539,142.7945061,142.1897294,142.491476,146.3565875,142.3781711,142.3970427,142.3876063,142.3923243,142.3899653,142.3911448,142.390555,142.3908499,142.3907025,142.3907762,142.3907393,142.3907578,142.3907486,142.3907578,151.979321,205.5463775,185.6939162,166.7512003,166.7512003,181.5364584,169.1341778,175.1160004,166.7512003,174.0952429,166.7512003,166.7512003,166.7512003,166.7512003,166.7512003,166.7512003,145.0608702
2443,781,104.0456827,30.68520249,1381,104.0432434,30.68324646,318.7366277,,74.99685358,54.69828209,55.33221747,40.06232853,58.2462873,58.2462873,58.2462873,57.22951919,57.48036868,57.60661988,57.54342503,57.57500511,57.55921074,57.56315853,57.56513261,57.56414554,57.56463907,57.5643923,57.5645157,57.56448486,57.56446944,57.56447715,57.56447328,57.56447521,57.56447521,57.56447521,62.87407451,60.10223655,61.45691746,60.10223655,60.10223655,52.27571115,55.91643595,54.03481736,54.95952639,54.49324926,54.72539463,54.60907523,54.66717306,54.63810871,54.65263702,54.64900422,54.64718799,54.64809609,54.64764203,54.64786906,54.6478123,54.64778393,54.6478123,100.360221
2444,781,104.0456827,30.68520249,1579,104.0455297,30.68596676,85.96193792,,9.731540142,9.182877641,8.278838323,9.331714331,8.960562338,9.21706557,11.35284797,8.551535772,9.421329873,9.272298922,13.87726352,10.90938812,7.673187215,17.68359866,17.68359866,17.68359866,17.68359866,17.68359866,17.68359866,17.68359866,17.68359866,17.68359866,17.68359866,17.68359866,17.68359866,17.68359866,17.68359866,17.68359866,17.68359866,17.68359866,17.68359866,17.68359866,17.68359866,17.68359866,17.68359866,17.68359866,17.68359866,17.68359866,22.67128033,19.86921198,21.17796246,21.17796246,31.73979246,25.4048621,28.22118908,26.73907182,27.09481239,27.27625609,27.1852315,27.20793065
2445,782,104.1118637,30.70480004,810,104.1104646,30.70478208,134.0039807,,24.32341163,19.59706149,19.59706149,16.4086507,17.86168456,17.10436391,16.72267485,17.47548233,14.64218778,16.45236979,26.0764503,26.0764503,26.0764503,26.0764503,26.0764503,26.0764503,26.0764503,26.0764503,26.0764503,31.42764368,35.02100403,33.12716433,34.04776925,33.58115853,33.81285418,33.69660808,33.75463104,33.72559461,33.74010658,33.73284903,33.73647743,33.73466312,33.73557024,33.73511667,33.73534345,33.73523008,33.73528677,33.73525841,33.73527259,33.73526551,33.73526905,33.73526818,33.73526773,33.73526794,33.73526782,33.73526789,33.73526787,33.73526787,33.73526787,33.73526787
2446,782,104.1118637,30.70480004,1140,104.1132559,30.70333153,210.391956,,32.92495018,32.17580094,32.44888432,40.45278841,23.14472243,25.08622558,23.39854932,22.81358559,33.26842056,33.26842056,36.85698499,48.14053232,26.59137654,76.50616582,76.50616582,76.50616582,47.9374077,58.94249351,52.87337114,54.27038363,54.99694425,54.63124835,54.81348636,54.72221561,54.76781296,54.74500479,54.7564065,54.75070505,54.75355565,54.75213031,54.75284295,54.75248665,54.7526648,54.75257571,54.75262027,54.75259799,54.75260911,54.75260357,54.75260634,54.75260496,54.75260567,54.75260547,54.75260539,54.75260543,54.75260539,54.75260543,54.75260543,54.75260543,54.75260543,54.75260543
2447,783,103.9672382,30.67469912,303,103.9672858,30.67160707,342.7305492,,93.00225956,55.70338497,49.80141179,73.79365892,88.70093293,40.50021932,32.18337078,33.38708862,74.55166025,78.58789663,39.63026359,33.27523793,55.08169541,34.74746046,75.29912674,72.74940903,57.32470515,105.4555536,39.41030703,60.43953703,38.436776,42.65126383,49.5514047,46.21086057,51.60069607,34.23739097,42.94237904,38.28055,48.37089777,65.83937978,66.96499197,41.86191053,34.73480732,32.7520193,44.51103441,47.18279071,40.01919765,62.56744306,45.19523726,83.93401205,58.12184866,89.10411902,73.70549445,100.3113803,41.21106926,60.29712778,37.87659178,40.82150462,70.42408545,55.79785086
2448,783,103.9672382,30.67469912,541,103.9609762,30.67452502,600.2121493,,86.64716742,86.64716742,63.79423017,66.69023881,63.4896299,78.52563551,63.99102874,93.09624031,85.27086573,110.1306696,74.89649003,68.45080477,115.8808363,93.03611356,116.6404177,94.20223379,134.4176509,96.14076696,90.38961462,60.10469367,80.3257895,88.55589088,91.33846994,270.0954672,89.65514627,55.83368831,85.20361741,51.44675565,84.92897489,109.6643029,119.6436178,99.65832333,88.86807383,123.7459463,70.07882393,88.58232897,68.55939938,78.93856232,90.72998102,80.25721761,103.3446188,62.81289935,85.85816174,88.19443826,100.4422423,89.78242675,53.09001812,64.07008858,98.21653352,88.64671744
2449,783,103.9672382,30.67469912,613,103.9735737,30.67465759,606.9541362,,65.94672708,64.58231204,80.36170983,95.52065094,107.7699083,76.53362138,122.9850782,112.0373609,72.91551357,66.34721328,54.18561414,123.1811204,79.04518984,69.29286122,97.45918333,71.17377493,99.2972002,71.64048821,132.8288687,93.11228224,89.69940904,93.69215457,88.67236618,87.95846589,126.6686893,84.10449924,77.17075799,64.74177453,90.24408427,57.65263563,57.1002149,96.15115029,57.93653119,82.68816993,62.9693052,67.64813902,108.1566584,85.99678153,95.06351491,112.5581399,108.1700441,76.66789089,132.0262774,144.9442713,153.8756965,94.2502469,73.44655094,57.19986624,101.1151359,137.2196785
2450,784,104.0387221,30.67190071,239,104.0451214,30.66880677,702.4554958,,160.7313423,270.4641481,112.1792047,147.0798358,109.9386923,132.5156219,102.3821775,85.58947461,112.5178992,151.8171397,70.44121963,69.601095,152.799987,121.5788358,74.37764073,137.0114434,200.9008767,104.7138627,100.6932793,102.3821775,161.93211,108.5762593,104.9597639,85.43377652,77.98184358,133.5516506,136.2521436,99.56062145,121.0936848,119.4962686,114.168839,112.6431975,113.147194,68.10161001,165.9810454,184.5868456,123.3981678,107.1164046,92.54674419,87.70542608,106.5736213,98.55182326,91.02002826,81.494589,83.3378179,88.96533984,149.5674122,92.12531092,95.54810269,331.2890548
2451,784,104.0387221,30.67190071,1153,104.0400981,30.67403805,271.0911536,,43.37458458,42.61694991,44.15964493,43.61148647,34.20308948,42.73098213,41.88532845,52.98198442,50.93570736,32.42286222,32.42286222,30.44067851,32.42286222,41.65546994,48.4739692,41.65546994,69.95900738,42.45803026,42.89794079,42.89794079,42.89794079,43.96072761,42.89794079,43.42283217,33.5658866,55.29337977,44.61895773,48.01614529,41.67071533,52.3005441,48.64237347,79.66760432,45.46249159,59.29089629,38.12219348,51.77337681,77.36689777,62.0340256,49.91959862,90.19668696,50.65371035,50.65371035,63.64748825,50.50080998,50.50080998,50.23005719,39.35194165,39.35194165,39.35194165,55.45046324
2452,784,104.0387221,30.67190071,1613,104.0380171,30.67190239,67.54240776,,7.258288595,6.463961043,8.745450233,11.76861528,9.259039609,4.445204167,4.445204167,4.445204167,16.65429232,4.311217517,6.849370928,5.291679389,5.970599581,5.785044888,5.696526374,5.740444409,5.718401069,5.729401536,5.723896017,5.725271405,5.726647454,5.726647454,7.346002052,7.346002052,10.11029804,8.509279718,10.11029804,10.11029804,12.18810366,11.052394,11.59249907,11.31600549,11.45258371,11.38388497,11.41813101,11.40098227,11.40955019,11.40526462,11.40740701,11.40633572,11.40687133,11.40673743,11.40667047,11.40670395,11.40668721,11.40669558,11.40669349,11.40669244,11.40669244,9.461193305
2453,785,104.0679123,30.67806439,633,104.0719208,30.67587069,454.4944612,,192.4917718,136.3483384,130.8944048,66.72838745,81.56685143,189.3726922,56.65023085,94.0333368,102.7751294,84.77616893,74.77971025,63.4178318,77.29984536,96.75177755,143.9454598,111.0529453,77.29984536,55.37992346,62.48440042,68.74706136,64.22689147,88.72592854,72.454597,99.1624279,83.26616083,229.3710365,83.54555711,80.63783447,68.11335369,66.49207792,68.60293754,131.4200852,64.73511614,121.6490751,123.0210572,62.80921537,71.81477954,62.03526295,59.17468573,79.81366148,72.3973478,101.6260907,84.55710906,94.5768821,89.1651259,103.3921049,60.48724807,108.1176252,97.17257623,72.3973478
2454,785,104.0679123,30.67806439,1176,104.0690207,30.67976462,216.2887441,,27.05174796,24.47012818,25.83266172,24.71871361,55.81645009,40.76646486,21.2743027,30.15060905,29.51255131,29.51255131,29.51255131,29.51255131,30.98622144,28.00861434,27.90822505,27.95832958,26.7573704,35.09141366,18.85325614,26.21681747,23.7390085,55.41917998,40.13605561,18.42933678,35.03877655,20.56266229,32.44331162,32.44331162,32.44331162,47.478017,29.03204619,29.03204619,25.52916324,27.32068347,27.32068347,27.32068347,34.96883886,25.47904054,38.1998109,57.46416817,42.08862047,38.21543454,26.54452769,48.53496307,42.12657235,32.05376928,25.86842122,39.8559063,24.85019613,26.34989776
2455,785,104.0679123,30.67806439,1199,104.0667701,30.67849467,119.3578063,,20.65808186,22.03528732,18.65505511,21.76738109,21.76738109,21.76738109,21.76738109,21.76738109,21.76738109,21.76738109,21.76738109,21.76738109,21.76738109,21.76738109,21.76738109,21.76738109,21.76738109,26.20049407,23.77908703,24.34148719,24.63278267,24.48626863,24.63278267,25.21859623,25.83295207,39.06255479,31.09925954,34.62899418,31.82874835,31.82874835,31.82874835,31.82874835,31.82874835,31.82874835,31.82874835,31.82874835,31.82874835,31.82874835,31.82874835,31.82874835,31.82874835,20.36436506,17.25655031,18.68209142,17.94104813,18.30407253,18.21194607,18.16622973,18.18905918,18.18905918
2456,785,104.0679123,30.67806439,1643,104.0666797,30.67646893,212.6288749,,41.37642971,33.82020397,21.48670736,33.82020397,21.56236478,21.56236478,21.56236478,21.88603144,17.10533966,26.48664186,23.40868348,26.48664186,26.48664186,26.89377074,20.17032805,27.31361105,25.42013947,23.77217235,42.05845877,22.58005751,34.02061998,21.17465974,21.17465974,16.20029523,20.74428048,20.3310478,22.51364558,29.66914533,27.1762349,28.36802779,27.75934541,28.36802779,28.06038611,38.1777531,20.25036904,20.63245147,66.41769628,23.26638145,26.67121776,18.85379186,18.85379186,17.16286883,18.85379186,32.24363731,22.3493124,20.30408354,21.47163954,21.02922939,21.93306446,23.1432789
2457,786,104.0416221,30.61623459,608,104.0438418,30.62002411,470.8153398,,66.70565963,65.25255913,56.54810577,47.94724818,69.77913641,70.47547706,65.77164235,103.1781265,160.7420128,97.03827612,77.29346295,79.84217067,179.675112,106.1989488,167.8153686,137.037316,96.85344133,70.13525061,64.25076661,68.89980582,76.34843348,87.66906329,106.3321972,81.80189302,130.7453539,127.8757713,66.46804797,97.65058898,90.57770064,135.5948179,60.58749681,82.67976699,70.29530878,78.34831542,70.91779177,88.22681903,109.6335849,89.61137889,107.0895316,110.8605887,78.4692233,92.12299848,69.6382999,66.46804797,138.362059,150.5271069,85.77607405,54.87764367,82.51875478,72.35582597
2458,786,104.0416221,30.61623459,828,104.0420574,30.61308529,351.5216805,,49.24039104,49.24039104,49.24039104,49.24039104,34.48169073,52.87512744,41.74199174,46.65356866,45.32041064,44.6820011,44.99894168,44.83991133,44.83991133,39.56164282,39.63650662,29.53274329,39.71165428,33.87404996,36.56130155,35.85029445,35.50506124,35.85029445,43.30198812,54.66427861,60.98689397,60.07016058,60.5250562,60.29675044,60.4106876,60.35366526,60.35366526,60.35366526,51.77897094,51.77897094,47.80801095,44.40273859,28.69564739,44.82212692,45.2495131,54.08025854,45.2495131,33.74608133,27.39129978,30.23842413,28.74453265,30.23842413,53.17134663,34.575903,34.575903,36.33820674
2459,786,104.0416221,30.61623459,1073,104.0377205,30.61803113,423.6879244,,60.76798916,69.05609634,137.8261922,137.8261922,137.8261922,137.8261922,137.8261922,137.8261922,137.8261922,107.4642927,80.34819288,88.06446466,102.2303303,98.40493728,98.40493728,98.40493728,78.62250144,144.4781555,101.8305741,109.9439896,109.9439896,109.9439896,62.38349807,79.60065754,62.38349807,62.38349807,53.18258465,57.41677123,55.21862713,56.29625016,55.75223184,56.02292034,55.88724833,55.95500209,55.92110469,55.93804827,55.9295752,55.93381141,55.93169321,55.93275229,55.93222275,55.93235514,55.93242133,55.93238823,55.93240478,55.93239651,55.93239856,55.93239961,55.9323991,55.93239922
2460,787,104.0751744,30.60399139,771,104.0773184,30.60357397,210.6821379,,17.91451305,17.45582731,17.86528287,40.23637647,15.9339432,40.99760521,20.28343792,20.57759068,13.74636514,30.58289099,18.61114107,20.47113891,17.35993812,69.26536041,16.50610874,31.29803425,21.48599707,20.17169405,23.40912643,25.32406332,27.68086483,26.67487796,19.4545102,15.59783147,18.10189523,16.34602794,22.87911605,20.53922729,20.95181482,17.91980381,19.8338455,70.88370995,16.96941454,33.41214522,21.1416222,17.83657349,17.3410848,20.37353291,31.93497669,55.46293941,17.1929724,13.05431491,18.3312555,17.7512931,18.72730115,18.26870405,25.23979023,15.93676949,17.05928242,16.76145186
2461,787,104.0751744,30.60399139,801,104.0753692,30.60061324,374.8628116,,29.08418366,22.38915175,25.44437656,21.13556964,20.46256439,23.63408269,25.41442791,23.63408269,23.10798154,25.64382179,27.95938097,24.22811709,25.41442791,25.62353396,25.51855257,25.57093551,25.51855257,24.27533122,22.41704521,22.2049547,20.9713461,21.9968398,24.75249673,21.70060095,21.41223517,18.9404368,20.79362283,21.83666864,31.31104691,22.98988282,22.03635078,22.98988282,24.26078421,27.63493765,25.68042097,18.66536821,27.31793769,25.64625849,45.74597023,24.73888399,24.49194413,24.24988539,26.12790168,59.84506083,21.71369464,21.28558552,23.46967168,25.21263189,30.39428202,21.74868851
2462,787,104.0751744,30.60399139,1025,104.0736856,30.60409951,143.2339061,,16.47418728,16.66048665,16.85104778,18.35025132,20.14226805,36.91947937,19.56895871,25.7821031,23.762307,16.52698917,21.47017607,21.35163818,23.29708112,25.46380553,22.64070525,20.36098961,20.38110917,18.18843252,23.27955133,19.43374606,24.03925697,23.01973491,22.08317182,28.72657727,18.30140415,19.37290151,19.37290151,19.37290151,34.64560327,33.05044729,31.59571458,35.70928407,18.39389044,33.81259423,25.09207114,25.09207114,24.06730744,21.00374998,23.12296242,25.70178502,34.95878386,36.74408993,17.27444094,26.35308664,25.02682915,25.97693007,26.64816858,24.87590926,25.65383393,18.58169593
2463,787,104.0751744,30.60399139,1120,104.0749288,30.6065838,288.2770462,,23.99531483,21.22285003,27.60099379,28.78772167,24.82768819,24.82768819,24.82768819,20.91490057,25.09788068,37.90348307,26.92081365,38.48445116,35.08047436,20.34896797,22.01388353,27.36807401,28.78772167,28.12458987,28.12458987,26.49977316,19.09470775,25.05244095,25.05244095,31.68009806,45.86949685,43.07588047,34.02614316,37.9450591,34.60478047,32.60950091,35.20343848,41.53266098,28.45879432,28.45879432,25.51960737,28.45879432,26.90917976,35.90994347,20.40899442,35.55840217,52.25565792,19.87165852,25.40618689,25.40618689,25.40618689,34.02614316,22.27032975,29.9768159,86.48311386,61.95805172
2464,788,104.063652,30.68685923,287,104.0671143,30.68639269,335.6457943,,55.94096572,62.09806559,49.93077932,54.67533301,65.12417836,63.83402294,36.83917255,104.4661261,119.9329885,63.59604524,74.35845289,57.16498448,37.66598689,39.87870823,49.42023965,30.53896022,38.35951935,48.42985409,43.70071825,43.12077116,32.35140186,41.55889457,41.38098834,43.27036202,41.36328145,44.58306338,39.35911594,43.66124153,42.92450655,43.2897397,46.65346948,43.19784996,45.76446385,43.85934154,45.4257466,33.24139916,48.34791424,49.05304582,48.69792765,32.92438309,48.69815524,36.95181965,45.7988112,57.90694214,42.01955785,42.0195552,32.9693004,42.33546964,41.66637446,45.79879439
2465,788,104.063652,30.68685923,1480,104.0631296,30.68605134,102.5726045,,22.65407216,22.65407216,22.65407216,22.65407216,22.65407216,22.65407216,18.01275006,20.06855305,20.06855305,20.06855305,22.11145965,21.04053426,21.5627081,21.04053426,19.8794819,19.8794819,19.8794819,13.35484182,15.97669556,15.97669556,29.63574448,20.76105847,24.41700219,22.44110538,23.38739431,22.90448012,23.14341836,23.02332933,23.08321765,23.02332933,21.98732068,15.71325005,21.04053426,19.85276216,19.85276216,19.85276216,19.85276216,19.85276216,19.85276216,19.85276216,19.85276216,19.85276216,23.99532408,21.7283582,22.8056434,22.25397094,22.38937164,22.45769174,22.42347965,22.43202289
2466,788,104.063652,30.68685923,1552,104.0638103,30.68828603,158.8588976,,19.38617055,24.37732444,39.86041305,30.93398412,46.4449403,56.17799915,43.99169472,49.34357475,34.8108193,63.95810229,46.03782006,46.03782006,43.21602253,65.73471625,44.27990712,40.53097317,46.31838094,48.55359878,65.73471625,32.86735812,51.0162383,43.41651863,42.60785003,44.25647707,21.3973209,33.36892463,17.7842924,29.55514374,30.87136472,43.46627816,16.2009074,25.24511568,44.53987783,17.78824359,29.79466445,36.19569819,27.28167114,48.13905988,37.01566546,11.36962289,40.40053595,33.75986017,25.91264302,23.35312288,25.04453827,31.13315078,25.93614655,27.10388774,27.83682144,27.83682144
2467,789,104.102964,30.70175908,1034,104.1059183,30.7017592,282.9339802,,46.17236304,46.17236304,46.17236304,46.17236304,46.17236304,36.04618959,40.48569815,33.41739924,42.47549327,42.08935243,37.17380762,42.13287813,42.17649394,50.35056584,58.39423671,56.82356088,56.82356088,56.82356088,56.82356088,53.85656728,51.18403662,41.15403348,47.88405844,55.50748385,96.77551817,48.50296803,55.05742317,72.44397786,64.06052382,67.994815,67.994815,67.994815,72.75445205,43.03784487,38.67958211,48.74475751,81.81223524,56.19654227,69.84427399,66.42797797,73.63101173,73.63101173,88.18721461,59.9154311,118.4374801,79.57518193,63.06887484,51.39063213,52.23396558,51.80886718
2468,789,104.102964,30.70175908,1090,104.1024344,30.70177664,50.76339322,,6.399742957,8.223751939,8.227783594,8.357387907,8.299192352,8.269150027,6.959457482,7.543785989,8.041725659,8.677760645,6.568613654,6.753501068,6.931579889,7.614508983,5.977861762,4.126935684,5.877723363,7.128792488,5.787750296,6.151297555,5.234786894,5.415526038,5.168766925,6.466238463,6.087727751,5.96188107,20.68847724,20.68847724,20.68847724,20.68847724,20.68847724,20.68847724,20.68847724,20.68847724,20.68847724,20.68847724,20.68847724,20.68847724,20.68847724,20.68847724,20.68847724,20.68847724,20.68847724,20.68847724,20.68847724,20.68847724,20.68847724,20.68847724,20.68847724,20.68847724
2469,789,104.102964,30.70175908,1418,104.1031337,30.70349434,193.0036362,,50.71628396,43.49377717,64.63377584,31.77498888,28.6520862,33.83829986,36.18818179,84.99242695,31.01844153,34.37541572,21.98775602,38.54718948,23.08349137,34.33295073,39.21067101,43.53465478,59.13302896,48.93049932,35.26970002,37.55746434,57.18626258,40.16260638,60.68236597,41.06460345,59.8976802,48.72462064,53.73651124,48.72462064,39.41083893,31.72662513,33.08633763,52.12401278,47.91814416,47.91814416,45.92962036,43.29053522,44.09956143,65.08787731,34.70594857,36.6333791,55.06443799,51.08919782,51.08919782,51.08919782,51.46763632,51.27771884,51.46763632,43.0034627,56.03331374,28.47594632
2470,790,103.9918974,30.67315839,142,103.9917117,30.6703629,310.3407247,,38.08727076,31.50075025,51.01491365,49.10886193,27.86101269,50.55324022,38.39266697,70.26582446,37.44893662,53.32823909,43.5323477,49.82058457,42.4800992,60.55428775,51.33723648,40.62642214,49.8854672,67.46537493,99.85143475,52.82811612,41.76548071,30.44214193,56.3307534,64.39346449,62.76553983,55.58341338,30.27714387,56.35443172,46.07120037,57.30870077,39.09120395,81.84810322,42.10653049,49.07291107,55.65407697,80.75113081,41.37876329,64.2084258,58.53732231,76.96164928,63.79595197,74.98165161,82.45214826,59.62516926,55.58341338,62.73616897,41.49402447,42.19930534,31.47117208,33.48331495
2471,790,103.9918974,30.67315839,667,103.9884216,30.67348142,334.8991809,,41.93520178,41.93520178,36.84683001,125.5871928,83.49287058,22.70502921,50.76366532,43.31630125,44.65322412,43.86413387,44.28418921,56.4965816,44.16252935,65.52375278,45.25027638,74.8842889,44.46452437,53.74310779,52.64790617,48.27375581,56.39101909,30.67778756,57.61025213,56.39101909,60.18272346,51.19477925,54.57429126,66.17107855,68.16322551,51.1188065,35.30415963,79.70669441,60.14936261,57.57938296,42.37740075,73.73926919,68.26116325,118.9773406,46.86635768,60.55941656,47.74800203,63.46217008,59.98194285,62.42046172,59.98194285,62.61016728,67.22883187,65.68805213,48.26612721,46.73011827
2472,790,103.9918974,30.67315839,727,103.9919226,30.67483657,186.011315,,32.01834111,25.23771611,24.89370758,24.8475226,23.95281032,39.16027684,23.75314457,20.17749858,21.49483039,24.03530387,23.46529072,37.54994771,23.48586529,25.32201679,22.04276178,29.96155409,27.97454763,30.15267846,30.82350904,27.91987425,28.18427396,42.11576943,28.97085994,31.38940941,31.38940941,26.26042094,30.31191553,28.76104101,33.65028814,24.38012381,28.86382474,29.43112539,19.84120693,23.87310995,48.70114429,29.30594022,29.55102915,35.71417248,26.23470065,32.2977846,33.26051646,46.21109206,49.60301733,29.91341402,30.11877365,36.24169042,38.03426249,29.47110711,68.33068714,37.12491942
2473,790,103.9918974,30.67315839,874,103.9960912,30.67274279,404.4053001,,57.88704097,67.24522311,40.95243545,34.04191146,58.27674631,47.24258778,72.49090858,44.38594757,47.4994806,56.31950021,39.88655015,49.12910283,49.12910283,51.17255116,49.12910283,50.13001137,43.58859522,54.49739874,55.70889339,56.92508623,56.92508623,58.03125383,57.47284798,59.72755201,46.58749057,63.27321171,46.58749057,43.81518436,46.58749057,60.40909047,56.12950671,58.82258911,53.67222416,120.3189323,60.91460587,60.91460587,60.91460587,80.3848572,51.99496716,58.02161728,58.02161728,56.74573348,55.52475516,40.59086655,41.7151599,43.21659608,83.19194745,74.7233061,68.89602273,64.88508436
2474,791,104.0228234,30.66812114,1064,104.0190987,30.66725688,369.4815806,,56.66171204,43.85182934,50.75554655,41.93910582,35.7647651,35.2722123,70.94046348,70.94046348,70.94046348,70.94046348,70.94046348,70.94046348,70.94046348,70.94046348,70.94046348,70.94046348,70.94046348,70.94046348,70.94046348,70.94046348,70.94046348,70.94046348,70.94046348,70.94046348,70.94046348,70.94046348,70.94046348,70.94046348,102.3179762,83.78794899,92.13047205,87.76139811,89.89287874,88.81435177,89.35036071,89.08154992,89.21575283,89.14860087,89.18216424,89.1653794,89.17377103,91.52443373,94.00238093,125.4843104,160.2570711,131.696405,131.696405,131.696405,131.696405,131.696405
2475,791,104.0228234,30.66812114,1403,104.0266969,30.66826907,371.4615824,,141.5091742,107.8195321,96.35028734,87.08650699,55.28159143,74.70735735,74.70735735,74.70735735,67.8813044,85.04048945,66.86308483,68.75381474,68.75381474,108.7204631,97.8484168,93.84292608,97.25539612,89.32091486,89.54877435,102.4721607,79.96913802,111.9047445,155.4955461,123.249926,87.68929158,89.54877435,95.18541035,182.3538677,101.5793067,96.32817307,91.09412102,91.59326689,77.17091406,83.76583337,75.38115539,129.8312327,99.05642197,99.05642197,99.05642197,75.55150828,81.04616343,79.59891051,78.89449538,79.24513758,79.24513758,99.42466146,146.9518348,98.72125724,53.31275868,72.96049786
2476,791,104.0228234,30.66812114,1773,104.0227021,30.67217959,449.9545,,45.62918873,61.08848497,51.45967455,141.4704105,141.4704105,141.4704105,141.4704105,141.4704105,141.4704105,141.4704105,141.4704105,141.4704105,141.4704105,141.4704105,141.4704105,141.4704105,141.4704105,141.4704105,141.4704105,141.4704105,141.4704105,141.4704105,141.4704105,141.4704105,141.4704105,141.4704105,141.4704105,141.4704105,141.4704105,141.4704105,141.4704105,141.4704105,141.4704105,141.4704105,141.4704105,141.4704105,76.04864789,98.92129466,98.92129466,98.92129466,114.882,110.4276915,108.3276038,109.367567,109.367567,109.367567,134.98635,134.98635,148.2687597,144.7089849
2477,792,104.1214109,30.65013097,10,104.1181679,30.65058201,314.7466556,,84.244458,73.33902655,84.244458,69.30201591,69.75233683,48.24216967,40.12351134,57.41118176,43.91813799,47.81538293,51.03999821,54.49409634,42.75803623,67.44571191,68.44729685,87.6663799,64.3190895,78.38855929,66.92405334,63.91310008,67.03954124,77.08657623,63.91310008,74.8751263,80.20847654,73.63924115,63.91310008,61.30322599,59.0095097,64.61820743,66.79255346,63.91310008,63.91310008,67.84957845,60.43135788,63.754698,63.59707914,50.13663541,77.53290052,52.78945573,61.66465089,40.3952927,58.6332709,63.91310008,63.88049924,61.1800856,58.21369338,36.61027335,52.70176559,55.71422054
2478,792,104.1214109,30.65013097,1130,104.1152974,30.64211152,1064.48712,,195.6428147,399.18267,129.5740873,133.4470214,102.100008,115.6876568,102.100008,102.3158162,102.5325386,146.2654058,146.2654058,146.2654058,151.2692223,110.3174849,115.4263142,98.0090443,115.4263142,115.4263142,150.5757812,139.9234553,139.9234553,139.9234553,202.7594514,147.8525636,95.09066084,156.7342999,184.2381554,156.7342999,138.3448965,138.3448965,112.7933372,124.2692706,118.2535354,121.1867934,119.7021975,120.4399207,120.0699259,120.2546387,120.1622113,120.2084072,120.1853048,120.1910796,120.1939672,120.1925234,120.1932453,120.1925234,111.2381316,120.1925234,120.1925234,137.8691898
2479,792,104.1214109,30.65013097,1850,104.1229471,30.65199995,254.1127514,,69.19863124,69.19863124,40.83954933,112.9390006,59.98727246,59.98727246,59.98727246,42.5161536,42.5161536,45.85493258,37.8018969,62.31647854,41.58208659,45.02736201,46.97334557,45.02736201,44.82511581,44.62467829,43.91068345,43.91068345,44.26480185,60.18459902,44.62467829,43.98105313,50.99963234,47.23102446,49.04303729,48.11997857,48.11997857,45.44384517,43.04968965,36.01598051,40.14067157,53.85170891,40.30869817,40.47813739,31.03140791,40.27764029,40.07911961,40.90041304,40.07911961,27.58208759,41.77195913,36.88733488,57.89910791,29.94454681,37.64633354,52.05154509,43.69222233,40.98822313
2480,793,104.0613987,30.59376339,13,104.0612402,30.59666547,321.9945508,,23.33137302,36.59869177,32.97810478,25.26823723,31.0633421,33.33715152,30.01761889,23.83918525,23.8858517,26.86743097,45.85365439,30.45665746,34.04347674,39.14260821,23.7051203,42.41227104,32.86900896,44.07529973,37.29188539,43.35553019,32.25321043,30.31527644,34.53367575,32.36427313,28.53367096,42.49978186,36.46495437,58.17718358,51.09334634,42.49974174,28.90724147,42.49973973,28.87124241,34.23739527,33.91399599,49.51998788,39.02964252,28.14786802,49.51998788,34.33591182,32.25919433,40.84497473,31.69324355,29.96846905,48.44598864,39.16149942,52.6003577,27.89844483,30.88402441,39.36096377
2481,793,104.0613987,30.59376339,243,104.0577985,30.59397529,345.9701209,,75.14283169,36.86252121,37.97233034,42.72701322,37.48660452,41.08841023,35.88669001,38.64988162,40.20960243,41.40905769,38.04966707,38.13510212,31.81334445,31.81334445,37.67369738,32.08481559,36.01771068,36.01771068,37.79946693,36.01771068,35.93112132,34.95275958,31.21534925,37.78035698,35.45044882,39.46635655,34.74176946,39.55976027,34.74176946,35.65516201,35.61380585,38.53329524,42.65385052,38.59000574,39.38938758,33.04555611,38.59000574,34.6611995,43.0221912,64.20064099,40.91126866,50.4211497,49.52256204,49.52256204,43.43643065,39.56456275,38.76588282,35.51784511,38.76013803,41.11666911
2482,793,104.0613987,30.59376339,1101,104.0614931,30.59120869,283.2796836,,29.96494205,29.96494205,29.96494205,29.96494205,34.45293449,34.45293449,35.74089466,35.08509842,35.08509842,28.84069177,28.84069177,25.67489579,26.05869071,26.45413388,38.12362097,31.23451335,38.12362097,38.12362097,54.68133303,26.21611468,26.21611468,24.10890924,25.11839559,25.11839559,31.81924683,43.39603664,119.9772778,32.66517812,51.34979159,48.48527073,48.48527073,48.48527073,48.48527073,51.31103703,30.78662222,24.656839,27.38287873,24.656839,25.94845866,21.20180584,42.49195254,82.91112691,56.18770584,66.98238824,61.11202163,61.11202163,44.05213222,44.05213222,44.05213222,58.10865305
2483,794,104.1083697,30.61960094,335,104.110436,30.61840969,238.0243358,,18.32914671,20.40208593,31.58062441,20.25739028,22.15611141,24.50000311,24.83178536,30.03988112,19.02561174,21.3687683,29.3311162,19.78955217,20.40208593,22.96054686,27.8597922,20.45077825,26.12462222,18.59565123,20.49970356,29.78258819,35.70365037,45.05982167,31.477504,28.00286304,23.50857638,25.22483394,32.27448621,22.34387507,38.2783233,35.1970265,27.1453308,36.18103909,24.10857421,27.9116485,28.778761,21.88729525,24.65863623,30.38608542,34.34419274,19.38659749,23.1747832,23.15912456,26.7220668,33.43951644,30.7758505,30.86247744,20.38994905,30.72382965,22.14179868,23.89581729
2484,794,104.1083697,30.61960094,348,104.1094514,30.61987173,107.9411169,,16.89513134,16.45687754,29.43848643,16.06288753,19.89358469,19.09523444,10.65273283,13.46746007,9.307497505,10.99481061,20.34492256,35.32618371,23.91310897,19.72528025,13.68267679,10.86199918,12.0218314,10.86199918,13.7206363,16.54484354,13.07496705,11.07260895,14.07927612,12.98546108,25.15132821,13.52208759,13.52208759,13.37733341,12.73821168,13.22584836,13.04995198,13.04995198,21.78998248,33.64398449,20.94814129,32.24796853,14.52665498,15.53109596,24.67225529,18.11599165,11.97344011,12.64596208,13.11078699,13.14121154,24.06117776,25.07019489,13.24301921,14.13047349,21.89228286,31.17016209
2485,794,104.1083697,30.61960094,857,104.1060279,30.62213772,359.759669,,31.45712581,37.93281866,29.94531349,23.18952208,28.05346155,26.2679457,29.74586147,24.69611457,30.80353927,40.38881938,31.93920613,26.32387822,28.03322096,28.78077352,33.03915328,31.25513866,34.69111094,29.65391662,31.20493464,27.70934549,34.35370845,33.47837392,33.47837392,32.58786362,31.74350021,31.36763529,36.19379996,42.09538922,44.8661019,28.04536181,29.75041673,30.40222555,35.62956832,26.75898364,34.10942345,38.86376019,31.17051284,30.09608385,40.03507909,29.65391662,39.21086311,38.66074055,32.72313178,27.32351916,29.37419153,27.61481468,27.61481468,27.26599597,28.69574908,28.69574908
2486,795,104.0589561,30.68618826,1047,104.0585759,30.68835846,243.267147,,21.23702284,22.17226249,22.75690938,22.17226249,23.75752402,22.88521637,22.3325522,21.02809461,29.69243008,19.57556254,23.87084781,22.84906265,23.88712524,26.43808994,32.23267314,42.59023607,25.75769792,22.64413004,23.99347203,24.17561709,22.44679557,27.07145994,30.54094958,30.54094958,61.02869193,23.07672541,23.06153336,25.31103264,23.06153336,29.68683828,25.95810979,26.949106,28.78723712,29.30500401,27.65927293,24.42850012,26.94996987,27.25399572,27.95355965,24.33572793,23.60543744,28.29685972,27.79093151,29.7763207,30.57562211,23.33290575,29.11925949,30.32126907,24.17561709,26.54110663
2487,795,104.0589561,30.68618826,1456,104.0617409,30.68499207,297.880416,,29.78114782,49.15368208,46.9308314,46.9308314,46.9308314,46.9308314,46.9308314,46.9308314,46.9308314,36.91461265,41.32445077,38.99525446,41.32445077,61.10367508,49.30434472,61.10367508,61.10367508,72.21343418,61.10367508,43.15370212,43.15370212,43.15370212,43.15370212,43.15370212,43.15370212,43.15370212,43.15370212,43.15370212,78.27514581,55.63525279,65.04136452,55.63525279,50.16346615,45.67161404,34.64844903,39.40361924,36.87336019,36.87336019,36.87336019,36.50619566,36.87336019,38.43618271,38.43618271,41.97140891,38.43618271,34.70451449,36.47515298,40.54327023,45.63274458,51.74279844
2488,796,104.086401,30.68210717,399,104.0835475,30.68354394,316.333154,,30.48994255,29.57920401,35.25694596,37.3902227,36.27638228,30.22023939,33.52696823,29.90282769,46.29265668,46.53340602,29.48075252,24.76996964,37.85902109,35.52692258,43.33697331,48.53243677,30.94563463,40.38295583,40.40086401,25.85829597,28.97708281,36.20983639,32.32929324,36.65101371,27.7868895,29.03248832,39.22385837,34.67544342,35.10478898,36.11959891,31.52385756,33.27876547,37.63381872,32.55901282,28.67308488,26.66196908,33.54013414,50.52908949,27.1843888,31.0864246,33.38771623,38.07844475,29.54083928,29.56384617,33.00867694,30.04747637,29.82711772,26.05202984,79.63631849,34.28397454
2489,796,104.086401,30.68210717,718,104.0839234,30.67841788,472.7748279,,119.5497106,76.95505864,66.10951177,89.81474303,67.25015663,60.51517797,81.01625002,70.12316459,63.94085787,77.30114738,76.35663438,64.27452343,85.1349419,76.06656449,73.0283177,91.5048054,75.48609307,78.26095245,80.52422874,73.13394331,77.4022457,80.28251795,60.67062165,57.52393343,84.80265971,70.46716869,65.98456527,68.07957522,54.06573635,89.6873204,82.89837427,70.26701804,83.97973915,75.89696234,77.86455421,101.8647011,112.4353018,59.99962563,96.26636767,83.09142624,89.20279772,69.62196961,71.1385321,67.68474753,94.55496558,89.83629165,102.3240109,67.94368784,66.31558077,66.27899582
2490,796,104.086401,30.68210717,852,104.0882401,30.6850032,366.1329294,,69.7396056,61.46480267,64.29651443,62.36964729,45.50328696,59.07722566,50.94726572,56.08844876,55.85078584,62.2574212,101.0021874,73.14531331,86.4164678,59.49201058,62.31409365,90.6179,73.35527936,57.70921829,87.28996992,93.94200163,68.69135406,64.64897658,71.6878319,93.74669601,89.05936121,67.99226101,51.68935474,64.7881317,75.52712473,94.35358403,47.86485868,74.24564372,72.02615005,66.56962353,76.85589189,60.32396091,89.54337947,97.63544784,90.36007916,91.48785145,88.21496122,74.1250716,63.98439543,72.37520252,76.97344124,70.70604626,68.47161277,71.17753561,72.08675263,89.78736688
2491,796,104.086401,30.68210717,1264,104.0890923,30.68076523,297.6242794,,31.94263987,37.54759369,40.57415115,37.54759369,38.09590776,30.83301887,40.43197758,35.07530503,49.31053149,37.77818355,32.74372378,32.98283533,33.78991245,43.80918131,42.96789404,36.62586452,42.30192803,47.87254536,35.02225123,24.03021936,30.07084688,44.88409241,41.45481034,44.94012187,37.51088945,34.93159889,42.96100264,37.88264252,42.57623804,37.81857157,47.8033724,35.81040795,38.16975251,35.78307176,39.6391937,33.9468485,21.2799882,33.33688257,39.69058736,36.46150627,39.95453346,39.88779002,45.52086695,40.06242897,32.42599153,42.12768307,35.59625933,34.98603774,38.86078674,31.56314587
2492,797,103.998596,30.67045434,342,103.9957969,30.67074439,270.0882232,,22.95909335,22.95909335,25.09530529,27.66982366,27.69478102,27.82688109,35.10171854,64.39189427,49.77735172,30.40868189,32.40518592,50.1194641,58.36240117,42.459284,42.36678011,36.17925967,62.93317822,56.4207507,41.91024153,34.43355834,37.30715025,37.63810079,40.67565362,58.57334961,63.13750672,86.81407174,55.53720426,35.81610106,52.84334802,64.82117357,36.99955998,37.34894764,47.12363184,53.65004251,40.37304929,42.60813337,115.7520957,38.67611788,42.44538267,47.98014328,45.04337731,51.30963607,56.694904,68.95869529,51.92617375,39.50503214,51.75343199,45.01470387,40.78941179,40.78941179
2493,797,103.998596,30.67045434,1219,103.9988935,30.6724723,225.4638964,,46.3811444,46.3811444,46.3811444,46.3811444,46.3811444,46.3811444,46.3811444,46.3811444,46.3811444,46.3811444,46.3811444,46.3811444,46.3811444,46.3811444,46.3811444,46.3811444,46.3811444,46.3811444,29.19676356,32.17720623,33.90788625,33.01988414,33.45799416,33.23749551,33.34738034,33.29234725,33.31984107,33.30608849,33.31296337,33.30952558,33.31296337,33.31296337,50.57134125,33.31296337,32.46680108,32.88443989,32.67428599,32.7790261,32.72657224,32.75277818,32.73966997,32.74294604,32.74622275,32.74622275,55.97724324,41.32037125,42.05544182,42.05544182,42.05544182,42.05544182
2494,797,103.998596,30.67045434,1721,104.001228,30.67021384,253.5573664,,52.7633826,59.27315059,59.27315059,67.61529771,63.17000132,65.31710333,64.2256126,64.76675967,64.63061978,64.49505103,46.62751793,27.82946704,36.51226076,40.15277944,42.25956107,42.25956107,42.25956107,55.32160721,50.43129939,52.16037252,49.97115979,49.97115979,49.97115979,49.97115979,49.97115979,49.97115979,49.97115979,81.98860952,62.09568157,70.66889178,66.10548118,68.31105849,67.19017467,67.74598056,67.46693292,67.60616877,67.53647908,67.57130598,67.55388802,67.56259588,67.55824167,67.55933016,67.55987444,67.55960232,67.55960232,58.21260526,40.03537364,51.13762011,51.13762011,59.91509807
2495,798,104.0191596,30.62797015,41,104.0136726,30.6339832,848.9314547,,83.33069494,85.60653325,83.26447688,94.15015426,116.4125664,91.68787167,86.8842427,91.30145705,87.58846767,113.5237234,96.40861946,85.60122564,120.8861602,83.17698831,84.01668022,83.5947257,86.69938261,391.8145176,109.5395425,89.74746191,99.76561166,93.77271451,121.2759221,96.79028462,93.20077398,85.0112166,113.9899968,108.0549171,70.58090616,95.57946011,95.43023378,95.50478865,98.26859283,95.48613902,96.86698057,101.9354842,191.0095773,106.1164318,101.1552582,110.931152,96.6372565,109.0185459,174.6373278,104.6627821,116.7584809,132.0152586,101.1134239,84.14808431,92.56687514,78.61487426
2496,798,104.0191596,30.62797015,455,104.0112729,30.62008866,1155.187674,,116.7347544,92.40256912,97.33588359,187.6094267,172.8779706,115.7944685,169.7418623,113.0952968,124.7602688,346.5563022,327.2274272,140.9720551,280.6755203,184.8300278,116.9810303,232.2471554,145.918443,226.0149797,216.4366497,215.4754211,201.8774576,192.7130214,128.6519915,184.3445114,210.0341225,167.4197516,158.8088961,231.037388,135.6827411,159.2752059,151.0676149,228.1226345,191.6440381,126.2117034,172.9179055,173.2781511,132.2504536,125.261314,97.66734679,158.1245485,156.5177127,152.518666,140.7335237,146.1748902,112.3207462,148.7898256,94.11429989,98.39137917,146.4322404,101.4929988
2497,798,104.0191596,30.62797015,966,104.0225494,30.63101898,468.7622333,,38.79411586,49.78006017,31.78049039,75.11323619,131.2242644,65.59634397,58.21985351,47.70442516,44.52622797,47.20402909,50.224525,35.20606481,36.88620852,48.84353227,48.84353227,52.0303762,55.66210453,65.84619999,46.87622333,64.16517262,76.70654727,46.38426896,134.2873241,43.13211604,40.87712652,68.04613064,55.05853311,118.8411296,101.0505413,60.8593935,68.59935121,64.49799771,55.22584515,74.03217908,171.9060142,70.24116711,85.58972306,94.93918649,61.48719588,103.3190229,52.35941793,53.15099338,51.70473422,49.67539226,46.10776065,73.71664153,54.89733376,88.8765788,57.88270796,57.32461568
2498,798,104.0191596,30.62797015,1233,104.0232414,30.62280846,693.0624025,,93.70984597,56.74809664,90.23597284,90.23597284,90.23597284,90.23597284,90.99998721,111.1369554,53.88822136,80.0542668,80.0542668,80.0542668,94.92801456,82.37123305,61.78862429,84.86478398,92.57976434,108.0097251,118.8814603,108.0097251,75.60680755,88.94918535,81.73708924,85.19076907,81.73708924,83.42820143,71.57270938,108.9530414,96.70638174,65.61537538,70.08496205,70.08496205,70.08496205,84.55663298,138.6124805,106.5599301,101.6303319,101.6303319,101.6303319,98.16985603,99.87012681,98.16985603,94.28529614,95.83961521,95.83961521,95.83961521,51.40847491,72.21489577,66.89714658,62.30885674
2499,799,104.1344607,30.62917938,696,104.1337947,30.6277929,166.3895178,,23.91226603,30.639502,30.639502,32.73236416,17.33725801,26.66182184,28.96708583,27.38296064,20.46122166,19.63941849,24.27181794,21.5017265,19.48767024,23.20121741,24.65029893,25.31134739,15.27275603,25.38145187,24.54927312,27.26259951,28.66039541,24.30029469,20.30516149,23.84088613,30.53018675,23.91226603,31.19803459,29.43500069,18.63148566,23.46727773,21.14747623,21.85200904,27.50871477,24.95842767,17.23747523,20.57977126,19.59925608,13.61368782,20.61540255,21.7093305,19.44812546,12.32941069,28.45616456,26.62232285,40.40487447,27.47716808,26.8912352,28.02349773,22.30920909,12.93043204
2500,799,104.1344607,30.62917938,1500,104.1354307,30.63132727,255.5581052,,42.91087587,36.72691332,38.20636124,38.93394747,41.10520295,39.68978338,33.82386686,34.65194647,36.8249171,48.53100415,31.87098771,30.71816957,31.87098771,38.4941079,43.09176481,34.78295572,46.33639782,65.95047876,50.10943239,42.99108312,39.5532751,41.20059018,24.96632778,46.93924381,38.98343978,33.69996992,37.36077883,39.57028726,44.12514047,32.88683391,36.54455526,40.30266909,44.92232318,53.64485007,46.05803148,72.34672439,52.57195307,52.57195307,52.57195307,74.59533884,30.8382965,41.57510846,42.29927258,48.90414239,39.95696759,33.39416257,37.1908713,52.12516593,41.96165011,34.65194647
2501,800,104.0518713,30.61623795,295,104.051808,30.61828359,226.8000041,,43.64258432,55.6690919,35.88923142,47.0532032,43.89677499,48.8179381,42.52500077,54.11134118,33.33057357,54.38934266,41.37567643,33.17798361,48.16991238,43.25721933,39.40268944,32.70280433,39.8282934,38.22024645,31.22294512,44.37391385,47.74736928,47.4697683,49.0182118,44.45444726,49.86645042,46.0421061,77.02641649,46.12881439,37.19726719,55.16756856,40.14159365,34.52833442,45.9803709,43.63286652,63.78750115,41.38203116,38.42258893,52.00509648,41.84600904,33.42804564,53.89307028,46.39090993,30.24000055,43.72048272,38.6957353,47.87569106,72.90000132,60.65973364,40.52009999,28.58156411
2502,800,104.0518713,30.61623795,891,104.0504396,30.61321848,361.6936824,,46.58666392,53.58424924,66.4335335,66.4335335,66.4335335,66.4335335,66.4335335,66.4335335,66.4335335,66.4335335,66.4335335,66.4335335,66.4335335,79.72024022,82.15124648,80.91748874,81.52970041,80.91748874,80.91748874,54.26347311,46.59013665,50.13489618,48.2975626,49.19908161,48.74415407,48.97056133,48.85709541,48.91376257,48.88541256,48.89958346,48.89249698,48.89958346,48.89958346,64.142722,55.49342567,55.49342567,55.49342567,33.64592394,55.49342567,60.33256969,66.09630744,157.8299705,127.0338787,140.767271,133.5484366,137.0628691,136.1670334,135.2828319,135.2828319,105.3263706
2503,800,104.0518713,30.61623795,1143,104.0536122,30.61502957,213.9732306,,29.7578665,22.92570328,23.069262,24.10965979,23.95967745,18.1461397,28.13038212,23.45804736,24.12853971,20.65157185,20.29785587,22.32764145,23.15541974,24.3228175,22.92570328,20.7349564,20.78157275,18.47250912,20.8283992,29.90309123,20.89431185,25.72824416,27.31573157,29.40090191,23.35668982,26.79316974,27.26738514,26.53931542,29.0133194,32.09598459,24.2297341,32.02925697,26.31642296,28.79639739,22.72282095,26.80249235,22.64488868,21.48685161,23.16702647,20.09924671,24.29979906,20.58259533,21.07533872,21.85775257,21.45941628,40.75680583,57.48534553,23.8484096,20.87543713,25.17332125
2504,801,104.0753692,30.60061324,418,104.0785558,30.60016577,309.5056067,,24.01336604,15.83655167,21.00815808,17.02529122,17.89672361,17.05330299,21.45481741,19.66463704,21.97131248,27.2758919,30.29144135,20.00395304,27.02777887,21.15607944,18.97298531,19.44537843,21.06940153,20.0429354,18.65115809,18.33352833,17.31499898,20.08327657,29.24462426,26.79057908,20.4866961,17.54677455,22.90670243,27.03324345,29.33444978,20.51970873,19.78373906,19.04649887,20.03092466,31.748472,22.76822854,16.47442362,22.55506446,31.45293392,37.77017573,24.79488588,26.99503777,24.43465316,21.57251083,49.41109464,17.92791929,19.93238254,24.82941914,20.81681801,25.09504919,19.93238254
2505,801,104.0753692,30.60061324,787,104.0751744,30.60399139,374.8628116,,28.20284476,29.05287668,29.56741548,28.35096894,28.41065519,20.9713461,113.4038758,49.07294988,24.45865196,24.76158022,40.58665028,42.16108686,32.45565468,37.88087359,28.41065519,28.70271794,28.05626033,32.98629847,35.33579467,39.052447,34.96129849,34.26108631,26.33182677,41.19540833,38.1412316,29.433067,33.45537333,38.91870575,52.00408947,44.46478161,34.99367606,39.39013782,26.56983594,38.50231446,35.42010818,36.55217015,28.24711924,28.33906178,26.23642159,41.85104972,35.02611365,23.22729986,33.28005232,29.12902514,48.80673135,37.47760579,29.10770821,26.64136278,26.34724955,36.97277046
2506,801,104.0753692,30.60061324,1074,104.0750659,30.59133644,1028.549396,,119.0603802,59.72222299,61.61027996,68.69717673,77.62636951,80.58276008,99.11517714,178.0181647,90.56937202,85.8407803,72.10862367,81.58144479,113.2347959,115.9706701,83.20849046,83.20849046,83.20849046,69.68841579,98.7670799,121.4822121,65.55522855,111.8368354,103.6104323,154.2824094,161.0603665,168.4612296,311.1578005,130.9327378,90.85332723,69.39238804,72.57976789,91.65291648,96.02017052,100.8244473,138.421601,62.8015235,132.2420652,113.2347959,108.6997055,80.71450301,104.5138902,93.03461873,72.22583535,81.32015723,121.3031229,69.73216244,65.51270038,235.0970048,65.51270038,64.05081864
2507,801,104.0753692,30.60061324,1114,104.0715673,30.60028405,366.3130712,,35.4139525,22.05229191,22.05229191,22.05229191,22.05229191,27.41636292,27.41636292,33.11304598,20.21037634,25.14255589,25.14255589,25.14255589,25.14255589,25.14255589,25.14255589,25.14255589,24.81142157,22.95434389,24.48889612,22.6390911,21.81517049,22.21949547,22.21949547,22.21949547,22.71708969,22.10774612,22.40827623,22.25699673,22.33238029,22.29462479,22.31348657,22.29462479,22.29462479,21.68958974,21.98794592,21.83774881,21.91258999,21.87510539,21.89383164,21.88446451,21.88914707,21.88797625,21.88739088,21.88768356,21.88753722,21.88761039,21.27834817,20.70215159,18.59981744,26.88536302
2508,802,104.0496414,30.7228819,37,104.0557493,30.71706744,870.2509514,,68.13951383,77.48318447,77.48318447,151.1654246,89.25650784,135.6235249,66.51599629,102.4997031,151.1654246,78.8151805,112.9737543,82.01317867,94.18725066,71.19324916,90.15549425,110.8599938,94.41195657,88.12667862,101.0614008,140.0167697,95.15272362,127.4574217,140.0181877,127.4574217,126.3409021,116.3926969,140.01804,129.3994072,106.9529156,83.50234016,98.28716628,89.80016983,91.2348514,140.0180308,98.41581441,128.608515,74.43343847,157.4240928,120.4962856,141.82451,63.80658707,74.8453934,158.7189283,103.1408535,75.4310616,99.77399443,74.06391076,144.1243669,89.29667727,123.9935392
2509,802,104.0496414,30.7228819,83,104.0467513,30.72074964,363.9071631,,34.25008594,55.04478097,43.22121131,36.65801433,44.28890423,61.1465945,43.31511943,40.5593123,48.13837387,48.20664477,64.61483537,101.9506449,58.01885683,66.67001461,49.06613435,54.06193881,54.06193881,63.90564815,43.59619924,92.91246717,58.74001354,38.64500847,140.8672889,46.55331437,61.31353137,62.23281875,41.94447558,51.98673759,50.38714566,50.38714566,53.42845788,58.55042611,51.03205626,143.9632733,62.48098594,42.28746892,62.48062168,73.32457763,45.40883726,59.82035558,56.38875875,56.54960232,52.56617069,152.3332311,58.26830781,40.2849258,32.8646168,53.36316852,67.52916429,68.44648836
2510,802,104.0496414,30.7228819,339,104.0469719,30.72484761,335.8573166,,36.60293165,54.65679289,58.40291461,35.70576123,50.19559272,47.54333113,58.33950976,62.08402258,58.5868608,46.88652796,47.50597082,52.35019886,48.82382155,55.48488017,49.2621021,48.20096363,48.61962458,56.40264868,43.40386288,57.95472753,56.1909687,48.53327116,51.25964961,52.07835234,55.28305644,57.95500294,42.08338044,48.46037434,44.36441186,45.60023912,44.97383732,45.31451236,45.17298754,49.52179952,50.17639925,51.59076499,51.60536661,52.13530369,51.97541694,52.16243942,50.71293198,52.09214849,52.10385048,52.09799882,86.6728559,48.37957682,52.09982445,41.34806279,34.87749057,33.33303293
2511,803,104.0758539,30.68651263,621,104.073194,30.68752145,278.2390102,,80.68611116,53.27981046,41.82911087,75.81954526,79.13795774,81.34762618,59.81252607,91.00094815,79.53631259,40.10652399,115.7988944,117.3820824,53.56472924,67.41405072,109.1727996,79.53631259,68.33157072,50.27854953,60.01560436,75.9792999,54.70564919,72.06190192,57.89944721,87.33457865,48.31159663,72.06190192,96.04963091,87.10090754,77.88029712,88.77345084,70.35367422,84.88647769,59.12407889,75.67489561,59.44572325,33.58459134,46.46279568,34.49243928,56.76916834,65.59048698,41.10219273,58.18532888,29.9599333,37.75102149,75.66839937,46.52983447,37.99565431,38.06785508,74.31502974,28.70087211
2512,803,104.0758539,30.68651263,1194,104.0755086,30.68312123,377.322866,,58.38930559,47.75851286,50.92267357,63.92293259,63.92293259,63.92293259,66.74999104,66.74999104,67.58021481,67.58021481,72.83444062,70.10902284,71.44574978,70.10902284,61.46435826,65.50270368,63.41930867,64.44417222,63.92763315,64.18486347,64.18486347,79.08950903,44.63403016,50.97044344,50.97044344,64.68391989,88.49265913,108.2360412,97.37364284,102.5179108,99.87958218,101.1815507,99.87958218,99.87958218,48.51293991,48.51293991,48.51293991,42.80553522,45.48088116,45.48088116,45.48088116,62.16761179,114.1480939,80.49554475,94.41267194,86.90042816,88.66413904,89.57311661,89.11630998,89.11630998
2513,803,104.0758539,30.68651263,1374,104.0762716,30.6863729,42.90143123,,5.043564485,6.04157197,5.089850543,5.550589485,5.693830504,5.344122921,6.650975497,6.321623021,3.566290682,4.804515436,4.976298068,3.246351076,7.351030577,3.070480168,5.091318689,4.435361347,4.521724499,4.149338255,4.608583437,4.710232293,7.06765788,4.821616792,5.489756604,4.866330128,13.95588726,13.95588726,13.95588726,13.95588726,13.95588726,13.95588726,13.95588726,13.95588726,13.95588726,13.95588726,13.95588726,13.95588726,13.95588726,13.95588726,11.44038166,12.5735538,11.9802316,12.12324991,12.19604724,12.15953962,12.17776607,12.16864602,12.17092475,12.17206443,12.17149457,12.17163702
2514,804,103.9755348,30.65367442,433,103.9759777,30.64764778,669.2937082,,86.77517464,72.77128812,86.77517464,72.95858742,53.57325958,78.65475571,46.13293612,92.34585816,75.73507611,66.83654229,53.71401734,72.24759669,63.99621114,68.35339999,60.53912938,109.2724422,77.975966,59.5111417,45.26927853,85.59351153,62.71906332,58.18539844,58.42879296,122.3074797,86.58893394,48.57776914,67.04788981,64.28648211,95.52914602,96.0804446,80.63779617,58.44650939,86.0520482,54.91640683,72.68347962,74.00702696,249.6846994,110.2996906,85.86804524,69.43681123,109.0252194,74.26018383,114.1023644,69.53700864,61.46574871,84.59183206,59.59788497,73.01385908,45.1632118,61.06075392
2515,804,103.9755348,30.65367442,568,103.9805188,30.65092525,566.5000649,,178.8947573,178.8947573,59.73971949,64.81573941,104.3171475,71.27061745,56.85729872,68.74382809,56.30721027,66.35792518,86.23256802,64.52947344,165.4685788,68.02724893,78.29865151,65.874908,71.80986738,47.5068274,73.89131281,67.71666519,68.11624027,83.46794955,102.4015611,88.7338753,220.4757009,79.66407163,74.12150383,70.92617186,93.20842018,62.94445166,106.1496543,79.66407163,90.74083353,75.7828328,71.51085632,92.7790837,74.73980821,73.78437893,88.24961033,90.51821937,141.6250162,134.4659494,108.1909938,109.4090813,80.081161,81.38796587,77.95127506,88.02875634,149.9558995,85.95357442
2516,804,103.9755348,30.65367442,743,103.9625424,30.65991764,1424.284554,,153.8842855,150.0044371,165.7062362,161.1130996,165.7062362,236.8325355,225.5465276,172.8345301,134.7781043,136.5012873,129.5519784,127.3301107,151.4016571,128.7835334,132.972898,235.5631421,139.2885114,112.2150094,134.8308443,150.8065998,176.7968513,192.2269255,290.7115178,251.7556985,153.0574446,202.407843,191.5600645,127.9058159,125.6721665,122.0597368,165.3193123,165.8019206,140.6861615,121.1441086,127.8460189,141.0934565,187.8521485,153.1445885,190.2569349,200.5838394,232.0101536,196.8301111,237.380759,231.7479952,217.8792236,237.380759,189.4660284,237.380759,172.0612213,240.2729332
2517,804,103.9755348,30.65367442,1056,103.975131,30.6588855,578.851407,,40.46339932,40.46339932,40.46339932,40.46339932,40.46339932,40.46339932,40.46339932,40.46339932,41.84468002,41.84468002,41.84468002,41.84468002,41.2034615,40.58159815,43.12188443,50.12303224,46.00143632,47.973872,47.973872,50.09291022,63.03282109,50.09291022,40.19026162,44.59850327,42.27978829,43.32359803,43.32359803,43.32359803,43.32359803,43.32359803,43.32359803,43.32359803,43.32359803,43.32359803,43.32359803,43.32359803,63.09007161,43.32359803,39.74945284,47.64209111,52.91683761,50.19633674,57.8851407,53.76725195,58.78321764,44.05634387,47.11961708,47.11961708,47.11961708,47.11961708
2518,805,104.0456983,30.65616209,1099,104.0500586,30.65538228,426.6370977,,83.69992107,35.22691632,50.80133027,44.94671765,117.2437826,49.81276384,61.08956784,39.99722791,53.09917206,63.49947501,57.83548324,60.53527978,59.15459307,59.15459307,35.02607872,43.9995467,39.00333792,41.35107342,39.00333792,34.3985118,39.00333792,40.29708671,54.08075886,41.67960792,41.67960792,41.67960792,40.47150334,41.67960792,62.18192517,41.67960792,41.67960792,25.01455296,35.99047573,32.95908909,39.63596263,35.22691632,35.22691632,35.22691632,35.22691632,39.08126086,39.08126086,39.99722791,64.33061997,38.44539554,53.51545476,38.44539554,33.46173315,33.46173315,31.15402742,27.82415855
2519,805,104.0456983,30.65616209,1487,104.0430632,30.65952867,450.5168961,,39.75149083,48.28403769,44.56273735,61.48069848,41.37400066,134.5942594,46.6946495,36.76299567,38.27212018,49.5981904,36.32387068,36.32387068,34.25260456,36.56957894,38.47831141,40.59726723,51.00191277,51.00191277,51.92724096,52.88676606,47.772042,44.5872392,48.83284384,49.94182682,70.91209108,96.92395376,47.63174232,57.0475141,50.0574329,66.30665683,57.0475141,83.45767545,37.71769363,66.06357743,66.06357743,66.06357743,66.06357743,66.06357743,66.06357743,66.06357743,44.07230505,58.36656144,62.061001,62.061001,62.061001,66.65181477,36.48730767,46.60519615,48.57948558,45.55788837
2520,806,104.0798131,30.66389343,227,104.0781096,30.66468753,185.4251035,,26.02774695,28.526939,38.4522104,32.09280638,32.88326959,30.6440875,32.88326959,32.88326959,32.88326959,33.43921716,33.43921716,33.43921716,36.55197112,33.54423983,33.43921716,33.77762796,36.677493,33.8547165,32.88326959,31.50214123,32.88326959,30.72636928,30.62065929,32.88326959,27.54264264,28.6033368,30.01260573,23.09793677,30.72636928,32.88326959,30.76176832,27.58389969,31.58972482,33.16921106,33.94132347,22.62814822,56.7356492,39.31346632,48.87674837,43.07407439,45.97297182,40.26042167,37.63496654,36.83640692,36.49390536,37.50170633,34.36449795,29.02305968,35.86487411,32.80299183
2521,806,104.0798131,30.66389343,1281,104.0814139,30.66323476,169.8605248,,22.23628688,28.79895868,33.78441377,29.72043204,29.21168261,24.9184144,28.35384339,26.2445446,23.9099859,24.61994522,26.66415215,25.92923913,30.49279847,26.04493596,21.5126786,26.72418269,36.65779778,24.50893344,21.76149072,27.53668069,24.29792937,20.38326298,22.56449776,42.91213258,42.91213258,42.91213258,42.91213258,42.91213258,42.91213258,42.91213258,42.91213258,42.91213258,42.91213258,28.35384339,34.14599662,30.98152701,32.48688288,31.71635279,32.09699411,31.90553819,32.00097979,31.97706591,31.96512235,31.97109302,31.96810741,31.96960014,31.96922694,31.96904035,31.96913365,31.96911032
2522,806,104.0798131,30.66389343,1760,104.0782286,30.66139729,315.5626347,,64.29278088,48.47903919,67.93160675,67.31416257,50.92381704,49.20225873,52.99244245,45.6601883,64.69393422,88.29213611,64.40053769,47.11006159,47.69208585,67.22044289,50.59380372,64.39445355,49.38828293,42.72232593,48.23887409,53.73819702,54.88045821,106.6690596,41.62651677,47.93356476,43.06389253,43.06389253,43.83659984,58.91229828,44.63754361,51.94446662,52.63438541,29.70001268,78.34658517,81.90976874,47.81827056,47.40022885,66.24055306,41.13905016,97.09619529,53.13496188,59.19602243,59.19602243,68.02547814,38.32744551,71.90034715,53.25119461,54.7859345,43.12461169,64.03751324,57.78849437
2523,807,104.0521038,30.58470505,635,104.0477918,30.58475741,413.5034479,,44.43619142,47.15773217,39.98528188,40.45142425,36.82681531,35.17666281,43.69120791,43.71842621,40.83726329,45.00099358,45.37299708,58.03557164,44.30449026,36.82336465,36.18792951,42.67810815,38.40341599,42.27011109,58.72238313,44.05664423,38.37866355,37.27929308,42.3043122,33.18229025,36.04752084,40.13349947,36.81646527,53.06996123,36.80535355,40.67933549,46.22491462,39.04477138,49.62041375,41.65421468,41.66128723,41.14308915,41.65951887,44.36150702,37.91361824,44.26899743,45.41068725,42.19822597,42.17125845,39.37736409,43.274109,43.78271801,43.0909201,39.85575401,39.29631205,42.8791946
2524,807,104.0521038,30.58470505,1087,104.0521039,30.58111487,397.8967524,,45.77910862,57.01207199,40.85960298,48.25698963,34.99352928,34.39344379,44.55401033,36.76035009,36.76035009,36.76035009,36.76035009,36.76035009,45.25839838,42.78566198,41.64792466,42.20912786,41.92664836,41.92664836,41.92664836,36.83987372,34.73288041,35.75536372,35.23670613,35.75536372,35.75536372,50.17262027,41.75450658,45.57812421,43.58261214,44.55803734,44.06492737,44.31011049,44.18717882,44.24855927,44.21784775,44.23319818,44.22552163,44.22935956,44.22744052,44.22840002,44.22792027,44.22804021,44.22810017,44.22807018,44.22808518,44.22808518,49.88142688,46.8849524,48.33679512,47.96546961
2525,807,104.0521038,30.58470505,1137,104.0518496,30.59103671,702.1567414,,106.6567202,67.14840149,66.4157309,65.69887639,64.98108661,65.69887639,69.50772508,66.87207061,66.87207061,72.95134976,71.9579903,70.99132004,103.5968963,84.24944793,68.3918904,140.4313483,91.98559931,91.98559931,91.98559931,70.20267364,61.05710795,63.87275475,61.05710795,66.96064289,61.05710795,61.05710795,59.97068254,59.97068254,59.97068254,58.51306178,59.23290613,59.23290613,59.23290613,72.6965895,65.27774916,68.78771488,66.98678484,67.87530599,67.42811846,67.65097322,67.53936201,67.56723027,67.59512155,67.59512155,82.00370702,74.10553406,82.2482951,57.09236068,67.39955833,61.81927188
2526,807,104.0521038,30.58470505,1161,104.0575483,30.58488558,522.4413971,,62.60868672,47.81667025,52.64384296,49.47998032,42.26230105,45.92050368,49.92140755,47.19671341,52.44368673,56.45510611,64.78299031,61.61471022,73.98855348,73.98855348,73.98855348,73.98855348,73.98855348,50.50453892,73.98855348,82.73265527,73.98855348,73.98855348,45.18412083,56.10527346,50.05593079,52.90824845,51.34091983,51.34091983,51.34091983,51.34091983,46.29634534,48.68831486,46.29634534,46.29634534,40.82016342,46.29634534,47.93345727,54.59474687,49.69059523,52.02735905,50.83213593,51.12576363,51.27385325,51.19970136,51.23675048,51.23675048,59.39333777,55.01435777,57.12004455,56.10945792
2527,808,104.0685263,30.60045404,309,104.0685001,30.602309,205.5991006,,20.32234561,29.00206089,25.5520171,23.20240634,27.53217962,35.49912528,26.43417008,36.72475148,37.04449673,37.20646637,23.1902902,24.05709953,22.70419516,21.9957433,21.9957433,17.94319423,19.76386548,20.54564225,16.45707087,19.15643513,25.99321377,49.4536812,19.17504565,22.41201399,27.35243024,26.32136423,15.06132946,58.97663444,34.47935227,28.71143089,25.64423602,24.50850206,38.90442902,24.50850206,27.47936745,20.54722659,28.03624099,39.43996956,23.09381473,26.59245852,21.39181394,23.41650711,18.0306154,21.91028343,21.91028343,33.26547246,29.02575538,23.09381473,40.37218703,24.33125451
2528,808,104.0685263,30.60045404,1114,104.0715673,30.60028405,292.1550982,,16.2371031,15.73310925,16.7744554,18.79818326,15.19882014,24.20617615,19.94484868,18.84027503,22.74072116,20.7447407,19.64067887,22.82709395,18.83521407,19.07259685,19.31603955,18.11814562,18.11814562,18.11814562,16.93652743,15.59315572,19.19267068,20.8682213,18.46115465,18.46115465,18.02597393,17.61083755,13.99545381,17.61083755,18.08742003,18.59051442,22.23590599,17.29865713,16.04513125,21.91163237,16.70783723,19.52521696,17.29865713,17.29865713,17.29865713,15.1550195,18.42765403,18.46810103,16.34434116,13.55358703,17.34144029,18.44381155,18.14941076,18.14941076,16.7610893,16.40168972
2529,808,104.0685263,30.60045404,1180,104.0685883,30.59774153,300.6841826,,30.23639825,31.20774877,32.24358043,31.71720972,31.97822917,31.97822917,31.97822917,38.93752005,37.71648283,37.71648283,37.71648283,57.12206107,38.3852148,38.3852148,30.70817184,31.00280846,30.1521743,31.30315377,30.71688585,30.86138439,31.00724885,31.59092536,32.19699754,46.70822254,40.27769516,33.9330112,30.02671449,33.28095488,30.02671449,28.35528637,22.62200747,26.86012549,26.86012549,33.35787542,65.4056228,44.00256331,52.61059817,40.88623446,72.64852734,43.47241194,54.39512851,34.34832911,32.80191083,84.56742636,35.40353417,35.40353417,31.99398199,31.99398199,31.99398199,30.22232826
2530,808,104.0685263,30.60045404,1203,104.0651384,30.60060628,325.2346725,,19.25731613,18.7185423,15.38560869,20.18697967,18.2232657,26.31111957,22.57050257,19.76109403,24.23392592,20.57723763,26.03323671,32.03405803,32.58380764,32.58380764,25.61089656,21.09630308,20.10609309,21.09630308,22.26999184,23.67734724,22.26999184,17.70988574,19.2652377,18.01299725,20.70459454,23.00284521,21.79329588,21.79329588,19.78613977,16.29568296,18.11752141,16.41563016,18.13857198,18.15967152,24.91159194,20.88929208,22.72381991,22.65420486,22.65420486,22.65420486,22.65420486,19.20204708,20.785765,15.74774473,23.44033676,17.19302233,17.60668904,15.25530711,16.76227374,16.76227374
2531,809,104.0204063,30.73193824,246,104.0191754,30.73334897,195.793041,,23.73248982,23.73248982,30.51320119,30.51320119,18.48626689,16.95818743,18.48626689,23.099179,14.4758846,21.37823214,14.91549813,14.63285299,17.6618751,30.38167878,29.35625113,33.96927855,18.91381791,29.37218877,18.52444015,20.73102787,25.49016753,25.19436756,28.58509212,31.89388903,37.69277795,25.41544283,30.73638409,29.76956423,25.28821203,21.00126473,22.68542141,25.99541874,24.22181951,30.20806919,26.88575769,19.51155564,27.6458878,40.27742558,27.84268402,14.53402817,14.52139599,40.27742558,40.27742558,14.63366673,17.82186972,40.27742558,27.58727779,40.27742558,14.52560017,19.94872493
2532,809,104.0204063,30.73193824,935,104.0219287,30.73010679,249.8987391,,38.94525804,38.94525804,29.08304292,29.08304292,29.08304292,25.63063991,25.77752037,25.70387031,17.57100509,23.18648095,19.88144665,22.36508293,20.80984151,20.44045352,21.19282593,26.30513043,22.9791944,25.09443405,20.4928351,24.40516679,24.88618149,24.64332712,15.70044434,27.0025651,22.59444439,26.05121991,19.94757119,26.05121991,27.48377172,26.00102488,25.9510229,18.64529452,24.24893425,21.08108871,22.55432055,22.55432055,22.55432055,28.04787095,22.55432055,16.78424367,18.76194913,18.76194913,18.76194913,18.76194913,19.89243694,21.16789319,22.04988874,25.19987285,19.4096108,19.92548086
2533,809,104.0204063,30.73193824,1263,104.0211002,30.73251155,91.92910085,,13.72776618,11.28648302,14.32661312,14.43597658,11.19387639,9.489455572,8.573698525,14.21889422,10.04003832,10.18291579,9.167664146,10.52482315,9.725088541,16.50505856,13.19682929,17.16973693,10.86846513,15.83567832,13.73214784,18.07046009,13.0967344,15.57814374,19.28769868,14.12784474,19.2409746,13.34820595,13.30044452,15.21258144,10.88339932,13.16592651,13.63315193,16.56103902,16.2227825,9.648748477,12.29630355,10.52497756,13.91401148,15.00701788,13.8494757,13.02153995,10.49513965,14.76607978,21.20955222,9.399711303,10.55014188,23.44354874,13.78218691,18.21953081,19.64063876,14.16665058
2534,810,104.1104646,30.70478208,782,104.1118637,30.70480004,134.0039807,,20.74900346,20.9290382,19.81981637,32.89188616,20.77431984,15.97805426,13.98302407,14.53055212,18.99269018,20.35503504,26.31350894,55.44992305,14.10568218,22.79571556,20.66014263,39.30055646,38.51611421,20.22701595,33.88335947,20.33090817,35.02895071,29.71989907,31.18086918,34.85396906,34.88301117,27.30647153,34.8757461,34.87211471,34.87393032,30.84150109,34.87347639,34.87324945,24.19128352,34.87330617,32.42213776,29.29641517,28.62993139,34.87332392,34.87332569,34.8733248,22.65742455,29.15477422,34.87332508,34.87332511,26.19444328,20.73414028,34.87332511,34.87332511,34.87332511,30.79240407
2535,810,104.1104646,30.70478208,1314,104.1104323,30.70648699,188.9808136,,37.65669348,37.65669348,37.65669348,37.65669348,37.65669348,37.65669348,33.10612793,38.95024402,24.16806142,32.55171909,27.74030291,32.55171909,32.55171909,32.55171909,19.74835788,24.58287006,24.58287006,24.58287006,52.49467044,24.89015594,17.33327208,20.0097332,20.0097332,20.0097332,20.0097332,20.0097332,40.49588863,26.78468224,32.24317199,29.26154533,30.68008699,29.95403099,30.31271196,30.13230412,30.22223881,30.13230412,29.47462514,22.47170698,28.84504241,27.54376231,27.54376231,27.54376231,27.54376231,27.54376231,27.54376231,27.54376231,27.54376231,27.54376231,27.54376231,27.54376231
2536,810,104.1104646,30.70478208,1398,104.1104171,30.70159507,353.2450586,,58.87417643,40.80263778,40.80263778,31.21969422,35.37363591,33.1671083,34.23485481,33.69252422,33.69252422,33.69252422,30.23016349,33.69252422,39.99000663,39.99000663,39.99000663,53.46658715,39.99000663,33.08800202,39.86464611,39.74006909,42.33648642,40.99721011,41.65608635,41.32402209,41.65608635,41.4893898,45.74396442,32.98786539,50.74549924,41.15476411,59.84386875,41.49044734,41.49044734,41.49044734,41.49044734,40.14782039,40.80809341,37.10232563,59.28588396,29.36910418,45.95888005,49.21370785,96.52236895,65.01442796,53.20846071,83.55336471,53.20846071,43.73799522,52.1181234,51.07157474
2537,811,103.9771835,30.64323835,433,103.9759777,30.64764778,502.1806243,,59.40036956,59.60600882,61.81439362,60.89600834,68.35489441,71.55585855,83.26310869,65.03058444,60.26167492,57.12007101,57.7934145,56.45121772,43.63776459,48.29746161,52.7267686,59.76364454,53.75174175,90.75553451,44.80421927,59.42626224,65.24255841,67.52008394,73.34078083,88.76515125,84.27114969,88.76515125,59.99503034,41.70358126,48.23077584,55.51001742,71.5980296,147.579612,63.51691691,66.54663487,92.08065778,82.24510651,160.6977998,75.80084895,65.40702777,62.68551482,120.6382434,59.27377861,73.5895623,74.9284786,105.2299329,105.2299329,47.20235633,148.1844465,70.86829665,48.66680793
2538,811,103.9771835,30.64323835,694,103.9819807,30.64440871,477.6647368,,55.6502606,94.22427685,77.28508101,65.99673497,62.65216367,63.85615543,75.53808596,72.78700751,75.8365183,85.44561751,79.27202016,61.74481337,50.8003856,121.0981023,59.06354941,52.34682047,52.34682047,56.65874967,100.1704691,57.9266187,68.50968337,60.41609319,62.9887565,77.87370761,72.80241543,90.149046,124.6081922,89.93687513,93.20287547,112.6019773,97.15214986,92.76862959,124.1583431,186.9122883,63.46532764,66.99713191,100.5609972,83.34053567,137.5674442,112.81304,229.8921193,99.30277491,64.95584677,98.61520764,97.37220003,64.67674857,84.23478915,164.5543591,64.56544628,49.44200841
2539,811,103.9771835,30.64323835,775,103.9784668,30.63921045,463.0510885,,43.12227431,41.77904558,60.50758325,47.34348742,43.27954786,48.81358473,59.0082803,36.11121405,46.30510885,47.60261056,34.26091634,85.19508952,30.41941457,46.2408854,61.86083923,41.04033819,47.78947903,26.21043897,44.18777783,43.82186957,66.09878906,55.1069064,57.38326742,40.707788,51.8986276,51.57392667,41.88401806,36.71770746,42.90820897,56.70013329,61.13632953,54.98297782,51.00149667,57.48220409,57.04941542,57.84121855,67.13974355,39.10048285,72.0433956,44.63143022,75.95061661,78.55720634,39.1310779,79.11550117,70.71242506,46.85829708,31.29506731,33.12436997,43.46763803,35.84911653
2540,812,104.0143642,30.64454912,25,104.0120406,30.64390586,233.7971718,,53.52431278,33.80200074,53.52431278,31.40559024,56.86958233,42.43713371,25.92944604,35.73969505,43.68528469,29.47023174,39.20822135,31.9419286,36.67406616,70.72855617,28.67699552,28.88118104,36.22682146,30.10264015,29.74098299,18.92456028,33.28951161,31.04074566,30.19830205,30.46768574,28.92336146,30.19443295,46.95508053,30.19443295,29.68852975,46.50109494,49.36479874,24.57430127,23.41223417,28.53118029,29.29245308,45.99288626,23.21847775,26.17946558,24.06776557,33.32026201,21.74857412,33.93829913,43.01549327,102.6426608,19.52830205,27.15063931,25.63461376,24.79145268,45.0090812,21.83319892
2541,812,104.0143642,30.64454912,1855,104.0153204,30.64277065,217.3714357,,58.83738109,29.22641152,58.83738109,38.42244689,37.31698467,37.36821673,27.43338014,34.0677914,23.9747907,32.23634062,58.83738109,34.39912824,28.04792719,35.28916205,25.48981005,49.16463885,38.12604962,23.78532427,27.36143946,25.24313447,27.39336646,31.68166674,30.330898,36.68961942,29.19914808,32.63971506,34.32180564,28.63813974,35.78676075,21.99167687,29.19914808,23.93080026,23.67737272,26.25963653,32.43677382,44.66323912,28.40425294,35.48921399,33.06204039,27.1243386,27.1243386,27.1243386,27.1243386,27.1243386,23.46438286,25.16196683,24.71495203,24.49734826,24.60566905,24.57849915
2542,812,104.0143642,30.64454912,1882,104.0161187,30.64498799,175.0290221,,24.63270053,25.25468856,17.35825013,23.33720295,23.33720295,23.33720295,32.60566518,25.40743869,23.33720295,16.78041224,19.5229893,18.04810539,18.75659846,16.85616397,15.81190664,15.63534689,17.43027606,19.41770353,32.73270024,16.2817695,18.58715279,18.29040579,18.58715279,18.00298513,21.45036526,22.22590757,22.22590757,22.22590757,24.93817201,17.59249361,24.93817201,36.00597026,24.93817201,23.94923906,25.07047001,53.54995575,25.20417918,27.42565743,30.07658614,16.55990748,22.14778487,20.45793765,18.10645056,18.17172255,18.17172255,18.17172255,29.35269314,15.97223015,24.85619249,24.85619249
2543,813,104.0735,30.63892748,1291,104.0703953,30.63932221,300.7351383,,46.1093057,46.81714585,38.47357846,42.65746643,63.09128776,45.14802207,66.30381001,55.7227449,82.51878795,82.51878795,96.23524426,48.93317505,48.93317505,42.24275068,42.24275068,42.24275068,45.52122627,42.24275068,34.96167377,51.55459514,38.18858899,37.67130849,37.16785427,25.93165264,43.74329284,43.74329284,43.74329284,44.83008273,44.28002036,44.55335382,44.55335382,44.55335382,135.3308122,44.55335382,39.4694312,39.4694312,31.11053155,31.11053155,31.11053155,25.86968932,34.88656814,49.7197014,49.7197014,49.7197014,49.7197014,49.7197014,46.21756661,42.96216261,52.17573484,42.96216261
2544,813,104.0735,30.63892748,1614,104.0735924,30.6360679,317.0501664,,49.74540142,64.03456797,43.18378285,40.59444928,29.97179897,157.530572,47.02773718,49.64682901,54.34406335,48.67294665,31.51402256,34.51960538,38.06187908,26.60560837,33.19490491,42.33308474,29.98611557,64.16756706,35.09976681,25.86209817,28.42791031,33.2764023,37.78924689,28.25199503,31.256429,33.20540921,37.85673629,35.84416417,29.29621661,30.19525394,26.74588398,39.17462217,34.22088544,31.76919683,51.12185423,32.91178198,28.29401584,34.79376905,25.17381118,31.93169224,40.69093045,38.5927506,27.78274654,26.23863446,44.54563275,24.80694507,28.05700631,30.43681597,26.0223567,31.04173177
2545,813,104.0735,30.63892748,1758,104.0729416,30.64481732,654.9590477,,123.2502411,144.4710532,116.8039009,145.8544648,114.7169282,107.7539605,151.9328138,105.4110071,130.9294622,112.6191903,129.6648303,116.5117486,118.9632983,162.2375623,85.68074754,125.6792796,124.636868,122.168527,169.6296814,117.6041656,113.271856,111.4823911,112.3678748,111.8655848,96.78440971,61.18764431,106.7404729,116.3961072,118.8200042,84.6263955,83.15107152,102.3484567,96.89067715,111.4081055,93.56557824,86.6178903,98.066201,82.58239744,89.82295511,90.21573107,79.61580111,92.72098773,67.93054278,89.53173101,77.97776178,64.42220141,87.84300173,72.58457365,100.5588046,77.49444004
2546,814,104.0581892,30.61123371,308,104.0579254,30.61419904,329.6185157,,32.73452846,43.41428769,47.91224723,93.30551877,46.35260377,60.11618299,34.12782316,57.55666886,36.60644013,51.93114471,106.1858306,37.7442152,62.2901132,52.62202468,76.00490995,46.51202574,30.46538271,52.49108793,71.19759938,39.8866103,72.79918138,53.45165119,47.95835217,61.26105609,48.52617189,37.10237338,65.08007258,36.88793599,64.38291542,47.50201226,57.88422715,47.27596241,46.65224069,138.7867435,39.05518343,70.75286709,37.70060863,55.52397457,34.98653532,41.46238317,45.99328126,57.04935849,44.56609606,42.37952345,37.71725202,32.64447473,51.25817091,44.61696101,25.66075563,37.02023431
2547,814,104.0581892,30.61123371,933,104.0578707,30.60543778,643.0859405,,84.55476208,95.4192431,71.03741595,260.3496714,87.38322758,113.2478386,90.19906697,97.89046029,82.47209008,73.94367957,86.78044344,63.43680175,152.9807965,97.43095506,101.3568364,89.20956788,82.26768303,66.42433204,465.3486203,79.83135813,72.6878928,66.71784973,59.5143801,75.45169102,65.66651267,66.223506,65.66651267,66.79002916,88.09396445,66.89993408,50.76994267,76.71005254,52.46282195,70.36806644,79.55702357,72.545535,75.49269735,65.39857022,53.24538606,65.53742069,95.10425882,70.85754938,71.79870598,172.7693571,69.79060283,82.35892514,135.6750306,100.0561784,137.5312507,92.17422902
2548,814,104.0581892,30.61123371,968,104.0550112,30.61128466,304.7013525,,40.626847,39.60017578,42.12461094,49.07941248,17.2597716,34.06598972,12.71060103,54.30321134,50.93361569,37.10005193,14.10382345,12.41391845,22.77878131,20.9787209,12.91639528,23.55179536,21.77878628,27.32553055,17.89193751,14.2735832,12.10066044,13.43447482,20.75543745,12.38413626,17.41496121,16.36658458,32.02700347,13.42625299,30.50342271,44.09748217,29.11821799,21.21711545,24.06290844,43.27119799,50.39471067,22.81864512,19.81797415,12.35971683,41.6027131,14.10835844,21.0710716,65.94738693,28.45460101,12.24246506,18.16251128,54.70946978,61.11002056,14.1904899,14.1904899,13.68163229
2549,814,104.0581892,30.61123371,1010,104.0648521,30.61124243,638.7054599,,64.75189118,59.97625447,67.23215367,67.23215367,67.23215367,67.23215367,98.82548662,80.0234219,80.0234219,80.0234219,69.34076163,69.34076163,68.29721749,52.13922122,62.42551102,52.13922122,42.8981279,47.06938906,44.88706014,53.96455285,148.8245732,63.22657164,78.47575617,78.47575617,78.47575617,87.31669579,78.47575617,78.47575617,50.98314092,50.98314092,32.27143376,39.52453211,35.53161531,37.42186399,37.42186399,37.42186399,109.4923646,55.77959895,73.90775851,63.57666946,63.95937846,63.95937846,40.3392922,49.47476397,44.44241905,46.82376797,46.82376797,46.49533585,190.8165689,26.36857403
2550,815,104.1002196,30.60546663,407,104.1027248,30.6056882,241.4176786,,44.3420226,21.98407191,28.60461798,29.23813769,36.94383179,57.55653265,40.93109779,30.15321638,30.13198133,40.93109779,33.7953458,30.70585519,32.81958529,30.17939294,29.14010538,47.75294742,30.37606937,30.60224095,73.34207957,67.37237542,33.20035703,38.5333662,97.65209471,41.38041416,40.99545486,36.4149571,36.4149571,36.4149571,36.4149571,40.80298793,43.631787,64.37804763,36.44040432,79.15333725,38.12554823,39.02794916,48.55327614,38.79836766,44.75139943,44.76055256,36.97531787,38.72717634,70.94723616,40.89899496,41.14911705,46.80989099,41.46507454,41.26792822,41.21581629,40.57124913
2551,815,104.1002196,30.60546663,555,104.1003982,30.60263224,314.5977668,,32.63838503,42.44038395,34.70537162,44.92768108,52.92298881,38.67922766,58.07958772,73.06786842,38.48944641,52.43296113,40.06669671,41.90756561,40.04603617,31.02882084,41.4854198,34.25487971,50.11291861,30.12106278,45.52972705,43.10378537,53.46955258,53.86691845,52.31186884,28.58948332,79.75718032,59.4483974,43.95415643,48.57684058,41.10896408,31.2428127,38.39159188,45.99195779,49.37556231,43.64362083,40.59326023,44.89799645,48.19370045,43.95692953,45.66741776,37.94143921,49.48728915,41.30371084,46.16380274,53.86691845,54.38100701,91.33483552,52.00471752,39.37028831,83.89273781,65.94188998
2552,815,104.1002196,30.60546663,899,104.0980187,30.60538701,211.1723947,,47.51378881,50.85087765,30.40882484,50.85087765,50.85087765,59.65856892,54.90373327,57.18247785,64.16814344,87.71776395,73.09813663,70.93816056,81.74415279,70.93816056,44.65319359,54.80713399,44.65319359,43.53446648,42.47042575,42.47042575,85.90063513,52.61042359,64.49379605,52.61042359,83.31184887,64.49379605,72.70490098,68.3536383,70.46215748,69.39188439,69.92292562,69.65639289,69.78940477,69.72283539,69.75610423,69.73946585,69.74778405,69.73946585,69.73946585,47.07248427,47.07248427,30.22746008,30.22746008,30.22746008,44.91702339,30.22746008,23.7568944,26.60439618,26.60439618,35.85946325
2553,816,104.0637039,30.6948428,261,104.0638617,30.69710359,251.0210505,,36.89358379,69.69221966,43.78274137,58.85860499,58.74382115,45.22901811,69.18092109,46.58122587,66.12261816,35.11124941,29.81198455,42.8282361,77.90308464,40.07431405,42.09016217,48.12474577,60.64938133,43.29726539,64.26138893,59.84607826,59.58301857,27.52312026,57.19466973,69.2940383,53.73691467,45.33490545,63.19411062,54.52589191,55.36475179,30.47810394,37.15008353,52.11008832,40.14106749,57.92793473,66.69193962,38.18617291,82.52746866,65.88158796,33.87128243,25.82545697,55.21440621,23.8688796,36.78463155,27.10282018,48.32490812,64.96071914,35.54280361,48.00402559,23.72164046,35.98347005
2554,816,104.0637039,30.6948428,665,104.0672515,30.69482107,339.7840332,,47.14372505,46.11100597,41.10290724,40.33963254,56.2142702,74.586739,104.1040442,102.7918084,41.59441835,42.76208919,54.0252861,47.6636476,46.52068023,54.12489024,53.79090447,54.3201785,57.57792812,41.67708755,47.04701998,47.80080186,50.70352413,47.06744372,49.88672592,50.36098403,44.09615217,35.94189578,42.6129635,50.76928745,67.92535973,49.43081365,52.27446665,58.1563797,47.75104174,44.26619492,41.62744664,41.46517015,48.23115671,86.44682117,65.86793914,44.86146159,32.67154165,39.35300331,41.09370166,42.98472709,78.79050045,43.25397877,39.73472656,44.6896294,49.26141533,43.12816287
2555,816,104.0637039,30.6948428,851,104.063768,30.69164587,354.37142,,30.76536443,30.76536443,30.76536443,40.84537179,35.09593155,40.84537179,41.07772175,41.31273031,43.9909349,51.48253075,45.07904989,48.23202692,45.07904989,43.11743513,43.11743513,39.84343898,37.03155623,29.03802228,40.5156685,44.72347457,45.3313356,38.27211336,45.95594784,41.76354578,43.7595625,42.73826171,43.24288272,42.98909142,43.24288272,43.24288272,49.25625915,46.05410591,46.05410591,46.05410591,33.7347848,44.73589032,59.28146431,43.49103791,50.17319527,46.59375866,48.31727479,47.87455153,47.87455153,47.87455153,53.18526036,39.58842861,42.29138042,42.29138042,41.81687783,41.35290476
2556,817,104.0700717,30.68477421,288,104.0695938,30.68181648,330.987834,,40.52912253,32.37924463,42.91318856,27.51861899,27.69220922,31.32926036,35.01144572,46.91166151,35.11462286,32.73506051,39.74693074,29.90103394,41.23031842,37.94764976,29.46393519,33.82700362,33.63263474,41.30177478,33.94747015,39.70383496,45.13470464,33.85102848,32.98882066,31.85032914,55.94160575,38.23174981,33.47067984,25.73128012,29.99889734,30.55272314,54.74224512,43.54042152,33.75513321,35.66347131,38.62418808,43.87105753,97.26989407,26.23128679,27.47103637,33.50832965,38.97955273,39.7819606,36.9283947,30.76306891,31.47506949,109.1168684,51.36018114,29.75171542,40.46641946,34.94299714
2557,817,104.0700717,30.68477421,495,104.0707783,30.68827718,394.0931082,,38.37012007,63.25570908,43.77011075,29.15209293,44.56759758,42.37560303,47.28746417,46.42458081,51.70317746,34.10421129,40.58602366,32.02562505,48.40264104,38.76325654,42.89088581,31.84193692,37.86400629,60.07044505,30.98802744,39.6664079,126.1097946,44.15805392,43.37692215,55.95362271,53.7399693,43.25412163,36.88859047,51.24430508,57.2647907,32.51493941,51.49674009,37.37885452,73.96950936,34.66671202,47.80910495,30.89580117,53.91276662,44.57426538,37.27383092,36.73893455,43.53856346,43.65339045,27.65565672,58.91757432,30.90926339,39.91618299,53.63838146,35.47946707,51.9302778,46.27028884
2558,817,104.0700717,30.68477421,1194,104.0755086,30.68312123,552.08201,,148.8760476,122.3073991,141.9639454,141.9639454,141.9639454,141.9639454,141.9639454,141.9639454,141.9639454,141.9639454,141.9639454,142.4727768,142.9852688,99.70711888,122.9378496,110.1105394,122.9378496,122.9378496,123.2937491,123.2937491,123.2045812,135.2037576,81.62198094,98.88036,94.94403995,98.88036,98.88036,150.5678209,119.3690832,133.1655099,125.8904346,129.4258192,127.6336495,128.523487,128.0770227,128.2998664,128.1883477,128.2440828,128.2162092,128.2301445,128.2231765,104.8802381,73.61093467,88.72746589,80.46539417,84.39470217,82.38322222,82.38322222,54.15518354,103.4255977
2559,817,104.0700717,30.68477421,1206,104.0683075,30.68501094,171.0153683,,22.97221365,22.97221365,22.97221365,40.68207,29.36352905,34.1083283,29.36352905,29.36352905,28.01351374,35.11342163,21.03007091,26.30537265,23.3737686,23.3737686,17.49020812,23.3645285,23.3645285,23.3645285,23.3645285,23.63360176,23.7704759,23.70184123,23.73610895,23.71896271,23.72753273,23.72324695,23.72538965,23.72431824,23.72485393,23.72485393,24.38248345,49.25242607,25.07761002,33.23375578,28.5852734,28.5852734,28.5852734,19.42130366,23.12863398,21.11346097,22.07515315,22.07515315,32.34616424,26.24142757,26.24142757,24.02032535,22.14587503,21.73540427,21.73540427,16.91360785
2560,818,103.9898616,30.65121392,56,103.9971186,30.64328713,1120.459658,,129.3430297,129.3430297,118.2889962,87.66697155,104.0943166,155.330658,113.3845332,122.4793958,74.90538104,70.12003075,132.250976,124.104499,79.55926566,76.59444137,98.7430788,126.0886516,80.54422462,71.09849769,100.7154749,78.07073746,273.9324121,306.7418075,81.5154214,174.0050588,168.0689487,128.8707594,134.6603055,156.6467871,176.527561,120.407605,74.66274445,122.6034884,131.496488,127.8495965,83.43574563,101.5607579,159.1185313,94.83514347,120.7681069,100.1321002,191.6225543,117.9431219,88.40195172,126.446858,162.6473697,142.9360301,213.4208872,63.48463142,213.4208872,61.74748976
2561,818,103.9898616,30.65121392,478,103.9889117,30.6511002,91.89183806,,11.09792397,12.33217584,10.78730273,10.78730273,12.45209349,10.81669593,10.38911327,12.53409645,11.08011277,10.54096496,8.131771197,7.780117992,7.952058822,6.669568891,7.228199934,6.560448528,7.952178294,10.33783178,9.364773305,9.364773305,9.787296361,8.626091708,9.088203764,8.774817427,8.928761593,8.851120188,8.928761593,8.928761593,9.31860893,9.31860893,9.31860893,9.919358831,9.60960398,9.418095858,16.64866043,10.75224107,10.75224107,10.75224107,9.904509491,10.0093984,9.904509491,9.078850553,8.715576934,8.893505624,9.121616277,8.848345832,8.784538381,8.765517144,8.979658442,10.32170412
2562,818,103.9898616,30.65121392,937,103.990711,30.65129124,81.8394545,,9.883881562,10.98311412,9.60724031,9.675600532,9.659738892,8.246221603,9.252610253,11.16294589,6.018836286,9.387850331,10.86164189,9.064712351,5.98460362,8.637831504,9.511155745,7.637641898,6.804204069,14.65781275,8.340326573,8.340326573,9.903261721,10.09844169,10.3195109,10.08404003,13.32603771,9.412844607,9.835718641,9.79624393,9.308753118,8.539769165,8.299212287,11.48064437,9.306302803,9.338257883,15.87902283,11.64849696,14.64339398,10.93893699,8.821019048,15.47926635,10.00414384,11.89500316,7.762148163,12.45759138,14.69174891,7.968141615,11.36340252,7.806625231,9.691514349,9.192575232
2563,819,104.0275948,30.63737767,1249,104.0270208,30.63699331,69.5747415,,9.708103465,8.985437467,13.25233171,11.92709854,8.601026851,8.158601609,11.24440267,7.448894257,20.44645464,11.41956244,11.30785866,15.04318735,11.33344205,26.932158,19.95769477,10.72672674,26.932158,9.890190302,26.932158,14.47798089,14.73347467,9.904856921,12.8117171,12.8117171,8.953317941,12.60221733,12.50001594,11.60922686,7.970376115,11.97700272,9.954061377,11.30360599,11.63941239,9.191525483,14.42240323,8.212100636,10.30736911,9.909755466,10.39111092,14.99814787,11.79371722,11.0035835,10.91368494,11.73959118,8.494976387,9.48746475,11.984166,10.24413372,13.01138023,11.32831612
2564,819,104.0275948,30.63737767,1511,104.0291032,30.63837159,181.7405365,,21.26706069,33.14417079,21.84527317,15.51312226,24.80041436,18.42570096,17.56713358,20.31487464,12.75372186,17.4470915,18.32677679,15.14504471,26.48849925,26.48849925,17.73078405,21.24240037,19.32838793,20.24024536,20.24024536,35.36572602,25.74583104,29.79861914,27.62436971,27.62436971,27.62436971,18.80074516,22.374042,20.43234177,21.35915406,20.88547093,21.11965683,21.00191107,21.06061937,21.03122425,21.04591155,21.03122425,21.03122425,19.91677112,20.45883204,20.18416288,20.32056933,20.28629517,20.2692014,20.27774468,20.27347214,20.27774468,39.65248069,26.83330071,32.00705221,30.535174
2565,819,104.0275948,30.63737767,1807,104.024969,30.63984056,371.2646003,,52.15088031,56.13997946,78.16096848,39.46513467,51.28259227,41.91462363,62.11708261,65.35709345,61.20446759,58.94388362,70.59256486,65.7590436,47.8556312,53.24910602,71.33035683,46.58716758,61.66332462,56.025258,50.702441,56.72801532,80.75846291,48.62006491,40.95947783,60.59101393,61.09809094,73.64489508,52.87360817,57.78369048,53.21556472,55.9227013,44.20035775,49.59378705,61.68365208,49.76647775,58.9483613,54.71830081,54.94040303,40.49830556,40.90443951,66.48290068,53.70376941,52.21507855,78.62073889,78.62073889,78.62073889,78.62073889,78.62073889,78.62073889,78.62073889,78.62073889
2566,820,104.0709467,30.6743258,633,104.0719208,30.67587069,194.9990325,,63.0299903,49.11213062,49.11213062,51.61739096,55.60643731,40.03782417,37.60848259,45.94468613,56.12783056,53.62163082,48.54814463,49.61106127,40.34462741,48.28866841,42.94432199,46.74782576,49.51774161,46.74782576,39.15388428,32.9704822,33.70527029,33.33382746,30.63480327,46.30583885,55.0729485,42.56297803,57.64898687,79.77233148,61.91810514,65.4542207,63.63707803,45.73267212,49.96046083,44.54763726,39.52683091,43.21751593,43.42246496,41.21310277,30.49396635,35.75534043,35.57414783,37.94575768,41.82700201,37.94575768,41.85075049,39.18640845,30.69396322,54.87409961,41.89832844,43.9532703
2567,820,104.0709467,30.6743258,1698,104.0726142,30.67363721,177.0384233,,25.46806489,30.82652111,36.47143484,34.81930291,34.60269149,32.00694659,32.18880424,32.18880424,32.18880424,32.18880424,32.18880424,32.18880424,32.18880424,32.18880424,32.18880424,32.18880424,32.18880424,32.18880424,32.18880424,32.18880424,32.18880424,32.18880424,32.18880424,32.18880424,32.18880424,32.18880424,32.18880424,32.18880424,32.18880424,32.18880424,32.18880424,32.18880424,32.18880424,32.18880424,32.18880424,32.18880424,32.18880424,32.18880424,32.18880424,32.18880424,32.08078811,32.10772412,32.12120909,32.12120909,32.12120909,39.6683604,37.46753159,36.45622301,36.95495973,36.45622301
2568,820,104.0709467,30.6743258,1778,104.0698106,30.6728792,193.7785227,,28.76483978,23.40948596,29.70101891,22.943683,29.50733937,29.47616965,44.67039583,37.33823453,50.36842467,37.94756202,31.01030629,32.64911146,30.98620144,44.12879379,44.83787993,37.8651718,30.57425924,29.51254074,24.90511619,29.69876097,30.05288882,29.37274449,30.8917841,28.04191324,36.39666165,34.38079398,29.79389123,29.44062764,29.61620604,25.74179637,37.25514989,46.58448626,27.60050175,25.74179637,23.72798237,23.72798237,23.96230766,24.69390024,24.20130726,43.8743825,31.23011446,43.32935911,33.97760398,36.83102758,32.29642045,36.31869489,32.90699954,32.80363815,32.85523756,28.50306125
2569,820,104.0709467,30.6743258,1864,104.0692409,30.67514299,186.8337053,,49.76088821,29.56489403,46.06858487,51.05133503,45.96364505,32.75655873,37.21169234,33.37971906,63.05637552,36.40602647,32.10507585,29.58656917,29.58656917,27.71708815,26.45432995,27.71708815,29.42477605,31.35670578,53.80810713,45.94271442,45.94271442,45.94271442,45.94271442,30.18856998,51.73856454,72.01299134,60.21498112,60.21498112,51.53375091,45.04026825,27.45311588,38.00007565,39.50668658,41.77648069,39.50668658,30.95978546,39.50668658,39.50668658,50.9546469,39.50668658,26.74359201,42.16936295,38.65524937,40.33591239,39.47770149,39.9021929,39.68881219,39.68881219,31.28378321,39.10472902
2570,821,104.0158469,30.58332268,105,104.0186689,30.5856335,372.5739333,,22.59926133,22.57073891,22.58499112,22.5422884,27.79826238,46.97955026,42.08554,37.81765488,36.25043675,30.55275991,28.00138121,30.14081258,35.48323174,34.71035997,34.27426303,35.15769751,34.71035997,36.70679146,32.39773333,33.22021449,22.09664184,17.06445496,22.09664184,26.2767951,54.41242028,32.40751821,31.86378405,22.52336121,31.33799439,26.20940224,44.78351118,22.15138167,31.19223628,28.62894685,29.77834212,28.62894685,31.02388959,32.91450699,32.91450699,32.91450699,19.97046209,20.96547339,26.06931312,17.91938757,20.54343443,23.69728198,19.18835708,19.18835708,19.18835708,19.18835708
2571,821,104.0158469,30.58332268,217,104.0201993,30.58034411,532.126541,,57.61370068,54.81131753,37.10263741,48.01141723,46.26069905,61.99532517,47.2476396,43.71504102,50.54500126,50.54500126,50.08249798,49.85440592,56.28762628,46.07402439,57.14110507,49.20672223,53.13270905,56.90065982,49.97362299,43.04843927,56.09533082,52.79712121,54.62896048,53.01133069,57.35495651,65.20270754,54.00833351,55.35122412,49.99847892,45.99413079,37.69738696,33.98058621,48.68247897,34.27955051,50.54500126,53.31632473,53.89482929,49.11937302,51.39641261,50.2321013,51.39641261,54.4220326,38.8308557,45.32308078,41.82654034,43.504668,43.07263738,42.85982395,42.96596714,42.96596714
2572,821,104.0158469,30.58332268,255,103.966243,30.57342223,4881.660576,,296.1074654,280.4358203,288.4822501,353.6011685,447.1750146,345.4344584,352.0075728,328.6391412,354.3140741,352.0075728,384.2356507,423.8523503,382.4587176,371.575609,454.2057654,313.1221038,426.984687,320.8760118,406.657964,411.5384547,341.0767215,352.6587642,287.0392499,403.1631929,526.8364157,333.0376041,322.4028541,369.4697433,447.6733787,534.0882636,381.2592757,419.1962451,447.5018626,392.0575142,337.0159599,375.1115918,369.0719931,407.5716034,298.3697466,395.5736632,438.2623558,353.2457904,363.6712057,364.1646294,415.4847746,305.8116834,334.7867234,315.0987813,322.8717768,395.2076402
2573,821,104.0158469,30.58332268,1038,103.9999551,30.58885883,1642.699056,,123.6819252,124.7619536,105.8176147,118.9882616,163.0545453,207.1354326,185.557471,166.7401297,159.8301784,153.2050933,154.60697,153.9028393,207.4988281,159.8301784,162.7815098,155.0122307,158.3412712,168.4659558,148.3373729,146.469761,192.0037858,155.970437,172.1214528,135.6660886,203.7456193,165.6874901,152.4873384,129.1953789,166.4653068,166.3351639,190.2906793,166.3676806,166.3839437,166.3758117,166.3798776,166.3758117,136.7860432,151.633759,158.6630848,155.0688023,158.6630848,181.9605108,124.9879717,139.9144306,168.3449216,134.3009069,133.3419752,133.3419752,133.3419752,133.3419752
2574,822,104.1341692,30.60786785,672,104.1346143,30.60842985,75.50330093,,4.172093374,10.5686273,4.172093374,5.531189757,4.245165514,5.751110994,6.883927652,6.000432146,6.404364029,5.592357651,5.301060621,8.274334348,7.124820009,5.669834863,7.496707808,9.454326377,7.941910397,7.124820009,9.851602976,7.124820009,6.191614655,8.887582018,6.112424643,7.855834779,7.855834779,8.11303075,4.965734338,11.54190587,8.043258986,9.866130067,8.039541794,7.69188209,8.035828037,7.506764052,8.018049656,7.753987655,8.086093985,7.784771022,8.180257606,8.059602205,8.370628889,8.88709014,9.188715081,8.695081906,8.777858782,8.899320441,5.187671856,5.202494598,10.83311295,9.489259735
2575,822,104.1341692,30.60786785,715,104.1328426,30.60870213,157.2249592,,18.77312946,17.36004661,19.89489818,20.17860439,19.89489818,20.3270109,20.14307275,20.23462382,18.42305075,18.04015468,16.90107182,14.15024633,20.14756339,17.10039918,19.04625642,19.85742739,20.18296095,19.25600144,18.6879027,17.6828882,14.83643127,17.04331132,17.23013252,18.37896221,18.75657103,24.23807612,18.38891402,19.21990188,17.50186429,17.50186429,15.00357464,17.50186429,18.2619869,22.71797494,21.98097585,15.44997552,23.61741817,23.68950058,44.39292966,19.00956686,21.09812145,24.62696968,22.21636195,19.6531199,22.49883539,22.95022212,26.54986118,26.54986118,22.02105204,21.67063329
2576,822,104.1341692,30.60786785,1156,104.129552,30.604747,561.7326431,,25.30168927,28.90975719,30.6515728,28.79654703,28.68422007,24.15332953,32.29265017,29.03427875,28.62331939,26.33121765,26.46907742,24.50454426,34.24618993,23.7282196,28.8273345,28.8273345,31.90907322,28.85132586,28.87535719,28.50229056,31.18330787,34.21721684,31.38901847,28.08663216,27.70188377,27.70188377,27.70188377,25.23066145,30.87385519,27.4760532,26.617144,27.98944658,27.36451306,27.81619691,30.48599269,26.38274645,30.7642624,27.28145046,28.24354071,25.94275196,28.14526813,26.87358824,31.08743298,23.65190076,26.89145632,27.37377347,26.73149392,28.61206986,24.82034385,24.67647975
2577,823,104.0450692,30.68972023,620,104.0428231,30.68723173,349.7934557,,67.48426798,49.8715422,74.95574051,50.62337449,50.62337449,52.46901836,61.27768567,62.144585,77.51655528,65.58627294,54.52801908,51.78573435,67.40186685,47.16316257,74.77769837,71.09979903,90.16155897,67.61108405,72.06045439,86.84527176,63.57205422,93.27825485,72.85493624,82.38116963,74.70165324,72.07518466,94.20991781,92.32489459,95.39821519,92.33574654,90.59398853,71.23498461,176.1197819,82.45832633,92.59238533,80.91131265,83.19680602,53.02132381,61.40218321,139.9173823,86.84527176,97.61677833,96.12644584,108.0906816,61.27768567,52.14312383,109.9787284,127.1976203,132.5533095,71.54866139
2578,823,104.0450692,30.68972023,1247,104.0433067,30.69163822,271.4517207,,56.32427634,57.4838938,57.4838938,58.69226394,58.08179462,58.38543358,58.08179462,58.2332183,72.74636686,57.59682874,57.59682874,57.59682874,54.23008849,55.03432669,55.44545785,55.23912731,55.34210025,55.29056583,55.31632105,55.30987998,55.30666003,55.30826996,55.30746498,55.30746498,52.44180743,49.85847931,35.66518958,49.85847931,49.85847931,135.1003956,72.83673498,94.6466048,82.32161697,88.0549227,85.09180469,86.54800932,85.8137297,85.8137297,77.11904751,70.02416997,59.46609704,59.46609704,54.59364215,56.92579773,55.7353343,56.32427634,56.32427634,62.94532654,86.00450557,184.3823009
2579,823,104.0450692,30.68972023,1343,104.0488623,30.69056278,375.1184116,,97.62117702,60.60252574,58.65043569,43.94011763,56.82018015,49.55692777,52.94059256,51.19290911,52.05208506,56.42204076,136.4066951,61.59298891,93.7796029,72.93031223,80.70276586,76.61993088,76.61993088,76.61993088,62.04102365,62.88364525,62.88364525,62.88364525,62.88364525,99.47891578,77.05713448,77.05713448,77.05713448,69.60960215,110.9939409,85.5602713,110.9939409,110.9939409,116.0824884,113.4812001,114.7671061,113.4812001,108.1783404,77.61070585,103.3489501,93.7796029,69.49020319,73.27657869,75.32883386,74.28853536,75.32883386,75.32883386,100.6112296,133.7055725,88.00750572,52.75102663
2580,824,104.0921312,30.70228545,38,104.0894112,30.69807885,534.061291,,39.27723488,39.97132323,64.3016939,46.45881549,44.80327754,50.69533679,38.18511713,31.38972486,52.48964326,48.72680859,70.73933444,51.78278004,33.89370908,38.49090386,59.67782661,54.18013096,41.22846278,56.88226768,72.00826396,92.35967881,40.11728008,52.62647759,45.31810601,50.47904556,38.49090386,38.593924,50.99789516,48.62659225,50.7020213,41.77430574,43.13571966,50.66194065,45.08784008,52.53061879,64.80743755,61.03557611,42.34298615,62.5242487,43.59684008,43.86463394,35.14845791,35.8697882,38.81841515,33.48055111,61.8205996,86.31293592,43.93557239,45.32700937,62.38224035,42.56275944
2581,824,104.0921312,30.70228545,531,104.090725,30.70306401,159.9451335,,20.76834917,20.76834917,17.93777198,24.65963514,14.58137964,25.49208547,20.02791237,22.51564658,20.02791237,25.79137316,17.03557635,18.5443633,19.51872816,25.78191409,25.78277372,21.98243782,18.7787193,19.89814188,24.50223322,20.20359581,20.05843608,21.87283877,19.28179089,26.81151226,22.06492022,26.3726327,20.76834917,26.80955738,24.95352029,21.85554252,22.25502783,23.40533735,31.63749893,20.76834917,25.99559732,23.359127,22.11576919,23.9668046,19.09001179,29.28895148,22.14624925,23.64691912,23.4542762,23.64691912,23.55020371,23.99177003,31.19672882,27.20862283,21.38542175,25.06758731
2582,824,104.0921312,30.70228545,639,104.0931812,30.70381237,196.8525428,,31.42657003,33.2708523,22.46177984,30.06019742,25.60683484,32.28561066,27.63516077,43.74500951,26.27133101,29.13336707,38.48474848,29.06367003,22.0683271,34.14097782,35.74623728,22.75877555,26.44943264,44.19973935,35.61151528,24.86558435,24.1454567,24.15265589,26.36949204,38.93786561,30.97189102,39.99590569,30.43131096,37.09449717,30.87883024,30.6919159,25.56785944,30.66172652,33.23184779,29.58952627,50.14168544,41.80938962,31.42657003,46.56170526,32.10279294,43.84424547,65.01551872,37.36392727,72.31317899,39.08101953,32.80875713,27.10015886,29.92690684,24.02268319,35.49557496,35.04793047
2583,824,104.0921312,30.70228545,1090,104.1024344,30.70177664,988.3510182,,321.9967118,269.5502777,269.5502777,142.8941231,217.6185728,263.5602715,185.3158159,196.5781031,232.9337915,259.9498568,294.0548484,297.7459134,222.032054,249.0644565,249.6886783,152.7065951,459.1049891,344.3287419,378.5174112,378.5174112,378.5174112,378.5174112,306.0699927,187.5132367,256.8999036,216.7898654,272.1272402,100.6524375,244.8208945,333.8665637,444.7579582,381.4157069,381.4157069,381.4157069,354.0361856,367.2163016,382.5874909,155.3739592,220.9977432,205.2729038,205.2729038,222.1475753,320.5462762,242.0451473,251.4532626,251.4532626,288.1023211,288.1023211,288.1023211,187.7606156
2584,825,103.9512486,30.67150352,505,103.9459799,30.67151457,504.7655711,,42.65624545,38.17554739,57.62651341,44.16379276,40.29170856,29.83835888,40.78913706,40.33642744,47.64553549,43.96345297,33.79707481,28.63166054,46.61779166,40.29928574,43.24502751,28.02811398,36.28868809,29.74068831,50.22542996,50.61716033,50.61716033,50.61716033,50.61716033,50.61716033,50.61716033,50.61716033,50.61716033,50.61716033,45.7376304,56.25870142,51.15147237,51.42288096,51.2868176,51.35475915,51.32076589,51.33775689,51.32925998,51.33350809,42.55634791,58.61793729,43.75175095,41.88154667,43.20700039,42.53395,42.86783353,40.52483435,38.01581707,40.0695933,36.41595303,45.13271794
2585,825,103.9512486,30.67150352,853,103.9562316,30.67153976,477.4011347,,90.45495184,76.38418155,110.8802635,92.89968027,101.0967109,96.82501887,98.91476748,97.85873793,98.12062572,98.25209597,98.18631684,98.21919536,98.20275337,98.20686335,98.21097368,107.0155798,158.1574311,117.554315,117.447204,91.9061008,103.1186451,93.40456983,98.02152577,93.40456983,131.528884,88.58990128,93.91497732,88.58990128,72.11094064,88.58990128,89.04891632,88.81881576,88.9337172,88.87622934,88.90496398,88.89059434,88.89777858,88.89418631,88.89598239,88.89508434,88.89553338,88.8954211,88.895365,88.89539305,88.89537903,88.89538606,88.89538427,88.89538427,88.89538427,88.89538427
2586,825,103.9512486,30.67150352,923,103.951201,30.67450041,332.1859822,,26.31176097,26.31176097,26.31176097,26.31176097,26.31176097,26.31176097,26.31176097,26.31176097,26.31176097,26.31176097,26.31176097,39.82912692,31.6891563,33.39543167,34.31938043,34.31938043,34.31938043,36.52625339,34.31938043,33.76001866,33.48712015,33.62301568,33.55493032,33.55493032,33.55493032,23.33403973,33.55493032,33.55493032,36.45943707,34.94693778,36.45943707,36.45943707,45.47032456,40.46935824,42.82433432,41.61355497,42.21026379,41.90978551,42.05948799,41.90978551,41.90978551,40.48006045,39.80116503,40.13774221,39.96874505,40.05306537,40.03195195,40.0214036,40.0214036,36.72066128
2587,826,104.0540234,30.65066071,833,104.0510539,30.65392886,460.6060638,,41.14595111,33.23009679,37.85803264,37.85803264,37.85803264,42.55385362,40.39419804,42.55385362,54.74956514,53.13549977,56.85194844,57.57575798,57.211564,50.97131501,42.65811396,45.95847643,57.33685441,56.9088573,50.09612778,51.0602565,61.53846195,54.402291,54.18894868,54.54545492,41.97928683,51.27340228,51.27340228,51.27340228,46.61087364,66.99724564,58.90521597,58.90521597,58.90521597,53.20369506,53.20369506,53.20369506,44.24768058,52.83638332,58.11384918,52.47410853,55.19912882,37.62893713,51.46968948,39.49932896,67.31455331,57.17868378,56.25722917,47.30903936,49.2042086,49.84015118
2588,826,104.0540234,30.65066071,854,104.0549607,30.6517935,154.3655441,,23.92749015,23.92749015,18.53931472,25.37515793,15.33009541,19.8647349,19.8647349,20.14375927,20.43073378,14.41545937,14.76005203,14.76005203,16.80169187,19.49880557,31.21999768,24.00500902,29.87720208,29.87720208,29.87720208,29.87720208,29.87720208,29.87720208,29.87720208,29.87720208,26.65304359,15.44728169,24.05696791,24.3468109,61.06768778,24.64372323,35.11633231,24.64372323,27.63610239,21.35315884,31.4556203,22.38157914,23.51407442,13.68758519,20.5630327,21.16005555,33.14409296,26.29570783,39.0432758,18.19037508,32.81787159,31.66472699,23.69790869,27.10809555,23.69790869,14.17642752
2589,826,104.0540234,30.65066071,1781,104.0536897,30.6502576,54.9352341,,5.453756436,7.875235152,6.239931935,9.406270761,6.988227659,9.485220276,9.485220276,9.134727148,24.11790765,24.11790765,24.11790765,24.11790765,24.11790765,24.11790765,24.11790765,24.11790765,24.11790765,6.085133623,9.718272371,8.45609162,7.940450399,8.45609162,8.45609162,26.02195299,12.76429804,17.12730438,14.62738696,15.77894152,15.18135828,15.47438274,15.32647007,15.40007125,15.36318251,15.38160476,15.37238812,15.37699506,15.37238812,15.37238812,8.18910322,15.37238812,15.37238812,16.23363661,16.70149285,16.46424169,16.58201869,16.52292031,16.53765538,16.54503277,16.54134325,16.54226548
2590,827,104.0998265,30.66440044,960,104.1037376,30.66420395,375.3445931,,43.85957918,56.51098893,41.57663185,41.48090668,29.88148021,38.86159549,63.82377697,63.06840304,27.8836264,43.39243851,38.47380514,56.65578764,43.62929912,33.0376659,45.67375705,39.49346032,68.11546491,38.18604661,34.68530893,36.9191403,57.8394848,43.43827208,56.72714253,50.54011577,55.64824368,47.6372353,31.08682213,44.61012001,50.070672,36.50591952,30.66355223,48.5708316,26.51224071,37.03478365,37.02028863,46.46631827,50.93529211,48.59828263,57.01436857,39.8115599,35.45787541,35.45399895,44.72660837,36.22628781,49.14711625,59.17466167,59.07062449,60.26942619,51.48672658,44.28053113
2591,827,104.0998265,30.66440044,1539,104.0998106,30.66251805,208.6295318,,19.51581953,17.56880268,21.94816816,23.72287791,27.84305151,31.75756087,23.26483163,16.84949668,20.35410066,17.75570483,20.14933104,19.94864049,38.12519363,23.36131616,16.30980053,23.00356246,22.79412184,18.54484727,21.15679759,22.36980832,21.45903756,23.75539213,28.73978245,18.56777044,18.52198063,21.18663793,22.69082521,22.82876336,66.17324357,18.4764161,18.52959658,24.07263828,19.1354475,24.58482208,29.53631574,20.47897245,19.33246627,27.59244359,21.54109888,34.2952655,40.16397404,22.11620478,18.66003266,13.37606971,26.98037951,20.99416672,16.18677402,18.16363517,20.28812303,28.8594165
2592,827,104.0998265,30.66440044,1770,104.0936056,30.66482686,597.8811793,,66.29883706,79.57013847,67.95176781,51.1425856,59.97322046,46.63861854,68.27509105,89.13744803,61.70470342,73.54839834,66.43124214,56.35823542,53.95840173,55.35123335,52.13591155,65.16954225,78.64204382,53.64836105,56.70852972,57.85946896,66.7057514,44.91126229,52.85137497,71.37803649,62.46001873,62.91442095,92.32695959,51.3590514,45.94177685,58.07412467,89.0329781,69.84914326,54.27060629,87.61352423,85.85877818,82.99635909,55.04788352,45.40869716,49.9894594,65.02635183,71.98569383,56.30797241,64.24991778,70.28973977,85.28468531,53.74958438,59.78617556,85.13518411,67.35025142,93.78528303
2593,827,104.0998265,30.66440044,1860,104.0991842,30.66615627,204.0945777,,20.55218125,22.88911152,22.88911152,30.39257414,26.11250039,27.60106986,27.60106986,27.60106986,28.60581973,29.68648403,32.22545964,18.16416514,23.77800905,19.99293822,19.99293822,16.0774722,20.22685422,20.41654685,20.60983113,22.40062438,23.01157707,22.93674755,23.08689646,21.40540363,21.23527398,21.02261745,21.02261745,20.9327772,20.97760113,24.40998271,20.80435525,18.47241935,39.36109712,19.88472205,19.88472205,18.55405252,19.19635479,16.92950414,20.83385103,26.9382394,23.26355081,23.17793311,33.70369173,23.05068172,22.14741461,22.92481996,27.6114423,23.49290103,20.21294305,24.20891202
2594,828,104.0420574,30.61308529,786,104.0416221,30.61623459,351.5216805,,36.61860767,38.87797388,34.6074216,35.7985304,71.58356086,52.61862993,43.27583159,54.28647497,35.25008495,55.84633936,43.34818623,53.01712745,84.81756366,79.29060462,47.94991031,90.81806587,65.23082731,52.36460895,50.47490797,51.44219715,43.71254058,64.43370926,31.51875591,69.96862802,70.57259449,50.66979178,32.65749806,51.24689647,45.81330617,38.69963455,45.23603395,68.49678213,46.36804195,52.61862993,43.65560898,60.54918899,58.82036089,46.0062306,44.87510815,52.33573407,46.40535593,46.40546577,49.04087545,31.66861986,37.51417144,46.4055001,53.81577889,29.37117489,46.8695574,46.40550234
2595,828,104.0420574,30.61308529,954,104.046579,30.61154818,465.7234694,,65.23752879,66.62634931,59.98584937,59.45405992,46.25913405,56.12736217,55.30306178,61.57384507,43.63435114,50.5381911,58.26601181,50.39058304,54.4941871,52.41436467,50.93481994,49.77395276,52.6131116,44.87899594,48.43927742,47.4972795,47.03988749,47.4972795,57.36986723,72.42352008,61.65876149,55.84803298,64.84932571,65.99181264,80.03681303,47.61883138,53.1347108,53.83143428,43.02663361,62.79417565,62.32730446,48.79524126,60.46487083,55.77835842,57.74757141,65.74919568,59.95010094,45.80886584,37.09301969,40.06223393,38.08300942,40.06223393,61.0956086,45.80886584,50.05468689,48.14370394
2596,828,104.0420574,30.61308529,1052,104.0362486,30.61577708,631.7028019,,43.90212523,43.90212523,43.90212523,43.90212523,44.56166075,46.07232753,45.24131472,46.07232753,54.21049075,32.87898921,41.59994061,53.82556419,46.60102637,46.60102637,42.27007596,42.27007596,39.53290025,37.12865448,37.07820794,37.12865448,46.79280014,41.40428014,43.93393068,42.63161264,42.63161264,41.97990354,37.87691684,41.34781976,37.87691684,36.44439242,37.87691684,37.87691684,41.27277835,41.14210921,41.14210921,41.14210921,41.14210921,59.89807076,41.0863611,48.74006259,44.58714327,44.58714327,41.68126992,41.68126992,37.0983701,39.25651798,38.14694434,38.14694434,36.57627804,59.92437646
2597,829,104.0685052,30.6057055,438,104.0682341,30.61107062,595.1792172,,72.00772278,63.25929926,131.6020073,102.9808438,92.35539577,85.9349672,97.93227519,89.74430081,97.11706207,92.79824456,96.62435995,84.08025568,88.89107063,97.0620694,89.33892351,82.80087654,93.7082517,112.5404531,82.49536273,131.6525457,121.3179263,94.10464702,106.179292,164.8188601,119.2758052,105.3068516,81.26574262,95.61499797,110.7570348,108.7637148,105.5490237,76.34127726,98.68256451,85.08656617,95.44820562,87.7438578,99.32586676,79.06439786,106.5992628,115.1572822,85.31027781,106.5164608,70.95830602,141.9397591,134.9844355,131.0152468,74.74343657,134.7408331,81.64012886,108.1883838
2598,829,104.0685052,30.6057055,464,104.0669796,30.60781326,275.604793,,29.19548435,21.1664481,31.59979882,40.98212535,40.06773366,27.87667304,27.17363245,35.617761,38.03266909,25.03917362,35.424359,34.24843821,19.73794708,23.61623933,26.60512736,23.20797643,24.55333515,24.31104493,20.19527955,41.86401919,21.9326279,41.86401919,21.09893152,41.86401919,22.14434226,21.0374186,22.14434226,22.14434226,22.1529948,41.86401919,41.86401919,22.63952664,23.03170948,24.1295578,22.61372661,32.74062163,22.84149076,22.84149076,41.86401919,21.84209697,24.74566043,22.55589099,21.97817538,22.26328599,22.60728578,21.26283964,22.78640994,23.8848641,22.63952664,41.86401919
2599,829,104.0685052,30.6057055,920,104.0684345,30.60474509,106.6569936,,12.63562902,15.66538758,13.33694804,16.13299063,21.4405869,13.07486414,11.95780682,16.5157412,20.22491401,17.61851604,17.31522782,16.43510656,15.92941097,17.393666,17.61308151,17.54600961,16.20106232,18.58495532,17.90134379,19.71790788,17.90134379,16.91398935,19.02748575,19.58394527,19.52197281,18.87114313,16.20106232,17.13434867,19.63306052,20.58800073,20.17551012,16.20106232,16.20106232,16.20106232,17.7686872,16.20106232,17.79934183,16.20106232,19.24637478,19.64051497,15.28772761,17.33085881,14.03894614,18.03726563,17.32994859,18.03726563,16.20106232,18.7012156,16.20106232,18.71642238
2600,829,104.0685052,30.6057055,1222,104.0716805,30.60578435,304.5300069,,35.49358235,40.56956687,36.55883368,39.42741505,48.3221168,36.31662194,34.43448841,35.73218252,40.68876919,26.10257202,26.10257202,26.10257202,26.10257202,34.32219227,52.89785403,50.09785339,51.45979384,50.76969145,51.11241338,51.11241338,51.11241338,58.94129166,54.74839148,56.76752405,55.73967832,56.24890608,55.99313443,56.12072885,56.05685903,56.08877574,56.07281285,56.08079317,56.07680271,56.07879787,56.07780029,56.07829906,56.07804967,56.07817437,56.07811203,56.07814319,56.07812761,56.07812761,47.61381215,51.50050121,49.48094996,51.50050121,55.74447583,84.59166858,67.20318911,70.84381421
2601,830,104.0249996,30.70016139,430,104.0233096,30.69872934,226.6947229,,30.95982559,40.0049511,40.0049511,35.0257941,80.60256814,75.56490763,46.39866722,37.09550011,45.74896595,56.67368073,68.00841687,53.3399348,40.26814156,37.78245382,38.09847123,37.5175728,45.6772949,48.57744062,34.74618424,33.15237653,27.62347374,42.23032354,37.60834113,38.37465528,39.4013761,37.81162946,46.45736256,38.4953303,32.4278544,34.9507924,33.10754574,46.02073323,32.44988164,34.56529437,40.03766161,51.89831494,43.5253868,32.73132363,41.75097055,32.17746683,35.0257941,82.60131604,39.95929704,48.83583127,58.15446575,33.4467624,33.16734712,66.08105283,31.13638362,43.75876689
2602,830,104.0249996,30.70016139,1323,104.027512,30.69823421,321.7443091,,31.64698122,52.55351691,50.9864666,40.25298046,56.36396656,47.27671481,51.42195395,64.58807693,44.96925451,35.20606422,36.52232698,47.18042822,62.80369164,53.32778604,34.16753725,43.2732072,47.95424735,58.93189012,50.56644438,53.47962353,42.71118368,37.42421689,47.18916533,55.20874703,56.56275428,46.83070807,61.72004507,53.28485395,29.03865905,58.6875847,50.87611329,40.62356906,43.74534458,40.39335703,62.80369164,42.21135251,59.67095372,46.49857538,50.91338518,133.905146,36.70604089,45.51196514,48.79020694,30.84176217,79.71219517,69.73386591,45.24529347,61.06921859,37.67528401,40.03270206
2603,830,104.0249996,30.70016139,1585,104.0263028,30.70117585,167.9861672,,19.19841911,20.96187875,17.70864427,23.17050582,34.102455,34.102455,34.102455,34.102455,34.102455,34.102455,34.102455,34.102455,34.102455,43.66427451,43.66427451,66.45606615,46.30552848,46.30552848,46.30552848,41.57311195,39.55200797,39.55200797,39.55200797,25.73405115,31.18072709,28.19676894,29.61377006,29.61377006,29.61377006,32.77778872,31.11555208,31.92504819,31.51510282,31.71875098,31.61659897,31.66759259,31.64207524,31.65482878,31.64207524,31.64207524,29.35680592,39.12693844,51.25001711,53.99555374,52.58697408,53.28195612,53.10649413,53.01919578,53.06280905,53.05189901
2604,831,104.084873,30.69103796,431,104.0830485,30.69118929,175.556399,,17.84726182,22.22353117,21.92424964,26.59199311,20.65791335,18.1253701,24.85405199,22.13670881,16.34490611,20.82382328,21.88755104,19.39651263,26.06914766,34.85310863,34.85310863,34.85310863,34.85310863,34.85310863,34.85310863,36.63785718,35.72320507,36.17475048,35.94755984,36.06079732,36.00408955,36.03242112,36.01824976,36.02533405,36.02179156,36.02356272,36.02267711,36.02311991,36.0228985,36.02300921,36.02295386,36.02298154,36.0229677,36.02297462,36.02297115,36.02297289,36.02297203,36.02297224,36.02297234,36.0229723,36.02297232,36.0229723,36.02297232,36.02297232,36.02297232,36.02297232
2605,831,104.084873,30.69103796,693,104.0853733,30.69184839,101.8033251,,13.62423682,15.32473293,16.00401617,15.52932078,11.76552345,13.35237581,17.61980627,13.80817471,18.50969547,18.04353166,19.61876841,12.67772743,22.87715171,15.94634992,14.71609049,12.47999716,12.41644168,13.70832132,13.70907937,16.30924992,16.99537532,12.79204085,13.95463062,15.93564388,15.31036952,13.65772861,15.43809109,23.3434376,17.27480239,16.73585463,16.53488506,19.49122978,24.87220701,22.81662072,14.13013518,22.86555479,13.49257139,16.05770254,33.16669415,44.96833992,13.72629102,17.80527792,13.94831476,18.64289885,15.91713226,11.03891477,15.93443349,16.28158314,19.12091426,19.39110954
2606,831,104.084873,30.69103796,1362,104.0825614,30.68754155,446.302781,,48.35266587,42.02994085,47.96089587,39.02100817,48.26965699,48.48555297,32.73614531,49.70425403,63.85255883,91.2892052,89.2605562,57.86398601,47.61150794,40.44531181,39.80896956,40.44531181,40.12461788,51.41408037,37.80447086,43.98877513,74.04101436,63.93877249,44.50664852,41.05681461,65.04817861,26.7558703,33.72565096,43.45608588,42.35562421,42.89879881,68.36978773,42.18879681,52.17937791,46.65524535,49.26293233,49.26293233,49.96347417,50.6842275,65.88652653,39.34751049,53.2898843,32.42563091,35.55279391,33.91728409,34.71578688,34.31189044,34.71578688,67.01522468,39.18756126,39.18756126
2607,832,103.9882345,30.67074127,40,103.9895242,30.6706359,124.1066729,,15.25728022,17.62229907,22.08158266,26.29430244,26.29430244,26.29430244,16.2172059,21.1411998,15.06013559,15.75957751,18.38617376,25.24203517,25.24203517,18.77243792,25.24203517,19.90129276,18.1896803,22.2696086,20.27668234,25.88645431,15.88124267,19.73718255,22.33978288,22.26527346,22.30246594,11.03170426,13.66311995,19.12378052,22.29082994,20.08591184,24.06549472,13.22824641,22.2901031,18.82317832,22.40131696,22.20501645,22.35826628,22.20501645,15.20270723,19.38325477,27.72903165,27.65632179,25.71418834,21.80320565,29.96101328,25.71418834,13.45735007,29.95629645,25.71418834,23.09458656
2608,832,103.9882345,30.67074127,667,103.9884216,30.67348142,304.2261242,,30.99662398,30.99662398,29.58895535,76.76733973,102.8369997,35.79130873,44.71782431,47.87820971,41.75557923,44.7765891,39.04506407,41.72243989,39.89245277,45.16346586,41.10585211,49.78245669,41.49192918,39.39618875,76.05653105,51.29151272,44.29581586,38.07281756,47.50960999,56.55644306,73.87615832,57.82165504,85.12026271,46.90424185,59.4694901,49.86745804,44.45230271,72.40644378,55.15063458,50.66770205,47.68254981,65.49521238,71.06185551,60.41972047,48.92163738,51.91645144,64.23542798,63.12472894,54.36020709,49.5571967,54.04622691,60.37702243,84.73609649,50.97103422,48.55479289,30.2128013
2609,832,103.9882345,30.67074127,1000,103.9857416,30.67072388,238.8379871,,26.37474704,19.90316559,19.90316559,19.90316559,26.64033319,45.37291576,40.27244747,42.67080663,41.43695198,41.43695198,14.40229068,28.6892477,37.22150448,28.6892477,25.73916341,27.13425652,26.41830483,26.77149485,26.59372722,26.63794742,26.63794742,26.63794742,19.90316559,22.78327459,22.78327459,22.78327459,70.76681099,34.46922953,46.35821414,39.53934089,42.67812352,39.53934089,39.53934089,16.7279524,19.41991538,19.67544058,19.17094211,19.41991538,19.29462561,19.41991538,19.41991538,19.41991538,14.1185017,16.35021162,15.1526248,15.72865496,15.58058021,15.50758346,15.54399614,15.53487695
2610,833,104.0510539,30.65392886,1387,104.0440881,30.65424778,668.3878467,,48.05184719,39.57559619,61.14857047,62.43103778,63.88131632,63.76845181,65.47472784,64.61032664,72.18588745,70.63198379,64.45168522,59.26591744,43.08319155,43.08319155,40.8869371,43.08319155,64.02296004,53.23443027,53.23443027,53.41168142,64.45168522,53.59011688,67.68484524,63.82483417,63.82483417,63.82483417,50.81723861,50.81723861,49.00603357,50.81723861,80.88054616,62.4175421,70.45962659,66.19522003,68.26088647,68.26088647,68.26088647,70.35661544,63.82483417,180.9170111,64.16523328,64.16523328,64.16523328,49.15620527,55.66677266,54.68627837,54.68627837,62.09538705,58.15580056,58.15580056
2611,833,104.0510539,30.65392886,1499,104.050223,30.65267368,160.2835448,,14.31813303,11.56354231,13.17398998,13.17398998,17.44143359,18.81589439,14.05653499,18.81589439,22.22016923,18.49030425,19.78356896,24.87158454,19.90870942,17.73720256,14.84434153,15.99281489,19.95230848,19.80337233,23.97074433,17.76815277,21.41440072,18.93112734,23.1982717,18.98094609,14.60812054,17.8423241,17.8423241,22.29751694,16.21983869,23.31397015,20.49807322,20.49807322,20.49807322,18.51403512,22.81887945,20.99529756,15.39748529,25.93351736,25.93351736,25.93351736,25.93351736,25.93351736,25.93351736,25.93351736,25.93351736,25.93351736,25.93351736,25.93351736,25.93351736,25.93351736
2612,834,104.0826029,30.64891958,498,104.0817032,30.64925009,93.67032736,,14.94665652,11.33807269,14.313668,17.94880524,15.86885546,21.53952169,17.02977404,12.18934601,14.89966429,17.28213602,21.70900291,21.70900291,17.9368712,23.0179644,13.82021223,21.84336946,20.1924059,16.81861239,24.22726024,17.33743848,14.80303681,18.25611036,19.70530434,16.94538585,16.641973,16.94538585,13.48852714,15.27233598,18.09730833,18.03279029,17.32259478,17.27084141,16.1547659,13.50098959,23.4991762,27.52760641,15.93133127,11.57482306,12.03258442,12.17376096,12.5638293,22.70795815,16.59105429,17.15224713,15.70259271,55.28084893,20.56177918,14.10933801,30.24333439,16.72921509
2613,834,104.0826029,30.64891958,932,104.0818673,30.64545371,390.5338281,,56.01281997,61.75997785,56.8870085,54.17810332,62.51066933,62.55491796,42.66833934,78.54311627,52.16778409,56.01281997,56.01281997,79.20686091,56.01281997,67.59239333,50.79197186,71.27613593,71.27613593,71.27613593,49.63138508,51.25255981,56.54788461,45.01067849,63.68841591,59.19670658,61.27928063,50.32382214,71.00615056,75.28362951,66.161025,74.16666172,73.62051546,47.87188861,73.62051546,44.77457902,56.01630704,72.43285838,52.50875,75.7909316,59.50991666,72.16584038,72.5770831,76.20172256,50.00314574,57.97615592,54.77617328,58.98972509,75.55334249,44.1766467,74.69478177,61.26020833
2614,834,104.0826029,30.64891958,1286,104.0837911,30.64784092,165.0925261,,23.96504411,23.96504411,23.96504411,23.96504411,23.96504411,23.96504411,23.96504411,23.96504411,23.96504411,23.96504411,23.96504411,23.96504411,23.96504411,25.5902301,24.308102,30.63572649,27.10755275,30.63572649,30.63572649,31.82506527,31.82506527,31.82506527,26.41480418,28.86863844,27.58726285,27.58726285,27.58726285,25.78451601,26.6554436,26.21274758,26.21274758,26.21274758,18.31534958,21.56371667,19.80723453,20.64818821,20.21897085,20.43132555,20.32459353,20.37781978,20.37781978,34.25550974,20.63656576,20.63656576,20.63656576,20.63656576,26.01020105,23.01386617,24.01345834,24.01345834
2615,834,104.0826029,30.64891958,1794,104.0835708,30.65122542,271.8671735,,25.9607911,25.9607911,25.9607911,25.9607911,25.9607911,25.9607911,25.9607911,25.9607911,38.9153807,38.9153807,38.9153807,27.33859845,32.11556438,30.77136804,30.14060089,30.45271854,30.29585586,30.37408467,30.33491983,30.34470157,30.34959481,30.34714799,30.34837135,30.34775966,30.3480655,30.34791258,30.34798904,30.34795081,30.34796992,30.34796036,30.34796992,30.34796992,60.29087216,40.37354258,48.36179895,44.00810581,46.08235054,45.02134945,45.54567174,45.28199285,45.41344956,45.38051388,45.36406396,45.37228741,45.36817532,45.37023127,45.36971727,45.36946026,45.36958876,45.36955665
2616,835,104.0333621,30.61112478,256,104.0354192,30.61450689,423.5456655,,80.85871795,45.5153551,21.61253573,80.25075767,68.52617038,17.25334536,24.05623554,20.33019194,50.65662445,34.93160128,37.39458972,43.74174696,78.59610288,64.88359131,39.56316543,24.03366533,44.36753819,60.50652364,75.95339456,62.39901063,35.87680931,56.09876364,52.69923028,59.44500568,55.41239475,63.21577097,36.99088782,26.09780737,32.8023893,19.09535875,70.59094425,72.94553919,36.13185772,28.93291074,51.57038542,81.07454141,40.08480717,93.11538295,63.66448417,27.45838998,43.67561923,30.12045558,92.87904947,66.0071167,86.14488112,17.82307885,59.71733447,45.94640882,67.76454825,28.38824899
2617,835,104.0333621,30.61112478,446,104.0320147,30.60709687,464.7243505,,37.84219607,54.92436702,61.91738201,53.46780639,46.87609027,35.26761869,38.95179577,32.78621438,56.13073235,38.51652619,40.29357771,35.28001396,55.44350163,44.02651742,46.0521181,37.89371827,38.8168831,32.19976253,39.69019007,29.68628434,30.9068278,29.15294807,26.67665976,25.91945757,29.18696531,25.92852455,27.88864865,26.54789947,27.62127471,26.54632596,25.89745227,25.64008648,25.64008648,24.94574039,24.79061442,29.18077167,30.94455013,27.84285686,31.92943826,27.94190362,25.75298668,32.91493902,48.18121409,34.72091147,41.18753354,38.97248788,41.03448662,32.51711425,37.11624306,25.30068298
2618,835,104.0333621,30.61112478,975,104.0364116,30.60942077,348.0314051,,59.21139217,50.72522503,50.72522503,40.41655027,45.31331133,45.31331133,47.70276255,50.3582419,82.24812201,49.57824426,102.4877757,46.23295418,90.4630367,62.48942934,41.55598867,71.42012549,35.49328777,40.6130651,40.6130651,50.11652233,56.95059356,55.4386309,55.4386309,55.4386309,42.24251714,70.98657554,64.12042264,59.71228683,34.20144837,55.87126236,42.42967884,48.23147551,45.14493623,46.63719338,45.14493623,45.14493623,41.76376861,41.76376861,41.76376861,40.38398254,41.76376861,41.76376861,40.28659352,54.32685348,77.70003463,113.3857971,77.70003463,44.19446414,56.34235226,52.71955012
2619,836,104.0696995,30.61099633,438,104.0682341,30.61107062,140.7218803,,21.06439788,20.21543372,24.53262804,63.12757247,39.88966686,17.09557151,14.57838184,33.99991739,48.47835111,12.06187545,36.14259945,31.78160408,58.77015883,33.25593671,48.01884067,65.79204793,27.27315042,17.90101658,16.83052389,39.20368807,64.02512089,28.18351984,48.6179241,38.64896712,37.10110827,30.21463831,25.18398581,36.71005573,15.63576448,21.37547549,23.62867393,13.84149642,21.37547549,46.87629058,50.10317497,24.08725507,32.72601867,21.37547549,33.11103066,40.52790153,30.92788578,24.19215134,35.46782515,28.97215182,40.52790153,53.43868872,20.32492554,19.71201436,23.7203437,44.92008789
2620,836,104.0696995,30.61099633,618,104.0748969,30.6108969,498.3483237,,62.5728837,58.02423113,58.58363128,52.91373073,58.12542781,63.89081073,48.75146645,42.41978638,65.04909229,56.14516503,76.8880271,52.68880955,82.89358257,45.9359479,55.2259356,160.3518266,56.30347619,92.31046902,100.9110306,50.73682029,57.26986784,72.41388356,41.55307389,51.30999472,58.53357146,39.39608561,87.85768684,54.94805407,48.14959649,56.81535091,64.94966086,56.99666868,94.78671285,41.68986752,78.64824982,58.53357146,79.18270968,49.74271622,53.11549531,58.61180166,70.18467451,30.32203885,49.60517876,50.71530644,27.24455528,54.80119024,57.99743423,59.47140216,54.05405138,52.70749164
2621,836,104.0696995,30.61099633,1347,104.06964,30.61440644,377.9841447,,78.86286688,59.48220533,51.91473628,40.51839963,56.66220783,68.43062212,49.13793882,54.81765719,53.70711205,77.88764192,78.20361614,65.97193755,53.46074091,53.17710068,57.49929455,56.43426182,105.1874359,88.8055303,77.13447701,64.27357137,74.62941067,62.2681821,60.77104306,70.52569561,61.41328462,55.31475288,50.02731327,60.79744972,72.7475499,67.4865975,51.91388987,54.71376275,56.11311014,51.94776793,67.10945649,78.2535865,56.73398966,64.04866122,79.54238367,70.32263157,54.59349733,89.67004421,71.3676357,74.67036333,56.83756268,78.2936088,67.22089236,61.29472617,62.16986503,54.05902637
2622,837,104.0071302,30.73264917,350,104.0101252,30.73331802,296.1770007,,51.3642972,40.73494566,35.54124008,32.7317637,33.84880008,49.36283345,40.9697292,36.08247724,45.8627468,86.68595142,86.68595142,86.68595142,86.68595142,86.68595142,63.09095873,73.02994538,67.69760016,70.26274811,68.95632676,69.27835631,69.44050164,69.35933421,69.39989417,69.37960828,69.38974974,69.38467862,69.38721411,69.38594637,60.98600358,69.3862633,71.32021422,69.3863425,96.93065477,69.38636232,69.38637221,69.38636729,69.38636977,69.38636851,69.38636914,69.38636882,69.38636896,69.38636896,69.38636891,69.38636891,69.38636891,45.08402548,69.38636891,69.38636891,69.38636891,31.73325008
2623,837,104.0071302,30.73264917,1702,104.0040185,30.72959782,450.7025223,,59.43783549,39.0549336,42.23880979,41.25199568,59.87192178,97.02831711,97.02831711,97.02831711,97.02831711,97.02831711,97.02831711,97.02831711,97.02831711,97.02831711,97.02831711,97.02831711,97.02831711,97.02831711,97.02831711,97.02831711,97.02831711,97.02831711,97.02831711,97.02831711,97.02831711,97.02831711,97.02831711,97.02831711,97.02831711,97.02831711,97.02831711,97.02831711,97.02831711,97.02831711,97.02831711,97.02831711,97.02831711,97.02831711,97.02831711,97.02831711,97.02831711,97.02831711,97.02831711,97.02831711,97.02831711,97.02831711,97.02831711,97.02831711,97.02831711,97.02831711
2624,838,104.1059658,30.70347163,1034,104.1059183,30.7017592,189.8434963,,37.27835928,37.27835928,37.27835928,37.27835928,33.3926671,35.22869004,34.28611639,34.75101288,34.63361082,34.63361082,34.63361082,41.04724244,37.56866257,38.38183709,39.23099279,38.80176965,50.2526902,33.91744847,40.49994588,40.49994588,45.18589003,42.71478667,45.18589003,45.18589003,59.17199885,51.24173096,54.92207628,53.01811097,53.95330153,53.48161833,53.71642446,53.59876426,53.65752986,53.62813096,53.64282638,53.63547764,53.63915178,53.63547764,53.63547764,44.81551388,48.83041716,47.76072786,46.7368996,47.24326742,37.34626157,48.64317343,47.46087408,46.33468384,48.64317343,48.04475126
2625,838,104.1059658,30.70347163,1378,104.1060918,30.7062197,304.8073555,,68.47466333,68.47466333,68.47466333,68.47466333,68.47466333,68.47466333,85.13584756,36.65018303,42.73462567,46.60300039,46.60300039,46.60300039,78.65996271,59.47460595,59.47460595,59.47460595,59.47460595,59.47460595,59.47460595,59.47460595,59.47460595,59.47460595,59.47460595,59.47460595,59.47460595,59.47460595,59.47460595,59.47460595,59.47460595,59.47460595,59.47460595,59.47460595,59.47460595,59.47460595,59.47460595,59.47460595,59.47460595,59.47460595,59.47460595,59.47460595,59.47460595,59.47460595,59.47460595,59.47460595,59.47460595,59.47460595,59.47460595,59.47460595,59.47460595,64.9293775
2626,838,104.1059658,30.70347163,1418,104.1031337,30.70349434,271.236828,,49.6922433,36.6398717,77.18992734,70.41725341,73.64821479,71.99650365,72.81299342,72.40244673,72.60713974,72.60713974,107.3024814,64.8087996,80.80986878,64.8087996,59.63069196,59.63069196,59.63069196,45.41639911,70.75743339,48.57973039,42.45446003,65.42395851,82.05483872,49.81900922,85.65373516,67.57457307,75.54758846,75.54758846,83.36841672,92.99548389,108.3743153,100.0976505,104.0716846,102.0459915,103.0488839,102.0459915,102.0459915,44.58687584,62.05855528,51.89152634,56.52147169,55.28821913,54.69155648,54.98826929,54.83951153,54.98826929,56.37716979,54.98826929,54.98826929,49.74607703
2627,839,103.9586125,30.63198082,532,103.9616424,30.62666907,656.4404604,,83.70197135,83.70197135,70.7540616,70.02031578,70.02031578,68.86407937,49.64675751,82.32303618,73.16364265,71.60083798,73.02234554,76.56109041,56.88939955,69.34892614,70.36592868,70.06255062,70.40916205,71.32358437,69.88374825,77.67683727,78.92318513,78.51115141,78.08312101,99.99375139,82.918795,53.10529567,85.69807594,74.48969763,51.69199396,55.69172799,82.4172427,198.58703,82.32927791,82.2934409,46.06599722,90.13127344,60.59450404,95.67553269,96.75803558,83.92413621,65.46220658,97.25043858,74.65615481,77.68100555,67.32722671,78.51604236,61.94950731,91.33084666,81.286306,77.16811424
2628,839,103.9586125,30.63198082,735,103.9538128,30.63739103,755.7504979,,92.54087729,78.67847867,92.54087729,78.67847867,77.40261145,78.67847867,78.67847867,78.67847867,78.76959445,78.81523153,78.79240638,78.39509559,62.81109397,68.92760459,67.50859331,70.14330714,65.14529877,69.9474524,64.21017608,72.0197301,75.27700852,76.96393258,70.34813263,73.02098294,67.46942906,66.00783934,79.86797771,67.11566888,72.94106682,73.33427743,68.58336221,69.11181999,70.32400472,66.98643222,67.31316066,71.30722924,67.23118012,71.5468168,67.96626669,71.60696547,71.63707774,75.84065032,72.43511589,78.10033621,75.16196061,75.16196061,70.49494569,69.56664135,73.067572,69.63650533
2629,839,103.9586125,30.63198082,775,103.9784668,30.63921045,2064.634066,,227.4382692,227.4382692,318.7427558,228.6979273,228.6979273,182.3971199,286.423223,181.0641325,212.9708492,212.9708492,254.9805365,171.0628915,191.5639855,206.1770496,182.2713192,246.932978,170.2790982,217.1182854,197.0227339,183.058452,211.7255924,245.7085169,172.7191938,211.0058946,246.932978,216.6962868,216.1187101,184.4338123,191.3174424,221.6065187,213.2764028,245.1559491,223.9321909,241.0925575,402.8554275,251.3695248,210.6470919,225.427983,224.1117877,232.0900121,205.3714895,354.4999668,194.1905868,205.3257815,205.3257815,208.9299406,208.1416613,208.1416613,208.1416613,276.3079047
2630,840,104.0358847,30.64300854,650,104.0351255,30.64268059,81.32587157,,10.11888725,12.92382664,10.28717982,11.06216843,11.2984301,12.71889819,11.79249023,15.16086444,11.91345423,13.80771236,11.11846989,11.7605813,13.00170598,19.92783693,10.40334646,9.847911647,7.834143592,9.114348803,9.154208829,10.09175886,11.39195088,8.878121738,13.00058338,11.36983059,12.55332763,9.812628013,10.03015766,13.30534994,7.570532474,15.61456734,12.60685249,34.6477086,9.442391055,12.04732386,13.02564753,10.37972569,11.541648,9.786288723,9.755852638,8.53565999,15.16398049,9.116601263,12.86914891,9.770503509,12.26531787,10.68515101,10.7637183,12.32729001,13.53082092,8.585722512
2631,840,104.0358847,30.64300854,1502,104.0389672,30.64457082,342.4038846,,30.85491826,37.0055234,44.46001748,28.62476597,27.22292369,31.89788736,36.01618655,36.17473176,76.80087131,38.20998092,75.85562982,52.36423044,31.20642999,38.04487607,47.47062841,46.03272141,39.9748802,34.36767615,25.77695493,57.91290858,38.99481591,33.40525703,41.96779131,45.67987971,26.21552498,29.89899411,34.69007462,42.92468895,27.09129636,30.91941433,28.87904689,30.91941433,23.77346161,35.77230427,44.1811464,44.87817904,37.6382896,45.88559672,38.68161039,43.65308489,27.77811796,43.37785282,31.44525471,43.37785282,46.95824703,40.78580955,38.48607445,34.52812282,33.78985703,29.43172093
2632,840,104.0358847,30.64300854,1893,104.03647,30.63980432,359.5288499,,109.9196484,108.7650302,111.0990437,63.75881082,69.39967076,73.40097504,65.81206065,76.24765005,80.69226058,59.50822343,50.0214052,86.00025645,104.3793435,86.00025645,57.95390417,68.93762235,68.93762235,75.85663646,84.31946968,86.40212681,86.40212681,70.21539927,88.71171074,132.7491138,91.14815913,108.0838296,98.89618794,103.2860935,101.0434826,102.1524812,101.5949556,101.8729556,101.7337656,101.8033131,101.7685275,101.7859173,101.7772216,101.7815692,101.7793954,101.7804823,101.7799389,101.7799389,88.04788161,88.04788161,82.43973628,85.15156971,84.45702184,84.11397951,84.28515162,84.11397951
2633,841,104.1060637,30.6775428,978,104.1032838,30.68263455,623.992146,,46.96678161,36.58585872,48.54331984,40.29968711,37.2203423,43.06930178,47.31860116,47.73871435,54.6511321,45.04933271,45.45310961,43.66833097,44.76882496,48.54221117,60.22444305,43.18513758,47.30961266,52.83163398,50.00434639,45.30898385,56.65256113,52.11999363,48.07378056,67.78430071,43.96936519,41.01940402,62.05446756,45.55076071,62.73529654,47.35434468,40.77678684,46.87984205,47.09923246,39.49581902,39.32133553,59.50653578,40.12174148,48.05980284,48.79077694,48.0507321,38.91318551,48.68503395,51.45873557,44.89152129,47.12861821,46.79331807,52.28680188,43.50623097,43.99010685,45.83964342
2634,841,104.1060637,30.6775428,1062,104.1083185,30.67849451,240.3744119,,21.60668871,33.99580969,35.61102399,37.7057901,40.41321111,23.16861801,26.70826799,28.05017448,29.53405743,32.46213922,32.46213922,36.82331416,34.50546955,21.60668871,26.99993394,33.44801314,36.09375945,30.10653668,38.71802608,38.40301256,46.80367155,39.69485701,35.22447284,31.65906889,26.3424013,28.75706063,38.44437282,22.97964787,39.52795936,40.67440107,44.95313677,44.68233473,44.72082082,61.68467596,66.56522176,49.19855303,38.12105211,48.77161981,50.78332646,27.69113225,48.5468658,32.16906628,36.83899033,47.35734683,35.7828208,39.92377776,24.54887611,26.5746915,26.11188542,31.86307025
2635,841,104.1060637,30.6775428,1530,104.1068519,30.67543362,245.6525398,,30.03748473,31.13677025,47.85439087,41.58381551,44.43965544,44.43965544,44.43965544,44.43965544,35.97352448,35.74572123,35.97352448,48.4574873,48.4574873,132.9848336,37.91421836,70.00125147,83.16763106,70.00125147,56.32797091,47.12340017,27.33691324,65.50734395,18.43354129,23.38664149,21.77816712,23.38664149,20.37670837,21.11878551,21.91695522,17.08887233,20.44737904,17.08887233,17.08887233,15.64527454,16.13039933,16.13039933,17.45569491,19.65220318,19.01826115,28.9475988,28.9475988,35.02372845,15.10416983,35.02372845,35.02372845,85.03357147,17.22198916,23.09005596,16.21914981,17.42559888
2636,841,104.1060637,30.6775428,1818,104.1026121,30.67671597,343.1122796,,34.7455473,42.20515512,29.05696904,62.59480778,62.59480778,62.59480778,68.7497703,76.24717324,56.14564575,56.14564575,39.46339318,56.14564575,70.85301377,62.64771968,58.17288258,50.41649823,54.2946904,70.18205719,64.58584087,53.93904832,44.0750832,48.51071994,46.18664946,47.32016594,46.7465373,47.32016594,47.32016594,54.65505339,53.24156063,53.24156063,53.24156063,53.24156063,61.24979536,56.96560523,59.03006961,57.97946597,59.03006961,59.03006961,78.37590143,59.03006961,54.95903033,56.92185284,56.92185284,71.60604096,63.42511972,112.2912915,37.31734763,50.62312322,50.62312322,50.62312322
2637,842,104.0318859,30.59257463,509,104.0301944,30.58666704,674.5268534,,50.53687143,118.3092167,43.67440058,51.77604845,73.65915082,49.81121379,136.0390293,94.57825403,82.45489549,99.77592901,71.42049036,115.3585117,126.3914989,280.727939,76.94919287,122.0249584,139.7580819,45.26182055,100.9249634,70.74425848,285.6819614,100.1423977,154.6177123,358.8615772,206.1518221,168.0094561,51.8313057,174.6452506,162.156706,182.8247233,135.3047075,217.7844549,181.5548914,53.36915763,105.8081339,105.8081339,145.843644,115.49568,127.1359514,64.1331985,135.4068777,58.37251616,51.50152009,110.62855,274.3838048,115.8055045,102.2440704,125.1699316,62.74668404,125.1699316
2638,842,104.0318859,30.59257463,1024,104.0348444,30.59050259,364.9657052,,70.73359562,53.75926918,41.47337559,37.56795288,35.29817567,45.85956505,41.69933474,30.82381716,43.79588462,35.86560161,35.86560161,35.86560161,35.86560161,34.02356164,33.17171989,33.59224132,33.38065625,33.48611456,33.43330225,33.4464897,33.45308733,33.44978819,33.45143768,33.45061291,33.45102529,33.4508191,33.45092219,33.45087065,33.45089642,33.45088354,33.45088998,33.45088676,33.45088837,33.45088757,33.45088797,33.45088776,33.45088786,33.45088781,33.45088784,33.45088783,33.45088783,33.45088783,33.45088783,33.45088783,33.45088783,33.45088783,33.45088783,29.39321116,31.29105279,30.79398137
2639,842,104.0318859,30.59257463,1167,104.0318858,30.59596115,375.3284333,,19.02403886,18.19774222,19.92894336,20.03978287,20.58944548,20.58944548,22.13601507,22.07093041,22.00622736,18.02606541,17.46842094,18.02606541,22.4448897,23.3364829,19.79271035,18.88444947,17.9374921,18.39879424,18.16521498,18.22305202,18.25210887,18.23756887,18.25210887,18.25210887,20.34913193,18.01230221,16.60949428,17.77871526,19.13856034,21.53278661,20.72365583,15.74804615,19.05757912,17.96785053,19.05757912,16.99600453,19.05757912,19.05757912,20.23232882,19.05086161,19.04414884,17.75535296,17.75535296,17.73670727,17.71810071,16.17214075,22.57614636,22.57614636,23.3364829,24.36758088
2640,843,104.1333581,30.61806707,871,104.133929,30.61760426,75.00261237,,8.803287526,12.3857525,8.385385234,10.73596042,9.278673695,9.060718273,9.316023159,10.12029252,7.889244837,7.988443921,8.916675423,9.574801579,9.185109133,7.935618061,9.829987465,9.829987465,10.4959924,11.98709898,9.499011593,10.04063481,7.797081972,8.391176245,9.412092533,7.402588198,12.76646842,9.644423176,8.213213826,7.778048691,9.8096072,9.474014194,9.983401344,9.336155684,11.17555554,11.61501422,10.3237625,12.27935645,11.53886344,9.557150221,9.42216972,7.417840784,11.44107646,12.06745942,8.700625281,9.174891276,9.791818841,12.65174875,8.344569405,8.531102829,11.46080507,10.19023581
2641,843,104.1333581,30.61806707,1198,104.1288734,30.62014553,487.6965485,,50.38931129,68.66767402,54.52507996,59.515511,57.18917181,43.24402893,61.44746083,64.84607847,53.11607436,61.17447995,58.28074936,56.43093852,59.22868927,58.81767419,61.25985955,77.63429084,66.25311602,43.27067343,60.23010548,45.84092884,62.01921426,86.18342362,68.22178004,66.37835821,82.71442079,57.91228943,53.4055536,57.91228943,61.06808955,54.95172377,59.21442073,81.76948119,63.04156462,74.43381344,65.10658496,59.71794471,67.78793724,67.78793724,64.39741021,56.45361976,56.86148099,61.17447995,50.29079622,61.51384202,55.34145231,63.49756147,59.31444509,55.84311624,78.20523718,73.15448228
2642,843,104.1333581,30.61806707,1277,104.1305591,30.61434807,491.7983331,,53.97786583,53.97786583,53.97786583,57.11206449,55.15495324,55.15495324,55.15495324,55.15495324,55.15495324,55.15495324,58.77092113,56.9055524,57.82319654,57.82319654,57.82319654,78.45527322,66.5774233,40.05597283,80.47609087,77.20090114,77.20090114,77.20090114,77.20090114,77.20090114,77.20090114,77.20090114,37.47034919,79.15681068,41.36621493,74.20259846,54.51339717,74.20259846,74.20259846,112.0553164,82.47229529,52.17506874,92.81646129,56.47444973,86.92998358,68.82309035,52.14945506,61.68898952,48.30761253,54.18436111,51.07750448,52.58508258,56.01990228,79.75108104,59.93480024,59.93480024
2643,844,104.063411,30.70790007,773,104.0617491,30.71034299,314.0591884,,66.08799467,65.07749876,56.08994718,52.47180544,39.20068459,46.59119827,47.30598654,73.65557513,62.98680102,89.67644914,116.9837026,59.28752377,86.43830873,79.99620838,101.5388551,101.622831,110.559179,114.1532081,88.2831659,78.83684303,97.36789424,76.68061573,99.65006936,106.139187,115.3686815,128.1361489,112.2299747,118.0356681,93.01204479,95.67952705,110.1796853,114.5593922,112.8731858,105.5414775,116.3082464,114.8413487,100.9475963,93.99396136,109.6617923,92.9780492,81.78033116,92.81152136,93.35337344,105.6030896,73.07748429,95.49798314,68.0835877,73.7035905,60.10992682,65.03115485
2644,844,104.063411,30.70790007,1474,104.0641104,30.71169341,425.7217866,,83.23307922,120.6770419,120.6770419,120.6770419,133.2694288,126.6610274,129.881223,128.2509148,128.6546428,128.8574614,128.8574614,128.8574614,142.567296,153.2598432,147.7203308,150.4391099,149.0673247,150.4391099,150.4391099,150.9949194,161.3261507,155.9896623,141.4162336,221.5804961,168.7883735,168.7883735,168.7883735,164.6479963,137.6585418,137.6585418,137.6585418,135.1497735,209.9449907,147.1883248,173.0527516,147.1883248,127.8867556,75.12737411,113.06054,98.1176973,100.6632796,100.6632796,112.1755485,135.8954274,126.6610274,131.1158354,121.4206504,80.24075559,116.5966686,115.0023835
2645,844,104.063411,30.70790007,1621,104.0637486,30.70517334,303.9309738,,34.84558935,41.64230279,44.32006099,51.73293171,47.36586605,51.73293171,49.4531754,54.30032286,61.01216576,22.60643607,37.37950483,28.17384785,32.13030116,31.04054526,30.5229258,31.04054526,36.8451025,58.69911511,45.31988486,40.26316488,153.0281826,32.71005996,66.83298901,66.83298901,66.83298901,99.16781021,55.30007609,59.14332463,57.15716822,58.13328683,57.15716822,57.6410953,41.35561846,68.38446911,51.5414572,58.7802037,54.92334557,58.7802037,58.7802037,73.85786444,59.20662842,59.63928541,57.06135623,30.30890597,49.62138348,51.90472038,64.36185328,67.40153014,54.75320296,32.62877254
2646,845,104.1270759,30.68584586,915,104.1241629,30.68298904,422.0271828,,51.9862398,51.9862398,51.9862398,51.9862398,54.70690761,57.7280706,67.10679585,59.21089969,60.77191432,83.40152925,63.74676328,67.02784667,57.23382341,62.39416255,94.45658613,64.43770368,96.46335607,66.96219746,64.10539486,65.64130572,68.12994879,84.40543656,56.2286402,62.97014483,74.75020212,69.76113484,69.76113484,69.76113484,58.15494194,71.60906244,73.55755476,81.37019899,73.55755476,62.65145807,62.65145807,60.25970682,58.04385322,56.37468861,56.37468861,56.37468861,54.01262065,62.99783792,59.36303171,59.36303171,59.36303171,56.9025415,60.96700875,113.805083,58.31219973,61.44219278
2647,845,104.1270759,30.68584586,1055,104.1323968,30.68182927,676.7044028,,163.4990503,162.7428882,189.8287676,192.9612555,272.9563978,210.0117112,181.8011828,238.3176376,261.0569347,300.7575124,220.0122689,168.009369,190.5260885,154.6051763,281.0925981,245.2485755,149.4561871,154.0639273,110.3750871,224.5286498,182.0729335,274.9588996,185.0815461,200.3401193,136.4781989,162.3549384,150.0083652,150.0083652,150.0083652,150.0083652,150.0083652,150.0083652,179.7886236,147.6147758,145.2963727,123.4826282,133.5043133,164.48029,123.4267688,208.8116442,104.7800366,132.1688287,220.0002273,154.1858133,135.1531678,120.3030049,103.6653553,95.64190102,97.11247692,68.0010007
2648,846,103.9916224,30.6660987,156,103.9925706,30.66817693,247.6028455,,31.72136099,31.92668513,35.80279463,31.94374516,31.48327572,36.18553088,45.55554908,33.00225362,39.52861392,34.27591812,29.83952206,34.95230483,36.83348115,30.21594047,33.26008372,37.21264879,21.12251763,23.76987317,23.27337451,31.60887389,61.97602947,41.55572232,44.45736877,25.70271753,42.95760211,29.91175315,37.87692255,59.35872876,28.53906864,49.06625194,39.05236556,58.45050779,45.13267057,46.05572841,40.71733127,32.45280013,64.2043393,56.35639053,65.06352145,34.21766771,59.89049792,48.97638702,24.65754478,19.61210657,41.07696976,19.33558013,42.09540703,73.91129716,45.62355694,42.49679351
2649,846,103.9916224,30.6660987,277,103.995139,30.66594927,337.3277172,,35.09768156,47.12682681,52.30168644,47.32118001,52.48534984,39.7722636,44.92157024,37.87047137,41.98374354,46.95523565,46.95523565,51.02436058,38.32362231,38.32362231,75.42731565,43.44829273,53.26227114,53.73361867,39.45994417,29.51105181,51.6757354,50.38920257,61.58112484,47.02341847,45.59623712,49.57284478,44.93542209,47.0689838,44.48277589,58.7366279,52.711388,60.2669867,52.57055333,48.41381191,50.09473146,49.23993034,49.66365301,49.45088401,49.45088401,46.97794127,53.1457235,59.82166413,48.05856174,70.60347569,72.28451083,42.09288672,52.61800824,43.99926746,39.427915,38.25571276
2650,846,103.9916224,30.6660987,355,103.9894097,30.66622431,212.4484364,,40.25338795,28.248861,40.25338795,31.18509158,30.65388261,28.15267623,35.82268717,29.78345757,86.91072398,30.9569641,30.60118142,32.54529238,56.65291637,33.54448996,33.54448996,38.47169588,31.55500242,33.37978706,45.25528823,30.07133831,42.81345449,37.80493038,71.31136327,35.28555345,30.71206396,52.92833018,32.49919424,57.50483993,24.31842197,30.75661009,31.9115871,23.35311057,28.28281187,29.45842546,28.01408811,29.18497147,34.58208683,31.65512867,28.61302723,32.41611285,33.14300823,34.95561445,30.51628413,29.95796219,32.61468533,29.80606495,29.76833101,27.70641013,35.82239621,58.38277642
2651,846,103.9916224,30.6660987,1084,103.9903198,30.6638787,275.8889193,,58.42353585,64.91503984,64.91503984,73.02941981,64.91503984,42.87194717,44.5381215,44.5381215,44.5381215,36.38095639,40.04839151,38.12668367,38.12668367,29.25478968,36.68329121,140.8794482,35.34519963,56.51209727,37.05970558,37.05970558,49.90955324,49.90955324,49.90955324,65.6299632,49.90955324,49.90955324,40.2648693,47.67360526,43.65714767,47.67360526,29.692081,35.72662264,35.72662264,35.72662264,35.72662264,31.53016221,35.72662264,35.72662264,56.59259883,33.52574209,31.58028965,31.58028965,39.05111833,36.85343634,34.88993358,39.31908589,34.88993358,29.66990618,32.06888555,31.43349174
2652,847,104.0418638,30.6770055,1153,104.0400981,30.67403805,369.8359877,,61.41187988,87.0202324,87.0202324,87.0202324,85.89739069,86.45516596,86.17537577,86.31504413,86.28008462,86.26261547,86.28008462,86.28008462,101.6343172,97.30525473,95.27613526,95.27613526,76.86925664,51.73871331,64.42304301,64.42304301,73.67483708,73.67483708,73.67483708,106.7975579,87.19663393,96.00686986,91.38991027,93.64151525,92.50201312,93.06827635,92.78428077,92.92606157,92.92606157,92.92606157,147.7519852,114.0944117,128.7600366,120.9844064,124.7511769,122.8389221,123.7876648,123.7876648,123.7876648,124.8196458,124.3015135,124.3015135,81.80703875,87.0202324,87.0202324,87.0202324
2653,847,104.0418638,30.6770055,1609,104.0387343,30.67848323,341.6175937,,37.69160841,37.67705305,44.34992201,59.89399371,51.82399801,106.9411598,46.8346701,62.98711075,41.83072576,34.05283615,31.97114395,30.26636597,33.97302037,58.95605644,49.31847141,89.9701935,123.5525764,182.19605,101.3297632,73.84847904,79.61862069,62.18207885,65.41613496,81.28376321,70.20875378,46.34483285,42.97934779,119.9827646,38.79568887,35.73336573,49.01196624,45.4480169,61.43996688,30.51670812,41.30389042,127.4428329,45.82054163,69.87632598,46.39251272,44.63428517,46.98465472,60.88234343,71.81450145,61.32083121,39.40162875,45.21409328,37.71018282,54.03441728,38.11435962,49.92516932
2654,847,104.0418638,30.6770055,1649,104.0455126,30.6751396,406.13416,,40.80231561,35.23091508,41.86350683,49.70957844,51.30115705,45.52411964,35.10403304,32.47011685,34.65617763,39.56922804,39.59601831,69.1525732,56.68452996,71.32112078,32.05081959,47.84302932,42.67023278,38.11229654,34.96876637,34.00192967,39.8568735,58.60052008,45.78377259,53.78129706,37.01475889,41.64160375,44.20730627,63.29363532,34.86684363,38.7820418,58.42489415,40.9117307,49.47066361,35.34040343,35.85733847,35.96760089,35.74775002,54.91391459,28.37893975,39.67660722,29.26507158,27.50861667,40.4822236,44.17169112,59.5553147,32.19029009,38.37320264,31.6982759,51.6637094,58.40544512
2655,848,104.1118232,30.64369174,642,104.1133584,30.64805452,505.40604,,47.47453996,47.47453996,47.5217541,47.08751925,34.13624285,46.90845618,150.3687392,43.27836347,67.81806287,64.06555437,95.01105713,57.00663427,63.91551793,45.14793409,48.0494061,65.0229993,55.13520436,63.67320189,62.6320738,65.85435474,56.76947719,55.47139463,39.25483806,59.21763203,59.73282154,61.95669956,48.31320139,61.07349882,43.42390797,67.89036358,71.07272438,41.44559781,39.42495653,55.25240644,55.25240644,54.84436304,47.56762729,41.35140327,55.24681409,44.41322402,52.78438466,78.8328312,51.32473185,50.61089691,68.72376748,39.6419622,69.33924329,56.28651954,116.507689,102.2990539
2656,848,104.1118232,30.64369174,1130,104.1152974,30.64211152,376.1813593,,27.09860717,29.46875251,24.90243287,24.9325479,21.61370327,24.20109415,26.06420966,29.54303869,22.6193516,22.94760474,30.20638424,35.66827048,29.45774536,41.78933018,30.83102774,28.10527952,40.31954548,22.16453181,23.16722304,29.0145237,21.93883419,25.62715736,24.53356691,28.72730196,26.94732708,26.93499149,27.32184721,30.33607377,24.63907018,24.77175688,21.1052399,42.36453264,24.44815024,27.79379976,26.22488175,26.28256359,29.30331913,22.56062673,19.44368835,23.31473255,22.89523066,35.14117142,23.39456521,31.07866652,33.33773534,21.58745314,23.79796408,25.68853566,22.66094429,24.92053169
2657,848,104.1118232,30.64369174,1728,104.1070034,30.63859978,729.2562404,,72.00555308,78.83851248,75.26727252,55.69203363,80.68605349,62.40861645,70.51902248,77.23970688,85.37634034,99.53829253,101.1197868,99.53829253,99.53829253,66.614435,75.93907958,59.32932125,73.7968367,69.37955775,133.8691342,79.35483524,68.4346032,68.95134512,67.92554891,68.95134512,73.29720012,78.22772543,81.75391095,71.96607636,76.54838256,104.803292,63.58765861,77.16493204,68.71972251,53.36021271,74.75291758,102.0958737,70.88499538,82.13758202,76.0975566,82.13758202,70.47845545,78.83851248,94.89117344,86.12320828,94.89117344,68.82867887,70.71575664,60.71513565,86.93120746,113.8968532
2658,848,104.1118232,30.64369174,1876,104.1079039,30.64564358,433.4131552,,42.07516473,37.79242737,26.21230338,31.18495721,28.39180394,31.1745726,38.05578924,31.16419491,35.62299906,33.92982762,34.41087433,34.90575747,31.61676512,49.43876295,31.9777822,29.94793395,35.01018755,42.92399886,32.35432574,32.95221455,33.55456685,33.13767354,33.32523192,24.20926856,29.17333796,27.62793021,26.87833521,32.95221455,41.76777269,31.25436508,52.20534868,35.68818295,28.60812906,35.68818295,36.17218868,41.06019365,36.66950314,28.89421035,63.29766161,33.77245365,35.82749389,31.54485436,29.2188644,25.16592514,31.96000325,27.1827066,33.77245365,32.57384883,34.96834063,30.56390517
2659,849,104.0493077,30.61950946,295,104.051808,30.61828359,275.4933795,,66.36420445,66.36420445,48.56948814,56.83531038,40.89798624,47.45340508,60.65909273,65.72890644,39.12332017,56.44254605,42.99607656,40.89798624,55.95352137,54.94604799,58.68498025,49.96353482,62.91997882,41.49691072,42.98054891,52.24457417,72.39242089,73.95182681,69.45211248,44.47426754,43.0038446,41.62754108,39.99097444,46.02209588,34.05240056,67.01190312,55.0986759,41.94147869,67.01190312,57.16289142,36.9239079,40.42565895,37.00657337,50.63773276,64.71622618,53.68206583,60.69002546,74.68194023,67.9298744,56.99863024,24.04305857,71.69466263,35.54753284,60.29034445,46.34468066,72.9247181
2660,849,104.0493077,30.61950946,395,104.0484533,30.61816335,170.1882618,,29.32641766,22.86110979,40.89061686,42.36319741,29.07130451,32.41681177,32.32180352,20.4908944,41.00921971,36.68728997,33.88704328,28.01879919,20.62888022,33.98101733,34.03765236,24.62751086,35.58631611,39.52759629,50.63452417,28.5852757,28.3606072,45.72221959,30.42094054,28.00172498,18.15341459,37.05712153,38.9744111,24.7491009,28.18529005,44.2899573,45.72221959,37.28262125,38.09395291,39.67691801,28.69684976,27.95062694,29.08280423,37.35839893,32.88809174,33.77185534,31.83430574,45.72221959,31.91029909,38.53319135,34.32368305,23.11991481,33.11771581,29.38502362,40.75461703,33.54840479
2661,850,104.0896175,30.57092933,519,104.0901351,30.58874098,1974.658957,,444.2982653,279.7352581,279.7352581,152.7126154,277.1451168,127.1694498,221.0267313,315.5947723,284.2087854,201.0020427,888.5965307,242.6202131,131.8881678,313.8530793,283.2180177,307.9577782,293.1452472,151.2504733,110.6854378,363.1556703,184.8835434,122.2138495,177.6452872,151.0897395,154.2033025,247.3691951,120.0400582,255.3094409,184.8835434,209.0911456,213.1366175,198.5690571,175.959709,187.3040032,183.6892053,170.8839482,170.8839482,170.8839482,132.0719414,126.0420611,200.2471055,217.3936466,215.9627011,257.2535192,185.003832,193.6995162,110.3846622,129.0743939,224.8721944,214.5437252
2662,850,104.0896175,30.57092933,528,104.1084768,30.57090281,1808.60053,,95.74943982,73.55356878,77.0300137,86.30935421,99.1013989,106.7370805,94.49300707,85.43167995,87.07404758,87.07404758,87.07404758,78.84111292,87.07404758,73.73682795,102.5348332,89.16072452,71.9841007,79.65697395,75.62641781,72.74817774,82.49555791,85.16627741,81.76711317,81.76711317,81.76711317,86.97227461,84.28941119,85.60982899,65.27280108,110.1419886,84.94448909,75.95615852,71.04159201,69.01592016,86.02426964,81.23470877,74.75271995,76.19616042,83.36949174,83.20053552,84.7755627,86.29784753,79.86953199,83.21780022,95.83048327,104.7346675,92.61681235,96.87722614,96.87733776,96.87730986
2663,850,104.0896175,30.57092933,1267,104.0765396,30.56871008,1278.074796,,86.2911159,76.74044433,76.74044433,52.43383778,52.43383778,52.43383778,52.43383778,52.43383778,54.32907818,53.36463596,53.84253858,53.60252208,53.72226225,53.69227709,53.67729705,53.68478602,53.68104128,53.68291359,53.68197741,53.68221145,53.68232847,53.68226996,53.68229922,53.68228459,53.6822919,53.68228825,53.68229007,53.68228916,53.68228962,53.68228939,53.6822895,53.68228945,53.68228948,53.68228946,53.68228947,53.68228947,53.68228947,53.68228947,53.68228947,53.68228947,53.68228947,53.68228947,53.68228947,53.68228947,53.68228947,53.68228947,53.68228947,53.68228947,53.68228947,53.68228947
2664,851,104.063768,30.69164587,816,104.0637039,30.6948428,354.37142,,35.64133716,32.11825559,53.22964305,42.01637238,64.17188692,37.85570065,97.66408513,42.6826543,30.71105229,33.22232063,42.10353505,34.62644352,39.92917408,56.51105701,41.92563279,55.60497998,48.87881655,46.22235913,49.066812,50.66469865,62.53613294,49.74280394,39.57578632,45.72534452,72.62260598,42.88992906,41.33527478,42.5245704,37.32744194,37.90068663,40.88901,28.97008305,37.25384169,41.50988434,27.8545221,52.80993367,52.9717832,25.54028252,56.38550142,36.45831232,33.32646583,28.4445287,46.95964829,41.62274427,43.16403762,60.47421261,35.80178986,42.6500116,40.54705969,44.97971307
2665,851,104.063768,30.69164587,1223,104.0606193,30.69159939,301.6235329,,73.69153162,68.42121729,79.84152341,33.72188567,60.25775352,60.25775352,62.36902461,74.88584265,64.63361419,60.52646145,64.63361419,67.30442471,65.94198694,66.6162404,70.5093973,65.60995278,67.97150037,66.76985202,67.36531793,67.21545796,67.14077772,67.17809706,67.15943223,67.16876335,67.16409744,67.16643034,67.16526389,67.16584711,67.16584711,82.74168052,116.133125,107.7226903,111.7699144,109.708989,110.7298629,110.2170621,110.2170621,110.2170621,80.28426754,92.89904818,86.13222362,87.72979687,88.5510153,88.13849323,88.3442727,88.13849323,47.90491404,62.07234923,54.07609658,62.07234923
2666,851,104.063768,30.69164587,1552,104.0638103,30.68828603,372.3959911,,44.04609764,28.58476691,28.58476691,28.58476691,28.58476691,28.58476691,37.26547791,53.51798674,74.62430103,74.62430103,74.62430103,32.18788879,45.32968953,45.32968953,45.32968953,45.32968953,78.09469326,35.97385245,63.83931276,63.83931276,63.83931276,63.83931276,63.83931276,63.83931276,63.83931276,63.83931276,63.83931276,63.83931276,63.83931276,63.83931276,63.83931276,38.41334006,59.12350906,59.12350906,59.12350906,85.11908368,69.77881941,76.68934246,76.68934246,76.68934246,103.1250437,94.94305228,87.96394951,51.72104186,35.75001515,36.62911388,67.0312784,52.02945282,53.66079659,55.39775074
2667,852,104.0882401,30.6850032,126,104.0853272,30.68633229,315.5116221,,91.23227627,83.11037848,94.6042136,45.89259958,109.2155615,93.48492507,54.5859114,57.36574947,56.99564786,114.7314989,119.81454,80.77097526,46.64648212,64.17185534,81.51974927,70.72489661,73.04449129,90.57749917,68.32131366,62.00625426,59.2464265,76.91931192,146.5602374,79.40173643,87.8551699,65.02911294,53.15952446,58.54076501,40.8723224,123.2935511,70.90886525,66.73974983,66.5451096,63.99484513,84.13643256,129.0729363,110.1231701,115.6875948,79.87636003,76.23099594,81.71524026,76.91931192,127.6226786,66.50673595,98.08651464,78.6049716,79.01508449,65.38395191,67.74404608,103.4464335
2668,852,104.0882401,30.6850032,377,104.0903802,30.68823322,412.5236789,,54.73287141,78.80758962,49.17500808,50.11536257,42.64144527,50.75212454,69.2885806,49.57858653,67.94507652,52.85000868,72.0915167,72.12652958,48.57755471,66.05883766,41.83338716,99.60937612,64.55415153,51.88070722,54.46522899,52.70932543,47.17052126,98.6767604,73.28819061,64.46566057,66.80545407,100.6837454,57.9141878,59.28484008,79.55813806,77.25533484,87.4314273,84.67847442,80.51666988,49.2184681,68.31118878,67.50387473,61.33095404,66.29844839,76.63857336,102.419672,96.43410676,51.56545986,68.33214314,87.72655449,62.39853967,74.86027394,61.7499062,75.32131414,67.8121116,64.68946302
2669,852,104.0882401,30.6850032,796,104.086401,30.68210717,366.1329294,,49.15583283,47.56259976,42.70232869,77.74745651,36.19106386,62.04344621,48.2307884,50.59802479,59.60784831,88.22042821,45.56883477,65.29181651,109.8398788,78.72482784,71.63470358,105.9761645,105.8697627,66.37805626,66.5920451,58.20499398,133.4087597,66.40194186,55.5610282,57.05967731,45.2775073,60.52764797,55.09210223,54.79540441,48.90829484,57.96299674,58.03672658,49.78055775,56.32814298,60.89401092,45.13967623,64.80228839,75.46251215,59.91266117,43.3578469,46.18759688,65.49458613,50.36601245,66.16385673,105.6575989,67.76753449,118.7458149,83.10709621,66.07781629,51.47403849,69.83197594
2670,852,104.0882401,30.6850032,1170,104.0910147,30.68363489,306.0025953,,67.17130141,67.17130141,53.36823623,88.98298409,59.0675251,50.30179649,51.23764386,51.23764386,51.23764386,38.72089079,71.07157052,51.93548501,62.59143995,54.35572416,47.58571676,50.35928426,54.90887691,40.45077148,70.69150866,42.36959012,39.15673021,42.36959012,52.96198765,47.07732235,52.96198765,57.37548662,79.53858073,62.59143995,39.92784861,68.10567809,70.61598353,64.95338108,40.59985294,66.56249807,84.41450905,64.32755288,45.10171313,62.23781599,49.31107176,67.4798985,54.69758407,54.69758407,89.92729331,75.45269473,82.05656187,75.45269473,49.28900864,80.06851678,105.9239753,40.87604241
2671,853,103.9562316,30.67153976,451,103.960834,30.6715286,440.927846,,50.78328025,71.57345796,50.78328025,200.929145,30.85209418,71.57345796,77.43123149,40.3219368,68.26312466,73.48797433,56.36133862,42.44225256,54.00953541,71.07493638,60.58550556,89.93429154,84.25372854,109.9773842,50.23228625,85.57090273,65.27787164,106.1258999,49.06770466,64.52602624,128.0113101,64.75164173,111.3922979,60.9109841,60.75943524,56.02377338,109.5797013,69.62018621,56.02377338,82.08611483,57.40832715,105.822683,52.73555633,129.0520525,161.9734944,91.48935133,58.28666753,72.95720104,71.96510172,63.60264292,91.6213706,74.52301623,128.0113101,70.61122089,62.41180521,82.10380633
2672,853,103.9562316,30.67153976,825,103.9512486,30.67150352,477.4011347,,48.74598296,36.25831403,45.28706416,39.00100041,38.10740765,40.12398642,62.40537708,38.14970222,42.05276856,38.6791617,37.81395126,42.77362083,54.90875671,38.85404864,44.68653367,53.04457052,39.56362995,44.82305736,47.13779717,48.51821593,48.12601981,47.87309429,47.87309429,47.87309429,47.87309429,47.87309429,48.2234732,48.2234732,39.45463923,89.04891632,49.42627008,51.56979766,50.47528689,51.56979766,51.56979766,51.78867238,51.67900328,51.78867238,51.73377971,52.91391887,38.51303272,58.17592502,57.20025036,57.6839623,57.44108801,36.46990101,65.87998409,67.53021945,41.84160888,51.74690508
2673,853,103.9562316,30.67153976,951,103.956184,30.67458422,337.4581364,,42.6762046,42.6762046,42.6762046,42.6762046,42.18226705,39.0941043,36.4272651,34.79835652,24.39456408,28.68217109,28.68217109,29.81022049,40.22679772,35.38395994,33.06462121,29.33001668,39.18868681,40.7325831,39.18868681,37.83840502,44.82838712,31.94169915,36.4901792,36.09177929,36.89747277,37.45681268,31.51360029,38.89592181,38.89592181,40.00601397,38.89592181,38.89592181,33.39116887,33.39116887,33.39116887,26.75458561,43.02890051,59.84479266,39.35796839,39.43248984,31.39145455,39.5180035,42.96257014,39.5287188,36.24612504,37.75168711,37.75168711,37.75168711,37.75168711,34.2790432
2674,854,104.0549607,30.6517935,641,104.0562259,30.6535869,232.8213646,,40.81104869,36.08856459,33.66092018,41.08612316,34.49205401,44.4645577,38.27200514,23.94734036,22.97894209,36.98022998,33.06338906,44.5828145,32.15435726,31.19690741,31.53336767,31.36423523,31.19690741,31.19690741,31.19690741,23.74382189,35.84420154,40.40527448,36.3051318,34.26628549,33.08859126,25.23064927,30.72985931,34.68679364,30.09540081,33.45935779,30.0414664,30.0414664,28.75323885,27.57095107,27.53698275,33.75694898,33.36777955,27.70194299,31.01413182,32.57350158,32.29891763,27.45355102,33.0064253,29.01138042,28.88484325,29.29818254,16.63009747,34.39768451,32.39808083,34.56177983
2675,854,104.0549607,30.6517935,826,104.0540234,30.65066071,154.3655441,,17.18266298,26.33724923,17.39330074,16.88080069,19.63660632,20.98172444,22.8689695,16.58853608,14.93860104,23.88464006,18.19037508,17.4890939,37.54837559,20.5250585,21.86423444,20.54402805,22.94622953,33.73817616,25.73950712,23.37396251,24.35214543,15.87759882,28.97372048,40.76156178,23.91890784,23.6726713,18.10149703,33.11416873,29.01911012,24.196631,21.29179919,22.10233927,19.66440052,22.04180779,15.98032951,32.16879645,18.61695004,17.97270242,25.39835278,20.51369357,25.17082853,14.78623394,19.08037627,23.00420882,20.75503114,32.06053609,17.0639496,19.21869503,33.27640472,19.53307412
2676,854,104.0549607,30.6517935,1099,104.0500586,30.65538228,615.4954361,,95.99062398,71.6792097,81.08997511,68.36919851,68.35322066,65.94593958,79.59707481,100.3525168,49.07604806,55.2013844,71.01870417,69.19518435,70.09508657,77.29477569,60.873175,59.40438525,72.88761743,56.36333405,93.78978074,71.6155,55.81318816,55.4223004,66.27468306,63.21779087,60.43046099,67.42589791,81.06525257,76.37341043,116.2530729,61.96757886,103.5614522,106.4001714,100.8702687,103.9576742,93.39446027,57.62766112,104.2910442,73.52683094,63.8029,86.5540457,86.16936107,58.15704908,78.15815062,90.78218218,81.09821932,80.53734012,73.64465542,57.85335692,68.15174379,66.34082545
2677,854,104.0549607,30.6517935,1237,104.05724,30.65083815,242.7171832,,45.98851892,26.55871913,33.67174796,29.69522037,31.55871276,29.69522037,29.69522037,25.62410145,68.80172122,48.81462902,48.81462902,48.81462902,48.81462902,48.81462902,48.81462902,48.81462902,48.81462902,48.81462902,48.81462902,48.81462902,64.24866614,55.4782133,59.54220508,55.4782133,55.4782133,43.68909298,48.88290123,46.14029621,47.47201953,46.79668536,47.13193343,46.96371111,47.04767188,46.96371111,46.96371111,41.70796465,44.1800786,42.90844422,43.53497746,43.21944033,43.37663507,43.33722928,43.31755321,43.327389,43.32247055,43.32492963,43.32431485,43.32400746,43.32416115,43.32412272
2678,855,104.0843515,30.67489765,172,104.0873989,30.672681,381.5498789,,55.16383791,51.2370369,49.43897652,39.92963849,73.32275254,53.2911567,53.17082184,71.54060229,39.92963849,39.92963849,39.92963849,57.60123976,42.96912087,48.49354154,39.92963849,39.92963849,68.18855388,57.23248184,51.39680314,71.59387153,57.0739431,67.66401793,79.61131813,79.62780081,78.45823702,69.37270525,55.4981642,60.77785682,56.64245625,48.53638035,45.526736,43.16039479,44.81499393,52.47677418,67.16770484,51.62619926,54.57932042,43.46770772,42.76399639,48.19577418,50.39888325,69.37270525,47.05550375,45.97206286,79.82302016,45.33265888,39.92963849,42.92436138,42.33726262,39.92963849
2679,855,104.0843515,30.67489765,1412,104.0851123,30.67463565,78.45539329,,13.44949599,12.57148735,14.2834714,13.65551095,10.92608959,10.98986054,12.94603892,12.86007585,12.40883184,12.55884333,12.28840221,13.23934762,14.31885505,14.31885505,14.31885505,14.31885505,14.31885505,14.31885505,14.31885505,14.31885505,14.31885505,14.31885505,14.31885505,14.31885505,14.31885505,14.31885505,14.31885505,14.31885505,14.31885505,14.31885505,14.31885505,14.31885505,14.31885505,14.31885505,14.31885505,14.31885505,14.31885505,14.31885505,14.31885505,14.31885505,14.31885505,14.31885505,14.31885505,14.31885505,14.31885505,14.31885505,14.31885505,14.31885505,14.31885505,14.31885505
2680,855,104.0843515,30.67489765,1730,104.0822831,30.6759215,228.3359391,,24.72208664,36.92764514,44.07557001,36.92764514,30.67199182,30.67199182,23.78040638,26.79009389,25.19568983,25.19568983,20.62758797,25.19568983,28.45553893,42.15432722,36.82012904,36.82012904,31.81458658,25.8493516,28.00713393,28.00713393,29.30514726,34.32189481,30.72932265,32.42640555,31.5550626,31.98480081,31.76847848,31.87627264,31.82228428,31.84925558,31.83576422,31.84250847,31.83576422,31.83576422,23.9304041,31.83576422,31.83576422,52.77748833,39.71509483,45.32391424,42.33453733,42.33453733,42.33453733,32.55482696,36.80612195,34.55018854,35.08784255,35.36299381,35.22488087,35.22488087
2681,855,104.0843515,30.67489765,1858,104.0835351,30.67433953,99.71412546,,11.18289257,11.18289257,15.38007077,16.27985722,17.21682742,12.47509476,15.58484161,17.21682742,15.14644944,16.65758012,16.93258734,13.10112597,12.15476924,15.09866884,18.36168039,19.43885478,28.37714242,11.28839156,19.31248698,19.29950815,19.29950815,19.29950815,19.29950815,19.29950815,19.29950815,19.29950815,19.29950815,19.29950815,19.29950815,19.29950815,19.29950815,19.29950815,19.29950815,19.29950815,19.29950815,19.29950815,19.29950815,19.29950815,20.11041186,19.69661737,19.90136392,19.84977925,19.82408707,19.83692484,19.83050387,19.83050387,15.7443356,17.55274867,16.59943336,16.82792057
2682,856,104.0610669,30.60531623,203,104.0612128,30.60054761,528.6883345,,190.3278004,190.3278004,38.7884707,42.89681373,160.8857146,63.48492342,87.97895244,127.6511069,78.48569089,35.89397462,47.64703937,118.2160251,77.87553209,96.61309666,99.90960652,73.29697063,43.06058833,45.35625393,81.58570746,117.4204041,185.476867,91.5037502,42.05558358,42.17946379,44.15958246,48.42386504,36.32209932,172.2423533,57.52256907,67.01027692,53.30191148,125.767269,78.21690429,75.90340994,113.2110779,101.2980605,128.9483743,49.84314939,49.90147064,87.40656736,107.8344478,96.22234602,92.28014566,39.67228774,74.83399755,121.8097923,110.2892883,71.82181148,130.3615071,44.73476849
2683,856,104.0610669,30.60531623,933,104.0578707,30.60543778,306.7072386,,35.84889802,37.87808092,35.90718891,36.73216955,43.29984545,54.3022652,39.29345406,35.72499934,39.33344739,25.61823803,25.61823803,25.61823803,25.61823803,25.61823803,25.61823803,25.61823803,25.61823803,25.61823803,25.61823803,42.52849529,63.47947159,63.47947159,63.47947159,85.59271775,63.47947159,63.47947159,50.0746512,55.98585626,55.98585626,55.98585626,58.01117649,63.57846787,70.32777446,76.94397623,42.9211296,64.14791918,55.00104901,115.0152145,74.41590962,90.36489485,74.41590962,64.6455538,109.321392,72.16640908,64.3816944,58.11295047,52.00059933,47.05167864,49.40250823,73.36518664
2684,856,104.0610669,30.60531623,1239,104.0650829,30.60485238,388.4226488,,63.9232702,47.16092869,73.46698087,49.02950686,66.42857652,87.39509598,83.69006699,74.77655271,69.33825796,55.34254098,58.02164048,75.42187355,61.78151116,49.50906079,70.28819072,34.54778346,82.17014647,82.49684576,153.6617072,60.1613445,37.99786782,70.09130505,52.0596253,54.84554843,57.94650239,47.80586447,64.91743434,85.15965504,68.04484359,53.9545287,77.42644162,53.80040886,59.95531824,67.70042648,48.05228645,89.53471226,48.01928351,51.91111601,49.51563512,62.03733521,89.06506597,118.3013144,121.8580859,83.01928771,63.9476312,43.20251912,76.47070896,175.8895013,49.04097039,75.25950138
2685,857,104.1060279,30.62213772,253,104.1050091,30.62341935,172.3704069,,29.31654164,20.3453595,29.76179687,16.97765978,29.27044645,16.4597736,28.43223207,35.86898641,19.9048425,24.43045137,24.00516305,18.06502081,36.97319553,25.61541651,45.62746065,25.57582544,25.57582544,24.87108076,25.32789652,31.49916065,51.28375742,26.97971586,18.49578137,35.52672508,23.77522854,19.5443611,44.00946559,28.87671181,26.5563537,23.9126576,21.17861655,24.47863767,34.86143061,30.01371051,18.80404439,23.02536048,27.45723296,29.86924018,24.05168468,37.53226603,19.76221226,41.04057307,36.60964394,20.4796523,39.46158759,27.27619626,30.56815098,23.30642121,29.25104349,27.88914449
2686,857,104.1060279,30.62213772,699,104.10601,30.6219429,21.65960939,,2.664821953,2.79228626,2.329338127,3.457853384,2.560952256,2.728053662,2.292106377,2.673682013,2.587509335,2.655207507,2.360184451,2.515309478,2.603492281,3.045197197,2.924961318,2.366452012,2.823887508,2.313786166,2.730362199,2.648818473,3.153674168,2.396058633,3.411708327,3.551217674,3.025202475,3.580920352,3.427454673,2.987293881,3.168625553,2.680870016,2.892922521,2.56284614,2.916106086,2.595458204,2.966693487,2.57324201,2.680690805,3.039945178,2.881278293,3.057827208,2.721626311,2.809895272,3.739788672,3.39388874,3.166480967,3.137810616,2.563548289,2.809895272,2.525492917,2.483662806
2687,857,104.1060279,30.62213772,794,104.1083697,30.61960094,359.759669,,21.26658142,38.06421186,54.15197804,36.81103198,28.80210841,47.09581121,28.55515256,44.88603709,29.20258869,36.6448814,45.18465179,45.84547994,33.61076493,42.71552798,45.60333832,31.06583853,40.06786487,34.05262424,45.72985452,55.14272602,43.57788723,47.48424372,46.92517422,43.41927039,35.53181916,34.43853241,57.459397,38.15766683,39.05714139,44.08076333,39.22952687,42.87106284,29.34152262,39.59900045,42.99916363,34.88839652,36.01598466,51.76398115,53.80381994,43.17116028,33.35826937,45.51785878,38.66074055,37.01844021,58.33940578,46.64680454,39.62387962,46.43724663,32.98305963,32.58200776
2688,858,104.0177605,30.68169041,984,104.0192148,30.68133741,144.7023406,,23.41251354,23.41251354,29.43098453,17.74883905,15.29892588,17.98372012,15.59665947,17.93213171,18.82873829,16.56370194,17.39326965,17.39326965,17.39326965,27.41728559,16.73217643,16.73217643,17.02844215,17.33538856,20.71285989,17.42235539,22.69840637,25.16562445,20.67176294,18.57142339,18.95146616,17.24928563,19.34738816,17.90132049,21.1910272,25.66149883,23.42304074,21.00517847,19.80716449,21.00517847,39.61432899,21.00517847,24.63018563,13.53060847,29.76733864,21.75066498,21.75066498,21.75066498,14.45016439,22.76785079,17.33538856,17.33538856,17.33538856,15.64349628,17.33538856,19.53786877
2689,858,104.0177605,30.68169041,1660,104.0160533,30.68223444,174.2971345,,29.2663099,15.76556995,20.4720941,24.13344939,23.50623963,22.91080545,34.8594269,25.89283429,25.89283429,22.61152015,29.87950877,32.90924917,22.07457112,22.921267,19.98311096,27.82570662,22.5101232,18.99983904,20.60655777,20.60655777,43.53649153,20.60655777,20.60655777,19.45642432,20.60655777,48.04515193,28.45667502,28.45667502,28.45667502,19.63911375,25.76877553,27.09476866,28.56462902,35.58429212,28.56462902,20.20185719,28.56462902,29.03831937,49.02106908,29.52798514,23.9858442,27.66621183,26.95895528,29.09442121,27.98601082,25.35231047,22.42965806,22.25069802,29.78495336,26.0766622
2690,858,104.0177605,30.68169041,1897,104.0156394,30.67735996,521.1901335,,85.71422936,88.5875581,107.9565294,107.9565294,107.9565294,107.9565294,107.9565294,107.9565294,107.9565294,45.87492618,58.13429839,58.13429839,58.13429839,58.22449901,58.31497997,58.31497997,83.80011079,83.80011079,83.80011079,83.80011079,81.84447026,82.81074614,98.23478956,48.35784744,64.81120831,64.81120831,64.81120831,93.65812717,60.59045685,76.42706642,45.87492618,76.42706642,160.3661949,103.5191438,125.8195796,113.5851369,119.3897462,116.4151302,116.4151302,116.4151302,63.17456164,71.32996138,71.32996138,71.32996138,46.38527764,52.09489534,58.63389002,48.40775234,58.63389002,63.19229235
2691,859,104.1071146,30.71525519,249,104.1075671,30.71792339,298.8760278,,54.75591349,37.58790219,54.75591349,73.52758772,50.75253302,42.48583218,59.11833517,41.94751267,34.37290287,38.15438653,53.00264532,35.5100231,54.89559694,56.74113118,62.91688882,52.05028266,61.42456897,51.02329342,47.32934165,44.39974004,47.39884141,53.33103842,70.55434099,38.60500644,40.0437643,50.94477747,47.45293607,44.27793004,57.53763102,89.10589649,94.01080822,53.53003483,47.32934165,50.36646928,60.53185373,50.95281925,45.68805521,48.10523249,55.00785788,71.79007173,63.29139412,60.27751821,41.38615081,74.92713789,110.9230619,41.76208431,47.26004538,50.96891047,52.23076214,108.3174866
2692,859,104.1071146,30.71525519,901,104.1007402,30.71605867,616.8493952,,54.72296261,54.72296261,54.72296261,54.72296261,75.1746047,120.035558,144.8255102,120.035558,74.6781903,45.27335011,99.28425435,62.18878384,76.47551693,62.18878384,60.34396257,61.25248562,60.34396257,60.34396257,49.12959785,54.16238592,56.36187367,58.74756145,61.24745767,91.95270487,73.52302121,91.95270487,91.95270487,119.712012,91.95270487,51.97560732,66.41219657,58.3136799,62.10001776,60.14731925,61.10807295,60.14731925,60.14731925,47.24803878,52.92301128,49.92477343,51.38018976,51.00843789,50.82457198,51.00843789,51.00843789,55.91249238,68.22297458,74.02192742,68.22297458,58.51535765
2693,859,104.1071146,30.71525519,1164,104.1118347,30.71478063,455.0400788,,45.9894521,45.9894521,45.9894521,45.9894521,45.9894521,146.2628825,69.97626158,94.66306176,69.97626158,44.81926905,54.64123695,49.24528134,49.24528134,47.29964246,46.08000798,46.68186037,46.37898173,46.52992817,46.45433232,46.47320825,46.48265197,46.47792963,46.47792963,46.47792963,43.18482295,55.46763941,48.56158944,51.78538305,50.1217017,50.93996218,50.52751936,50.52751936,50.52751936,36.43019163,72.96856497,39.00343533,39.00343533,39.00343533,39.00343533,39.00343533,39.00343533,39.00343533,39.00343533,39.00343533,143.696867,61.35371849,60.61588469,55.81411529,59.89558624,36.00317107
2694,859,104.1071146,30.71525519,1358,104.106758,30.71287932,265.523103,,63.6195122,63.6195122,63.6195122,61.0138194,36.90668613,45.99277487,40.95179596,43.32614938,42.70711797,42.40418863,42.55511421,42.47951736,42.55511421,55.79084656,48.28232554,51.76572906,49.96338594,50.84859137,50.40210227,50.51298783,50.56861378,50.51298783,50.51298783,43.05780049,53.51563138,56.89780779,63.58424641,56.89780779,37.12167654,44.92987877,40.654255,42.68526579,41.64501221,42.15872299,41.90029309,42.02911078,42.02911078,42.02911078,56.56113437,48.22412559,52.06097211,51.04563862,50.55267979,50.79796329,50.55267979,50.55267979,48.19579013,48.19579013,48.19579013,48.19579013
2695,860,103.9966501,30.64288317,56,103.9971186,30.64328713,63.4009281,,7.57277177,4.822891519,4.75666224,4.601680265,4.646512689,5.340729106,4.601680265,4.167496073,5.503320562,4.572125072,4.10879102,4.10879102,4.10879102,4.526392487,5.163564665,5.581625277,4.94508924,5.706083529,5.57923294,5.579432222,27.8345538,5.712758467,5.677695054,5.677695054,5.677695054,6.106845248,6.160414066,6.160414066,7.840046068,6.429389892,6.429389892,6.843878296,6.630162416,4.528637721,5.594199538,6.520521779,6.647678131,24.41105253,6.833632969,11.99176924,10.31997021,6.263968197,6.013326953,6.136089152,5.287905241,22.37679815,7.394498932,7.384723487,6.1854564,7.486456455
2696,860,103.9966501,30.64288317,497,104.0034916,30.6354158,1055.858964,,373.5717219,215.766827,171.7102366,343.213749,120.160978,210.2620052,184.9379957,406.5339327,103.1504008,142.2298324,130.1521065,251.3118856,106.0276784,267.9183979,255.0485092,280.3940817,258.4178923,294.0883768,312.0445168,278.2644415,287.1845211,318.5094914,326.9756792,266.1596338,258.4521213,211.6421086,180.1465531,166.3497711,209.1385018,166.3497711,178.0371087,166.3497711,94.22638251,114.490731,299.298604,275.4414689,261.6930995,262.370476,365.0508783,352.1567824,372.5990279,356.8838925,356.0872473,356.485125,127.9427291,214.7509757,168.5628501,343.9902507,305.3699354,272.053126
2697,860,103.9966501,30.64288317,1014,103.9936314,30.64138601,333.4956767,,68.67022515,63.97430387,74.11015038,71.08255987,71.08255987,71.08255987,71.08255987,71.08255987,80.03896241,52.19932331,98.29346264,68.18735133,80.51823761,80.51823761,101.3151423,74.15592564,90.43950555,105.7783644,81.67241062,71.20904129,80.30665125,75.48471777,77.82106214,76.63508728,77.22352152,76.92817916,77.07556741,77.00180274,77.03866742,77.03866742,77.03866742,109.3096604,77.03866742,79.30971916,55.75469518,81.71873642,73.50516957,66.79190187,109.4757844,84.10398852,106.2464103,140.4192323,77.12533849,77.12533849,77.12533849,77.12533849,85.85824337,96.82132549,133.9937987,132.8080128
2698,860,103.9966501,30.64288317,1077,103.9935681,30.64596869,451.859148,,142.536073,85.61541752,78.11250578,135.5577444,64.82731602,86.52621983,75.309858,106.7267096,95.54730883,65.12062782,72.21722232,88.67832002,59.31896784,93.13682922,111.3913144,119.6262671,83.14300704,82.73072767,100.8801819,87.78773069,84.31581289,117.3448464,72.80297671,74.93478432,73.69066643,71.57035207,79.9280994,77.0067756,98.39817842,85.36845919,74.44244985,76.7338474,72.09584799,67.42856345,81.71223931,80.35898518,83.85003742,87.10543931,94.2553618,115.5014038,157.6762131,105.0326349,104.4301047,107.4945736,74.68311419,110.0200941,73.32216337,83.705154,91.54721714,84.2475894
2699,861,104.0336656,30.63949841,632,104.0325574,30.64073354,173.2564684,,33.99036982,35.7639499,28.35105847,36.49283,28.54568816,36.83405234,20.73892889,16.45707879,54.2368075,27.53745193,23.331295,23.10086245,42.23859725,46.15898511,28.83158488,40.83294836,42.25767522,28.9935287,35.38855525,34.55530672,39.47615736,24.22226354,25.31540203,24.84953332,27.69026798,41.42529909,31.06965311,71.69233175,25.04912796,48.88113529,21.32387303,29.65403897,51.68977509,30.79354659,39.0640889,27.54758717,28.89120518,23.38231626,26.09720863,27.78277444,30.24112903,38.0319077,36.47504598,41.34127831,37.88751929,37.34869977,51.97694052,31.42182802,28.66704751,36.40408286
2700,861,104.0336656,30.63949841,1823,104.0357334,30.63610712,424.9001471,,133.476486,65.50923039,40.41322403,65.50923039,72.49481183,79.25598599,87.40803026,142.5130929,87.40803026,81.88653799,76.52028662,71.81410937,65.64980814,152.964053,52.34013788,52.34013788,50.98801765,68.35836699,169.9600588,122.4528776,107.594879,142.0718758,130.9250097,143.6282187,121.400042,249.3979124,216.2036084,98.68648578,135.516326,98.68648578,82.77275593,60.53986264,71.27868264,65.47184462,96.81269174,52.20616142,56.54863326,44.08185964,61.12449669,66.50610998,139.05823,89.97885468,89.97885468,57.50528307,57.50528307,45.12213952,47.60292105,47.60292105,47.60292105,85.81433546
2701,861,104.0336656,30.63949841,1827,104.0319967,30.63805941,225.8665103,,33.18854845,33.18854845,33.18854845,33.18854845,33.18854845,54.5717743,41.27509833,43.13630966,43.13630966,58.92169834,74.87287634,62.72859688,47.05552298,63.52495602,63.52495602,63.52495602,66.64913419,70.0965032,82.83050293,50.34795276,58.60320267,54.16282678,56.29559062,55.20861869,55.20861869,48.5037226,29.35449231,43.25103389,66.19696912,115.0640713,59.06436588,53.20301661,48.39996649,32.20274998,48.39996649,48.39996649,57.26193219,52.45931852,54.75551765,53.58282946,54.16282678,54.16282678,68.61767402,54.16282678,54.16282678,50.0381192,45.42566688,50.0381192,49.4047253,48.78716622
2702,861,104.0336656,30.63949841,1893,104.03647,30.63980432,270.8857278,,46.29059905,50.57157927,50.57157927,81.19449507,76.38553158,54.27765973,52.94706229,46.41545074,63.27257876,62.82853512,37.04420209,49.46333226,59.02568388,78.29346635,68.86925283,71.70910153,53.80351007,74.79322749,71.44238975,68.99919483,61.33261762,64.94041864,49.40165249,74.4418794,71.5734767,86.49123016,79.37581789,63.53020326,70.32610239,83.11266651,70.32610239,76.18661094,62.19315179,85.77437118,67.02327286,64.66768038,67.02327286,67.02327286,77.60121643,67.02327286,42.86543385,80.05066361,99.3641971,101.0558156,68.7617259,52.5708151,74.70107817,87.38249284,93.17088724,59.10234061
2703,862,104.120455,30.65309272,414,104.1214114,30.65498432,228.7977051,,44.04661702,24.79445329,31.25230035,37.5591308,37.69664706,25.8609651,32.23764142,31.95622651,38.46859206,31.43785261,29.002526,31.52379534,39.3004408,32.30085248,37.05596423,35.04986121,54.18893016,57.49889971,39.03657528,53.83475414,42.74535065,52.53008535,50.30056417,57.58526503,51.45551043,44.68381945,42.93684128,55.34188613,43.25628385,46.49134929,59.94699697,46.49134929,65.89373907,49.29706166,46.49134929,44.06625439,53.54312493,46.49134929,46.49134929,46.49134929,43.33213881,34.49332005,64.35235785,50.76885194,44.04661702,51.53494601,46.06896692,50.66140988,43.06787661,43.07715165
2704,862,104.120455,30.65309272,1065,104.1178297,30.65328507,252.4558637,,102.8876728,118.8027594,77.67872729,52.68644112,39.07313454,46.36944435,46.36944435,46.36944435,73.88952108,73.88952108,82.71591439,55.75712327,61.8259258,58.63491028,58.63491028,58.63491028,93.69495972,95.919906,126.2279319,97.02929992,93.37408658,58.63491028,89.98426825,71.69558438,60.69055822,87.57569574,65.6795743,71.56229207,37.00493116,48.78374178,46.84747986,46.84747986,46.84747986,46.84747986,46.84747986,46.84747986,46.84747986,46.84747986,37.24758645,37.24758645,32.63343301,34.78817643,34.78817643,58.63491028,43.66804129,43.66804129,38.83936365,41.11240528,39.943573,41.11240528
2705,862,104.120455,30.65309272,1220,104.1229835,30.65335278,243.9825856,,26.53587034,38.97946634,40.66376427,38.97946634,47.80066983,42.94173028,45.24111042,44.06144201,46.35280171,57.97605994,47.52050361,38.35534097,42.44884292,40.29840451,29.92631374,43.18275851,45.12006719,43.48204496,30.62542915,49.3052218,39.71809534,31.70892809,37.37605567,37.37605567,37.37605567,42.30911889,60.57498677,39.63616012,47.49908831,53.83068282,42.50019232,42.43175402,42.50019232,42.50019232,70.26698465,52.96506382,60.40141946,52.96506382,45.35304516,39.65405454,36.90492891,49.25255935,30.85494056,37.94113642,30.85494056,30.85494056,29.64017913,28.51744507,32.59136579,63.41785618
2706,862,104.120455,30.65309272,1850,104.1229471,30.65199995,267.747214,,55.18454028,80.3241642,42.03008592,33.27583327,25.61266529,27.53971344,22.33812214,33.41039759,33.41039759,31.36301422,32.48154913,50.73105107,31.60294985,38.71044058,41.22711593,38.71044058,33.70244652,38.71044058,36.03326992,25.29894935,43.35337199,43.35337199,83.81651917,48.64036856,37.12028127,55.39597531,37.12028127,38.61996543,26.05108028,40.24592778,46.26671859,33.12336668,31.88169693,36.58026453,34.4246418,30.04332376,22.5207937,26.65133558,33.26817662,52.59972553,44.25573785,44.25573785,39.68258421,31.49967224,35.96604367,33.58501639,27.81789236,94.9645291,34.57281099,21.16888661
2707,863,104.0519979,30.59381519,243,104.0577985,30.59397529,556.4354364,,64.34157081,64.34157081,63.04697664,64.98164698,63.72073706,67.46280917,75.16576252,75.82490334,55.55780628,59.28723851,40.02332809,76.01599189,74.38158374,53.13441833,68.69210874,67.6745801,73.51916765,102.2024271,62.21017301,65.75976082,59.09048882,73.44454065,60.7634248,71.93695696,151.755119,124.0351437,68.46095595,73.44337582,58.60070906,71.21469272,46.01456902,79.49077663,68.60162915,68.18133326,72.53810145,64.53692772,74.19139152,83.46531546,78.864865,73.46580333,134.1406856,56.20954251,69.50415167,62.05599662,69.86027921,63.90538576,65.07312089,73.80414753,70.68443977,78.51542967
2708,863,104.0519979,30.59381519,427,104.0480615,30.59370278,377.6218647,,39.59049765,34.02850345,37.42862121,34.02850345,36.47867745,40.22008026,56.40824535,55.11915166,43.60669488,52.19433408,39.84676247,38.1864807,56.88028088,37.19394563,31.71318926,32.72798587,35.37134553,69.09472493,41.25762406,36.39728816,35.28980671,35.29720379,37.86531357,38.007362,40.86881028,37.86531357,49.07720985,32.75755935,39.21901588,50.99169966,36.13667804,66.07235543,133.2783052,36.19300614,36.1742106,36.1742106,31.44119602,32.35590624,59.97523733,37.45580866,40.99634237,41.92563494,42.51013564,68.65852085,51.40795663,43.42676575,44.16151748,49.99352392,44.60432314,61.76459395
2709,863,104.0519979,30.59381519,680,104.0519133,30.59656657,305.0422449,,19.96640148,35.92254111,33.45304879,24.88886612,36.94993545,34.76815202,28.76112595,32.14495665,32.53783946,28.89873899,23.10277872,52.66916459,24.33128689,26.46149594,44.63944248,31.51082013,69.72394169,35.36693872,26.68656334,22.16860506,30.36365202,33.22699188,30.58753037,30.84696859,25.44964268,33.22699188,33.22699188,23.02205622,33.99851646,34.46083938,43.59476307,43.59476307,57.38221197,29.92240004,52.15498012,28.74743669,29.07961699,35.4242607,24.82676863,26.11538839,33.17680005,28.77972509,34.33066297,37.22549429,38.32991559,27.6612615,27.20442811,35.59650184,20.877416,34.18980396
2710,863,104.0519979,30.59381519,1137,104.0518496,30.59103671,308.2651033,,35.71931191,28.16635462,28.16635462,28.16635462,42.07599514,33.74395658,37.45216189,35.50148945,35.96985632,36.20870485,36.0888854,36.14869584,36.11876587,36.12624371,36.12998379,36.12624371,36.12624371,29.75212793,32.63081943,31.86015557,31.48831528,31.48831528,31.48831528,27.67467262,32.07382578,32.78447184,32.07382578,32.07382578,20.57005323,32.07382578,41.33163396,32.07382578,32.71199328,26.08118383,33.37607133,29.28111799,31.19478206,30.20767259,31.19478206,36.10424959,42.84765915,42.84765915,35.0448749,35.0448749,33.93744257,32.89785688,32.27593908,30.42089835,31.32097573,30.86437635
2711,864,104.1129372,30.59636556,190,104.1071128,30.59610836,559.1429178,,74.76005586,70.46786291,60.17681627,55.74010396,67.90827677,71.71904408,64.51649052,64.15663758,65.46063428,68.78819322,60.99740921,68.70015372,67.18112654,55.41402627,51.61319241,65.46063428,68.70015372,74.65607804,68.70015372,73.06404734,58.94332369,69.53072553,68.70015372,68.70015372,68.70015372,68.70015372,110.2966852,59.04598417,66.65279815,70.50488631,68.70015372,68.70015372,70.93971821,82.83598782,68.18238645,74.07229086,60.99740921,70.79417952,74.27300563,74.41673354,67.246587,78.01349484,63.90204775,78.20540921,74.36951155,131.3484179,74.36866885,74.36880928,74.36873905,74.3687566
2712,864,104.1129372,30.59636556,885,104.1128259,30.59898189,290.1588737,,53.56779207,53.56779207,53.56779207,53.56779207,53.56779207,26.68127574,26.04917569,22.10734276,22.80724771,24.05462165,23.41433332,24.05462165,24.05462165,24.60711296,24.89298648,24.89298648,24.89298648,37.0853945,29.78994319,29.78994319,29.78994319,23.18694662,26.07694883,24.54717862,25.28895028,24.91254411,25.28895028,25.28895028,32.67691174,25.85574122,25.85574122,25.85574122,26.179748,26.01673587,26.09798739,26.05729829,26.07762697,26.06745867,26.07762697,26.07762697,49.93173735,34.26160006,33.29058762,32.37309748,23.74027148,27.39262095,26.37807943,25.89847799,26.37807943,29.01588737
2713,864,104.1129372,30.59636556,1342,104.1130509,30.59436059,222.4742108,,25.34516326,25.34516326,25.34516326,25.34516326,25.34516326,25.34516326,28.80961003,25.5269214,25.34516326,25.59319861,25.34516326,25.94644054,24.89584641,25.34516326,25.34516326,24.41790119,29.17694568,27.78515729,27.80927635,27.80927635,27.80927635,27.80927635,27.80927635,27.80927635,27.80927635,27.80927635,24.98930293,22.68858807,21.73425126,22.20116865,21.9652289,22.08256857,22.02374245,22.05311628,22.03841957,22.04576547,22.04209192,22.04392854,22.04301019,22.04346936,22.04301019,15.26991723,18.04173322,16.54050576,17.25853508,16.89189348,16.98208565,17.02754388,17.00478439,17.01046856
2714,865,104.0029919,30.69292611,153,104.0001805,30.68818679,590.2740786,,80.6752727,53.06780871,62.99367638,43.54480908,39.57144661,58.86389703,54.48683802,71.1888336,71.37414335,76.52783589,55.33819487,38.99058134,65.38766363,65.25870811,80.88584438,41.00311979,65.33394875,47.96809668,74.27859073,76.45672217,77.06410713,43.03770497,61.56832278,72.92335906,43.5320655,55.73735562,58.29867443,64.6138102,79.14289322,62.13411354,89.92432293,58.29867443,151.7847631,65.48495171,58.96189464,79.58751622,70.38321886,66.8234806,53.60713126,68.02678457,54.90921661,53.42518373,70.83288943,65.53544126,70.1315737,65.58600873,79.5378671,72.38925849,38.73001245,73.86440784
2715,865,104.0029919,30.69292611,1258,104.0039401,30.69501619,248.8159216,,26.50110408,31.06603415,31.06603415,31.06603415,34.36332421,27.44293253,30.51569332,27.60361534,27.60361534,27.60361534,27.60361534,27.60361534,21.55805819,24.2091167,24.2091167,46.17202669,31.76373467,37.63602175,34.4514353,35.19596533,35.5804297,35.38715329,35.48352831,35.43527527,35.45938538,35.43527527,35.43527527,22.73444969,27.69830813,27.69830813,33.87230839,43.58819065,82.17773557,44.34343157,44.34343157,44.34343157,44.34343157,55.29242702,45.70088356,45.70088356,45.70088356,45.70088356,32.9921664,25.81375556,20.59166248,22.90888281,22.90888281,32.27882226,26.79842387,27.9863251
2716,865,104.0029919,30.69292611,1298,103.9988879,30.69473327,441.1701308,,36.20545146,36.20545146,36.20545146,36.20545146,63.19147763,60.6187966,60.6187966,60.6187966,60.6187966,60.6187966,60.6187966,68.75378662,64.4305262,64.4305262,64.4305262,43.81275782,43.81275782,39.63924636,41.62164152,41.62164152,42.20228001,41.90994976,41.90994976,41.90994976,39.28440741,40.55472814,39.90946174,40.22950765,39.90946174,39.90946174,33.68425177,39.90946174,41.10127182,51.64918604,42.36645471,49.59289527,49.59289527,44.95206003,41.10546673,40.81309581,40.25887125,40.39601143,40.53408913,40.46493249,53.51120185,33.01897029,33.01897029,43.04098837,43.04098837,43.04098837
2717,865,104.0029919,30.69292611,1627,104.0065398,30.69141036,379.0823482,,52.02146583,48.50816778,48.50816778,42.64676417,41.81055311,37.13459737,52.89521138,38.05623127,38.44215362,38.44215362,38.44215362,33.82147345,63.9202086,53.78114103,46.41824672,83.98132022,46.41824672,46.41824672,34.37522553,41.92615833,40.22686672,32.53150068,38.65995619,44.64655791,37.80322586,36.85878335,35.96038086,33.22450282,34.53834745,33.86868816,34.20024004,34.20024004,37.98572306,55.70189606,42.71350402,55.70189606,56.74413528,55.70189606,56.21818552,44.86673271,70.46625404,61.66958177,58.04645969,58.04645969,58.04645969,50.68510505,56.16034788,47.48421898,51.45914229,62.50518109
2718,866,104.0930635,30.70984187,603,104.0915573,30.70768178,279.4987668,,80.2815607,80.2815607,37.73331616,38.44211103,41.95394971,37.71244609,34.75632333,43.19362784,43.18435882,52.54284911,43.24622752,55.56533239,38.50238115,62.49661866,34.75444755,32.7670947,33.76495169,56.52784048,39.23882409,73.26666704,35.44892429,50.05948062,36.55569702,42.23276224,55.89975336,48.98712563,58.84184564,45.44695395,56.21204248,58.84184564,59.18797415,69.8746917,39.57504663,40.98556255,50.94661066,41.06920655,36.16968988,35.07435505,33.84065787,36.49044673,36.01275942,33.20049796,39.53617134,37.75593097,37.47469499,36.87386387,35.85677928,34.61492507,104.8120376,52.32086112
2719,866,104.0930635,30.70984187,710,104.0877124,30.71150796,544.689017,,76.15069752,83.61963587,127.0000299,123.8450818,76.00311865,104.8599177,115.0076517,114.8729034,67.73334926,102.2623448,79.06776053,127.7446555,100.5579724,119.0441562,86.5094321,63.1523498,73.25829867,98.55734257,80.69466919,109.2158994,83.67910931,104.9400858,93.82203164,157.3687713,113.6742296,89.43582491,158.8896597,96.14515622,60.61454285,131.3774042,116.2003236,100.2580551,92.49436138,108.037491,135.2065854,96.00393935,97.92162103,111.8505789,94.32978767,94.32978767,88.3279487,92.5671343,88.96244057,88.3279487,92.57927185,113.1639824,168.1715661,162.9916726,123.8711599,128.5823253
2720,866,104.0930635,30.70984187,1097,104.0946295,30.70924716,163.8130962,,57.81638689,57.81638689,57.81638689,31.70576055,32.49185379,31.87714304,32.49185379,33.6026864,28.73913968,30.5004989,20.0929181,39.14118227,26.55431804,30.54921543,35.95897234,21.4251461,24.20883195,24.20883195,24.20883195,24.20883195,24.20883195,20.40578361,25.91230948,27.8736666,46.43520837,25.16616556,32.16693526,32.16693526,32.16693526,32.16693526,32.16693526,32.16693526,32.16693526,32.16693526,41.4134232,33.24279292,33.24279292,33.24279292,33.24279292,33.24279292,31.03827086,31.56152777,31.82982843,31.69511032,31.82982843,31.82982843,40.91420667,30.63517643,58.24465643,31.79122083
2721,866,104.0930635,30.70984187,1339,104.0939086,30.71128143,178.9006734,,25.01135628,47.70684624,47.70684624,47.70684624,47.70684624,40.25265152,29.34134051,34.81310401,30.16592151,42.32149233,70.88517248,70.90375313,74.16995289,58.4430512,51.93890518,51.38636365,32.77569589,35.12958678,35.12958678,35.12958678,35.12958678,29.34134051,67.22781046,65.27457002,66.23679372,74.40798226,61.53271567,79.5114104,62.83340724,49.84848485,55.59278586,51.40589475,51.40589475,51.40589475,51.40589475,51.40589475,51.40589475,51.40589475,51.40589475,46.08532553,61.92715618,61.92715618,95.64986499,52.3611727,52.3611727,42.98392154,30.74188183,33.35567152,33.35567152,58.54931129
2722,867,103.9827442,30.62574617,198,103.9798505,30.6351988,1083.740058,,109.9004002,105.3880121,152.5996431,104.9062707,98.77124579,114.2449256,113.2993817,183.3825715,154.106552,100.7804768,123.3014762,117.7673543,126.2609776,104.4169354,136.893481,105.0881759,74.17232336,113.9668221,108.878071,102.5239691,101.1303442,110.7780432,97.95290507,116.6357013,138.9410331,110.9421102,107.548307,55.8949027,96.21366729,90.96564144,89.48312406,129.4733698,93.56029278,137.2516597,159.0270737,94.46644573,138.3497946,134.3595078,160.5540827,102.5556698,159.2434371,153.8432259,139.4625276,111.3113897,101.7572171,157.826222,186.4499025,91.25046225,165.7845981,155.6693949
2723,867,103.9827442,30.62574617,229,103.972055,30.62091828,1155.872922,,94.81384265,109.0017687,92.0606752,127.2520648,102.1835817,98.19805355,87.64913153,83.4174912,115.5185312,126.7353052,107.1423887,127.3819138,117.1645067,91.13556149,87.23569223,92.5446173,108.551544,73.00250034,111.5587807,84.84706565,88.25328779,115.3680255,102.0721795,210.1587131,111.9407379,100.365232,104.2022334,88.82702835,85.48341171,88.2345742,168.8090271,81.342925,85.40056479,165.4529829,89.8411483,96.21138773,99.19290868,102.1891581,102.9985772,107.5627682,149.3269244,125.551714,82.14132297,117.6571871,178.5259572,118.4896912,91.96818908,84.31899735,116.3413565,71.80573804
2724,867,103.9827442,30.62574617,307,103.9828708,30.62025518,608.6966974,,49.35378628,49.35378628,63.97979885,57.28910093,60.09895627,71.6582116,169.2129815,71.84616756,46.32786703,131.6100967,69.15370763,37.01533971,64.57685985,53.84049412,47.12490561,88.1814129,53.57721542,52.07777757,75.88945838,63.51617712,61.40267911,68.1665557,61.03922314,50.7051626,88.35919801,57.06531538,81.76522801,63.91759195,59.60040192,53.57721542,54.85126685,71.45569925,57.39413595,51.07944314,243.478679,64.97577793,71.94051578,65.21750329,37.33063221,72.1418308,102.8783151,78.13963752,72.61330263,72.58991671,125.2176063,51.34875479,52.49213679,65.87459503,75.69285356,106.1808897
2725,867,103.9827442,30.62574617,1042,103.987755,30.62805485,544.1833197,,71.02332149,68.10962862,57.87474006,60.07083023,49.58808515,49.31436085,52.42800939,65.38009124,57.18839485,54.26110567,55.58799605,53.456457,48.9178992,56.13352295,56.13352295,56.13352295,117.3089791,75.93255624,92.19105651,87.50686548,85.33884894,86.40926041,85.87071903,86.13914799,86.00472405,86.13914799,86.13914799,121.4293358,100.7842745,110.1477762,105.2581974,105.2581974,105.2581974,49.34659826,67.19240445,56.90312277,61.62119982,59.16825545,60.36982092,60.36982092,60.36982092,72.15690427,75.78568476,100.9824717,86.58828512,93.23307321,91.47806571,89.78790952,89.78790952,68.29711126
2726,868,104.0322507,30.63509005,1676,104.0337714,30.63626349,195.336973,,62.78688418,62.78688418,69.45314596,54.0933156,56.25704822,56.03291656,56.48298014,56.25704822,61.68535989,111.6211274,51.55521282,51.55521282,51.55521282,51.30133889,67.45449427,48.58121608,69.16850189,57.07512503,57.07512503,48.49745537,69.5103561,46.26401992,61.68535989,66.97267646,57.17179698,68.05288094,63.58165486,65.74133087,63.58165486,63.58165486,39.54337973,63.58165486,62.34158713,95.02879768,61.14896546,77.56026869,77.56026869,77.56026869,57.95712387,57.95712387,57.95712387,57.95712387,68.68992457,54.79582621,51.96155933,32.55616217,58.84628475,53.88606152,39.58975948,45.64466387
2727,868,104.0322507,30.63509005,1682,104.0337291,30.63346353,229.2882337,,11.5445824,16.75087917,16.75087917,30.51012788,17.45638516,17.45638516,17.45638516,17.45638516,24.91296292,31.67884805,27.89145472,29.66475291,28.75078628,28.97395711,29.20061966,29.20061966,35.65605362,32.10706956,32.10706956,14.91305585,12.81735468,103.6114194,17.00180518,12.91764697,24.86257956,70.25001203,35.05043063,35.05043063,35.05043063,25.05121825,25.05121825,19.74731199,22.08528806,20.85096663,21.45038535,21.14642905,21.29732274,21.22160767,21.25939778,21.24048592,21.24993765,21.24757392,21.24639226,21.24698308,21.24668767,21.24668767,15.05586213,15.05586213,15.05586213,13.57906874
2728,868,104.0322507,30.63509005,1735,104.0310773,30.63634952,179.2475238,,33.8735478,35.42635661,28.92601057,17.44029961,17.44029961,17.44029961,17.44029961,17.44029961,17.44029961,17.44029961,17.44029961,17.44029961,17.44029961,17.44029961,17.44029961,15.18331966,17.44029961,23.3801118,25.231323,29.00184655,28.17865003,28.58432273,28.17865003,28.17865003,11.64785353,26.05482176,30.15378905,24.22870159,24.96290467,14.93729365,18.69054557,14.93729365,14.93729365,13.42957514,14.93729365,14.93729365,22.96409558,19.58394797,19.58394797,19.58394797,19.58394797,19.58394797,19.58394797,12.54210079,15.29125795,13.78090946,14.12981712,14.31098118,14.21982215,14.24250286
2729,869,104.1010877,30.67158034,1554,104.1036894,30.67231679,262.2700241,,31.05829233,36.45452072,26.74708461,22.93535433,38.1998147,29.91673279,31.82602539,36.31431103,34.20913358,43.41021089,34.66972167,40.36771787,37.72377059,22.62845025,27.60737096,35.85463621,32.22796973,52.6210558,29.26757863,34.96933655,35.2209145,35.47613853,45.39288879,59.63192128,25.22837907,28.01697587,28.01697587,32.3070004,38.14836714,41.71161001,23.54543857,34.14727258,33.81705182,34.45883528,34.77613579,38.30312725,21.85583534,37.6164178,51.87758718,36.3842808,35.23030174,41.45651314,39.34050362,46.20744308,31.64822638,31.16079494,48.17204524,39.64729819,24.82485767,28.01697587
2730,869,104.1010877,30.67158034,1671,104.1018746,30.6694368,249.2431119,,59.86268958,40.60068791,51.94067744,42.05156194,37.95580384,43.60997341,18.69323339,52.31925381,55.64497382,48.63280232,68.49429029,56.87956912,56.87956912,49.98747648,42.39095446,49.98747648,71.35389287,49.98747648,49.98747648,33.23241492,28.46233792,29.613043,29.613043,29.613043,32.3926066,32.3926066,32.3926066,52.16716296,46.01411297,41.15941297,73.91064274,73.54714777,59.81834686,59.81834686,59.81834686,29.13231178,65.81480707,56.67001282,80.83560386,56.67001282,55.33043387,54.05272306,42.68673658,46.89183187,42.68673658,52.01595379,49.32115997,48.07582629,48.69053161,48.53538628
2731,869,104.1010877,30.67158034,1706,104.0974457,30.67052751,367.8985108,,58.92538304,53.2703726,53.37930028,63.82817537,62.26354918,67.31057955,57.24632584,45.04879724,50.72302873,72.88555403,51.49798878,50.69979478,62.14356077,61.75627799,56.41894095,49.09859644,65.29133048,40.134383,75.86777799,56.17962413,85.26403256,78.0993399,102.3388001,77.25868728,57.66769109,73.46309407,57.31574668,77.33924899,62.43651804,71.34315101,60.5554701,64.92326661,85.72392485,80.94329344,55.76566901,113.3757279,77.98034748,66.90842367,71.20616338,61.03385433,64.94449031,59.34733258,63.05401819,85.57007716,61.43492721,60.09913279,38.16814521,70.13775671,60.34468441,61.2758921
2732,869,104.1010877,30.67158034,1714,104.1001707,30.67370325,251.1476902,,46.247145,57.15118108,53.81736219,53.81736219,53.81736219,47.17208789,66.84892308,72.1141922,71.14054743,61.90755391,38.73743294,75.80372355,55.24481896,60.75411444,49.37612356,69.81711851,51.96159108,84.76234542,70.63528787,56.02675041,80.18906295,91.57871576,64.12281452,58.33107643,53.49891626,51.84241311,63.96080638,79.50906776,80.27806302,80.27806302,83.8614896,98.27518312,87.77977522,86.1077795,65.75503162,89.96335171,72.33053478,72.33053478,72.33053478,79.77632515,61.71547336,65.41802966,69.59320214,69.59320214,75.55417976,70.36044239,70.36044239,73.83178101,77.66342315,63.07895476
2733,870,104.0552507,30.60277225,230,104.0553258,30.60561598,315.2514771,,25.02547558,41.290734,25.02547558,41.290734,34.60077188,27.15084492,22.90424455,21.76232632,31.83465126,36.4921324,31.83465126,33.90307147,29.57407994,33.0590052,33.18664031,33.18664031,33.18664031,21.85662624,22.67543092,34.49560236,41.23180082,34.15817359,32.03967372,35.58952037,23.40010964,35.96487405,36.1555357,27.54624557,33.48297146,36.05995284,34.04801073,14.67233765,24.56505016,35.24550676,29.05047741,34.37739486,34.37739486,30.17579182,35.27419769,21.41330788,33.7689794,47.9531623,25.89137607,43.40603949,38.09483579,19.53365435,39.5695905,38.68445906,40.91591952,52.16456501
2734,870,104.0552507,30.60277225,778,104.0518659,30.60293304,324.9887435,,34.79063864,47.13505805,46.30446477,34.10960573,36.33158089,29.43294281,36.67584566,27.26600475,49.1579612,36.14704871,31.36620581,31.36620581,28.13963588,28.85226823,33.82889946,37.28954507,31.36620581,32.58940046,32.17120467,29.58178196,28.76360115,29.48062036,28.96387378,38.80462609,62.78852291,33.37179396,29.02703216,29.03336316,38.43562733,29.03336316,39.26038512,29.05925011,30.66794072,32.14425449,33.75515543,32.14174386,30.9513089,30.47136875,32.14174386,31.28661503,30.47802856,32.20618183,30.18519975,30.18519975,30.18519975,35.8883275,30.40830349,28.31974527,29.20031971,31.52998421
2735,870,104.0552507,30.60277225,1045,104.0551975,30.60075578,223.5427685,,41.69709672,41.69709672,41.69709672,41.69709672,41.69709672,41.69709672,41.69709672,41.69709672,41.69709672,41.69709672,41.69709672,41.69709672,41.69709672,41.69709672,41.69709672,41.69709672,41.69709672,41.69709672,41.69709672,28.31148519,24.39572464,26.20814872,25.26947987,25.73025621,25.49778651,25.61349389,25.55550923,25.58446871,25.56998077,25.57722269,25.57360121,25.57541183,25.57450649,25.57495915,25.57473282,25.57484599,25.5747894,25.57481769,25.57480354,25.57481061,25.57480708,25.57480797,25.5748084,25.57480818,25.5748083,25.57480824,25.57480826,25.57480827,25.57480826,25.57480826
2736,870,104.0552507,30.60277225,1245,104.0578993,30.60270356,254.0327086,,23.40541298,32.98389483,24.5343461,37.96429778,29.33497196,25.07245376,41.66367886,22.16473367,27.46299552,30.52462453,24.51790217,25.62392129,24.51790217,27.46299552,24.51790217,24.51790217,20.85410677,25.47403206,27.46299552,23.12307841,42.80114278,42.80114278,42.80114278,42.80114278,42.80114278,42.80114278,42.80114278,42.80114278,42.80114278,42.80114278,42.80114278,37.22596001,39.81935054,38.47900775,39.13770688,38.80556227,38.97092688,38.88806878,38.92945374,38.90875026,38.91909925,38.91651148,38.91521773,38.9158646,38.91554117,38.91570288,38.91566246,38.91564224,38.91565234,38.91565234
2737,871,104.133929,30.61760426,349,104.1386726,30.62175858,647.0811089,,87.90535819,77.09295064,87.90535819,92.62393607,80.0512712,75.87921798,52.03630659,87.31229355,120.3871831,81.83227137,120.3871831,120.3871831,93.12646457,68.46412908,108.9820815,110.7304571,109.8493129,110.2881251,73.02482734,70.51943468,110.1506201,72.39443345,84.9404555,110.1403211,110.1420375,86.78256491,84.63190387,84.63184053,84.6318722,94.95211925,84.6318643,84.63186033,102.1333729,59.53973143,89.06772014,105.9395044,103.1074546,76.11682478,69.12439146,47.39556444,129.7767126,65.43516832,80.46604463,71.75026669,66.24147844,77.30615019,81.62200393,73.60164272,90.92918242,90.92918242
2738,871,104.133929,30.61760426,428,104.1365144,30.61517896,365.6032421,,32.85500928,43.87238905,37.53592147,64.67674062,30.01531748,54.77012193,45.41132852,52.52431015,22.83038459,28.10330972,45.39128596,39.65566953,41.84226437,38.37235194,47.91666814,47.91666814,51.16313592,38.78698443,66.47331675,79.76798009,25.72801368,33.68321616,40.06610872,22.32691555,32.67556285,29.91299254,34.5905827,37.9144103,23.56618928,30.90738496,49.54222101,43.4141288,55.13585698,53.14286695,53.07143837,26.29713629,56.24665263,70.00913147,43.79939007,32.33837031,67.8439006,56.48805457,32.32248702,59.77164721,53.50291348,63.58317254,25.98847092,27.78687554,68.22756073,29.55198813
2739,871,104.133929,30.61760426,843,104.1333581,30.61806707,75.00261237,,8.231994041,9.000313484,8.833459253,9.765258753,9.278673695,8.79509461,8.411507929,9.97264652,8.411507929,9.485107886,8.962967785,8.678486285,8.818433298,8.933313632,10.30017398,11.93933941,10.4959924,6.476987215,8.464244656,8.173846758,11.7736659,11.7736659,9.285511332,10.20829507,10.71040875,8.906302512,7.96487919,8.906302512,7.96487919,7.96487919,8.313666235,8.906302512,11.31640421,11.44713957,8.918560018,7.972718637,10.42507353,8.612740176,8.719356443,7.493322976,7.953148882,9.407993189,8.261379028,8.464244656,8.510934737,9.765258753,9.121939342,11.10685408,9.140467317,9.140467317
2740,872,104.0034106,30.68701985,153,104.0001805,30.68818679,335.3455183,,40.30864327,31.83939866,40.85427634,26.24443187,34.43801836,31.02457734,32.64230367,32.64230367,37.50369263,32.20432199,37.50369263,36.94136676,38.29480939,34.08969301,30.88567613,36.29444166,37.78541051,27.31320964,37.2701991,43.46838613,36.25356955,35.09429843,35.09429843,40.8681065,37.07140643,28.53040872,34.36177987,35.59441373,34.96723724,32.72033064,31.00963534,29.33763951,30.01849646,26.07438155,39.3666478,78.73329562,52.26163922,41.37053299,34.45576499,36.58314745,44.96252759,39.87593281,46.52192161,46.34333458,37.97857227,37.97857227,43.19298268,38.08340271,38.6673777,29.48332463
2741,872,104.0034106,30.68701985,970,104.0021305,30.68485942,269.0147901,,27.55201264,27.55201264,27.55201264,29.61630717,28.54689003,29.07176719,28.80693792,28.93874668,28.93874668,31.04016809,22.8408784,28.07110853,25.18734056,25.85127112,26.19653746,26.19653746,26.19653746,26.76517488,26.19653746,26.19653746,26.11485954,26.86416767,26.03368936,24.64257619,26.03368936,31.10663526,27.86915811,27.86915811,27.86915811,29.21427585,28.52586876,36.5914324,21.86124705,27.3703225,24.30754849,27.3703225,27.87584296,28.4003884,46.33747581,35.21648161,40.01872911,38.69943034,37.46434214,37.46434214,16.34520244,27.59126052,27.59126052,27.59126052,27.59126052,27.59126052
2742,872,104.0034106,30.68701985,1627,104.0065398,30.69141036,571.5129566,,31.2444441,87.55092101,148.0177442,43.29188098,68.58155479,68.58155479,68.58155479,68.58155479,51.82485249,70.41227391,87.6752831,66.59840237,43.96253512,56.96668141,51.86840278,84.23527712,51.86840278,40.21068359,45.30157747,43.91171138,43.24827628,43.91171138,43.5774689,57.79344505,40.94421182,44.63007904,42.70776635,44.63007904,53.60260471,67.09065142,91.64573023,67.4388411,67.79066372,47.0811589,60.20326683,81.0246217,54.14333273,82.62837927,56.48446517,119.6189909,67.79066372,67.79066372,67.79066372,67.79066372,67.79066372,67.79066372,51.15905454,57.24201038,64.96673881,62.53637215
2743,872,104.0034106,30.68701985,1687,104.0078677,30.68522261,471.1184585,,53.00082658,53.00082658,54.53461256,54.53461256,64.88241969,58.69957721,47.22334542,54.31629946,52.68799163,45.22737202,45.61893454,59.52340607,59.78864815,53.66502296,56.44678865,61.02233634,58.0649698,58.42989125,61.02283485,61.0227933,33.06094446,33.06094446,33.06094446,35.856796,35.856796,54.59312609,43.97648532,43.97648532,43.97648532,43.97648532,43.97648532,43.97648532,43.97648532,43.97648532,43.97648532,43.97648532,43.97648532,43.97648532,37.57813406,40.52631901,38.99658441,40.52631901,76.05499778,52.87689636,62.38258209,57.23776252,58.4427356,59.06444992,58.75194805,58.8297631
2744,873,104.1015821,30.68192194,223,104.1002021,30.68127471,150.4000447,,26.93732144,17.35385131,24.97993822,28.9927797,24.97993822,14.40000428,20.60666645,23.6135996,26.73778572,17.49402782,26.73778572,23.11377421,30.33278212,24.17143576,24.47187168,26.12497761,34.48663445,26.07779222,18.70259623,23.74412108,26.41171517,26.93679794,26.93758319,23.74717206,26.93738688,26.93728873,16.43217484,28.80000856,23.85198947,46.67587594,24.11760182,24.61091641,32.51892895,26.89272323,30.98370028,23.54087656,23.85198947,25.72162285,27.20804829,31.84942123,27.03821028,31.501973,27.10165048,27.09105645,27.09105645,27.09105645,17.75213642,26.75068632,26.80681949,26.77872349
2745,873,104.1015821,30.68192194,262,104.1002591,30.68461396,324.1581262,,82.69046975,49.97726999,49.97726999,49.97726999,49.97726999,50.74698697,62.65606735,62.62804586,48.92952848,42.38387123,44.79728423,43.55717278,44.16852564,40.36500987,44.16852564,49.03232161,46.47351215,49.03232161,49.03232161,53.10440293,67.45487019,79.52090319,79.52090319,67.45487019,79.52090319,79.52090319,85.59676684,69.77394645,67.45487019,76.02405566,62.57207798,57.86624401,56.44349477,57.96204907,56.5118283,52.92377571,56.52893754,56.53749605,61.28839018,85.02508228,69.15373359,118.474036,50.30039889,54.60702806,52.36531623,53.46268348,53.18405233,53.04582301,53.11484774,52.92377571
2746,873,104.1015821,30.68192194,978,104.1032838,30.68263455,181.1259665,,41.07423492,33.12017673,36.67084594,27.74695657,51.07468506,27.62938472,36.02505411,44.66119722,44.66119722,60.93957751,46.95254577,46.95254577,46.95254577,24.10548907,23.97255439,14.36241144,17.96290577,17.96290577,17.96290577,23.75422511,27.86553331,37.69095257,27.86553331,27.68804583,22.00405443,27.51280504,24.45200547,27.51280504,27.51280504,28.87747916,28.87747916,29.5850036,42.89825522,30.32806881,42.89825522,51.95645254,42.89825522,41.37395174,42.12231779,22.56240413,53.88871731,30.04854744,62.39746214,21.17056751,44.81467212,44.81467212,44.81467212,44.81467212,44.81467212,44.81467212
2747,874,103.9960912,30.67274279,342,103.9957969,30.67074439,223.2747683,,20.45265053,26.47526897,27.63111605,23.24769822,23.11953497,37.41454613,41.18475657,17.34172958,19.41519724,22.48361303,30.4337505,17.43577366,19.11508123,26.65967383,35.75574581,42.23060417,32.58659771,60.89311863,42.84590436,24.83385682,23.81597529,24.93142574,25.9645785,45.97459482,32.94217893,22.52772326,33.56113427,31.9810013,29.80676758,28.20312863,50.87273202,28.50316191,38.95585619,36.63101668,75.82916659,21.25020928,41.32592112,44.38099689,41.04892006,33.18585925,36.51512395,22.81331597,31.52114376,28.14669415,74.34843262,30.21763782,25.53738414,38.15454901,32.82260659,25.15772037
2748,874,103.9960912,30.67274279,790,103.9918974,30.67315839,404.4053001,,68.25405909,55.78004139,43.24333902,88.50207175,53.06898228,56.75863861,51.641469,47.43070308,44.85481321,56.27285236,58.40122385,68.22207499,55.35585857,52.29378881,42.69381467,61.04230945,52.30631427,67.97785588,65.91325774,66.42703027,61.38054226,46.59814158,61.95145023,68.2433944,73.05748615,61.81991849,65.90082596,60.18710024,78.41251778,50.63857671,83.63308901,96.24929385,59.99419286,41.40374206,46.29122672,65.02999801,64.41854338,80.54545396,77.1929523,72.19135934,102.2851813,76.63332549,100.4907044,90.99119252,68.78074394,72.43080002,68.35019157,61.70780081,58.35106535,76.26735578
2749,874,103.9960912,30.67274279,979,103.9963677,30.67454556,201.5531308,,35.0527184,35.0527184,35.0527184,35.0527184,35.0527184,35.0527184,35.0527184,35.0527184,35.0527184,20.29625933,20.29625933,15.1797337,17.36903102,16.76456366,16.47783739,16.76456366,18.7415616,21.24718216,25.51903649,23.25613048,23.25613048,23.82894157,26.87375077,24.43068252,26.24199895,47.89381326,27.17570303,27.17570303,27.17570303,27.17570303,27.17570303,33.48882788,30.00377413,30.00377413,30.00377413,22.96174908,26.01462578,26.01462578,26.01462578,30.23296962,27.96561828,19.5577162,24.55469614,24.55469614,24.55469614,27.58902171,37.92288873,37.92288873,37.92288873,37.92288873
2750,874,103.9960912,30.67274279,1219,103.9988935,30.6724723,270.1366188,,37.29350945,42.35130442,33.31488665,37.29350945,29.73981124,53.28722343,27.70631988,45.23217803,37.40353183,38.59094554,32.5611103,39.30394223,39.49205392,26.83970086,41.64847228,47.23700438,53.19977175,46.94248564,44.41446978,42.1448246,41.77819043,55.36006608,41.41788022,47.38469195,38.21185963,69.54649544,49.3150014,33.30451465,47.49654836,45.58555443,35.17149467,28.63077019,23.04483004,48.99203162,48.99203162,48.99203162,52.56712582,48.02428779,42.93562153,36.67012925,42.09921332,35.62241127,55.04670722,43.41481374,55.57096158,35.84122215,64.72491366,49.79942302,43.45008166,44.04401393
2751,875,104.0023938,30.66366051,252,103.9994246,30.6637374,284.5999273,,78.21066704,110.1677138,82.12903714,67.73948683,50.47092307,38.86428595,38.86428595,37.14977144,37.56406007,62.01622629,54.42548411,51.78221847,44.69180974,45.81557474,52.54152504,51.33064821,33.87674274,44.87697466,35.02456507,43.43920761,44.02984379,36.88029823,39.12516601,36.61444732,45.49448862,39.3053608,45.73927403,53.21466786,48.89721946,54.13789898,59.00992013,62.77779293,60.83557126,59.74218121,58.22826815,62.97131772,58.7289247,59.05243448,63.32586586,49.79634208,47.41960027,47.72330659,43.2303687,40.40659554,57.64049161,54.64318604,47.82773395,47.50319232,66.31454617,41.79033602
2752,875,104.0023938,30.66366051,1123,104.0024588,30.66283584,91.61178266,,14.16510447,16.89128899,19.77825593,19.77825593,19.77825593,19.77825593,19.77825593,19.77825593,25.36941674,19.77825593,18.63290495,19.1885043,19.1885043,27.1442319,22.48333482,24.59491345,23.49176931,24.03068791,24.03068791,32.46086787,27.6167641,29.84352415,28.68699729,29.84352415,29.84352415,35.65431541,32.49116095,33.99932504,33.2281386,33.60930856,33.41763669,33.51319857,33.41763669,33.41763669,24.25017776,28.10523125,26.03577611,27.03095283,26.52403305,26.77509384,26.77509384,26.81320468,27.89026787,27.34113306,27.34113306,27.34113306,24.55485659,23.36435103,24.55485659,25.9686943
2753,875,104.0023938,30.66366051,1535,104.0055646,30.66356549,303.9795021,,57.69733958,44.42460924,50.42977915,42.636086,90.74014988,32.86264888,39.17635588,39.17635588,43.7730483,68.82554765,42.20541847,35.58784415,40.15875991,55.54955368,52.86600037,53.51228399,56.26355823,74.19160729,65.98004695,46.92650976,33.56828858,35.35787423,46.52747481,59.79924631,35.33884416,48.74504265,73.51519626,61.47900042,32.61777072,52.6118369,42.97092438,53.99635892,33.46563326,33.46563326,33.46563326,31.49787604,40.75702821,22.44771708,63.80910831,58.86639094,54.63435884,57.59611619,33.26219476,38.86101589,32.35258559,58.00315587,59.52046194,58.7520142,67.49148418,43.13222665
2754,876,104.1117457,30.66314868,462,104.1124124,30.65966078,391.8038404,,56.87475103,51.21618829,47.94336592,41.00272748,75.62969573,32.10045119,71.78085626,68.00838117,29.10377827,57.68890902,38.96391783,35.59156764,33.79777537,22.86051581,56.64633837,33.62321396,67.00683256,45.63228164,35.7802172,36.28279937,41.41068155,37.65333223,36.61425665,31.49829892,62.54961532,30.9998643,30.01050692,41.60748748,39.9290538,27.92135583,35.8296484,32.57491514,31.61529548,31.69649046,27.62965378,33.17508017,33.01717756,37.42465928,49.15754504,41.76147522,43.355343,28.06952886,35.18238567,36.25948137,29.20277071,31.06814593,46.47426113,25.23696234,30.7800071,90.76536843
2755,876,104.1117457,30.66314868,1686,104.1111198,30.66475146,187.4831483,,23.79898921,23.64060714,23.79898921,30.81914767,25.12804668,18.02241212,26.61432705,21.49146104,26.61432705,55.02222829,35.87558473,43.43238957,39.2939647,40.25283041,40.75002895,40.25283041,40.25283041,14.34515056,21.15217092,18.90900857,17.956857,18.42063696,18.1857906,18.30246046,18.24393901,18.27315288,18.27315288,18.27315288,79.87447738,29.74210447,43.34444681,35.27749066,38.89711616,35.27749066,33.05909428,20.49410933,31.10319511,18.29103886,47.53093901,46.87078708,46.2287215,32.17827575,24.67785499,21.9929544,24.19137397,24.19137397,24.19137397,31.53922121,27.38090604,27.38090604
2756,876,104.1117457,30.66314868,1810,104.1148162,30.66338768,295.3729134,,34.32905531,39.60614529,36.46006103,41.37966661,38.34167626,26.78444555,26.78444555,26.78444555,26.78444555,26.78444555,26.78444555,26.78444555,26.78444555,26.78444555,26.78444555,26.78444555,26.78444555,26.78444555,26.78444555,26.78444555,26.78444555,26.78444555,26.78444555,44.4913175,33.43844303,38.18105882,35.65272383,36.87360167,36.25288688,36.56060989,36.40609814,36.48319042,36.4446035,36.46388675,36.45424258,36.45906403,36.45906403,36.45906403,45.57182093,40.5092774,42.89168172,42.27019022,41.66645206,41.66645206,40.89778801,41.27854195,41.18269037,41.1349313,41.15879698,41.15282796
2757,877,104.0283682,30.5816609,91,104.0292501,30.58423404,297.4542591,,53.7320677,53.7320677,53.7320677,68.26041962,51.47628087,57.32778939,46.73869057,45.23196383,44.27607543,44.27607543,47.16759082,48.13043508,48.13043508,42.02100718,56.9972233,49.13027717,52.77217245,50.8861459,51.81200139,51.57739326,51.46088414,51.57739326,59.69204186,58.05733733,69.93210336,68.33665174,57.54600983,71.07314154,94.34672535,73.39820538,78.33469881,62.68304388,65.89755894,52.42767847,51.7311755,57.34058007,48.45408746,55.55565929,58.47564957,64.58921332,61.92782646,49.89331778,60.37126612,48.78520878,55.33139133,51.06815298,47.80514878,55.19769756,55.19769756,55.19769756
2758,877,104.0283682,30.5816609,372,104.0266743,30.57742312,496.9689526,,41.0341337,44.93272188,31.65127341,38.78782069,26.5246587,53.14123453,22.30783328,27.37701958,23.52515752,40.75371821,27.27268642,33.28536241,26.82291198,37.36890502,28.28597991,20.65921743,46.29945816,32.24744465,37.19518148,40.20422987,37.9446072,46.59083931,46.05823386,38.76680887,32.00515616,33.00900792,32.23582395,27.44000352,42.64641602,34.34774618,23.63392641,25.30534978,24.88300736,25.30534978,25.57667233,25.44028766,25.50829769,25.47424728,25.49126112,25.50375238,25.48700553,25.48594185,25.48541005,25.19842577,25.485543,25.48560947,25.48559285,25.48558454,25.4855887,25.48558766
2759,877,104.0283682,30.5816609,617,104.0306186,30.58109204,224.8101062,,36.72034403,27.20991709,36.72034403,77.0777507,31.36885203,24.03910046,15.74066026,16.72638175,25.67462372,24.56195394,22.07025859,20.19497823,24.5525426,35.34132674,20.9983656,22.79927074,41.50340422,23.02372703,24.66640964,22.76558037,54.68353935,24.12269396,20.96092748,31.8628497,35.1876688,26.08369888,31.30817727,25.58807838,24.59444308,21.16551507,18.97509098,37.55528456,18.46098787,18.71748715,19.58181423,15.61677494,15.73053538,16.27914946,14.8577933,20.87792764,15.47727499,14.49143371,13.8432842,13.97660265,14.58979151,14.06418289,14.19200237,14.25678734,44.06441282,13.88093571
2760,878,104.0955874,30.6052878,270,104.0957775,30.60819498,322.7140496,,54.24609704,37.29600573,112.7932601,39.71865226,46.15195509,34.94046853,42.84999829,39.71865226,45.91978571,74.95294055,79.5733273,46.66330929,48.12823939,51.28200789,55.11536138,38.21613745,46.21250248,50.85262427,49.10865972,57.01164234,68.74382122,44.34722588,62.16000955,33.28855526,55.98894355,56.39663003,49.91495504,66.76842406,50.03318598,49.7191403,52.76777797,97.01633224,49.64831532,92.94164628,60.90540386,39.09053091,105.6155071,50.73233968,53.95861923,61.41247937,52.80775357,44.38120794,61.14581992,48.46480364,58.38043108,63.83354827,52.59260202,39.51600607,52.2274486,42.32315405
2761,878,104.0955874,30.6052878,681,104.0926227,30.60533263,284.2564098,,48.34597205,37.51184294,38.07441321,37.55314038,45.00949749,34.07921435,45.43054718,38.87267143,44.39579502,49.33375708,42.70147581,27.26438034,54.35979152,38.23124814,41.52055418,38.71081472,42.46153839,37.48436173,31.74735498,37.71626445,38.42264363,36.49023669,39.11785456,40.55441514,28.63777263,33.81349222,59.69384607,32.01219213,35.33386449,30.63841543,39.52580438,43.26947464,36.52221354,36.47281836,45.48102557,35.90607282,49.67587744,24.02166843,36.66220569,37.09391967,37.25428104,46.13719907,35.65585628,39.91119638,37.18920927,46.94142547,59.96033643,30.51659271,33.47318471,31.79432546
2762,878,104.0955874,30.6052878,899,104.0980187,30.60538701,233.345313,,32.69074303,69.29778316,69.29778316,69.29778316,83.58638078,116.1349945,82.68141012,109.2739027,120.2925719,88.1724656,134.4069003,88.1724656,75.58670264,66.14512809,86.54989791,84.08840108,84.25708393,84.08840108,84.4264449,97.67943335,115.0744009,121.9417442,116.5774135,82.26755323,68.66837551,74.85532815,71.62849967,72.16865351,72.16865351,72.16865351,111.2639903,118.3159334,78.14354668,115.6685889,113.1371215,121.7453807,101.6693648,70.29649597,92.31243152,66.91147283,39.19330297,132.4989159,70.59185939,84.32051461,104.6782713,62.45673805,62.45673805,51.44621074,67.6614662,77.5305147
2763,878,104.0955874,30.6052878,1312,104.0957079,30.60237883,322.6038876,,42.58536926,35.19315137,35.19315137,35.19315137,35.19315137,35.19315137,34.59902667,34.8935602,34.8194577,34.78252435,34.80098123,34.78252435,34.78252435,28.19225315,25.75257338,26.91724544,26.32203239,26.61631169,26.32203239,25.66572365,25.9897353,25.82671329,25.82671329,25.82671329,22.55095137,24.07792767,23.28943724,24.07792767,24.07792767,28.18868921,28.18868921,28.18868921,42.81563117,36.86901573,36.86901573,36.86901573,36.86901573,36.86901573,36.86901573,36.86901573,36.86901573,36.86901573,33.07187457,25.69411494,29.98383809,52.63024147,44.2709274,41.01379618,42.58016482,42.17746219
2764,879,104.0416006,30.68304127,248,104.0406601,30.68164203,179.3469999,,43.13914473,43.13914473,23.22479135,21.29098762,23.57997533,17.31253091,37.21321035,15.73474898,17.96797402,14.74084931,26.65218574,20.46792109,25.09812243,56.63589471,52.34993512,18.57448791,23.82469371,12.95183951,27.47443403,29.21489591,12.78513267,21.27344974,11.53975334,17.6527464,16.86869235,23.3507848,20.56207642,19.93257112,18.8053165,13.99781463,22.34080276,33.45332641,41.78959221,31.96283167,20.97560828,25.23710227,25.04133936,23.37896921,17.90982523,20.16548761,14.9629015,26.60642306,22.93602841,21.42048768,19.43555688,22.34382284,20.14506083,18.66038149,22.54136857,23.47815271
2765,879,104.0416006,30.68304127,539,104.0372435,30.68504933,472.9959756,,63.06613008,66.12759271,61.47240116,85.912488,85.85473172,127.5494766,98.14325719,57.20444049,57.6238752,86.49069268,131.6586737,75.22798817,117.0299321,102.802638,96.50547615,91.79436723,65.98878134,83.77788498,94.86270263,90.50492474,66.77590244,100.9806086,200.3277073,94.07654763,95.26072795,92.04246012,85.71517444,94.81318321,87.8585433,86.53342523,72.69276866,69.21892326,101.3562805,74.52015371,107.2620795,90.81522732,76.47240323,124.7461914,119.2426829,79.91171744,88.91830351,66.68872764,105.1102168,85.35265725,71.80961569,94.33714749,90.57369746,72.18251429,146.7918545,104.1459029
2766,879,104.0416006,30.68304127,1157,104.0422872,30.68440161,164.488574,,29.46064012,23.61550813,23.61550813,23.61550813,17.99874974,23.61550813,23.61550813,31.08445493,27.28842702,78.17278764,34.7307253,68.06423752,31.79376464,28.04225097,31.92231086,35.03898618,71.92212953,56.39608251,38.75385251,50.01341777,50.01341777,50.01341777,40.10105189,53.34764562,54.3265015,74.64187392,52.87132736,45.90378809,77.40638776,45.90378809,42.6781165,39.87601794,34.52821378,56.1288025,58.48482631,61.04730581,65.0724029,51.04817814,126.8911856,51.04817814,32.95874952,39.06490598,47.94808635,31.16625613,34.49469124,34.49469124,34.49469124,43.86361973,29.11302195,36.10724795
2767,880,104.1143105,30.68613383,54,104.115936,30.68478406,215.9173046,,40.37934008,30.01167168,41.9407714,25.26785198,28.78897395,51.06831405,28.4726116,30.74366368,36.09762988,41.27268832,42.47553533,48.7336863,49.86718406,22.08245161,49.86201014,46.84124277,45.40458536,36.87783023,27.70033367,26.42138169,24.06508658,24.95352477,38.80044742,46.40610726,35.25513751,27.96051426,51.57541528,38.90513623,32.72851775,28.00080319,51.60179258,51.60443182,31.00940012,26.15418225,34.3460404,51.60360703,51.60352454,28.52485492,51.60354516,21.83433417,23.13399692,34.54676874,44.06475604,39.97364313,28.38941916,39.40696054,26.39396593,40.80327016,40.80327016,32.73540942
2768,880,104.1143105,30.68613383,657,104.1111145,30.6886652,415.24228,,80.00080622,113.2478945,121.042284,157.3549693,104.5852758,88.19305062,97.57651488,108.9557003,71.01530679,135.8974735,77.24190321,80.74155446,102.9824944,97.0696239,241.665253,173.455636,73.07846535,89.40623254,88.30468738,79.71016697,93.429513,100.1030497,82.4378056,68.03193595,63.32000335,87.41942737,114.2369591,209.5615245,96.88089488,79.67074824,153.8839038,109.2476644,154.451741,108.5206685,98.34685579,64.25182313,68.22006654,170.4772297,174.8388547,123.6891897,188.03424,72.2160487,71.18686263,177.9609771,83.88732929,112.5021417,121.9971878,116.6957227,109.1147597,71.29300762
2769,880,104.1143105,30.68613383,1344,104.1128606,30.68484116,199.5338827,,53.01269208,45.03586067,48.6997951,61.39504083,61.39504083,61.39504083,61.39504083,61.39504083,98.94242117,75.77236052,85.82102482,80.48425521,83.06701101,82.40590552,82.0792833,82.24227012,82.16069588,82.20146276,82.18107426,82.18617044,82.18871876,82.18744458,82.18808167,82.18776312,82.1879224,82.18776312,82.18776312,42.0071332,51.80206569,39.03923792,67.55379103,49.48257021,57.1230201,53.02899868,57.1230201,57.1230201,71.83219777,63.63871342,67.48767847,65.50670643,66.48243901,65.99096616,65.99096616,57.31292377,61.34656766,59.261187,59.261187,59.261187,57.6965444,58.46839993
2770,881,103.9865454,30.65642194,937,103.990711,30.65129124,694.7491539,,174.9018849,174.9018849,174.9018849,168.4240373,320.6534556,129.3670839,184.3560408,152.042368,152.042368,152.042368,107.1133599,152.042368,152.042368,158.9680268,158.9680268,289.1441565,142.1077815,190.5597679,162.8053347,168.9573623,175.59259,177.422085,273.3439294,179.2901042,216.5451908,196.164467,216.5451908,205.8516012,274.8458191,194.6378953,104.2123731,135.7447465,117.9067509,126.1985218,126.1985218,126.1985218,188.0524026,151.0381252,167.5250707,158.8549646,163.0748593,163.0748593,193.6050134,238.1997099,242.824947,216.233166,297.7496374,297.7496374,297.7496374,227.8903831
2771,881,103.9865454,30.65642194,1084,103.9903198,30.6638787,902.1082005,,71.53280885,71.53280885,71.53280885,76.36894819,92.26106596,81.90641921,92.26106596,86.77593913,73.34213012,97.67186532,127.8075373,106.304076,77.99206344,74.61045267,119.8372517,163.5690694,106.8286027,119.3966736,119.3966736,260.850564,126.1199814,99.23879364,95.65801242,99.23879364,97.41550872,134.0747968,75.00206748,131.3484134,75.00206748,95.48223511,69.99115349,135.8012345,103.2291647,114.5130297,103.2291647,103.2291647,83.71424577,92.45312946,92.45312946,96.04434692,99.92583144,77.69352923,123.848753,102.0051675,105.0999845,100.7981229,80.785809,99.61931048,109.6990166,122.04812
2772,882,104.061945,30.6415775,1448,104.0593742,30.64382237,350.1370834,,77.84828615,54.53730666,50.92903031,50.92903031,50.92903031,50.92903031,50.92903031,57.42567199,57.42567199,57.42567199,84.03290002,57.42567199,55.52834803,55.99082733,56.22496795,56.10765337,56.1662494,56.1369361,56.15158891,56.15158891,56.15158891,141.6284832,80.41926855,88.7671479,88.7671479,88.7671479,110.5696053,98.47605471,104.1730165,101.2444579,102.6878615,101.2444579,101.2444579,55.28480264,71.51736172,62.36207793,66.62667989,64.42388118,65.50676737,64.9608117,65.23264721,65.16447528,65.13044272,65.14745456,65.13894751,65.14320076,65.14213742,65.14160575,65.14187156,65.14180511
2773,882,104.061945,30.6415775,1733,104.0601611,30.63830872,400.5904883,,62.72384593,51.07883441,51.07883441,51.07883441,51.07883441,51.07883441,51.07883441,54.83367901,53.84414778,53.36265524,53.84414778,53.84414778,62.5651088,62.5651088,65.05830486,63.78735384,64.41656093,64.10041334,64.2580983,64.17915896,64.17915896,61.23676254,62.67344481,61.94677483,62.30799119,62.12685797,62.21729276,62.21729276,62.21729276,119.6784861,81.87184391,81.87184391,68.32383152,49.81436124,58.62299829,63.67001139,63.67001139,63.67001139,82.64330991,71.92647171,76.91337375,74.33637927,74.33637927,47.36045182,72.90827896,72.90827896,72.90827896,72.90827896,72.90827896,72.90827896
2774,883,104.1336874,30.63179186,1455,104.1321073,30.62839123,406.1750909,,24.86786271,25.02747672,39.3337008,33.80097844,40.73064978,34.54087387,30.48430147,30.48430147,28.17399474,46.86635664,28.58710317,32.35022848,28.58710317,29.33260436,32.82222957,29.33260436,40.83301668,29.00099816,38.2705743,42.18783402,38.7038202,46.56784482,34.98158678,32.20771646,29.84143525,25.6082369,31.35762827,36.22370753,32.87757903,39.74652052,35.3373556,38.19495849,23.43317832,48.09968182,51.85213926,25.46330566,32.35022848,45.98208576,39.76453527,39.36605727,40.17116284,25.88018278,28.92641597,28.6193831,40.58932206,33.38425405,23.62246086,72.9898666,24.58907501,29.51019833
2775,883,104.1336874,30.63179186,1500,104.1354307,30.63132727,174.8335651,,29.8860795,26.66952688,29.8860795,44.1463511,38.93201036,38.93201036,38.93201036,27.60529975,39.41967647,38.93201036,27.99114256,38.93201036,44.50308931,41.53155546,41.53155546,35.55936917,38.31413153,38.31413153,38.44367939,46.36470235,42.1121272,44.13621628,42.1121272,41.97987945,26.78301423,41.84845973,29.54933495,24.97622359,28.47967576,25.48181516,25.48181516,25.48181516,25.48181516,29.9714683,29.9714683,30.60295791,30.28392147,37.26715466,25.74236541,32.14508858,38.22659182,78.6751043,27.76768386,63.57584185,38.6530707,38.6530707,35.76141104,32.58330462,28.65254177,31.84152618
2776,883,104.1336874,30.63179186,1834,104.1356858,30.63618962,523.6733744,,48.39423083,46.66396406,61.55331476,56.367892,59.25715778,74.95921065,63.65416368,49.05179917,49.04116578,42.73269696,48.19648755,53.38417895,47.12078687,61.20857623,57.21469341,64.82889092,48.02439097,47.93523078,52.8073991,118.8166479,118.8166479,118.8166479,118.8166479,118.8166479,118.8166479,118.8166479,118.8166479,118.8166479,118.8166479,118.8166479,118.8166479,118.8166479,118.8166479,118.8166479,118.8166479,118.8166479,59.47079331,79.26660749,67.95641265,73.17706542,70.47018076,71.12795229,71.46146441,71.29431831,71.3777935,71.33603149,71.34646741,71.35168652,71.34907687,71.34972927
2777,884,104.06559,30.5913448,148,104.0685886,30.59134338,287.5102115,,28.25396073,20.86767664,24.2594545,24.55020781,36.23232537,27.52757344,22.106178,18.88753214,22.89693269,23.07433236,22.11551379,27.7787644,30.71325701,21.61889484,37.43351759,21.26787866,30.08827795,20.58763454,21.78833635,23.94071152,19.26161725,15.99747699,41.1545432,14.91407437,31.1722851,25.17380586,19.47388074,27.67742271,19.84730127,32.34489879,24.23537085,25.7384523,25.36854807,45.00159832,22.78489595,27.71760747,32.65544568,25.84361452,47.47875052,100.489006,28.87083895,25.75202096,33.38828263,25.84886692,29.51984725,16.35129165,37.50133193,22.39279637,26.39277759,23.57927984
2778,884,104.06559,30.5913448,500,104.0658265,30.58140576,1101.767362,,75.83867119,87.42900447,86.86071384,105.3949292,90.23982293,101.9630464,90.02768327,87.36481285,88.01565232,88.34472205,98.21780859,92.19121743,105.7579159,84.03310388,74.27645137,63.83630639,65.39756807,66.80189479,66.0922725,83.68877129,83.68996762,89.43411267,83.76247301,78.27638953,112.8895478,110.1002777,80.56254239,87.2099883,86.76813757,108.8983679,82.7818355,81.83896297,84.6447345,81.83742733,82.11930648,92.56388572,92.56388572,92.56388572,92.18739113,73.45115747,91.81394683,86.56636209,86.60180138,72.71058668,120.9741978,130.9696423,104.9877757,77.10408237,84.03310388,79.16891224
2779,884,104.06559,30.5913448,1101,104.0614931,30.59120869,393.0982995,,26.70101657,46.3225492,57.99810976,67.06890418,46.82838776,29.2185935,42.66795612,62.34158054,68.53045415,68.53045415,68.53045415,25.59048604,25.59048604,34.18246083,64.32517628,51.46014103,80.8659359,55.11796994,55.11796994,49.99071693,43.7450967,54.28979072,42.62511681,43.78570168,42.27945859,45.01125567,94.03015802,55.02153492,44.04005845,70.75769391,74.57991453,30.27067119,47.95099968,74.67830492,33.71019243,61.10776013,87.35517767,51.71086034,51.71086034,46.55111441,37.69435749,32.0896571,47.97131791,58.54655525,47.45653515,47.45653515,34.40406511,46.70474846,142.2265204,44.50169428
2780,884,104.06559,30.5913448,1203,104.0651384,30.60060628,1027.354652,,51.09275424,69.94232925,61.17073501,72.16539995,65.31017421,66.96672848,75.71088531,67.24503177,69.87046752,77.64889812,63.13788074,64.33998401,68.45861633,55.73492524,53.02475623,65.53709535,72.86203206,63.9014988,63.61329115,67.43771094,70.53674661,56.05876085,56.28269731,56.50843006,55.17608172,64.88555697,60.58819853,69.93483304,70.69404422,58.13691507,61.46712227,72.67947428,60.2446975,60.63076635,75.75193338,66.37015248,62.88589581,62.77724838,66.32289526,60.57402253,66.88887025,78.60736976,73.48940417,61.50801176,56.26226555,67.15781383,57.01659939,64.2869337,70.82189516,68.75653916
2781,885,104.1128259,30.59898189,864,104.1129372,30.59636556,290.1588737,,20.47678403,20.83934056,19.77419679,22.34079819,24.8707606,19.89660848,19.95743113,22.48204348,20.94829858,37.84680961,31.65369531,19.95024456,33.62384232,19.0537087,26.78389603,21.57092298,20.72974688,22.14165144,19.30816904,40.4872847,30.58775828,20.15575389,21.33230657,35.65091964,22.0800834,22.19541982,20.46174232,28.26987673,28.34659282,19.01382381,28.64784218,20.97349772,28.72415764,28.76246806,21.48409789,28.75288087,23.35926291,28.75048508,32.93340749,28.7498862,22.51624785,24.81168516,20.44697541,21.57272299,18.47876959,20.23115484,17.6077095,22.20793564,19.30835989,22.18566538
2782,885,104.1128259,30.59898189,1322,104.1196996,30.60000249,668.6211778,,44.48595634,31.96595272,31.96595272,31.96595272,31.96595272,31.96595272,39.23449454,39.23449454,39.23449454,37.81675161,38.51257984,38.1614941,38.33623317,38.29239855,38.27051881,38.28145555,38.2759864,38.27872078,38.2759864,37.28948474,37.77629622,37.53131196,37.65340561,37.59225965,37.65340561,37.62280779,38.45105815,36.38754709,37.39085421,36.8823787,37.13487594,37.00819665,37.13487594,37.28406974,38.69833183,37.43446719,34.23949132,37.43446719,39.29855086,38.34386683,39.29855086,40.0505198,37.18004696,40.0505198,38.56193912,40.86648964,42.04430114,38.54341457,40.21781521,39.78572298
2783,885,104.1128259,30.59898189,1327,104.1068588,30.59843923,575.2355721,,25.4314674,25.19790784,25.3141489,21.90214764,25.66106641,26.15808075,25.71949567,25.56602543,25.39359975,25.58445044,24.23461743,28.70198281,24.96501579,28.74181901,25.62930767,25.60395722,25.60395722,23.22229391,23.29178962,21.89057145,23.64753086,23.94043999,26.01567914,25.26965295,23.1897879,23.3006814,23.41264058,21.23946728,24.67813486,25.1180427,25.57391861,27.77797531,29.58354371,24.55793726,21.9718627,25.0404844,23.40602497,24.19568348,23.79430445,23.79430445,23.79430445,23.79430445,24.38204152,23.75762303,23.49232058,23.72105452,25.13165121,24.22989149,24.22989149,21.79648866
2784,886,103.9991279,30.68644492,124,103.9980009,30.68452005,239.0985736,,22.44471617,19.00121115,27.41257532,20.9940211,23.04564565,27.91939231,24.34950113,30.90681741,29.10413745,28.175282,62.1483657,20.74108108,26.47661842,28.81991735,25.37602786,26.60756924,24.0098986,16.81161846,44.36880747,19.00121115,38.00242229,14.58906551,26.64478322,20.40912543,28.47039245,21.01003484,18.3139333,21.44598877,22.0048112,19.06433809,23.263645,20.9940211,30.41536625,22.44471617,22.41549128,25.97851705,25.74540972,25.92635135,27.61358412,29.83552392,28.93293664,24.33474982,23.83949773,23.67963865,24.77586562,22.99788458,22.50339516,25.41286353,22.61435294,22.66956916
2785,886,103.9991279,30.68644492,153,104.0001805,30.68818679,217.7945999,,25.21095047,24.98334232,24.75980714,24.16211278,21.39319399,24.31195534,26.99933057,25.53943191,28.1580377,26.88937488,28.19727794,29.81218858,28.20710509,25.02320935,18.06591151,22.02417302,26.57832406,26.57832406,102.2687686,25.70690359,26.45501677,26.26668542,28.21038153,23.19705798,23.19705798,23.97738714,23.19705798,23.19705798,23.19705798,23.19705798,24.85136481,23.19705798,23.19705798,39.29061336,20.82498166,27.41477146,34.38862104,20.33879532,26.31811668,23.97738714,27.07157737,27.11546299,27.13745921,27.12645664,27.12645664,27.12645664,29.81218858,23.17991307,21.77945999,21.09107087
2786,886,103.9991279,30.68644492,970,104.0021305,30.68485942,337.045093,,38.7346316,38.7346316,38.7346316,64.11425811,26.20652991,42.824553,70.95686168,58.90108421,48.86022825,53.41286873,51.03521913,51.03521913,51.03521913,62.54445025,43.88290542,51.57757002,47.42012056,49.41154838,48.39535674,48.64546586,48.77149235,48.70839759,48.73992455,48.72415597,48.73203898,48.72809716,48.73006799,48.73006799,49.37418605,50.0355602,52.98525479,51.46817963,51.46817963,51.46817963,44.01556232,47.45102825,45.6687776,46.54284738,46.10166986,46.32120816,46.21117827,46.32120816,48.99174972,47.61906644,48.29565628,47.95497499,48.29565628,48.9259006,48.60873563,48.60873563
2787,887,104.1137841,30.68257523,1110,104.1157328,30.68282827,188.7577564,,35.99750614,33.41027756,29.46294443,34.21877918,32.41635888,34.5224885,38.07101291,33.90789916,33.09452194,35.00481807,33.24413733,34.10176676,33.52635193,35.18269696,34.23192691,35.18245143,29.36344718,32.73542372,28.55150336,30.58258322,26.19733708,28.79762352,30.16474728,28.79086709,28.8443558,30.5869302,31.6326695,31.62058191,32.72614257,36.7429731,36.7414426,43.47211403,32.16972599,34.90316515,29.8247904,31.52223635,32.86675762,31.58526125,33.4951265,32.6069881,31.79669933,43.55948225,33.21704924,31.73731501,31.82904102,28.88500809,26.6053452,32.09074891,33.55762496,35.65292436
2788,887,104.1137841,30.68257523,1434,104.1133952,30.6836135,120.9532605,,26.02181701,26.02181701,26.02181701,26.02181701,26.02181701,26.02181701,26.02181701,26.02181701,26.02181701,26.02181701,26.02181701,26.02181701,26.02181701,26.02181701,26.02181701,26.02181701,26.02181701,26.02181701,26.02181701,26.02181701,26.02181701,35.69112605,30.09896804,32.65738034,31.3260243,31.97785099,31.6485818,31.81236441,31.73026174,31.77126004,31.75074766,31.76100053,31.75587326,31.75843669,31.75715494,31.7577958,31.75747535,31.75763559,31.75755547,31.75759552,31.75757551,31.75758051,31.75758301,31.75758176,31.75758238,31.75758206,31.75758215,31.75758218,31.75758218,31.75758218
2789,888,103.9778687,30.6589357,8,103.9777074,30.66252283,397.8707718,,56.36874244,59.42197102,99.56646918,118.3747751,90.11937261,87.13823747,88.60373654,87.86487666,75.46516767,70.49121993,70.46175787,70.49121993,54.38324996,61.80377947,62.37500481,62.08807832,59.9146574,63.54119496,61.26291707,44.27619099,61.21052076,61.21924725,107.210687,57.47123311,60.00843942,58.84863009,73.07830502,84.87909798,84.50352675,84.69089599,91.05028389,45.07347205,91.07742258,91.82093036,84.54314337,88.03187538,86.2522457,86.25376739,114.1605827,90.77721547,83.21527409,82.28922555,55.3025011,74.99134966,78.12485032,78.07578378,78.08804464,78.09417652,79.38961056,79.06173955
2790,888,103.9778687,30.6589357,1056,103.975131,30.6588855,262.379839,,45.08675038,45.08675038,29.8736484,21.45931284,22.18782531,23.06049345,26.37831497,39.5479354,25.92431782,27.95702728,23.83869174,26.35101075,35.09170757,49.58359162,49.58359162,49.58359162,49.58359162,49.58359162,49.58359162,49.58359162,49.58359162,49.58359162,49.58359162,49.58359162,49.58359162,49.58359162,43.13093244,46.13271895,44.58135318,45.34377056,44.95932984,45.15073187,45.05482758,45.10272873,45.07876543,45.09074391,45.08475389,45.0877487,45.08625124,45.08699996,45.0866256,45.08671917,45.08676598,45.08674259,45.08674259,45.08674259,41.00574544,39.23029321,40.09837584,39.23029321
2791,889,104.0642409,30.65165033,917,104.0664825,30.65485151,414.7367588,,52.82716939,56.24305837,56.98673022,55.12324008,68.15515816,55.20622413,78.6737177,57.73203602,42.29610005,57.64680817,52.11351943,57.70250557,54.39170607,50.22500198,62.39048638,56.4801336,75.40668342,58.43649048,49.69865856,56.59520802,64.14832789,50.54768791,54.04456906,66.38470351,56.59788975,59.67435378,60.3009827,54.03585833,64.89516498,65.80544067,53.57843295,53.48059342,75.32516268,65.67962127,55.86725282,61.53744798,64.27259284,99.53682211,60.34973046,61.93885218,64.88967067,73.73097934,52.86477654,71.97910691,56.83654557,53.89524713,67.00109189,59.90963648,52.85140997,59.57045938
2792,889,104.0642409,30.65165033,1691,104.0665173,30.65097336,230.6699168,,36.68301272,36.68301272,42.05947201,58.07074829,49.2825935,61.51197781,36.97291632,35.18693646,43.99532188,34.44262549,44.82654254,34.44262549,33.3945724,40.54744631,61.43613072,49.2825935,31.51467554,31.51467554,25.60364955,32.82259686,32.15534174,32.4855433,32.15534174,32.15534174,30.16023126,31.12584852,30.16023126,30.16023126,27.63433279,28.84208511,28.22529502,28.84208511,28.84208511,45.37768855,35.26788323,39.31873582,39.31873582,39.31873582,40.70645591,40.00056361,40.35042276,40.00056361,30.30699637,38.98646481,38.98646481,38.98646481,26.40418761,31.69510307,26.91772125,26.91772125
2793,889,104.0642409,30.65165033,1783,104.0636453,30.6516143,57.21044854,,19.33874317,19.33874317,19.33874317,19.33874317,24.37368222,21.56624238,22.88417942,22.88417942,23.67328905,23.27204686,23.27204686,23.27204686,19.24837521,19.24837521,19.24837521,12.63543649,15.25611961,13.82265871,14.50405738,14.32748624,14.24080309,14.28401316,14.2623754,14.27318608,14.26777869,14.27048187,14.26913016,14.26980598,14.26946806,14.26963702,14.26955253,14.26959478,14.26957366,14.26958422,14.26957894,14.26958158,14.26958158,14.26958158,19.07014951,15.42753668,15.42753668,15.42753668,14.13896668,15.42753668,23.27204686,18.55474007,18.89519401,18.89519401,18.89519401,18.89519401
2794,890,104.0827159,30.66130424,1392,104.0833203,30.66231551,126.15615,,29.30078323,29.30078323,29.30078323,25.87818462,33.51750111,29.20656849,33.64164,18.57513865,23.98743698,51.84499315,27.94843938,27.94843938,27.94843938,30.89538367,20.62030148,20.62030148,20.62030148,15.60694639,22.42776,25.44325714,28.74443924,16.45515,33.02997382,18.87100304,21.61818993,12.75736348,25.30151198,17.63736466,29.00141379,21.93490171,24.97798103,23.35774426,24.14070709,23.74277251,23.94008628,23.84102114,23.89045102,23.8657105,23.8657105,23.8657105,14.69780388,32.67353525,24.74998038,24.74998038,24.74998038,49.63520656,33.31262641,33.31262641,33.31262641,18.9234225
2795,890,104.0827159,30.66130424,1812,104.0821018,30.65950096,208.3369127,,27.42277461,27.42277461,27.42277461,34.64262752,29.7624161,33.12359748,33.7084443,26.39031969,26.39031969,24.57044671,25.44788823,25.44788823,28.09431608,31.35505375,72.29039862,44.7768887,38.20099588,41.22837667,39.6569933,40.03850137,40.23202136,40.1350281,40.1350281,40.1350281,34.99282516,54.15255493,49.60402683,46.26853089,39.13110707,43.353346,60.64794223,51.99396088,27.77825503,32.7516544,32.7516544,32.7516544,51.7250266,32.7516544,40.10764095,30.17608539,55.47432587,52.13853915,49.18117283,64.10366545,37.97533599,30.92836642,36.05831181,35.46160216,55.97111087,31.34850097
2796,891,104.0504396,30.61321848,321,104.0527944,30.61321397,225.730256,,27.59351177,38.24136102,27.59351177,38.24136102,38.78897,32.40793306,39.83475106,28.31459657,27.50013271,24.29383921,32.89995634,28.71480288,32.67944724,38.07821761,30.83907865,32.02478509,38.40311586,40.37907685,38.29388619,26.08760583,22.11235161,31.06268205,30.8398087,30.77214008,30.83980762,39.6404352,30.66458278,71.28323874,33.51047099,37.16290799,34.00121011,31.40413852,31.40413852,32.34343928,27.9426808,30.44894483,29.14202635,25.15392283,34.63302179,37.65309449,28.97072804,36.93505499,26.6435712,48.01130944,45.6533102,50.23980968,50.14293384,35.56362895,50.04643089,46.1557073
2797,891,104.0504396,30.61321848,800,104.0518713,30.61623795,361.6936824,,62.10320778,53.95430622,46.69406145,40.75421774,51.3141776,45.76791763,63.82829689,54.33738227,48.1070415,75.48389894,65.98465829,52.91122949,120.5645608,68.98528512,47.94046441,51.73039921,63.51693935,62.77058182,49.79339414,58.97179604,75.48389894,75.48389894,72.77674465,70.89458746,65.67955897,63.56862116,75.48389894,73.56481676,55.87201273,70.91757086,62.81221691,55.06472751,73.32808363,90.21459055,75.48389894,65.99479261,61.27516502,73.79412052,52.1882668,52.39827995,57.4877376,73.98279867,48.22582432,69.72408335,61.71077046,75.48389894,97.17143706,52.64544165,53.1468268,143.0876106
2798,891,104.0504396,30.61321848,996,104.0484851,30.61334283,187.8626283,,30.25693184,29.76041636,34.50538071,36.94105464,34.50538071,34.50538071,34.50538071,34.50538071,30.71323623,32.99051034,37.7147041,36.57352655,34.62314652,23.22078839,23.22078839,23.22078839,23.22078839,23.22078839,23.22078839,23.22078839,23.22078839,23.22078839,23.22078839,23.22078839,23.22078839,23.22078839,23.22078839,23.22078839,23.22078839,23.22078839,54.98418389,32.65204403,40.97268985,36.34219107,38.51877686,37.3988418,37.95054869,37.67267545,37.81110157,37.74176159,37.77639975,37.76773426,37.763403,37.7655685,37.76448571,37.76502709,37.76489175,37.76482408,37.76485793,37.76484945
2799,892,104.1173704,30.60707617,510,104.116215,30.60810306,158.8096179,,50.59421455,17.97844731,50.59421455,20.46405815,34.70194989,19.03232527,16.39220638,21.33263524,21.32268996,18.62641823,21.98056995,20.34332071,22.28424261,20.1376904,15.88509853,26.38682882,26.46826965,21.80036699,19.31468326,17.02798584,41.57924541,19.29567007,18.89341125,30.16963717,22.36755182,24.19102784,16.60754174,19.97231631,18.58630118,20.9163887,18.178551,17.9756147,21.43483283,26.19213746,27.17274831,20.41837944,24.40617394,18.5020912,18.50209151,22.13564904,26.52968095,21.77960474,17.70014315,22.77747508,22.11051034,15.03770178,16.77255862,45.01689956,20.86549724,21.19424002
2800,892,104.1173704,30.60707617,1168,104.1224601,30.60779753,494.4236049,,79.6684063,97.08681698,96.60379797,80.08232357,97.14990132,87.99996359,87.84433774,67.93606785,58.35819599,60.4388787,58.35819599,63.07317426,58.35819599,64.49003542,57.01233112,57.01233112,57.01233112,57.01233112,57.01233112,57.01233112,57.01233112,57.01233112,57.01233112,57.01233112,57.01233112,57.01233112,57.01233112,57.01233112,57.01233112,57.01233112,57.01233112,57.01233112,57.01233112,57.01233112,57.01233112,57.01233112,57.01233112,57.01233112,48.10608048,52.18191081,50.0611722,50.57503044,50.83593589,50.70514754,50.77045748,50.73778149,50.74594655,50.75003006,50.74798822,50.74849866
2801,892,104.1173704,30.60707617,1352,104.1220034,30.60393124,564.5744045,,34.10180967,34.10180967,34.10180967,34.10180967,34.10180967,35.86180602,44.04047359,37.81335546,39.19899433,39.19899433,39.19899433,37.95458182,38.56675249,38.56675249,49.51200624,40.44712152,40.44712152,40.44712152,53.7689909,89.53602891,80.17624679,84.59803772,59.77846636,95.98431434,73.67350634,83.36192181,78.21884714,78.21884714,78.21884714,36.78674853,57.90506713,52.58649046,64.42053427,64.42053427,65.98921611,65.19544046,65.58992678,65.19544046,58.96766102,53.82594958,35.94107615,45.16595236,45.16595236,45.16595236,45.16595236,45.16595236,56.42609262,46.72339899,46.72339899,46.72339899
2802,893,104.0075071,30.69289184,1258,104.0039401,30.69501619,414.9188463,,90.11812046,90.11812046,90.11812046,59.98826693,72.02931147,65.45967008,68.58753206,66.98710825,67.38017104,67.57843734,67.47915857,67.52876145,67.5039509,67.52876145,73.70268979,67.52876145,63.652323,65.53326731,64.57910187,65.53326731,65.9473663,65.73966469,65.84335171,65.79146736,65.81739931,65.80443077,65.81091439,65.80767242,65.80929338,65.80848289,65.80888813,65.80868549,65.80878682,65.80873617,65.80876148,65.80874881,65.80876148,65.80876148,70.68018203,70.68018203,70.68018203,70.84780302,70.84780302,70.84780302,70.84780302,86.84347946,82.20359626,80.0647422,81.12007312,80.0647422
2803,893,104.0075071,30.69289184,1567,104.0087919,30.69447168,214.0170429,,25.21968427,34.94155802,24.15239356,23.17177006,19.55485671,21.21022311,20.3489298,20.77065151,20.77065151,22.9988464,24.08946392,29.1289737,25.2886659,27.0733126,30.74160018,35.55975481,59.34233797,35.55975481,23.77967143,25.92691041,27.15282306,26.5257101,26.5257101,26.47823084,24.97443612,26.43092125,27.2729683,37.5834807,30.19443583,29.18414221,23.45392251,35.18088376,42.74404186,35.18088376,28.29111461,42.87145852,54.86499982,57.07121144,54.86499982,31.73525029,32.47846459,22.86235473,27.09711681,24.80025819,25.89786065,25.33717801,27.18156128,41.94889406,28.59915941,29.22103746
2804,893,104.0075071,30.69289184,1627,104.0065398,30.69141036,188.531461,,22.77561274,19.96215469,21.27627773,21.27627773,21.27627773,46.70045365,21.01279441,20.75575717,20.75575717,23.34353429,36.29482672,26.66849743,26.66849743,16.0832526,26.66849743,26.66849743,27.14853038,26.66849743,23.00722914,52.61343098,36.23024518,27.85416934,51.81017249,35.59684927,35.59684927,35.59684927,35.59684927,35.59684927,35.59684927,35.59684927,35.59684927,24.00400564,31.20520734,31.20520734,31.20520734,31.20520734,31.20520734,24.06784609,27.17570609,25.5275321,26.32584765,35.52116497,84.83915745,54.58819784,68.38420752,54.58819784,50.25954405,48.34283494,49.28256026,49.04422042
2805,894,104.1266838,30.71717064,742,104.129349,30.7231598,711.1470145,,78.76714875,105.0094033,63.01856621,96.12500322,219.1891483,44.2546111,61.41853464,71.27143262,121.7659573,159.5806302,48.21335692,166.5124717,68.70524662,125.8048773,68.63076747,122.9353783,189.1721123,73.61839255,110.5887366,103.2310182,165.4159059,49.37568471,83.30138566,45.91942507,45.91925693,99.30679799,45.91929897,45.91931999,66.24354776,88.6369043,84.07649433,45.91931341,94.29573673,48.62543689,138.2359207,107.7949159,49.95374151,67.61400713,49.25430373,67.94398228,90.41828844,107.7949159,89.09962596,74.96718162,67.95299939,162.3760625,72.35300876,66.21023928,79.50711963,90.89216279
2806,894,104.1266838,30.71717064,985,104.12515,30.71284665,501.2274043,,48.37583527,48.37583527,51.8759556,51.8759556,51.8759556,50.03009211,45.03540737,61.74229788,55.63612597,53.01461399,55.63612597,59.66746267,64.32865082,64.32865082,62.00751393,62.00751393,51.22551187,51.22551187,39.59229085,66.19290739,53.1336471,78.68104604,54.6793532,57.55721389,56.08138789,57.55721389,57.55721389,64.21418703,60.70373946,64.21418703,63.20205448,79.7239465,62.22133295,45.63527202,50.24236511,65.69485395,60.48330689,51.70254027,55.74928904,51.70254027,51.70254027,46.837603,46.837603,46.44578264,52.56864255,99.14388217,81.16586586,74.41860675,74.41860675,46.45432361
2807,894,104.1266838,30.71717064,992,104.1128505,30.72010892,1364.032136,,131.6492142,140.4911148,141.174385,167.6761455,167.403944,137.1652427,147.9070991,136.7038355,184.0293201,187.66302,151.4072517,240.7223087,217.5200748,240.6159502,192.3695638,187.962323,203.8615751,141.2054768,138.7151325,162.4205851,137.1652427,149.7108442,135.5871796,141.3044331,141.304018,190.4777226,141.3041218,141.3041736,165.1981729,161.9796949,153.1345849,198.2712414,206.6135633,147.9070991,206.6135633,206.6135633,151.0927904,171.3468691,151.7152118,140.7024553,171.3468691,198.2711582,176.5909369,140.6436859,130.3388371,269.8085544,138.7783779,127.450171,152.5004873,179.7103577
2808,894,104.1266838,30.71717064,1299,104.1329977,30.71471837,662.8742857,,56.60440629,56.60440629,81.10793172,90.84358519,68.43595313,173.5525403,173.5525403,173.5525403,173.5525403,173.5525403,173.5525403,173.5525403,173.5525403,173.5525403,173.5525403,173.5525403,173.5525403,173.5525403,173.5525403,173.5525403,173.5525403,173.5525403,173.5525403,173.5525403,173.5525403,173.5525403,173.5525403,173.5525403,173.5525403,173.5525403,173.5525403,173.5525403,173.5525403,173.5525403,173.5525403,173.5525403,173.5525403,173.5525403,173.5525403,72.64375734,102.4183446,92.89916997,88.77367788,90.78958235,89.77031413,90.27707133,90.1498464,90.08636833,90.11809619,90.11016214
2809,895,103.9736664,30.6735115,613,103.9735737,30.67465759,127.3342456,,20.8839765,13.31922375,14.21090783,13.82815337,13.82720539,10.99024896,11.15336458,15.62738469,11.05476073,24.75625297,25.3261483,23.38792266,18.24490683,16.73004687,21.32108298,20.3218682,20.72659913,13.26142577,27.61465567,18.84217844,14.02917473,18.97588994,22.36113581,22.52595991,18.06070561,38.36010746,17.4671411,15.06976073,12.89989895,23.18361437,21.02767359,16.49303473,22.14508619,34.72752153,14.98049948,34.85956534,20.78926459,14.90742388,16.54387793,23.83748158,21.57191925,29.38482591,41.86331362,37.80645643,19.61083569,38.84773595,18.39130528,12.44702767,18.65028506,37.72866536
2810,895,103.9736664,30.6735115,1035,103.9738584,30.67146973,227.0412404,,43.70847409,43.70847409,17.71069264,49.93982476,32.08883488,32.08883488,32.08883488,28.34500499,16.20115888,25.38349272,34.89959289,26.8570142,26.8570142,25.74325875,26.28834517,19.60068262,63.36034616,25.6624322,29.34823933,29.87384742,17.98346459,17.98346459,22.56310464,48.50732733,30.27216539,38.89049002,43.63070101,43.63070101,54.18884855,43.63070101,23.89907794,30.46965388,42.02305735,19.33789745,31.68017308,20.28159964,32.49894495,30.7505066,25.11055193,35.89359635,29.98265037,37.99657123,28.03939847,28.03939847,28.03939847,26.1970662,48.36381452,44.70456512,44.02235899,25.56877368
2811,895,103.9736664,30.6735115,1063,103.9769545,30.67452243,334.3350153,,43.70392357,89.9556095,56.48080972,34.42152683,79.81472514,56.50732653,76.05725467,57.58880646,57.58880646,57.58880646,87.85445658,47.49826579,50.54513617,40.84635933,38.90443814,45.85165924,58.8814473,68.12864461,60.19358074,34.38874443,44.12854464,38.65455014,44.12854464,47.20023745,50.73155132,62.29845006,69.17276179,69.17276179,79.09787874,73.80313063,121.2265091,68.64673319,63.31436376,93.54451203,75.51643137,83.56924528,75.51643137,74.85500211,50.36008599,74.20505888,39.07811867,99.4715748,70.80035618,82.72206564,76.29832362,79.38044881,76.29832362,65.77082268,63.38104555,61.15884426
2812,896,104.0043112,30.63573997,56,103.9971186,30.64328713,1083.884355,,453.7190323,453.7190323,453.7190323,453.7190323,398.1615998,424.1286607,410.735124,417.3244575,302.0890589,229.5284516,113.4297581,110.420479,76.96220272,71.07438393,123.1881193,121.9727241,110.0700614,236.3048405,176.86045,177.6657338,183.6227613,163.7768595,173.1329419,168.3249902,170.6951165,169.5017684,170.7009504,170.76515,170.76515,170.76515,170.76515,170.76515,170.76515,307.2428093,307.2428093,282.7524404,398.1615998,184.490954,88.78233625,361.5039887,368.0031762,366.3565692,365.5387789,365.9472173,365.7428843,254.2008911,129.6340092,68.81805429,259.4835364,259.7534381
2813,896,104.0043112,30.63573997,497,104.0034916,30.6354158,86.37263302,,8.070506386,6.570342924,6.480117159,6.268981429,6.392335836,7.024280396,6.268981429,6.947636663,11.56489507,7.791066872,7.423399941,7.509530056,7.647708272,7.612689176,7.595299618,7.099120522,7.599639555,7.773536972,7.600725315,7.600996803,7.601268311,7.601268311,7.361937726,6.587743196,6.856482445,6.384835295,8.871368869,11.91346662,9.797289606,9.832141624,9.771888085,9.316598618,7.296241193,9.545402268,7.621114678,8.883066093,8.203844386,8.573261523,7.581627037,6.025997653,7.366341958,9.645334746,8.645268179,8.15049748,5.602065507,7.236807111,7.286877644,6.636957927,7.758988868,7.636712538
2814,896,104.0043112,30.63573997,1887,104.0086395,30.63769829,468.1656135,,175.4889847,170.5291274,119.2497318,112.7065366,129.2041387,150.4043296,159.6523089,189.2640324,164.7861583,168.5396209,129.7313994,156.6353354,115.8495357,142.0477209,149.7738397,134.6459781,140.1285561,149.2161318,140.825218,135.3979061,184.2665573,120.6612406,150.223865,118.0146142,114.5971196,134.6245819,141.5555871,113.2658742,89.72828086,150.2135658,159.7133564,175.8674305,152.7361091,171.979205,161.9962432,174.3685111,177.534713,184.8022159,135.8347843,119.4638651,110.7955744,157.8343355,132.0584688,227.3373181,133.954901,202.2244337,164.3451404,141.2589803,150.8918365,144.4035919
2815,897,104.1211221,30.64606656,1826,104.1220643,30.64481196,165.7847642,,22.56427793,22.56427793,13.38172985,18.90556804,19.77060542,46.44553705,22.87330794,19.33036927,42.1040671,22.94929685,15.48435612,33.15695284,20.59882888,19.40493348,30.29569295,19.86751806,22.22812481,40.46272211,26.50200493,20.03166728,20.02414713,28.26749329,72.34244256,23.29449077,21.0334855,22.06377638,19.69719971,14.94631776,16.20843999,37.61503052,14.40302024,15.11906653,14.8546083,15.37136193,69.39827339,32.5245314,14.6865617,57.66426581,57.66426581,57.66426581,57.66426581,57.66426581,57.66426581,57.66426581,57.66426581,57.66426581,57.66426581,57.66426581,57.66426581,57.66426581
2816,897,104.1211221,30.64606656,1850,104.1229471,30.65199995,680.4449547,,101.4327883,134.4703661,111.0301116,85.30244353,114.1562021,95.78110799,103.8379372,87.85347019,88.84422394,98.77426762,95.4429061,116.8563786,117.6279393,98.37758381,117.479073,103.5857707,85.65041388,90.68015863,96.25154566,89.07643043,116.0912918,110.1769942,87.1744426,114.8250861,116.1465315,129.6014198,106.5587205,95.40030612,95.75380994,100.971135,109.2327742,101.9914884,101.9914894,122.276298,111.0563289,102.9695141,138.2816514,88.1878708,95.47700643,112.051926,110.8992107,109.7502106,101.4275384,87.64228397,110.2458634,99.41734014,102.7086724,107.674806,86.62851852,117.5876074
2817,898,104.0442832,30.59070038,527,104.0438563,30.58467107,669.4787115,,61.48273881,58.57854429,60.90677547,42.1350238,40.03527178,48.06513826,59.04243035,44.65948168,49.23643231,56.40385657,72.12339235,74.53029336,67.89079891,47.21103548,55.60753766,56.44317006,33.47393558,34.91667311,73.53635398,43.15350692,58.82833529,58.427233,67.46911693,85.01316971,43.95528757,40.24538055,65.50360758,35.65271245,56.49987786,128.5399126,90.43614865,60.10282697,39.67281253,38.93575705,47.72521508,35.50826315,48.34750976,68.15477869,32.3941312,71.75766982,81.54935946,79.09185169,62.26499116,57.39365039,81.88640999,63.92900163,57.14578213,53.5404501,34.67803398,44.06075615
2818,898,104.0442832,30.59070038,536,104.0479366,30.59092737,351.1958333,,30.96889161,29.27827952,45.89128856,31.33900496,36.40033589,59.35704225,43.29811643,37.90207708,33.04508625,29.80445544,28.55250677,43.44690721,30.11146174,28.19128623,26.64499473,21.93070251,46.31153846,33.09243008,40.2965737,23.99971526,35.44780373,23.99060721,41.52921371,31.70670846,38.92165213,27.83751887,29.81398206,29.11364316,39.14256966,31.91907168,32.02669995,28.57653261,28.93146453,42.35527638,37.4688188,24.91241379,29.82819057,28.91503893,35.56413502,40.32870813,31.3723325,31.95917593,127.0658291,32.98186956,34.41846642,24.66455326,38.3510112,27.27734628,37.31347763,30.66220695
2819,898,104.0442832,30.59070038,1024,104.0348444,30.59050259,905.2748885,,59.55211692,85.37772152,60.37401998,63.28135143,63.92264659,84.40548601,103.4326241,64.1060162,78.4983444,65.75514953,71.56388707,68.53666048,68.53666048,65.08216872,89.94451515,67.81085307,67.81085307,67.81085307,63.81833417,70.61732608,83.94049192,83.94049192,85.25553218,95.30536354,86.61243194,57.92043125,256.6133542,73.71996656,73.97741363,74.23666512,64.72670504,55.75006644,124.388916,57.4777707,73.7995833,60.11887571,73.7995833,74.2070837,74.6191093,103.1325822,200.4298646,272.7187949,68.09829012,72.7723766,62.00512935,80.82811504,61.12133531,60.46362892,67.17435354,71.83216047
2820,898,104.0442832,30.59070038,1107,104.0446628,30.5936807,332.3058084,,19.49960734,19.76213612,19.89606936,20.03183038,22.11277098,18.80976274,20.32796789,19.53941871,26.92855172,39.87669701,64.80503306,109.5012275,109.5012275,96.37872389,69.15034163,86.06481369,51.69839716,109.7523771,25.32747164,25.32747164,18.97384473,21.69504446,21.69504446,21.69504446,29.73407399,29.73407399,92.02314694,107.0994548,128.6345065,128.0836092,80.85845963,59.07658816,55.95420534,63.0295527,59.2815119,61.09810573,59.2815119,27.68253871,17.80209688,18.05737223,20.24197818,23.02792897,24.40807774,23.69792567,24.04775999,23.87156121,24.04775999,31.4816029,31.4816029,31.4816029
2821,899,104.0980187,30.60538701,815,104.1002196,30.60546663,211.1723947,,32.48806072,28.48792476,25.02097491,30.15751224,47.41500755,50.34573648,46.6393019,49.04649167,26.35698716,49.75265844,37.77493769,28.13027274,28.70788278,26.39845895,27.49441667,41.77036379,60.33496991,26.76833172,46.78280744,48.11522917,40.65577384,46.01819739,36.00097652,57.53020917,30.73668279,39.90448047,31.85281931,32.60699482,31.85281931,40.58117194,47.59878665,56.31263859,33.14313334,53.55723602,33.34910419,34.13845056,46.71094445,33.93763148,49.6065658,68.48834423,30.95360834,33.87535915,30.98725357,36.15793679,36.50301651,29.54225211,36.27024805,35.97258459,35.85946325,34.76618693
2822,899,104.0980187,30.60538701,878,104.0955874,30.6052878,233.345313,,50.02738223,110.7749178,32.30935103,42.42642055,35.06868934,152.735114,69.26150632,67.74541345,34.74842303,53.50593164,67.20345014,74.67050016,61.84366579,45.40773658,80.41649959,34.85656128,34.1205304,97.30229268,70.25450282,35.36285119,80.77337758,178.7325802,150.6803815,87.96263108,79.75092978,89.36629009,41.56792004,34.0328073,32.19694749,29.59635209,35.0699886,47.16031589,90.81547317,48.25313,40.41097423,28.85754472,84.75771459,114.2915819,37.67009537,75.45297548,84.51138097,92.56673574,86.60238421,33.07907568,107.1825361,87.1414032,110.0493179,28.97949553,30.08211734,70.0035939
2823,899,104.0980187,30.60538701,1317,104.0982369,30.60261208,308.2528451,,43.18498802,74.22810986,89.49276148,89.49276148,89.49276148,89.49276148,62.16864103,73.36927222,70.20705369,68.72600688,69.4586362,69.09037941,69.27401838,69.18207703,64.02174476,81.00074762,71.51730884,75.96419231,73.67370904,74.2332822,74.5162685,74.37450615,74.44531984,74.40989617,74.42760376,74.41874894,74.42317609,74.42096245,74.42206925,74.42151585,74.42179255,74.42179255,74.63726023,74.85397925,101.9641877,94.84702926,94.84702926,94.84702926,74.47719747,83.43686033,78.70285407,79.83526923,80.41378568,80.1234832,80.26837196,80.19586214,80.21397731,80.22303797,80.21850738,80.21963997
2824,900,104.0174622,30.68377642,1318,104.0141882,30.68538655,360.8360859,,36.5506446,39.21539349,38.43224584,47.0883244,48.66344778,47.4307589,43.74822885,41.70176274,41.65162034,46.8111679,99.92383917,99.92383917,99.92383917,53.40225732,66.63013,59.28732113,62.74462958,60.96700057,61.84304356,60.96700057,46.47620427,52.74442019,49.41231644,49.41231644,43.23605796,38.43224584,34.1844713,59.18040589,80.68384529,79.73833149,80.20830198,79.73833149,79.73833149,51.96039637,62.91989872,51.96039637,51.96039637,46.55949495,49.14287173,49.14287173,49.14287173,72.03382123,58.42623281,72.03382123,64.52035974,85.46117824,55.24763038,47.1938205,66.61589278,60.40150697
2825,900,104.0174622,30.68377642,1437,104.018984,30.68389135,146.3248441,,30.59055974,22.4157208,22.4157208,23.70166204,21.34830552,21.43517553,26.33847194,26.44037756,31.92542053,20.08653723,25.546972,31.92542053,23.56157234,20.377928,27.98553742,30.16575168,21.81098795,21.54177958,26.40448315,21.54177958,30.22254064,19.12799131,20.78428993,19.17645356,18.62376515,27.25844444,21.22465631,23.9440654,22.41969592,21.8391174,34.76574904,26.70618782,27.53804591,32.31714348,26.67187032,25.58375128,22.45075034,23.67503096,23.67503096,23.67503096,23.67503096,23.67503096,23.67503096,23.67503096,23.67503096,23.67503096,23.67503096,23.67503096,27.53150377,26.4542091
2826,900,104.0174622,30.68377642,1660,104.0160533,30.68223444,217.7667406,,27.94867259,17.73665761,32.1295191,32.1295191,32.1295191,32.1295191,32.1295191,32.1295191,32.1295191,32.1295191,32.1295191,32.1295191,32.1295191,32.1295191,51.91789842,39.69419069,44.99054612,42.17674599,43.53823068,43.18968497,43.01749649,43.10341876,43.06041476,43.08190603,43.07115773,43.07653122,43.07384429,43.07518772,43.07451601,43.07485185,43.07468393,43.0747679,43.0747679,43.0747679,118.1849648,63.13776964,82.3055653,63.13776964,63.13776964,39.59395284,39.59395284,30.86457741,27.80000944,29.25224874,28.50764604,28.87514792,28.78238701,28.73622969,28.75928983,28.75352132
2827,901,104.1007402,30.71605867,6,104.1012878,30.71733224,150.5741881,,18.37515516,18.25141674,18.37515516,18.25141674,19.05332433,20.37846155,18.85450703,17.52136007,19.15431368,13.89470239,20.33259854,24.78965292,16.66937005,16.15498553,16.00198014,17.01937448,20.47467714,18.62773461,22.1704326,22.42594291,14.26492308,16.18110678,20.6678897,20.49402938,20.53284383,20.86879989,26.31393578,20.43608208,28.28176054,16.5548258,16.83329217,29.30092309,18.15970108,17.62333211,20.97782806,21.1744952,22.63328088,22.72817934,17.6924767,19.92893666,31.79279045,20.6895831,29.46016724,24.03845132,25.50903893,17.54262386,25.25157191,18.02384296,17.22827746,14.48409024
2828,901,104.1007402,30.71605867,182,104.0988095,30.71249871,435.7195761,,70.6817198,62.13358016,53.59648544,81.06410718,83.88184353,85.35256508,83.13651771,95.9926174,78.44460918,67.32147957,77.2704667,87.79424293,63.80707014,63.10579132,61.60394596,74.2528035,72.21521446,78.70327423,76.23769011,80.19378701,76.6724468,62.51439949,54.32347962,83.52165011,98.53728929,70.56640949,67.82775126,57.40676899,76.14516864,72.6573045,39.61087055,74.04384955,48.98018654,61.49827881,44.22301872,55.02447164,57.92737176,52.03854653,51.13857229,67.63816235,67.21330365,72.41362274,46.13501394,48.47918189,49.84399345,55.65666969,68.23667097,64.57762346,59.39130949,53.35341748
2829,901,104.1007402,30.71605867,630,104.0928606,30.71717785,764.6463941,,83.70131566,102.458822,102.458822,57.58843135,93.18642582,145.2626395,105.0086601,106.3855853,92.57107063,81.50191025,103.9418635,91.14990128,62.99146496,66.0918852,75.04708339,75.92856964,74.80236464,89.22940093,89.22940093,115.4183236,79.27219636,101.6235171,99.49990354,113.9845556,102.7976014,90.25334488,113.9845556,105.8741161,103.3213522,103.374021,55.77967617,103.3213522,76.97917032,125.6952977,48.3146471,76.73106673,68.93306391,108.9469796,109.7498993,103.8463864,98.5933746,103.8463864,81.19187055,102.3664544,106.2828965,206.4545265,54.72618328,75.08802561,89.1812209,83.76141771
2830,901,104.1007402,30.71605867,859,104.1071146,30.71525519,616.8493952,,59.02080592,74.51871888,48.85935804,83.90394795,62.69502605,70.83438031,122.0141661,86.1972954,67.22475751,59.06004848,84.68966392,73.04795469,79.69739178,76.24576215,70.09178112,86.07200863,88.67851537,86.05533124,83.56191243,73.28903705,112.8669796,98.40070113,80.02370532,91.49098793,86.78211204,71.55169048,103.9359723,62.46576154,53.30431644,93.94639123,84.37912792,91.65090656,89.41083625,58.43836376,69.07178298,203.3569435,85.92926899,92.96383618,76.10205013,89.1545916,65.24949529,83.09290263,69.2020363,76.83937103,77.307496,82.87442255,116.8767275,105.6449963,66.38737886,64.83672475
2831,902,103.998551,30.629674,225,103.996384,30.63202614,333.3095775,,33.48209219,28.48461671,24.86096507,30.8540622,36.94886771,36.01994684,29.85016584,29.264125,39.37373188,32.02471169,32.014794,29.99723704,29.6641404,27.91039687,30.16416889,30.99970128,28.7440524,34.35586805,44.75205516,27.24601451,31.65096553,46.23947896,33.67934799,54.47965852,34.05698447,33.37731513,29.39165901,33.05549529,33.57501858,29.46641415,28.70151042,33.72322442,21.56664981,62.33321969,44.66182924,28.76630456,48.8266319,22.75797969,59.87597201,32.67296063,37.20665051,64.54044709,49.89249393,112.1415401,30.49983848,67.07596466,87.90582264,40.67506708,56.59973958,52.76668773
2832,902,103.998551,30.629674,412,103.9926702,30.62703779,634.8676795,,99.1789432,91.71443203,183.2083083,85.04274032,151.1090014,102.2351531,138.8709602,94.67786438,109.1810659,117.9177602,154.1297256,92.28224681,131.226238,95.42896226,71.07753885,118.0914444,131.0044418,80.43324603,87.13864316,76.76936718,107.8077192,139.4320475,118.8828945,136.8577034,154.6885717,125.8086411,119.7504904,117.5308837,92.96983789,105.0332558,97.9230354,158.2772608,174.4674539,117.6210304,93.95598606,111.7405318,104.5664413,109.4861627,80.47966371,104.6006245,90.15934114,118.7285011,199.0874256,74.87382952,102.7931647,66.5686499,100.0229167,112.9051907,123.2088219,120.927177
2833,902,103.998551,30.629674,1538,104.0033008,30.6320895,528.1202201,,67.30027584,67.30027584,67.30027584,67.30027584,67.30027584,67.30027584,67.30027584,67.30027584,67.30027584,67.30027584,67.30027584,67.30027584,67.30027584,66.53483088,66.53483088,66.53483088,83.20493621,73.94196567,78.30044962,77.16335767,76.60710719,77.16335767,77.16335767,99.80224632,87.03472602,92.98225136,89.91023946,91.42044542,90.65905361,91.03815758,90.8482101,90.94308464,90.89562259,90.91934742,90.90748348,90.91341509,90.91044919,90.91193211,90.91119062,90.91156134,90.91137598,90.91142232,90.91144549,90.91143393,90.91143971,90.9114368,90.91143754,90.91143789,90.91143771,90.91143775
2834,902,103.998551,30.629674,1731,104.0008795,30.62747673,330.3261364,,41.16569766,30.28199875,33.87719083,32.05938239,41.58557218,32.73143894,30.5651172,33.13231737,42.09465809,37.57052136,40.49975619,50.54937688,46.8178776,42.00021241,38.86170941,46.58370469,47.78820186,44.25424795,45.33885132,42.76447296,47.07270029,39.64188927,36.28296235,44.53835547,45.11567845,56.82031303,29.85062042,41.87232715,47.0029285,46.88941031,39.95230465,43.24269422,41.41935006,35.94028231,40.2358636,40.18069261,33.47870577,34.23494778,38.43422993,37.51761614,36.62551904,38.4425717,38.44340607,49.41166583,38.12480547,37.81154319,29.94143219,33.41941568,31.58496775,34.77117181
2835,903,104.0307816,30.63957267,632,104.0325574,30.64073354,213.3433206,,48.28516804,31.22097375,26.7209328,36.33093444,27.09121531,29.3143494,32.85012635,23.91704022,32.22528479,54.08703903,33.01014129,29.42666491,32.68238103,39.8462233,40.85297629,42.35492395,34.33841821,37.05842963,42.46644295,90.62371141,19.26511591,21.24580786,36.59056475,27.72692975,31.20194817,38.59477157,37.58740396,18.94825545,42.58979414,30.9691917,35.33907765,47.88254078,48.37175358,32.70768678,33.4510433,34.63521777,25.93255894,28.60469103,21.17746197,23.43359128,18.77838519,31.50916735,53.83429584,16.87991108,34.39608676,20.8139825,24.06693158,20.41969968,84.86585129,24.57715053
2836,903,104.0307816,30.63957267,1511,104.0291032,30.63837159,208.7901995,,45.32530965,45.32530965,41.99132504,69.16975932,62.51302609,43.14287286,60.13157746,50.72967726,115.047661,75.87261624,75.92370891,74.49402559,54.80303608,51.83756677,49.6544818,52.97417747,50.27723868,49.86034615,63.29639732,42.60334436,52.66779808,67.36892479,48.0284165,67.83797096,83.28473332,45.76997608,63.6312989,53.25003451,43.78512921,57.59729641,64.75044236,45.11672978,45.09868308,48.1958702,56.66958124,51.72608813,76.87275527,53.60809845,52.82643601,54.41324056,53.784953,51.83756677,49.30614042,100.0287648,49.60744902,81.25888845,62.20164831,47.76138003,86.06618911,57.98609205
2837,903,104.0307816,30.63957267,1517,104.0291648,30.64095505,217.9040005,,30.60290254,28.21778424,30.70271631,33.66757089,30.70271631,28.87562215,34.86464008,43.66165501,37.94217179,40.33184585,45.31144559,55.77891676,51.69386503,89.14254566,64.03709402,64.03709402,51.8933452,43.6211901,35.86077265,26.29456096,44.07047201,49.0667335,23.73538281,29.27068663,40.85700009,54.10030357,54.58430232,84.34993568,55.07703925,32.28207415,55.07703925,45.21351019,65.09995036,38.34623472,38.21945928,38.28274205,56.13269423,28.47384399,67.47994854,35.33578386,51.77916844,33.09934185,49.02840011,39.51911344,39.51911344,39.51911344,38.57972469,38.57972469,38.57972469,24.09998162
2838,904,104.0802769,30.66813158,1184,104.0792781,30.66658936,195.8858017,,25.61994137,28.84208123,33.17235059,28.14189104,48.97145043,48.97145043,48.97145043,38.11831817,40.35415657,41.57340522,40.95470845,40.95470845,40.95470845,30.61463079,27.18309264,28.79699391,27.96677895,27.96677895,27.96677895,27.4845821,27.24966583,27.36661984,27.30801761,27.33728732,27.32264463,27.32996401,27.32630383,27.32813379,27.32721879,27.32767628,27.32744753,27.32756191,27.32750471,27.32753332,27.32751901,27.32752617,27.32752259,27.32752438,27.32752438,27.32752438,37.37750279,34.2303609,32.84750039,33.52467629,33.18263383,33.35277814,33.31007869,33.28876995,33.29942091,33.29675753
2839,904,104.0802769,30.66813158,1503,104.0811962,30.66967255,192.1580615,,39.19371226,39.19371226,39.19371226,39.87141334,29.94671088,20.96269762,29.94671088,60.41650842,52.30767648,52.30767648,52.30767648,52.30767648,52.30767648,52.30767648,52.30767648,52.30767648,52.30767648,34.24599116,43.05616315,43.05616315,43.05616315,29.56277869,35.05586258,32.07584334,35.05586258,35.05586258,39.52965837,37.15858664,38.30746774,37.72428201,38.01363826,37.72428201,37.86840741,21.89142473,66.51625206,32.94138197,44.06172111,37.69858427,40.63254164,39.11061605,39.11061605,38.00928689,38.00928689,30.14244102,40.69229538,43.78284946,44.77469394,44.77469394,44.77469394,44.77469394
2840,904,104.0802769,30.66813158,1704,104.0784525,30.66903116,201.2208564,,17.72994958,21.44767085,23.30493565,25.65744096,20.16208979,24.75154042,20.12807614,18.69406666,19.36885249,18.33911603,38.64912791,52.49239732,18.86445529,20.93627408,19.0630285,16.5576019,17.49746577,26.05737709,21.96800858,24.17336206,24.01840461,14.53149615,16.62409829,22.28907948,15.20241517,25.03669642,23.32995437,14.47342823,20.31963767,19.96954054,20.68222935,23.13129589,21.93807035,20.75036044,19.1470066,19.684649,19.93930864,20.2006437,27.02966728,24.18681412,26.82944752,20.50658409,18.8154567,18.45592568,13.90393633,18.10987708,17.82029725,30.53942171,17.64665245,19.16389109
2841,904,104.0802769,30.66813158,1744,104.0819461,30.66728632,185.3371688,,25.88106314,25.43969457,25.24382858,38.01788078,34.86312506,25.1210018,29.85296679,33.7355296,27.75431812,40.52931254,22.75238901,29.92779612,35.88778884,24.44646247,30.30821969,30.53610104,24.92704138,31.9751026,20.65677423,29.89552702,24.66594483,34.79602648,37.14998929,21.21506543,34.30405181,66.22469555,33.62488592,34.93266009,27.1004796,37.45386251,23.49344393,35.47122848,33.52833204,30.44652317,32.2994236,21.4365882,34.15770347,49.66852168,28.47285097,31.9690945,38.44605493,59.5726614,32.41149655,49.7920752,26.33738715,29.62103475,44.31678426,42.19904617,50.16645171,40.93336243
2842,905,104.0549769,30.62263487,119,104.0598999,30.62248789,472.1494252,,61.36238017,61.36238017,61.19872534,68.46516999,59.61276278,62.43819416,64.34049218,62.09088331,69.94806299,60.11451568,59.81329928,57.28583887,58.8726646,59.3424714,67.39178143,51.97975323,139.3227812,65.75388513,68.36371865,74.06265493,43.58302386,51.72553207,68.36061774,81.915081,72.81790444,36.67180002,77.20540447,70.76344424,95.24766802,66.03488464,55.00770002,59.12131933,69.89053991,61.23526725,42.86854806,57.0860766,57.0860766,46.95408648,67.33562117,69.80443247,58.27672905,73.32777958,62.91213765,84.8588506,45.88099507,69.86181384,45.94539861,49.26776611,74.46825545,41.03169416
2843,905,104.0549769,30.62263487,524,104.0555066,30.6273915,529.6169379,,63.00796353,77.39387917,74.99388998,60.4879207,63.55403255,69.44571762,54.21028722,55.99723409,55.64815651,74.86731582,72.48336641,52.50404361,81.00182583,56.82923924,70.43202403,81.81668557,68.83108218,76.62241032,64.36068649,79.66382911,77.99267681,78.54796663,58.27081224,69.654616,101.3054742,62.96996332,74.32590248,66.72339375,68.22355592,84.80794105,88.5701909,65.73925404,66.89311381,85.75506642,62.89285128,75.23913009,78.83485534,57.67760418,87.12662498,85.21845844,64.893775,89.87438948,83.67615569,83.6677627,83.37992607,74.77737558,70.55224516,93.39640894,64.66409959,97.09258572
2844,905,104.0549769,30.62263487,1884,104.0521159,30.62375978,301.2333071,,29.68628266,27.35031288,23.21660019,26.06826696,24.67089221,25.62173433,22.39999805,24.74477822,26.69390537,23.38162798,22.1684426,23.23672123,22.57368663,22.74352928,25.08462988,29.5005415,26.25273514,22.79105648,21.40469938,23.92322757,29.73512217,26.05574016,27.53550332,21.72830412,21.88577004,27.9494821,32.05815362,25.3255466,26.66928756,32.56576293,26.35333914,22.8609409,30.93097278,25.51623307,21.2704787,31.92089634,20.35360183,21.50681735,22.09819627,25.39322093,23.79361818,27.76343844,26.32455166,23.56272801,21.24963891,25.35712951,28.57549158,24.00720854,21.84902429,18.78747516
2845,906,104.1126334,30.62215442,948,104.1130701,30.62038703,200.2972941,,48.72096343,50.51280272,49.60070568,52.44147336,35.7851245,42.54101822,38.87171206,40.62367655,40.17104506,39.94849079,40.05945882,40.00389785,40.05945882,49.64339131,44.33944712,46.84175453,45.55626511,46.19006762,45.87097715,45.95033575,45.9901181,45.95033575,45.95033575,29.91992775,36.24162252,32.77875815,36.24162252,36.24162252,40.89245325,38.42682601,39.62131781,39.01493133,39.31578656,39.16478117,39.24013859,39.24013859,39.24013859,78.5907639,52.34471437,62.83722552,57.11306175,58.44405358,59.13308732,58.78655149,58.95931024,58.95931024,59.45220036,59.45220036,59.45220036,60.90487859
2846,906,104.1126334,30.62215442,983,104.11696,30.62233282,415.1675606,,55.70938513,47.01319122,49.59280691,58.86920319,56.31158121,53.45027155,41.36514769,50.24720854,59.30965151,77.84391761,77.84391761,77.84391761,77.84391761,77.84391761,77.84391761,77.84391761,77.84391761,58.04284342,58.04284342,35.54347725,44.08859051,37.55284468,37.55284468,37.55284468,37.55284468,37.55284468,37.55284468,37.55284468,37.55284468,55.97764862,44.95047273,49.86165865,47.27886811,48.53592752,47.89915171,48.21543725,48.05677408,48.13597491,48.0963419,48.11615025,48.10624403,48.10624403,36.94939971,41.79609397,39.22359262,40.46900283,40.15029422,39.99281499,40.07139989,40.05172473
2847,906,104.1126334,30.62215442,1046,104.1096745,30.62304108,300.1522734,,28.00798819,30.76293763,34.68854524,30.76293763,25.75800201,30.76293763,28.25270337,35.21786675,28.73798362,40.02030312,22.09709988,33.15695076,28.89166268,32.54663206,20.73988837,24.74065677,24.74065677,24.74065677,24.74065677,22.72446234,21.01211831,21.83477008,20.68034802,23.98933489,23.98933489,35.31203216,24.22947798,21.10445672,24.47447756,23.35058205,43.02830002,23.11333014,32.20709938,22.39478102,28.69981897,36.60806948,32.49768975,33.46292237,42.26394462,32.44889442,41.04646474,41.04646474,47.32327815,19.48689241,27.7063637,35.25442689,23.54135478,30.63987965,30.71920922,44.34534271
2848,906,104.1126334,30.62215442,1545,104.1144887,30.62671291,535.5904369,,73.38251467,63.08150325,75.46479737,65.58250248,91.70632927,91.70632927,91.70632927,91.81550347,63.85402753,48.97863436,35.0249877,40.84290711,37.71087421,38.44796855,39.21445172,42.22847056,45.74437895,92.03463355,61.11333036,66.71714785,73.45240277,74.51693035,82.04789672,75.61276756,114.0902706,71.74420736,42.19093157,68.25223267,67.18207571,67.71292618,67.44645642,67.57942862,67.51287704,67.57942862,67.57942862,80.50628697,73.47864515,76.83210053,75.11796479,75.96536414,75.53928801,75.75172695,75.75172695,89.6802592,71.14854512,79.34673139,77.12502291,76.06018039,77.12502291,77.12502291
2849,907,104.0579489,30.71528136,37,104.0557493,30.71706744,289.0479444,,50.31782398,28.79843657,50.31782398,21.99942072,30.45578341,26.7843655,26.22105796,32.21586996,26.09041203,26.94620457,27.67112352,30.27387167,32.58578079,32.83505048,44.96856525,37.43066906,43.23708863,50.85266218,29.16811773,27.86004283,50.36653436,45.24228695,36.35188122,28.70545103,48.70074569,63.57877391,32.54331821,41.29256349,22.09283651,28.05438057,42.82191769,18.74905585,24.57078158,22.21863203,38.71177827,21.57585367,49.2384511,31.24622095,20.46357128,27.85902537,33.19967274,21.8607689,27.9482329,38.39751291,40.87546688,29.39470621,26.10404766,27.87603597,65.03578749,58.72305868
2850,907,104.0579489,30.71528136,773,104.0617491,30.71034299,657.2673799,,76.88586735,98.6929121,80.89444676,163.9914651,68.85051118,102.43128,50.23699719,62.34947477,84.19883109,41.29428565,85.32477143,67.79835437,113.4170194,85.25111898,81.73273118,86.16760989,71.30575292,218.684156,109.6460875,149.190578,72.35971155,100.9801201,190.4356191,159.5165776,89.45794207,173.1941928,191.205056,182.0125052,85.42103132,84.5246731,74.23255114,170.8420626,100.5655007,78.87208559,121.9671427,273.5448055,98.7443951,179.25474,130.4869063,98.36014461,246.8425927,113.7578158,160.5992693,126.5327576,84.20507358,88.99530109,52.19476253,101.6975315,80.72196393,229.7245211
2851,907,104.0579489,30.71528136,1357,104.0558211,30.72479253,1073.645512,,84.0650425,95.59251056,95.59251056,152.6208823,110.1174884,167.3213785,110.5373835,166.7439104,400.5309682,174.1046776,139.3779164,93.13551429,116.2006417,125.6491151,111.2265854,136.7701289,114.0478011,90.74699289,117.0158593,238.5878916,109.4161031,157.2466983,157.2466983,157.2466983,167.0000701,96.2157429,166.8698907,109.1157923,131.9498906,167.3213785,108.5708945,110.7882148,109.6661872,327.5528681,112.6858263,158.6668244,89.5222662,289.5223853,148.6586094,226.295307,110.8756123,157.9750889,140.9557396,127.2468755,93.0607667,151.573484,142.7750232,177.8090325,127.9842332,152.9732392
2852,908,104.0719292,30.70511218,558,104.075652,30.7050887,356.5411024,,75.72554387,59.83906614,37.26244661,121.3756944,37.89071494,66.5913343,66.23054534,49.01710736,31.86959575,38.02300372,48.4357724,36.53857576,71.86718749,34.22794583,49.46234947,47.95322423,59.21789936,30.41582864,39.52853401,63.74483823,33.36779814,93.17952585,58.84460601,55.80643342,63.74536252,46.22194901,45.14236701,54.38762579,47.34592286,126.4579279,30.82805208,41.18335728,25.09380193,57.80011866,47.38837436,53.97594485,63.74534666,63.74534662,28.88086076,134.6378988,58.34308948,63.74534662,55.06573937,33.62273657,67.77811056,57.08886444,28.20984546,75.15546449,50.05479544,37.06105781
2853,908,104.0719292,30.70511218,1394,104.07187,30.70269426,268.0395683,,41.86906765,52.01846069,52.01846069,52.01846069,52.01846069,52.01846069,52.01846069,70.17763243,57.43705035,57.43705035,57.43705035,57.43705035,57.43705035,57.43705035,57.43705035,77.81793918,66.09194835,71.47721821,68.67917764,69.35794759,69.35794759,69.35794759,46.95583678,46.95583678,43.86102027,45.35569663,44.59583805,44.97255792,44.78340576,44.87778253,44.83054447,44.85415105,44.84234465,44.84824708,44.84529568,44.84824708,44.84824708,50.42736421,50.42736421,50.42736421,81.77478355,70.77562972,66.31571715,68.47312758,67.37715677,67.92072131,67.78400957,67.71585992,67.7499176,67.74139998
2854,908,104.0719292,30.70511218,1621,104.0637486,30.70517334,783.4679732,,127.3931664,119.9712209,104.1701121,131.185335,157.8629498,111.418696,231.1872708,101.889431,105.9005521,153.8046709,141.8300879,99.57580595,140.2450958,95.24512614,89.59608334,181.0323943,116.0693294,109.0042397,103.8002958,110.1321634,121.3484507,140.0613136,116.1255509,116.3708542,123.4733767,148.1124751,193.6662406,187.1589053,108.7153825,100.7643122,101.6323062,116.0884386,117.1382235,106.4699099,88.07134125,171.8854944,148.7074536,150.2033274,125.0861721,107.9404785,76.50501003,103.0923241,95.38879954,154.5796844,79.17150045,72.16152384,169.4910229,102.9552907,107.5699734,79.04945918
2855,909,103.9425616,30.630378,76,103.9487338,30.61070341,2259.420999,,175.2306689,145.9325516,183.5102549,191.7730185,188.2850833,202.1476383,205.1305723,229.2785075,227.0722046,202.3362089,270.2038592,276.194078,254.6822887,239.1604015,203.0306545,222.6563722,215.1101243,212.9645713,266.8862866,231.5272939,242.118352,215.7120078,230.5858426,216.4144776,214.3942169,218.629157,251.2285113,228.0004372,239.0515456,233.3952489,236.1895377,196.3105087,204.8200339,221.4817045,204.6589865,222.8176049,203.5692883,205.2046946,222.8569341,215.8278993,209.5895232,203.0940224,268.3727539,235.3675107,253.9251369,250.6051192,284.9007214,267.6409963,256.9957534,307.4054536
2856,909,103.9425616,30.630378,423,103.9401081,30.63831074,910.1111512,,46.11400625,46.11400625,46.11400625,76.01856483,76.01856483,76.01856483,76.01856483,76.01856483,76.01856483,76.01856483,76.01856483,76.01856483,76.01856483,63.83633988,46.11400625,46.11400625,46.11400625,46.11400625,46.11400625,46.11400625,46.11400625,41.71101393,43.80214097,42.73100938,43.25994579,42.99385082,43.12648785,43.0600672,43.09325193,43.07665317,43.08495095,43.08080166,43.08287621,43.08183891,43.08235756,43.08209823,43.08222789,43.08216306,43.08219548,43.08219548,43.08219548,44.30561957,44.94376349,44.62241012,44.78251032,44.70231688,45.98456343,44.73235573,44.72734646,44.72859867
2857,909,103.9425616,30.630378,685,103.950652,30.63319074,835.7274091,,75.19823388,67.35399295,67.87781026,70.93408795,69.64395076,74.77151097,75.87485545,42.3450904,42.3450904,42.3450904,42.3450904,42.3450904,42.3450904,42.3450904,99.29434564,42.3450904,42.3450904,42.3450904,42.3450904,42.3450904,42.3450904,38.30195637,40.22217477,39.23858719,39.72429342,39.4799465,39.60174305,97.84125765,39.57122351,39.55598138,39.56360098,39.55979081,39.5616958,39.56074329,39.56121954,39.56098141,39.56110047,39.56104094,39.56107071,39.56107071,39.56107071,40.68450387,41.27049204,40.97540301,41.12241815,41.04877895,41.06716401,41.07636272,41.07176285,41.07291272
2858,910,104.038017,30.67271158,1613,104.0380171,30.67190239,89.68328444,,8.57529413,8.518728865,8.585175251,13.84344172,10.10741846,10.97284488,11.40175953,6.60920827,6.862057896,8.621090093,8.197012351,8.886050202,10.63538244,10.37181628,8.782314151,7.642657591,17.31151871,17.31151871,17.31151871,17.31151871,17.31151871,17.31151871,17.31151871,17.31151871,17.31151871,17.31151871,17.31151871,17.31151871,17.31151871,15.12224,16.1429912,15.61595279,15.87509891,15.74445957,15.80950936,15.77691741,15.77691741,15.77691741,13.20490078,14.37678117,13.76594576,13.91373619,13.98882783,13.95118097,13.96997904,13.96057367,13.96292383,13.9640992,13.96351149,13.96351149
2859,910,104.038017,30.67271158,1779,104.0326736,30.67337488,517.1541842,,52.33324141,49.30713035,35.98463519,38.56561498,49.61844829,46.19739611,65.74767732,36.72100716,39.75985186,39.67512122,44.11741856,47.20274827,43.78596869,44.57625291,43.86251901,39.38370095,47.27856053,116.3596914,116.3596914,116.3596914,116.3596914,116.3596914,116.3596914,116.3596914,116.3596914,116.3596914,116.3596914,116.3596914,116.3596914,116.3596914,116.3596914,116.3596914,116.3596914,116.3596914,87.13362229,99.64790705,92.97153873,96.19401831,94.5553307,95.3676357,94.95974605,95.061391,95.11229516,95.08683627,95.09956399,95.0931997,95.09479072,95.0955862,95.09518848,95.09528791
2860,910,104.038017,30.67271158,1899,104.0380169,30.67482664,234.4148446,,15.06952572,15.79010596,14.6103435,15.5000836,19.57989421,17.03114915,19.46815854,17.58722002,18.1093013,15.75162745,15.08299268,20.65834616,13.37920635,16.60910332,18.69778672,18.45584342,18.75318757,17.93991158,17.34876383,15.45592382,21.40717673,22.90077179,21.58755337,24.62125282,18.69088462,22.60132098,21.44583076,22.57908871,17.04835233,26.40834828,22.13007274,22.09145132,20.54268356,18.55354706,24.03113737,24.53598168,16.50647316,20.22013881,26.50419097,21.56916142,17.17630715,25.10964862,17.87909832,18.23156231,18.83290356,23.08145325,19.01033216,14.66365666,19.59938316,16.66456241
2861,911,104.0983198,30.64447256,1072,104.1010221,30.64333997,287.772369,,28.03736207,51.10545243,38.29872563,37.22085731,21.73689736,30.48495915,32.32052398,26.2140822,27.47958961,27.79663344,116.4023066,28.03194317,40.92473871,35.91335319,30.44762758,30.33959646,30.29815625,22.44811546,32.07370057,33.37566135,24.23603958,33.15545758,71.25038022,68.38155303,22.96056136,24.9393483,31.00050547,29.23195622,38.56605038,37.95727388,48.69473694,41.53415636,27.13569486,25.2986698,35.63131654,29.98978693,44.50676427,37.98595271,39.54124154,23.66152711,43.66619719,28.24374396,55.18922146,35.31751802,28.06267797,38.29086141,28.62813205,39.12313174,111.3957557,32.27353671
2862,911,104.0983198,30.64447256,1470,104.0987232,30.64521317,90.72935611,,14.77944262,14.77944262,14.77944262,14.77944262,14.77944262,16.45469431,16.45469431,16.45469431,16.55896994,16.61160493,16.58524567,16.59841484,16.59182764,16.59841484,21.77504547,16.59841484,16.59841484,12.23317161,14.08533364,13.57163081,13.57163081,13.57163081,20.16207914,17.84839792,17.84839792,17.84839792,15.05187475,16.75003497,16.75003497,16.75003497,17.07102868,16.90900856,16.98963235,16.94922458,16.98963235,16.98963235,19.10091708,19.10091708,25.31982031,21.77504547,23.41402738,22.98157833,22.77128938,22.87595059,22.8235,22.84969519,22.84314076,22.83986496,22.83986496,15.77901845
2863,911,104.0983198,30.64447256,1518,104.0964616,30.64524213,197.435632,,28.98728692,28.98728692,28.98728692,20.93573712,17.65883914,20.93573712,22.63593233,24.63668198,24.63668198,24.63668198,15.91866238,15.91866238,15.41796692,20.02164155,23.53537335,25.30711051,38.94620686,22.84117033,15.18735631,17.56067388,20.84364443,13.10171936,20.84364443,20.84364443,27.23250097,27.23250097,29.92708527,28.51627985,11.01966318,70.37309655,27.81871919,22.49266694,36.44965514,13.93663285,25.91680128,20.81312665,23.08626148,20.81312665,21.89084197,17.33581159,27.68328238,23.48353332,23.48353332,23.48353332,26.5212043,19.05544974,25.86179292,21.99386101,18.77855417,26.37359092
2864,912,104.0470481,30.60795889,926,104.0434786,30.60525631,454.7658268,,18.61463305,18.98153016,17.41513845,22.88129946,17.45602534,18.58293957,18.18558152,19.22674077,23.09572518,29.03404082,18.28459558,16.80859319,18.81480682,17.64653168,19.76287997,27.76018612,23.4773945,18.04739974,22.7104599,18.4105367,18.22438193,16.96535727,17.81454817,17.52094367,19.14163827,17.72198502,17.83950628,17.13787773,17.92320744,18.00769773,26.83863896,18.07814683,19.0533253,17.28782446,16.05843037,18.83955094,20.63643248,19.07367351,17.8242458,43.9112287,20.2743898,34.81090743,17.29878462,34.16081328,19.513194,20.07686713,18.36922274,18.60669955,135.8636495,19.83791473
2865,912,104.0470481,30.60795889,1191,104.0514275,30.61130347,560.0473473,,41.78862258,25.6761519,28.75016198,31.99635708,45.92643395,38.33258753,52.54608539,127.203183,66.22336838,34.82911596,54.39051336,33.65405353,30.69375495,40.85796742,79.24542524,37.82683772,35.96451035,48.24817111,80.10457168,44.71546095,34.42522112,25.26529386,78.83364419,41.74265943,23.041948,49.63899344,34.82560658,26.08500782,32.80230832,23.67913192,24.75698106,84.45077466,30.84716111,36.33967242,40.46319094,26.52681337,40.4943853,41.49447531,29.55952069,24.38564691,31.99363707,30.41199501,25.61843012,24.79914453,73.71738392,24.74696327,44.11148257,45.46993164,31.28617414,24.39243722
2866,912,104.0470481,30.60795889,1209,104.0468563,30.60374601,467.2752251,,55.24436159,90.44036615,40.9292168,57.51079694,47.8234772,57.51079694,57.51079694,70.23761212,56.26056222,56.87881016,56.26056222,56.26056222,38.18821363,69.80044856,200.2608108,91.9229951,126.0068023,91.9229951,91.9229951,68.20844644,60.41538264,64.07583137,62.19179242,63.11975602,62.19179242,62.19179242,38.40618288,62.19179242,74.4332217,67.76409873,67.76409873,67.76409873,55.84035885,55.84035885,55.84035885,51.75971724,53.72266061,53.72266061,53.72266061,64.94945214,58.80500976,58.80500976,58.20729448,76.11723124,68.38174026,72.04243299,71.09100097,70.62464698,70.85705664,70.79881094
2867,913,104.0716051,30.60650411,46,104.0737429,30.60663216,205.4299773,,31.3367762,32.5076008,31.92293172,32.36533559,32.47191738,30.9272522,32.43631221,30.59143406,31.91145278,35.81345851,26.44390649,38.38484004,26.44390649,26.44390649,21.65586876,27.5693539,26.99490501,27.27910557,27.13626119,27.17183185,27.18965217,27.18073909,27.18519491,44.88909974,38.78747822,27.18352381,27.1838023,27.18366306,27.18373268,27.18369787,27.18371527,27.18370657,27.18371093,27.18370875,27.18370984,27.18370929,26.17868737,32.36140152,27.1837095,27.18370946,27.18370948,27.18370948,27.18370948,34.23832955,30.3058908,32.15231575,31.66993301,35.38506786,31.55159051,31.52214293
2868,913,104.0716051,30.60650411,1222,104.0716805,30.60578435,80.09770767,,8.40675649,8.080380573,8.40675649,8.412888333,12.02404994,9.379834565,9.579792279,8.40675649,10.37236502,10.02526719,8.685293603,12.1873097,10.34368424,10.73436008,10.3661503,10.40785343,11.48811743,11.48811743,11.48811743,11.48811743,13.97257541,14.13488959,12.68692131,14.13488959,11.32456544,13.55195081,21.51878714,21.51878714,21.51878714,11.17642433,14.71182386,12.70272016,13.63365237,13.15173307,13.38835741,13.2689904,13.32840665,13.29863216,13.31350276,13.3060633,13.30978199,13.30885212,13.30838724,13.30861968,13.30850346,13.30856157,13.30854704,13.30853978,13.30854341,13.3085425
2869,914,104.0672903,30.69928595,1603,104.0672498,30.69780446,164.2400227,,50.59717079,43.73255042,75.8030874,55.58299241,49.96597875,38.04788171,31.28381385,20.74610813,20.74610813,20.74610813,20.74610813,20.74610813,30.84856078,23.14145134,23.14145134,29.48948039,29.48948039,30.79500426,30.12810607,30.29210793,30.37478025,30.33338776,30.35406989,30.34372529,30.34889672,30.34631079,30.3476037,30.34695723,30.3476037,30.3476037,48.26645565,40.35932298,40.35932298,40.35932298,40.35932298,40.35932298,40.35932298,40.35932298,40.35932298,40.35932298,40.35932298,40.35932298,40.35932298,40.35932298,40.35932298,51.86527033,45.39455522,45.39455522,33.15499524,33.15499524
2870,914,104.0672903,30.69928595,1642,104.0642488,30.69975695,295.9341185,,66.37774621,66.37774621,66.37774621,66.37774621,66.37774621,66.37774621,66.37774621,66.37774621,41.90217607,41.90217607,35.76757691,38.59261162,37.126431,38.59261162,53.0031257,44.6642847,48.47772018,48.47772018,53.9292156,60.76213841,60.74770216,60.75491941,60.75131059,60.75491941,60.75491941,64.72435156,62.67685066,63.68414811,63.17648451,63.42930054,63.3026401,63.36590704,63.3026401,63.3026401,41.88844666,50.41585451,45.75825407,45.75825407,45.75825407,38.25360239,41.67073866,40.7604709,40.7604709,40.7604709,44.68803803,44.68803803,49.35091264,46.90387217,49.35091264,56.07172772
2871,915,104.1241629,30.68298904,314,104.1056755,30.69638434,2310.763389,,325.7995379,567.8326417,291.8859018,282.0312994,611.6726618,358.5667328,367.1520777,362.6642322,702.0040675,485.5300507,508.7919389,746.0760718,600.1982829,348.0647783,219.3593988,226.8093449,453.3377766,635.0189466,273.463123,444.8528449,309.6308263,463.8707176,307.8737306,455.5721906,378.6448377,382.3299268,249.4173305,1599.759269,288.7738031,813.9675343,1139.554548,665.499856,481.5483763,225.2373441,314.3103854,356.3586913,430.2800794,302.7751847,239.9148693,304.7858283,298.3921978,489.3381294,519.9217625,195.1065198,221.5969153,238.059828,256.1979735,238.5304143,209.258073,401.8718937
2872,915,104.1241629,30.68298904,486,104.1187875,30.6815065,540.4840577,,174.5060635,174.5060635,82.18890171,71.12511615,76.51063158,80.77367659,89.72607311,84.48897144,85.41503385,102.9326236,88.94399805,96.55672338,84.51690561,88.81184388,100.1049198,91.0229795,102.1119185,80.42104924,82.09884421,91.03857375,79.29669313,88.15446171,85.33958806,86.44223201,80.05970056,85.94540626,86.16742886,82.17107615,81.97907023,91.68553142,84.06379923,86.00705931,79.81789552,79.24707918,72.96885589,89.72585758,89.16174365,75.93141884,82.15661962,75.45816206,77.49857404,76.49110989,78.34284998,79.38836248,76.51103,78.4969282,77.01336266,92.95688864,75.64794869,67.31403291
2873,915,104.1241629,30.68298904,845,104.1270759,30.68584586,422.0271828,,110.8976539,102.5886101,110.8976539,81.24587476,89.37046224,60.28959754,67.56724908,70.99522701,72.76379139,45.96098644,53.2479754,55.166952,63.97043613,112.5405821,108.5212756,66.84910575,71.77785155,84.80929034,68.83550167,90.30002128,77.97935971,69.05899355,115.426238,90.81278291,128.7540558,96.1428798,55.93880184,62.97607702,103.824455,80.86259316,57.62555881,59.46856167,78.11300042,53.05274057,69.85277508,70.58294346,61.01597824,64.06034538,63.43954729,73.39603179,59.72250461,61.42713713,61.5598808,62.20747136,82.12420854,89.37046224,55.8565389,66.92942106,49.8598733,50.55899694
2874,915,104.1241629,30.68298904,1874,104.1347948,30.67503343,1347.101366,,180.58243,185.7696238,175.6770483,156.437578,176.6690316,140.2187295,105.310856,127.0469851,155.9972631,118.474713,127.6201294,172.1060105,129.9977193,191.7771594,211.6173782,214.1518028,181.1792622,193.2097577,85.98519357,194.6237101,149.0644954,176.8838268,176.1594094,120.0149702,87.65594067,186.5769279,167.0104147,163.5603682,154.6499575,161.5848369,175.8362914,123.3637203,128.0882884,133.1891494,122.9683656,141.2305509,100.1355548,185.545174,179.6918126,155.6615527,157.966284,121.6191829,132.4703006,138.5589976,219.4373266,277.1179953,157.5996027,128.1017148,127.3555403,118.7824852
2875,916,103.9749723,30.66252693,8,103.9777074,30.66252283,262.0547376,,43.24203462,52.90076947,36.56577734,30.33431046,30.17060341,37.15990371,46.63068547,46.01235448,34.00538519,39.22553312,30.07170803,46.2422973,39.91053888,59.45779759,39.0236631,57.14671715,25.74071092,38.24582656,44.04966795,30.7420629,30.60493286,34.43054947,34.43054947,34.43054947,41.20387504,39.61079308,60.34522743,44.2131016,44.32996442,33.67020496,46.94612514,46.92970467,33.69557248,33.6913419,28.74045622,45.69398322,33.69292824,33.69266385,64.5727985,43.61807525,30.93105564,33.69275473,51.45802121,33.69275473,44.01969463,48.62871419,55.36503077,48.62871419,52.99673316,51.79231707
2876,916,103.9749723,30.66252693,1021,103.9748388,30.66471229,242.5459691,,23.30216707,23.30216707,25.66516238,43.58563173,28.56148795,34.50922229,33.51882874,33.51882874,33.51882874,33.51882874,33.51882874,33.51882874,33.51882874,26.97730655,20.17713434,24.96541783,32.52012994,23.23278463,21.1164568,22.12412556,24.49844719,27.44365077,49.42446162,20.09586856,28.57372748,23.59641001,28.57372748,28.57372748,34.51246991,28.57372748,31.26357113,18.85886585,35.24381388,25.46732675,25.46732675,25.46732675,26.22118585,27.02103635,28.16662867,33.37788566,33.37788566,61.61450022,35.20828584,42.80222984,54.57284305,28.53481989,27.76360855,24.64828479,26.11336041,36.99853766
2877,916,103.9749723,30.66252693,1056,103.975131,30.6588855,403.8751156,,42.57697328,46.10227241,39.55251404,26.38748487,33.37300113,39.87795985,33.34748661,34.34359528,34.34190531,31.93156112,28.73419795,41.18839706,39.92802242,37.88795873,37.88795873,37.88795873,38.29850235,28.82371258,35.73823227,40.32031104,37.26712894,29.55183773,37.26712894,39.24860125,41.45261343,42.70045275,39.85609693,39.85609693,38.53395687,37.29671867,31.88487755,33.44336782,33.44336782,34.05235473,34.68393168,47.05341153,37.7159641,37.86329209,37.5697782,118.2073509,30.40677064,31.10529619,31.10529619,31.10529619,31.10529619,26.67798929,32.94449584,29.73313734,32.94449584,35.19040942
2878,917,104.0664825,30.65485151,331,104.0677955,30.65381329,170.4962728,,15.81924181,16.95543044,16.92037442,30.56706086,20.75356152,29.4240931,17.92077612,23.83637212,29.6515257,26.80290751,16.38949485,25.94195191,24.60066461,56.83209093,25.64842677,20.09121382,16.41140594,19.00268056,29.50897029,31.88501725,52.01581204,28.97953645,31.67930746,20.32405901,29.15850746,18.88574099,22.56568316,24.32567116,38.30181479,23.42696878,12.73416145,26.41780339,26.94015723,22.45560666,28.38319455,23.56186496,26.42215162,32.99927861,35.84155224,25.46276214,20.01477985,30.3104485,23.63748069,22.07600703,23.3652286,22.15607506,15.48011556,25.63322595,21.23829004,23.29360843
2879,917,104.0664825,30.65485151,889,104.0642409,30.65165033,414.7367588,,65.95482415,65.95482415,75.62151727,57.74590023,88.60844698,89.79265609,66.47606107,65.48475139,79.10211029,82.0358424,112.2595738,63.10449415,71.07516652,72.11071392,105.8902363,91.59830256,64.33837142,67.23946551,85.20907411,91.48604974,58.23137019,58.40791518,58.413628,74.18029673,71.91966916,103.4512672,54.89162984,80.12852206,67.72918845,74.81888075,68.09165358,98.68857036,82.08595592,77.9661792,77.06905249,62.73329125,73.47698483,86.34519507,73.18883979,71.91966916,99.53682211,100.0705316,63.26492931,72.14991636,71.95432924,68.53354964,47.70135245,75.77372326,48.39715824,69.69436065
2880,917,104.0664825,30.65485151,1568,104.063511,30.65498885,285.1267412,,36.27053952,40.79309561,46.60414385,46.84341213,62.30387061,47.08514992,70.5953417,57.3439256,61.22005575,70.91235014,32.17731249,120.0533647,84.1357597,65.93937482,76.74439389,54.45391344,62.9727772,76.31645118,43.8032547,49.75752461,37.61635431,57.58520439,81.4647832,38.2055683,40.46476747,33.54432249,39.68258769,34.49444972,50.07103748,43.54003259,42.5915464,44.53172531,43.54003259,41.83214542,57.73094872,65.08327789,26.80042476,49.77685903,45.8396822,54.45391344,32.57114179,39.63151615,51.00403818,39.63151615,40.81337051,38.91777321,42.06787985,51.38704723,78.75623544,26.62662175
2881,917,104.0664825,30.65485151,1572,104.0679573,30.65714859,291.1754312,,38.88511322,62.19281056,35.65413443,35.99696265,56.46212109,56.36865736,57.77893675,47.84459367,105.3499048,71.5516418,33.46606588,58.45157356,54.36885645,54.17217325,32.53132404,34.92165082,102.7677992,46.28882807,53.03839502,42.95150798,42.01328867,72.9712184,45.77430359,32.66443931,62.83106209,48.04269504,39.18622625,67.45376785,65.88507557,87.51469359,54.57352895,41.25646436,57.79722844,67.06205798,59.38103606,59.03682083,61.35674519,48.48962283,59.64333157,51.54347694,51.62363787,44.69204294,37.07273395,57.39017533,43.42955583,49.2623086,47.8207825,42.91402606,66.61480585,37.55606676
2882,918,104.1340428,30.62526002,1638,104.1352029,30.62718758,240.8326967,,31.52718939,45.03884198,45.01935309,31.01035022,38.39104243,38.59040243,35.32158377,35.82635158,31.4878296,28.61378575,35.13110348,36.27605473,39.10427807,35.27966259,35.67891803,31.68380821,29.39442354,28.94817055,28.94817055,28.94817055,28.94817055,28.94817055,28.94817055,28.94817055,28.94817055,28.94817055,28.94817055,28.94817055,28.94817055,25.27690111,26.98825551,26.10456027,26.53905363,26.32001391,26.42907993,26.37443417,26.40172877,26.38807441,26.39489983,26.39148667,26.39319314,26.3927665,26.39233989,26.39233989,24.80680138,25.5750201,25.37853902,25.18505386,25.18505386,19.85678396
2883,918,104.1340428,30.62526002,1780,104.1362858,30.62448308,231.5828176,,33.70747211,43.30899446,43.29962224,39.44943897,39.44943897,39.44943897,33.38130704,39.98552246,43.30899446,43.30899446,43.30899446,22.26163267,22.26163267,22.26163267,22.26163267,21.88184103,22.4868009,25.07362837,22.4868009,20.29079753,19.34614981,19.80721701,19.57396866,19.80721701,19.80721701,23.65101116,21.5591261,22.55667259,22.04662108,22.29873054,22.04662108,22.04662108,19.92110259,20.93003679,20.41311045,20.66834198,20.53993336,20.6039376,20.5718857,20.6039376,20.6039376,22.54363905,23.6572108,23.6572108,23.6572108,27.37924937,27.37924937,27.37924937,30.82063377,29.88165388
2884,919,104.0419633,30.60947907,662,104.0403974,30.60929237,151.5351911,,20.70310011,11.31602464,19.2086862,55.66598857,55.66598857,28.29006161,55.66598857,55.66598857,55.66598857,55.66598857,55.66598857,55.66598857,55.66598857,55.66598857,55.66598857,55.66598857,40.55960505,55.66598857,55.66598857,55.66598857,55.66598857,55.66598857,55.66598857,55.66598857,55.66598857,55.66598857,55.66598857,55.66598857,55.66598857,55.66598857,55.66598857,55.66598857,55.66598857,55.66598857,55.66598857,55.66598857,55.66598857,55.66598857,55.66598857,55.66598857,55.66598857,55.66598857,55.66598857,55.66598857,55.66598857,55.66598857,55.66598857,55.66598857,55.66598857,55.66598857
2885,919,104.0419633,30.60947907,926,104.0434786,30.60525631,490.0332574,,69.45353254,22.95536404,35.08940282,24.65576138,111.47676,20.79822427,38.96454393,24.01130847,57.94448109,39.43635753,24.34260607,107.568276,37.95846642,24.04773157,26.23087056,29.91300935,49.67602187,42.21644575,70.09033144,56.00380085,46.608183,84.8134484,65.22076281,52.56166718,46.608183,46.608183,46.608183,46.608183,51.35719728,46.608183,46.608183,71.06446106,46.608183,58.55999093,138.3623315,46.608183,46.608183,46.608183,46.608183,47.31657738,52.9235918,51.18954593,50.36444828,50.77364525,50.56821897,50.67072392,50.64505874,50.63223589,98.55417467,63.68663273
2886,920,104.0684345,30.60474509,309,104.0685001,30.602309,270.0633943,,28.59494763,28.59494763,29.91087971,30.52521882,65.46991377,33.40990445,34.66672204,33.35998866,48.36956316,47.43209348,33.1030002,63.68307113,69.69377917,34.476178,34.40500925,28.90310574,30.24038008,36.92005897,33.40033964,34.69146189,34.63867474,42.95559144,33.35676956,36.48135908,35.48278173,34.9312703,32.70595178,50.62040843,36.48135908,27.88417455,84.17560342,31.81399462,38.46867814,28.72597026,55.55589826,30.33473384,30.33473384,36.75721057,35.16196092,35.94189351,32.73495688,35.54764971,32.35368451,35.54764971,35.74368454,35.6453976,30.33473384,35.68219179,32.78929521,32.79188724
2887,920,104.0684345,30.60474509,829,104.0685052,30.6057055,106.6569936,,15.3645165,14.20887248,21.25268507,17.99573158,16.55022314,16.77314206,17.30397296,16.08231108,14.71835848,12.24490314,15.30249792,15.06730583,12.88473748,11.70774266,14.2473164,11.43994817,16.79265692,17.78131066,14.78329068,17.90134379,13.37857759,16.86369155,13.02995779,16.51463127,19.52197281,13.95052898,13.87009382,17.13434867,16.74875363,19.49061812,16.20106232,13.47246235,19.64004549,13.86607786,14.58605659,15.72382874,17.79934183,14.16845671,19.64050406,19.5302735,11.77610257,19.08790689,12.7158331,17.33477097,16.51463127,21.33139872,10.8121134,24.14575604,12.18453556,17.65163905
2888,920,104.0684345,30.60474509,1239,104.0650829,30.60485238,321.5269798,,76.05105961,73.0491589,54.34258814,73.4918811,55.20654024,63.72378996,70.64062676,66.70171691,64.77492851,80.94385505,62.95633169,48.73672115,47.48706163,84.18160926,53.0961985,62.48297583,44.86422974,75.90145097,75.90145097,76.15112679,59.62089693,75.10119236,75.10119236,75.10119236,87.3112057,67.29634461,67.29634461,37.642183,67.29634461,102.4333741,65.16521477,63.16491827,34.44931926,53.56528565,53.56528565,79.14510272,79.14510272,82.25241622,87.95570876,85.61369285,40.33091036,52.2454131,42.32164999,68.24865137,52.2454131,59.18430921,57.28234214,56.37647535,56.37647535,54.53461141
2889,920,104.0684345,30.60474509,1287,104.0696463,30.60460144,117.2556025,,14.2768941,17.22207234,13.92226482,17.73614155,20.97925877,14.37412607,15.17637999,15.10480043,21.1269153,20.25212575,20.19713727,20.19713727,20.19713727,20.19713727,20.19713727,20.19713727,26.46521436,22.91018556,24.55971892,24.12546063,23.91403985,24.01928501,23.96654688,23.99288697,23.97970969,23.98629652,23.98300266,23.98464947,23.98382603,23.98423775,23.9840319,23.98413483,23.98408335,23.98410908,23.98409622,23.98410265,23.98409943,23.98410104,23.98410024,23.98410065,23.98410044,23.9841005,23.98410052,23.98410051,23.98410051,23.98410051,23.98410051,23.98410051,23.98410051,22.27547066
2890,921,104.0552225,30.6801717,476,104.0577632,30.67840135,312.6233832,,35.61532214,42.42956379,41.45282429,40.57482396,41.60606948,40.13620165,30.83408711,42.67086937,34.55429479,38.29737562,58.31316992,34.07855199,35.0085146,50.51365258,35.69533541,35.91843127,37.79829318,80.00788004,42.75191565,38.21542206,41.09126822,44.57204671,29.00629329,46.69892861,46.60224346,37.98326627,51.86378707,49.74338915,57.4206214,116.0251731,38.54260889,46.50595783,36.01421374,46.50595783,83.36623552,46.60224346,46.60224346,34.39096041,49.90883279,54.07539601,37.15359052,47.28757057,28.49225771,30.41741026,45.27432168,35.7266145,40.26633916,44.79379819,38.89223947,40.62975377
2891,921,104.0552225,30.6801717,1504,104.0535507,30.68136594,207.7638298,,27.81344111,25.48380877,30.61186033,27.00179737,32.12842729,39.50439018,34.8346541,30.37359542,28.05813778,26.31309718,67.38286372,27.61094375,24.22509432,26.18642581,30.00049285,45.42205185,35.11501349,17.89353558,29.53404886,29.53404886,34.59527231,30.65891528,22.49473044,31.87286025,26.31309718,24.93165958,25.79137198,42.94074979,37.87087531,34.42806846,27.929417,31.55906275,46.49260527,27.39742811,29.01842046,52.85864221,24.22117187,21.99852316,35.5320564,29.1409008,52.67252023,33.97198125,28.99030183,31.28406221,40.52359528,24.84883014,31.58868177,40.53928386,32.40683654,28.26006753
2892,921,104.0552225,30.6801717,1803,104.0514072,30.67709606,499.7699857,,61.20789091,62.04041202,61.08378379,59.94742019,63.84570435,55.18932357,69.88771832,50.51016138,50.51016138,77.6174266,65.27279063,58.64740143,73.58576477,70.86841747,70.86841747,70.86841747,70.86841747,70.86841747,70.86841747,73.73655527,62.25508472,111.3176766,63.80042371,71.25433459,51.55220483,51.55220483,51.55220483,38.9010151,61.36329974,73.13707108,64.38388684,69.96779801,67.06178721,76.96992293,94.69326045,67.13328166,57.52237135,59.8726106,65.34522816,56.22412339,49.79258161,97.35778942,47.78677154,64.89627435,63.05509166,66.84821466,70.02128647,71.72353024,70.02128647,54.73360991
2893,922,104.1032345,30.69290878,98,104.1011692,30.69006594,372.02162,,65.92015579,69.71371017,68.89504046,51.39772381,61.45644835,64.38835731,78.35558874,84.23131019,88.3084439,63.08596051,87.38219868,83.84460553,66.57313625,56.87590257,44.0165808,67.66165239,72.35783964,87.12215598,60.68818188,75.74824447,73.30140929,82.31280961,71.38777008,76.01910899,81.41506578,74.85215743,93.07722384,65.66325406,56.84272808,49.44130977,52.9209417,48.61781582,84.16514262,70.00929597,103.4611865,91.36904417,64.45987343,73.49439343,67.10516562,60.84058145,63.06723728,59.59914065,67.27926315,70.86126095,81.41506578,68.467193,54.72023828,25.30520231,30.46890922,28.73986764
2894,922,104.1032345,30.69290878,314,104.1056755,30.69638434,450.5954272,,35.1874954,69.17456452,36.82505194,54.49530362,68.95402924,68.95402924,31.65158123,79.51684009,38.85373744,43.31491423,32.57316341,67.06536591,31.80673604,46.61332006,36.18480534,38.54688307,49.237928,54.23374163,37.11998943,62.16394736,83.61564628,50.35851031,35.91196675,70.10127649,85.46593983,39.50666191,43.88916499,58.03486399,46.23011288,99.21367204,99.21367204,59.95958799,60.53419748,36.86689859,37.84470435,75.53636964,65.78924717,40.01633213,35.560326,40.73179003,79.75140304,54.25229224,62.43816543,38.73876168,33.74353048,47.78036931,50.75940039,52.39270178,39.6719887,51.34313416
2895,922,104.1032345,30.69290878,468,104.1064432,30.68993585,450.5760534,,65.14352579,61.09505809,87.13019473,65.50525158,98.68129535,126.4774887,88.49686521,70.83291669,70.14373156,64.43192819,89.68812435,66.61494013,68.73194035,126.2314235,101.3162893,68.2837878,93.49128486,105.6725598,67.44589573,81.31622065,85.30994378,113.0365012,91.29227454,117.2936758,122.4206636,71.29994691,111.4827349,95.4550985,72.82037227,75.10035499,85.39477716,121.5036548,76.85529943,83.08552371,104.6499221,106.2609756,125.986314,106.5401506,68.44193216,98.15877714,109.5995806,97.84664693,123.3516192,124.4557897,96.74396373,92.33816652,90.24054477,114.2305487,80.30068278,108.4999192
2896,923,103.951201,30.67450041,825,103.9512486,30.67150352,332.1859822,,38.82693298,34.11895966,50.8520001,40.09901342,38.51431678,30.40990555,38.6231582,68.09221557,42.97462045,40.65818777,33.55857788,29.54051175,42.34601063,38.21172159,40.18411782,29.56666751,86.97232989,45.21245882,47.06912369,43.80474491,45.499158,44.04676007,49.82789733,44.04676007,48.84422884,43.25025446,44.12802716,43.25025446,37.62765334,46.2618776,43.62497167,43.73465731,43.67974563,43.70718423,43.69346062,43.70032134,43.69689072,43.69860597,38.5557887,47.51793334,61.85542498,38.13279632,60.58870353,38.54173872,55.79484616,37.26966154,35.62669925,47.58101602,34.54606273,61.85532122
2897,923,103.951201,30.67450041,951,103.956184,30.67458422,477.4603998,,51.14741043,66.04639536,66.04639536,66.04639536,66.04639536,66.04639536,66.04639536,66.04639536,66.84909827,67.67155273,67.25781127,88.71522267,64.37668312,64.37668312,64.37668312,63.37969909,64.37668312,71.84357113,106.5407504,147.7527885,117.5957199,130.9605668,123.9188301,123.9188301,123.9188301,54.85715232,76.04862853,63.73761605,69.35100519,66.42593033,69.35100519,69.35100519,115.3595597,72.11989257,72.11989257,72.11989257,72.11989257,72.11989257,72.11989257,72.11989257,72.11989257,72.55114059,72.76870444,72.76870444,93.1104357,136.4172571,129.2374014,129.2374014,119.199545,75.55417316
2898,924,104.0618457,30.66270572,938,104.0617125,30.66071793,220.676996,,37.29752045,31.84116976,27.77752397,29.97876172,30.55527637,29.42359947,24.6528219,19.25908329,26.48123952,25.22022811,27.87498897,32.01761957,19.23576721,18.4324173,26.33857225,27.39438571,25.36112324,25.87743276,25.83955718,31.96930324,25.04136125,18.11715361,33.29976227,19.82128707,29.86605961,79.44371856,28.4235129,20.8513697,24.07385411,36.11078116,25.42198994,17.76469556,26.93007409,23.09410423,27.41802194,17.65415968,46.18820847,30.09231764,22.34703757,25.64768961,25.64768961,57.0170229,27.3566524,44.50628491,20.68846838,22.50530271,25.24694445,20.01941669,25.24694445,25.31398361
2899,925,104.0724705,30.6485309,381,104.0696483,30.64887984,273.1858841,,98.34691828,86.42883659,45.05421648,59.0457255,54.2603687,55.65756552,131.7146227,52.02852442,54.71156534,158.1987961,124.1754019,133.2614069,63.98033717,57.71532763,36.56396838,42.86795691,34.75156123,56.19823901,48.02729748,47.77601082,46.84248771,38.13585353,47.6640961,60.89592463,49.48949258,66.792989,62.04852888,49.67016075,33.5518688,39.16164985,33.10415202,29.0469321,34.56833683,33.04621685,30.69814295,38.1607314,26.29596745,34.50769062,31.45728704,30.63766924,24.96906843,26.99366467,29.42169473,28.744402,38.56741893,32.21848265,26.73378682,27.98773973,28.01090335,28.24539028
2900,925,104.0724705,30.6485309,579,104.0726028,30.65083318,255.4761167,,77.97059517,96.91152615,99.60801662,84.12018479,97.19566923,84.60572692,92.67444956,91.02545123,103.5047933,87.21801993,80.98110867,100.5151935,82.35521907,109.0569984,98.81225009,110.0136388,94.90482384,98.19010891,107.6501213,92.78025552,83.76266121,106.8479201,114.5711163,82.37190669,88.98769686,96.29562044,87.68459937,73.83025389,60.11202746,69.81955986,56.3665385,46.21678493,31.09768453,22.42475667,31.12399391,26.83337768,29.97903674,42.65834973,28.99590999,26.29803541,31.95300591,33.45935498,43.90594569,43.84810585,41.36644769,23.9152977,27.74999199,22.74057228,29.24011314,46.17038254
2901,925,104.0724705,30.6485309,974,104.0725542,30.64772127,90.08936031,,14.1663859,12.18197649,17.8058971,17.77658633,19.45046071,10.78675267,10.78675267,10.78675267,10.78675267,10.78675267,27.36891959,10.77480721,24.42006325,26.74030482,21.17772277,9.538873445,13.0184324,20.49426206,9.110160031,9.110160031,10.77480721,22.18848554,13.18380883,17.50724411,16.05552956,19.24757846,20.39759101,20.39759101,20.39759101,49.22251727,19.19063297,22.55366461,20.7366814,21.60704178,21.16291661,21.38267329,21.27222741,21.32730736,21.29973178,21.31351065,21.30661898,21.30661898,21.30661898,16.98019357,18.89896236,17.88827138,18.13067234,18.25435319,18.19230256,18.20777563
2902,925,104.0724705,30.6485309,1044,104.0751968,30.64830309,262.4651613,,37.77339843,34.17621074,35.88488221,31.20457664,48.4551067,40.40803624,62.99163871,34.65310198,37.76980335,70.63015967,98.42443549,79.69888681,59.57595086,52.05920555,65.46475156,55.11002969,56.72488905,53.5845698,64.96109408,81.17479215,81.17479215,81.17479215,85.89768915,41.44186757,48.83072768,55.62175604,78.08880832,64.60680894,42.56191805,66.0751455,121.1377668,72.68266005,48.83072768,122.7109845,42.70619574,37.94677031,32.2482792,34.86622069,33.5061908,34.17267923,33.5061908,32.28500845,32.28500845,27.8177011,32.28500845,32.41422232,32.41422232,37.19978664,26.91950372,17.57906197
2903,926,104.0434786,30.60525631,77,104.0422154,30.60430027,160.9066087,,6.586285291,6.716101928,6.161876513,8.095929997,6.648237126,6.829274716,8.428955997,7.884318378,8.171798748,10.2729114,7.993102774,7.907754013,8.001341578,7.896278214,8.61313056,9.822192307,8.359881533,8.036726301,8.985570554,15.30419528,15.30419528,15.30419528,15.30419528,15.30419528,15.30419528,15.30419528,15.30419528,15.30419528,16.86357471,15.30419528,15.30419528,15.30419528,15.30419528,15.30419528,15.30419528,15.30419528,15.30419528,15.30419528,15.30419528,15.53680263,17.37791374,16.80852496,16.53759709,16.67196041,16.60450694,16.63816531,16.62973793,16.62552744,32.36110566,20.91205023
2904,926,104.0434786,30.60525631,912,104.0470481,30.60795889,454.7658268,,219.7526143,21.30327881,32.56403732,19.15923905,103.4538374,18.62522158,36.16028661,21.83846567,53.77424787,36.59814404,20.5414928,99.82664491,35.22661595,16.74840897,19.57151197,18.96320822,46.10086523,39.1781508,65.04596789,51.97323735,31.03615121,78.70947002,60.52685951,48.7788322,42.68988205,22.98301792,33.84303827,21.03774064,18.26892848,38.28711358,36.46229346,65.94998993,38.41288072,54.3454598,128.4044687,38.47607465,18.33322482,19.40909279,19.80831188,22.05420265,20.6581322,28.95426689,18.57239905,17.60383846,19.66554927,32.0028079,31.9757222,36.92218373,20.02638503,18.11014355
2905,926,104.0434786,30.60525631,919,104.0419633,30.60947907,490.0332574,,52.81795589,26.46344987,35.08940282,25.81953497,69.97004369,25.91003003,40.78889541,27.34716021,32.53332829,45.53546293,25.6412751,47.77575428,42.04038669,24.60704024,26.45848859,29.91300935,49.67602187,34.07280979,56.36165261,56.00380085,33.44302799,72.80725244,45.4963179,52.56166718,46.00051438,27.78505935,34.43024595,30.44472736,25.63162864,45.49045195,34.05636538,39.05800132,34.5130669,60.62267102,67.61238172,49.623621,26.10288128,25.70666268,24.00979553,47.31657738,25.10487728,37.51051938,24.71621333,40.97244248,25.80773121,34.48464964,29.79931971,33.86026347,146.3999773,24.5536689
2906,927,104.0717634,30.59121614,148,104.0685886,30.59134338,304.7306833,,21.96257177,27.37443443,45.58298309,28.38371177,25.69157986,42.85275234,37.18747322,30.77224291,22.16223151,24.43469324,21.12721155,65.55958925,23.14410253,34.4978132,52.91143698,24.38522834,21.2499847,23.31007617,23.51034452,36.26546975,32.92267189,44.05744819,36.08652829,27.73781188,34.80840709,30.45192116,27.1542193,51.66548477,19.94600836,32.89446656,39.94042936,37.69864123,44.74023083,21.09673961,71.23574415,36.32551192,25.78978406,43.28756043,21.21915783,33.94277413,40.89582329,24.58484596,64.78526339,33.58256509,41.84477278,20.82639696,41.84477278,35.79218466,29.17634202,29.63429746
2907,927,104.0717634,30.59121614,483,104.0720858,30.59244763,139.940451,,20.31393644,14.99361975,15.95267966,15.45828854,19.91247524,10.47371359,11.02375544,14.46620599,10.85160202,15.86622265,17.38690677,16.76956306,9.887843447,17.37316613,12.93416235,15.41414453,14.2816619,14.37932445,18.21254749,16.6540702,12.76702873,16.14697512,13.12796413,16.79285412,15.76793814,17.08906457,18.21680071,25.11393936,26.63506585,20.76610155,25.11393936,19.11796251,25.11393936,17.33903368,19.29381487,17.31222074,25.41268448,21.47652664,20.39617909,19.00181513,19.38196109,16.86288192,19.91247524,16.96117017,22.15751056,22.11541173,22.54046801,19.76512484,22.54319644,19.73209103
2908,927,104.0717634,30.59121614,1074,104.0750659,30.59133644,316.9223562,,23.54841037,26.10802019,24.76224595,25.41733183,25.41733183,25.41733183,53.64829853,34.4927777,34.4927777,37.87353388,25.46697505,58.81033414,31.21533467,31.21533467,31.21533467,18.34277303,31.21533467,74.56996616,44.00850462,91.27363859,39.58093607,55.21696224,46.10944106,50.25389599,48.09254486,50.25389599,50.25389599,62.6019469,40.31298563,21.85671422,33.65547145,26.50221794,29.6535538,27.98946292,28.79748812,28.3877268,28.79748812,28.59113938,39.75332691,25.91038189,31.37269887,25.91038189,19.40340956,25.91038189,69.85227444,37.79968468,37.79968468,20.41002652,66.33258618,31.25809541
2909,928,104.0094376,30.67908282,638,104.0055209,30.68097239,429.691581,,51.40794987,36.31196459,38.98084061,56.08737098,53.34102385,52.69802409,96.31940795,50.40456893,39.7453672,52.96056006,42.61404109,57.18631023,56.04672796,61.4759937,67.69165463,59.65965752,75.37318588,45.32346005,43.10600255,54.08705215,45.80831957,58.56965597,56.21646365,75.75056642,73.83721678,63.31062859,70.5090262,61.5774233,52.91526882,45.71524763,68.62357226,84.37580138,78.28389128,76.4705356,99.79933494,63.44439451,65.45949502,65.96544527,75.5293439,61.81377389,40.3098291,55.08866423,52.69495542,81.15240513,63.57080925,57.61227902,70.3131678,104.0800465,81.73789652,75.42458602
2910,928,104.0094376,30.67908282,647,104.010975,30.68116406,273.6748765,,28.89236233,30.74039174,28.89236233,28.89236233,26.69998795,44.68161249,32.46225883,42.19398524,41.1154744,49.36432011,50.93819329,41.88010862,39.40355313,40.2380868,40.96588588,42.19398524,44.79588771,38.5419875,39.30437056,39.41410898,39.43958356,50.49626936,49.63014965,50.49626936,35.84112369,48.42695082,29.45379837,37.40786162,45.32965215,40.51316599,50.63820394,43.92966697,44.24424906,50.86056225,45.66009706,51.11460347,47.7287058,37.58754445,42.91165985,48.12881729,40.444697,40.19011514,43.79587401,40.12696964,40.1724705,41.94697101,42.27394588,42.77855682,40.17245858,40.10604723
2911,928,104.0094376,30.67908282,768,104.0122093,30.67825796,280.8129592,,55.14145382,28.59764224,25.89629595,34.78243585,35.37801061,41.26231237,33.30895068,40.25146216,50.73659489,36.86150057,63.38098139,40.59946398,35.88027163,34.15773571,34.15773571,42.18639532,38.28059274,63.38098139,76.58535251,71.69692575,33.00087007,51.05690167,32.68364866,40.51810233,29.93859782,34.83284793,52.65242985,32.50568016,32.50568016,32.50568016,48.52447936,43.27391143,37.8882221,55.24189361,37.86242147,81.36230609,35.61691086,58.94616053,37.77693993,44.58126634,33.47439249,36.73661728,48.89608963,29.99782353,39.93784309,37.2629248,66.07363746,55.85230128,66.00174012,45.23161759
2912,928,104.0094376,30.67908282,1550,104.0077715,30.67693868,286.2638424,,32.10911941,31.15796924,95.4212808,95.4212808,95.4212808,95.4212808,95.4212808,95.4212808,95.4212808,95.4212808,95.4212808,95.4212808,95.4212808,95.4212808,95.4212808,95.4212808,95.4212808,95.4212808,95.4212808,95.4212808,95.4212808,95.4212808,95.4212808,95.4212808,95.4212808,95.4212808,95.4212808,95.4212808,95.4212808,95.4212808,95.4212808,95.4212808,95.4212808,95.4212808,95.4212808,95.4212808,95.4212808,95.4212808,95.4212808,95.4212808,95.4212808,95.4212808,49.84521561,65.4837066,56.60417893,60.72103599,59.63668275,59.10890083,59.37161889,59.30572068
2913,929,104.0741314,30.69052755,621,104.073194,30.68752145,345.0539638,,120.6013854,65.63774212,120.6013854,62.26537693,65.63774212,52.33045896,165.6259026,74.55029375,83.8753727,173.4908198,57.06864944,42.67568205,176.1977687,48.71350077,85.37417661,80.88079891,63.69643725,53.05283642,37.53883782,144.4411941,62.73708433,226.8847981,61.78630082,74.90148225,108.016893,49.67712569,179.1626351,60.00938501,56.25030656,57.2110199,56.09507491,113.5164477,52.97203709,73.02252402,73.72072817,64.69761821,78.15102554,70.60657261,166.2592713,42.25150577,63.87714759,63.45820024,65.46478365,47.05281325,47.37583027,47.41199503,56.33534103,65.0363492,80.45444701,77.31499602
2914,929,104.0741314,30.69052755,666,104.070802,30.69064995,319.1842578,,67.40330793,46.3799527,42.50261765,52.28957124,34.94363897,46.6466845,91.68058471,48.89631183,39.6570605,30.93037222,89.77057251,28.61569737,49.20054392,137.6123746,66.95182892,40.72137414,40.35119896,38.3740623,34.87293864,37.60023979,37.92288211,39.48671231,48.45812665,89.77057251,45.93191184,65.64556597,64.32619076,38.43021164,109.9582132,139.5623475,31.09778966,37.07253841,41.25900639,84.48995059,41.60760391,28.55671996,22.82151595,42.46095665,58.21726805,43.76193306,41.42248642,55.4288583,53.54852634,29.65324718,29.35027658,47.0805949,42.50908756,34.259491,35.35579471,40.29792872
2915,929,104.0741314,30.69052755,1370,104.0742895,30.69705339,723.4211976,,150.5385151,105.1187209,136.0440671,127.3504309,137.6124867,154.9662341,99.02343389,99.02343389,212.5394161,135.1020047,165.196087,148.6411212,156.4819655,154.4452127,153.4465904,153.944282,153.6950333,153.944282,153.944282,158.1139768,160.2846915,159.1919346,159.7364442,159.4637246,159.5999679,159.5318172,159.5999679,159.5999679,213.4685501,182.6451287,196.8575836,189.4852264,193.1010638,191.2760584,192.1842286,191.7290681,191.9563784,191.8426559,191.8995004,191.871074,191.8852861,191.8817328,191.8799563,191.8808445,191.8804005,191.8806225,191.880567,191.8805392,191.880553,191.8805496
2916,929,104.0741314,30.69052755,1382,104.0777751,30.69046771,349.0634894,,50.72163721,50.72163721,50.72163721,50.72163721,50.72163721,84.90733526,50.72163721,50.72163721,45.92521012,43.85181459,44.86456987,44.86456987,44.86456987,51.7457168,56.04358652,53.80896743,54.90354868,54.35074761,54.62574963,54.55673857,54.52229838,54.55673857,54.55673857,72.91848523,62.41518339,67.25925151,64.74674086,65.97908549,65.35710458,65.66662223,65.5114978,65.5889683,65.55021018,65.56958351,65.55989539,65.56473909,65.56231715,65.5635281,65.56292264,65.56322537,65.56292264,39.43395068,49.24727712,43.7976502,46.36287175,45.0437685,45.36645689,45.52954108,45.44785268,45.46824729
2917,930,103.9856642,30.62376699,333,103.9855772,30.62085604,322.7339702,,41.2000813,41.35283261,41.2000813,45.95830218,39.1962539,62.46463939,40.2718299,40.1142465,38.72807642,46.24845719,60.19908252,45.08257234,39.15772367,39.90356906,39.07267571,41.17639722,45.52196649,79.85170397,57.37492804,49.64885413,51.40895101,48.76141476,55.06361577,64.36799406,47.0381495,47.11902603,45.53361234,56.00223939,55.01065823,50.04559155,127.6749772,51.55723509,60.19908252,51.76930202,62.22941755,51.18247986,48.53727851,45.60039116,63.14360287,54.94206307,59.95636094,48.50244019,45.56854453,46.8738339,41.67337693,44.61297053,111.7156051,54.87540323,49.50288764,49.09192785
2918,930,103.9856642,30.62376699,658,103.9880426,30.62480647,255.4251042,,35.23104886,34.39639808,40.49308075,49.88410716,57.83209906,34.04197106,37.67280472,37.67280472,39.63492996,38.31376563,49.74275598,35.02972858,32.95807796,70.40814511,27.49997384,31.01282884,39.15672286,58.38288096,33.62085467,40.88820838,37.51435264,50.68610243,108.1800441,35.57392493,41.73360251,70.35427507,57.6869746,54.65262259,29.75024131,39.12895213,41.02429973,37.67988015,42.52163584,42.28576438,48.39633553,37.65480652,51.6227579,59.92594771,55.01463784,31.62565777,32.39344875,55.06169911,51.73166667,30.02701363,29.47212741,37.3849872,59.64521351,55.53278562,38.96315149,75.06370409
2919,931,104.0350085,30.64701254,413,104.0351193,30.64569618,146.2787448,,23.7505955,23.64838187,29.46491347,27.93652421,31.7565796,25.37014473,32.46630587,42.29746838,21.27690833,21.33231695,24.40501093,19.11446393,27.62510066,31.34544531,19.75998054,33.68465766,19.17245684,23.86753062,24.23655165,27.46717365,24.23674868,26.44034215,20.41098765,28.46505304,23.45672522,30.0916275,36.82541827,37.34776463,23.61450589,24.32348643,27.49887631,27.05154869,20.15707105,30.17784993,35.28331533,33.58440569,33.2241944,48.31224599,31.85101702,33.90151168,27.60850539,28.68210682,19.11446393,41.96043676,45.89137092,45.00884455,42.41915271,35.2144986,22.26653198,28.2361116
2920,931,104.0350085,30.64701254,1008,104.0349293,30.64918505,240.9005755,,65.94996744,53.9777223,49.00991255,44.81190036,44.87945666,74.3350347,44.87945666,38.83173456,38.83173456,37.26990722,38.03479427,31.12112697,47.42730079,47.42730079,48.3560133,49.321824,55.27355461,31.43808649,42.40792527,51.49747917,62.84362839,57.94490456,50.34787064,44.51199685,34.45165327,32.23948222,38.03693297,55.89958107,35.54270786,49.50819199,44.42838483,74.123254,50.82205529,63.30234101,63.14869456,63.14869456,58.6899665,29.44794811,54.81934714,66.05761156,30.66265428,50.73336276,55.96172034,50.73336276,53.21943946,46.00753697,60.85909276,60.85909276,55.5034926,51.01423952
2921,931,104.0350085,30.64701254,1700,104.0312907,30.64635526,363.6314208,,53.50435074,111.886591,104.7258492,104.7258492,104.7258492,48.21632099,66.03143076,55.73488515,57.99576308,59.1964102,58.58993626,58.89161187,58.74038673,58.77812016,58.79700506,58.78756109,58.7922827,58.78992181,58.79110223,58.79080712,58.79065955,58.79073335,58.79069647,58.7907149,58.79070568,58.7907103,58.79070798,58.79070914,58.79070856,58.79070885,58.79070872,58.79070877,58.79070874,58.79070877,58.79070874,58.79070874,58.79070874,58.79070874,58.79070874,58.79070874,58.79070874,58.79070874,58.79070874,77.45994763,65.54729474,65.54729474,65.54729474,65.54729474,65.54729474,65.54729474
2922,931,104.0350085,30.64701254,1875,104.0387774,30.64694972,361.2263483,,72.24526966,76.9062548,74.50293436,82.21013443,71.4513656,94.34690599,59.10976609,54.3486451,129.5556517,118.2195322,65.08582852,67.7652347,70.67472032,67.42267551,67.42267551,67.42267551,70.7708764,69.05621527,93.82502553,73.46976576,69.17100287,78.33824421,140.130911,83.50862424,64.69725641,89.40973024,89.40973024,137.2469503,95.44329203,95.44329203,95.44329203,95.44329203,112.7120133,103.3613396,107.8343491,107.8343491,107.8343491,108.3679045,103.5362145,126.9936381,114.0714784,114.0714784,100.3406523,108.4582864,103.37161,148.6188404,133.9598098,121.9329446,119.4959664,117.1544913
2923,932,104.0818673,30.64545371,834,104.0826029,30.64891958,390.5338281,,63.32980996,42.65431541,43.48211695,46.17429521,66.161025,45.27928442,42.15657515,47.82046875,55.90146247,56.6903944,56.29316441,56.6903944,56.6903944,60.53484526,57.56076893,68.63176867,60.58194282,58.06166649,46.40005878,49.50428807,52.65624649,53.35566532,51.35827978,56.124622,49.15810424,57.56076893,52.25687469,60.99443736,51.54912929,62.00743849,55.40578448,104.1423542,53.13583149,56.28883016,46.85490801,55.10893479,55.53341421,48.33122352,51.29541312,49.44710524,49.55298082,78.65296678,48.81672851,58.21622282,55.82059288,55.82167621,65.17303702,58.82517913,66.78963331,58.09594137
2924,932,104.0818673,30.64545371,1824,104.0804742,30.64586314,140.9939866,,22.26220841,22.297135,23.04181882,19.55985941,22.5681563,17.9039983,15.40450233,28.3563325,18.83407613,33.61446038,32.00367918,55.95351909,47.21659086,35.82906012,18.3373682,31.72364699,35.7729457,28.92184341,23.85797188,26.43637249,24.8508373,14.75518464,24.88129175,29.91620933,22.12358943,18.16835264,40.60626814,32.42370424,23.88604008,28.62917048,40.33735247,16.58752784,27.07084543,25.0408659,34.06566119,26.150353,22.6092807,27.36271438,21.48479796,26.0539518,26.20242229,27.51102178,18.0525792,20.93106605,19.77577994,21.29699378,27.27693785,15.94904483,26.96697265,22.11670378
2925,932,104.0818673,30.64545371,1832,104.0865447,30.64375218,486.2760089,,36.09471406,35.79946078,43.02025939,31.47983514,48.89926346,47.74656312,41.10983089,41.37215138,41.10251858,38.77614111,50.38162793,98.62499335,45.35216663,50.34057892,44.70186057,46.76100916,39.87684811,74.69902546,61.79887661,55.31481458,49.00878029,56.04537051,44.08407027,40.26204306,62.74529147,47.28139452,53.15567709,49.04997568,40.7746964,52.03463026,34.84924284,59.6080269,64.69702367,48.83106366,45.78536904,38.80353206,51.33705666,44.16353942,38.60184415,37.78939303,40.77713173,68.00308227,53.20953289,41.48326142,47.33893002,46.01779536,54.92920088,47.74803189,47.09513999,54.7595271
2926,933,104.0578707,30.60543778,230,104.0553258,30.60561598,244.7618757,,28.21161428,35.49927636,28.21161428,36.19481869,34.0209557,34.0209557,31.35739333,27.96538755,31.38930925,35.33994997,95.25867595,38.06232192,26.58047519,24.25406914,24.34253606,62.4923938,25.83996342,23.62313009,24.7868298,21.9462703,28.03954662,26.28035478,25.07699047,41.66159586,26.30451364,25.20501308,26.30451364,29.54871739,30.37375914,26.56222395,29.61824378,19.19700986,29.84900923,23.31065483,28.96590245,27.68603755,28.23873793,23.8807056,22.21811241,26.30276873,21.36103642,27.52593618,28.51594668,36.91905424,26.31040442,27.30902478,25.83996342,27.38062544,34.50950728,34.74766031
2927,933,104.0578707,30.60543778,814,104.0581892,30.61123371,643.0859405,,65.19598383,60.38759402,75.28811011,50.73285725,71.53078436,117.2867125,57.6577249,59.15177283,67.241051,50.83683324,89.86353754,73.63898864,75.12320551,95.94651226,83.64841812,76.42850677,87.59144941,87.32142898,53.52854071,68.83377758,96.5836206,73.51498446,93.56677657,77.59523916,81.04233555,52.58197826,79.61462141,62.74818933,89.93210712,92.19462156,76.51214387,130.2642068,65.57609495,84.26936878,63.24355502,87.80440147,73.55391218,52.561823,59.73705034,80.89313679,79.70767381,57.08684399,82.38108387,49.14002411,73.58638345,63.68939163,60.2109073,53.22090542,50.06415107,45.39430168
2928,933,104.0578707,30.60543778,856,104.0610669,30.60531623,306.7072386,,72.51108446,56.52624876,86.87844526,77.52279252,75.7995006,96.09626275,96.95497422,96.60070507,81.62370058,104.2403687,80.34326834,94.77648575,56.69556144,95.21540588,76.14800407,66.17313708,48.90084488,113.3287744,98.35030213,75.01384252,47.76898896,78.37771492,75.02691226,50.88230686,52.64105168,57.64103555,39.58802689,50.78868716,75.99078176,67.67674281,149.2089269,60.50115392,39.0157618,67.3807603,60.02510765,105.0067579,73.9053587,67.22952365,56.3339826,61.68413737,58.52364269,55.82133766,71.23522961,56.36012366,62.67621904,85.88863031,46.65405882,78.00089896,81.18721022,88.4732419
2929,933,104.0578707,30.60543778,1245,104.0578993,30.60270356,303.0450021,,37.42579786,37.42579786,60.77782772,23.79415502,42.78282383,33.35347994,37.48424827,35.29842513,29.91731277,24.82279881,25.95983361,26.52257717,37.32975218,34.74401298,34.74401298,26.54408778,31.81806803,29.3466579,38.63179913,28.76630211,28.76630211,28.76630211,26.16215845,34.41520529,26.09065273,25.40074523,26.01953681,24.11854107,64.36354027,46.93992144,40.25690065,38.27936869,24.90780839,31.71401185,31.71401185,31.71401185,29.17010715,37.97953029,32.27698247,29.56536606,37.02359754,25.57941401,37.61937957,25.82158598,25.63953014,25.46002351,25.46002351,25.46002351,43.58866468,33.00944047
2930,934,104.1244253,30.60617433,591,104.1265738,30.60504824,240.825324,,35.45894341,48.43414337,76.38512479,71.79885436,73.13126667,50.77429964,75.97869374,76.38512479,46.17689302,38.55347043,42.02223163,42.02223163,43.97381094,57.12566112,58.36682264,52.43777217,37.6723495,59.24632118,60.30229821,58.22180312,46.21792092,50.04764399,32.77773786,40.10042398,50.40530037,28.82697145,58.84419683,27.98373747,45.23204912,31.49759006,38.36155604,36.92990382,62.47190149,68.69365467,50.62605351,44.30857749,34.6096274,35.42272386,47.70130214,42.70793923,43.78642255,48.804167,67.90896863,43.78642255,76.72311207,58.5395791,62.59719613,62.78051151,41.64376662,49.99833716
2931,934,104.1244253,30.60617433,955,104.1276807,30.60790258,366.1673566,,40.74814478,41.98097082,41.98097082,41.98097082,41.98097082,41.98097082,50.83042997,33.16232664,50.83042997,61.5263703,55.66929369,58.45147273,57.02646949,57.02646949,43.68525215,63.011591,41.68229198,53.71022926,53.71022926,53.71022926,50.3130719,51.95617898,53.96939545,47.24740085,50.66112543,67.36980325,40.68526184,50.73261644,50.73261644,50.73261644,61.74250509,50.73261644,43.07851254,43.07851254,40.47704658,41.73728181,41.73728181,41.73728181,43.18435655,41.73728181,33.28794151,37.03682932,37.03682932,109.850207,37.03682932,37.03682932,36.15641099,35.57901441,35.86538897,51.19232947
2932,934,104.1244253,30.60617433,1168,104.1224601,30.60779753,260.4852653,,80.37831041,40.33320237,53.71342942,46.0714983,49.59983895,47.77060637,49.59983895,54.0780367,59.44513186,63.79230987,71.76634858,52.68241321,34.66717024,45.19262434,74.42436151,52.86059499,52.86059499,52.86059499,60.30527042,50.41650296,51.60962879,51.00608948,51.60962879,51.30608426,69.29164694,47.60136828,93.50753112,55.81827114,60.1119843,54.83900322,52.98005396,56.59305704,52.98005396,54.72698892,42.12699708,100.293792,83.8771874,62.4748138,49.77425452,48.08958744,48.38423503,46.88734775,47.76807157,58.31759671,42.05143296,72.41289228,55.81827114,62.51646367,55.81827114,32.50422721
2933,934,104.1244253,30.60617433,1352,104.1220034,30.60393124,340.1581551,,54.83146382,54.83146382,54.83146382,71.19589293,54.83146382,52.1093344,53.43575381,53.43575381,68.03163102,68.03163102,88.35276756,89.26155523,104.9202633,64.62107432,66.91635838,66.91635838,66.37232295,60.92384867,65.83706228,64.53593456,63.90446749,64.21864875,64.21864875,68.18552195,72.67473937,76.21800984,87.38007657,104.0710503,84.01848085,92.97584501,92.97584501,96.77202698,159.3799599,100.8913992,123.5638621,111.082546,111.082546,111.082546,64.70643902,79.17474298,79.17474298,73.99210625,64.79202954,69.08712882,69.08712882,69.08712882,58.59183533,83.49336532,82.74117286,67.88078483
2934,935,104.0219287,30.73010679,274,104.0293725,30.72050051,1281.228384,,124.0176253,107.4061344,118.5915885,117.0665529,131.6278718,166.4383286,178.0285178,189.5652638,134.0709047,124.0959863,116.7863088,141.4186046,122.4733924,119.8862116,299.7241851,184.8974986,113.8307547,196.1805276,167.8148483,151.9452646,102.3219336,168.3749827,150.5538398,142.2566015,109.8195758,176.1213392,311.229567,127.7679275,115.7964862,138.6896704,203.1158393,160.6457224,137.4475378,130.8657312,112.3295024,115.0229971,202.2006802,167.0789108,168.4390329,173.9224051,118.1158049,131.8253402,134.9116624,134.3163128,89.78347905,144.6572179,133.1626758,172.233838,111.75609,127.2282647
2935,935,104.0219287,30.73010679,809,104.0204063,30.73193824,249.8987391,,35.82009491,25.31015676,38.94525804,39.54441586,25.55448007,19.99189913,20.77680048,38.03955437,27.7451183,25.8145039,22.69613115,29.6631141,25.34184397,69.30935753,27.70223562,43.35639221,20.87321255,37.48893679,29.59327174,52.37057858,28.93787049,39.04948511,60.513596,40.70748691,48.10884817,37.62369952,37.34559501,50.44397331,31.99678491,42.79308504,46.61323631,83.94732135,35.14201019,38.36646447,46.18647014,31.52467668,68.05109385,62.5964,57.11971179,45.11066065,27.95740444,57.39301185,58.67643349,29.43261032,40.63853013,71.02385215,51.18836192,71.23810209,76.24029328,37.60755775
2936,935,104.0219287,30.73010679,1549,104.0269243,30.73325654,592.1419628,,160.1452387,163.9777743,115.2276252,162.7260356,88.26960936,103.3139451,107.4586549,107.4586549,235.5481841,142.8122643,127.494681,162.3130254,129.8504202,155.8838074,155.8838074,155.8838074,140.6141864,165.3654565,165.3654565,146.4544483,106.852685,131.4248499,166.7570587,150.1204976,150.1204976,150.1204976,150.1204976,138.8736851,121.8120609,129.1946101,125.3947686,127.2663323,127.2663323,127.3043336,127.3423576,135.3467344,145.7224361,103.859248,88.54459257,113.9952442,113.9952442,168.2929789,168.2929789,168.2929789,168.2929789,168.2929789,152.2650761,179.323749,164.6903769,164.6903769
2937,936,104.0801761,30.68922895,585,104.078009,30.69128293,308.0733628,,71.55252297,54.90416367,62.80683943,59.62710248,71.32245055,47.72734184,54.23959438,52.16670301,45.05338277,72.48785007,64.26695978,76.92121794,75.96329494,58.52581035,88.15213958,95.67770862,72.21812782,76.09359218,107.1559523,69.26239538,117.9855432,87.28492719,89.37512942,72.42867632,109.159853,41.10181987,91.59510858,72.48785007,82.10611262,111.4637293,88.5185851,111.4637293,111.4637293,88.72512849,86.81519421,76.48717973,99.46763283,76.84046926,76.48717973,94.44584847,113.6336174,83.17980798,100.9387127,131.8352578,104.4439417,105.3117252,90.75192142,100.3287788,96.93204129,101.7490006
2938,936,104.0801761,30.68922895,648,104.0810477,30.68827702,134.537117,,26.15192339,27.45655449,24.96565058,33.67325293,39.31279393,51.52485332,29.80514592,21.57388068,42.60999599,33.51789766,37.64250941,36.97203215,31.69549793,64.79379548,43.37316009,35.48231657,29.87518298,32.14248123,54.2670724,36.97791285,36.97791285,47.36759132,33.4023187,33.4023187,32.1460368,32.76213898,32.1460368,31.94160648,45.38601538,40.3611351,27.91548249,31.21975534,38.86327953,39.53743847,27.75550838,58.00402649,37.54524195,46.87099562,69.68829082,40.28919012,65.89573078,33.26467179,38.85029046,33.4023187,34.06801555,18.55684372,30.36574428,35.16033548,37.04272437,33.4023187
2939,936,104.0801761,30.68922895,1116,104.0818796,30.69184404,332.603298,,76.1686942,97.23437486,85.421964,90.94621427,88.09757316,88.09757316,80.11473052,73.4583971,62.88717819,92.46114848,58.69469965,75.62348672,66.09228368,70.537371,72.06106918,107.3876119,73.6520484,99.1612317,97.21557828,97.21557828,97.21557828,86.4528428,87.46781229,50.48651606,88.50689661,71.16623315,97.45695999,108.4207695,117.5540408,100.0589308,123.1864067,95.21843919,95.21843919,70.85040667,80.07391037,87.46324856,73.83588114,78.62667081,92.88030445,113.4460862,139.2292875,86.02581933,76.26572438,80.85228936,76.26572438,112.2974793,176.0840989,64.81038554,125.7083331,96.95318808
2940,937,103.990711,30.65129124,523,103.9942331,30.65221712,352.7578063,,54.93200601,62.34305855,56.21638347,50.34402786,60.71369414,35.22685444,69.55787729,64.83556837,25.94337288,67.39253613,63.41296702,64.38165286,107.925901,48.71846941,46.94233038,85.23007401,72.15500583,96.75642687,62.40432937,66.11339364,77.61210712,75.36665298,70.29122338,70.29122338,78.94289903,85.80595288,76.81016752,76.81016752,76.81016752,30.5515983,52.91367095,68.92418468,51.20677833,64.07710389,86.19421513,64.07710389,95.48331599,54.97524254,54.62056356,80.6583621,89.19330344,82.8010071,84.47415319,82.46286381,104.0924674,82.46286381,70.45370889,82.46286381,86.09682052,86.09682052
2941,937,103.990711,30.65129124,818,103.9898616,30.65121392,81.8394545,,10.47855493,11.49183954,9.975915448,9.262416649,9.882223934,10.41959832,8.861873151,9.932275571,8.640206347,10.45531401,8.474267579,8.595567687,7.588400897,7.853446253,7.692481363,9.222700082,8.016926155,9.526985811,8.7652521,8.58643457,16.23261907,12.07544689,10.02968634,10.60864764,10.90687779,8.580183071,8.794123658,9.382867395,11.1493675,8.665354006,7.116474304,8.894250149,9.05136824,9.29651442,10.40041585,9.054679877,12.02130036,8.038800442,8.821019048,8.356590284,10.82174605,8.341802476,8.988373685,9.320532623,9.649193326,9.508537557,11.91194217,8.299731832,10.5712966,7.76172214
2942,937,103.990711,30.65129124,881,103.9865454,30.65642194,694.7491539,,83.90596436,93.2375379,81.55750936,75.90582562,75.6532654,63.07936832,72.18173028,66.82957793,56.48367105,79.69507024,105.3093454,76.95189655,60.06476835,165.6355599,284.215563,78.40429323,78.40429323,91.9520939,78.40429323,75.10801664,97.1299788,76.42771441,120.8259398,77.28379928,145.8365571,79.90725093,65.57674237,83.16199348,79.02360044,128.9225234,53.9029516,226.3436158,79.00279929,79.27407144,141.8391468,183.9041878,195.3981995,157.7979151,71.20180642,73.96754483,76.95682936,181.2389097,90.61945486,252.636056,410.0158941,74.10657642,81.82432782,75.20839487,82.27292612,78.03734646
2943,938,104.0617125,30.66071793,515,104.0617403,30.65887109,204.7040186,,45.85997161,29.53645158,21.88914258,28.21476782,62.3991928,27.41331715,43.32948019,30.20951516,24.04052214,31.31449577,27.68117781,22.39922392,28.39824535,24.98553477,25.17282552,50.33705375,28.94613202,34.14895584,28.61881425,31.44812804,20.50838034,21.67454315,37.9374243,23.66846189,30.45183748,32.00087635,25.19434075,36.92274075,24.32126954,39.46688607,38.66080739,38.53811856,37.67558625,30.86277432,28.02032194,31.35891349,34.11733643,27.04898125,38.05169364,25.85037256,50.35998636,40.34312775,25.50828892,21.329507,27.3242294,32.548802,36.93907103,32.65588479,26.62014932,38.26243338
2944,938,104.0617125,30.66071793,1419,104.0602277,30.66075741,142.3240728,,19.31636803,31.95634068,31.95634068,31.95634068,31.95634068,31.95634068,31.95634068,31.95634068,31.95634068,31.95634068,31.95634068,31.95634068,20.06003244,14.6181644,44.55362279,33.4152171,33.4152171,33.4152171,33.4152171,33.4152171,33.4152171,33.4152171,33.4152171,33.4152171,37.39902643,35.29506282,36.31659744,35.79854408,36.05570998,35.92666684,35.99107274,35.95884094,35.97494962,35.96689349,35.9709211,35.96890717,35.96890717,35.96890717,30.13921542,32.79701796,31.41199707,31.74716849,31.91745083,31.83208193,31.87470922,31.85338132,31.85871061,31.86137594,31.86004322,31.86037639
2945,938,104.0617125,30.66071793,1574,104.0649632,30.6607499,311.4766587,,41.72338498,44.9425239,33.49211384,40.27172961,41.91835407,41.91835407,41.91835407,41.91835407,21.98658767,22.60717684,22.60717684,22.60717684,22.60717684,22.60717684,22.60717684,22.60717684,22.60717684,22.60717684,22.60717684,20.35056209,22.60717684,29.98171046,22.60717684,22.60717684,17.60307647,19.7937506,18.63424963,19.19650711,18.91120011,19.05278558,18.98172882,19.01719083,18.99944328,19.00831291,19.00831291,19.84791274,20.76511058,23.65645509,22.11668582,22.8606722,22.48252574,22.57588466,22.62285548,22.59934567,22.61109446,22.60521854,22.60668723,22.60742165,22.60705444,22.60714624
2946,939,104.109586,30.63629375,745,104.1058444,30.63216341,581.4829376,,100.1597404,60.78860699,80.63707917,54.75643671,51.09858198,51.75126268,50.62487486,57.35174179,53.39014433,76.65099141,73.34324935,73.06591886,76.12140274,65.11941009,59.75936594,46.80466351,61.72005627,60.45306694,60.74984983,33.54709255,69.17269146,54.11141073,50.59428581,80.51302213,63.97734032,64.2621205,52.69574765,52.37274394,51.81531127,56.42422036,51.85809848,66.50546154,55.88196944,72.26507553,49.4294823,73.33611203,64.21283973,59.05045347,66.95622586,57.95802751,69.77795251,66.41302587,52.59644662,43.38525545,69.20127522,28.36502135,51.15646601,56.72003534,54.16553392,61.38822802
2947,939,104.109586,30.63629375,1130,104.1152974,30.64211152,845.7654619,,103.7749033,78.07065802,77.72899212,77.39030371,70.48045516,55.56123472,70.48045516,70.48045516,70.48045516,64.42953337,70.48045516,75.77789106,81.93637413,90.61772806,71.47313763,81.75669714,93.82914215,82.73792562,88.83313385,67.81193013,66.99132371,71.2084739,88.51033904,74.96320876,105.5008892,79.9323298,72.27906618,85.60700082,85.56690388,85.58694766,47.83590986,101.1126829,101.2219303,101.1672771,114.3416826,72.7830039,87.82949027,79.4629577,66.33454603,87.49297882,81.54139429,81.30188686,78.22108318,81.06378229,87.40925349,91.76478791,108.3542941,95.99860208,71.98003931,91.84783297
2948,939,104.109586,30.63629375,1148,104.1134892,30.63265318,550.2045592,,36.47765033,51.78646572,38.78365005,51.47443901,45.52719307,40.81187665,58.17140714,45.70227072,51.23633448,42.84989536,45.78293874,47.02044898,40.21799824,38.08545092,64.79347115,47.77463611,53.59135317,43.05948724,42.37948515,69.06333379,42.05385166,46.69101026,38.76196503,48.05946237,59.50710253,32.55113251,42.95277228,40.63369634,34.53768811,57.54094608,43.66317814,47.94313587,44.94319325,45.59968721,50.81417171,35.75336486,43.28295904,32.41794457,57.14349551,48.73012884,45.17072778,41.12255529,55.6266437,48.98708883,58.21743923,43.76350891,42.96608271,38.76196503,42.87308254,34.99534299
2949,939,104.109586,30.63629375,1728,104.1070034,30.63859978,355.772862,,40.56960099,37.81837509,29.51111298,41.64178412,29.51111298,23.18158015,29.32769422,37.60554842,39.98279823,35.73611337,39.98279823,40.08708304,44.77770535,50.71149926,55.97824752,45.17252695,33.87032914,40.72439756,40.53108554,62.47718552,27.92403277,40.32689872,35.0046788,32.0998071,38.48761512,29.98085916,56.02722236,70.21832803,39.6322528,28.66567375,25.15448058,35.67638728,76.01081918,38.28128148,38.28128148,38.28128148,37.78118888,40.85429994,39.88595408,34.04689544,38.75286848,33.40590254,47.63802402,40.14991546,42.91754966,32.67301794,34.66928122,36.99738796,37.55042179,26.96383796
2950,940,104.0056635,30.61351558,455,104.0112729,30.62008866,905.4421895,,38.93212161,70.33250432,201.8323147,201.8323147,201.8323147,201.8323147,133.0445666,167.1585581,163.9015403,163.9015403,230.4616443,288.4594586,214.3586934,221.1298288,208.3638438,162.3454323,161.7788914,162.0616667,144.9135199,152.9770746,155.5713444,164.0734169,181.0921222,164.0734169,181.0893589,181.0879773,181.0886682,197.5510232,181.0884954,197.5510232,197.5510232,202.4132868,202.6918988,202.5524969,202.6221739,181.0884375,198.1514822,181.0884378,80.38451004,198.1514822,202.5993059,198.1514822,181.0884379,151.9623255,202.5989316,202.5989486,181.0884379,202.5989422,202.5989433,202.5989431
2951,940,104.0056635,30.61351558,703,103.9943014,30.62444502,1628.943577,,222.8670929,205.8538958,248.3342291,207.4597952,234.5678751,219.2223132,226.6356281,223.8243083,251.6822694,222.8673398,229.3688478,243.580348,161.9943889,229.3688478,229.3688478,263.5594102,255.8922273,241.356013,229.5605848,245.8165425,245.2997387,465.4124506,253.739288,259.94634,415.9004877,267.7715469,139.956966,292.2964176,296.9213609,253.6774145,245.8770173,291.0361675,270.2394874,239.9402881,238.9213455,244.1380881,226.7882288,224.0143119,206.4947319,200.1432381,224.6818727,229.0003052,231.5079735,269.8963076,234.5678751,198.1147594,175.2031719,170.5431284,206.4858055,178.604981
2952,940,104.0056635,30.61351558,754,104.0009258,30.60599487,949.2317713,,402.0275737,98.99228718,402.0275737,117.5503576,355.9619142,214.2466694,120.2711799,126.9336197,127.152907,151.9164691,124.7510359,395.8186537,134.6218085,120.9908166,118.8814319,147.9322241,123.3024519,129.6440322,131.0448894,199.2208602,268.0183825,139.3236236,159.0233164,140.5729014,138.5505711,156.4681022,140.6655205,213.8556063,160.9756124,128.5010252,133.5851115,199.0603848,162.3335699,160.3109419,238.5503928,122.6393795,132.4859341,142.8138435,155.0081599,350.4855771,153.8731602,135.3658177,130.5949353,154.315658,181.767786,114.9616275,160.5620295,133.7905792,143.833085,419.2925616
2953,941,104.0946732,30.59714389,296,104.1007347,30.59778697,585.4915921,,26.7596665,66.42829283,26.7596665,69.53467156,75.17122158,81.98780156,102.3810434,137.3885756,122.9020252,78.78776681,83.34811849,95.7351884,27.71557832,83.91916647,84.42335372,95.63383537,151.0946044,29.22046763,82.85258379,29.74974921,86.33977395,84.61398938,70.6046597,75.45011624,63.75910457,74.05427252,147.3964847,27.48070054,56.34492489,78.8827088,78.83732572,78.94862416,88.11069567,94.76639632,93.3757358,79.09079668,64.93770676,31.88759049,63.83095441,82.93613947,72.35014296,70.54948122,84.96099333,81.86975362,76.03835825,88.6656157,66.40534354,66.98559883,80.55379441,74.80064873
2954,941,104.0946732,30.59714389,373,104.0957303,30.60007481,340.2725957,,27.8404851,33.5726302,38.02602844,35.54104481,40.54164327,36.2212143,38.34057416,41.70149258,42.17408158,42.13479364,42.13479364,38.74352093,40.20451592,47.19408021,41.39761646,47.19408021,45.12213438,48.8457386,43.22446523,47.69247983,39.92117792,51.66517691,26.00809649,45.05678509,42.29177782,36.24205161,48.14862801,40.79871256,33.51522146,42.60804677,42.33196871,35.13330816,37.73285282,47.5998191,54.35302693,55.40812716,35.92320658,44.15938517,48.05418808,52.23801043,32.64304703,38.19115649,44.19656083,43.58071787,43.88647898,48.48211125,39.53412528,54.30985215,36.15958708,38.70399193
2955,941,104.0946732,30.59714389,519,104.0901351,30.58874098,1027.908899,,97.34424749,116.6237641,105.929543,110.4618518,110.4618518,111.965871,113.5114122,162.123638,126.2959739,112.8881036,123.9585307,126.2959739,96.36645928,137.9057902,139.4650265,162.535317,141.0599252,235.6988558,117.6620679,130.2983111,100.1142249,102.666122,102.3643717,105.6617339,78.0690303,127.3828584,117.3821423,122.1781935,101.7545014,98.94310258,103.3651407,103.3651407,324.6028102,97.50111582,268.1501476,88.95365472,88.95365472,88.95365472,88.95365472,99.60893772,88.95365472,88.95365472,88.95365472,119.2418487,88.95365472,107.5718615,173.7310815,92.20445274,92.51180091,92.20445274
2956,941,104.0946732,30.59714389,1067,104.0927252,30.59715528,186.763222,,65.27646594,65.27646594,65.27646594,65.27646594,65.27646594,65.27646594,65.27646594,65.27646594,65.27646594,65.27646594,65.27646594,64.9611207,64.64880762,29.16909324,22.88842891,29.16909324,29.16909324,50.17519397,36.89150064,39.50628567,40.95778255,40.95778255,40.95778255,46.20945699,43.42541765,44.7742015,44.08949649,44.42921114,44.25870196,44.34379264,44.30120642,44.3224893,44.31184531,44.31716667,44.31450583,44.31583619,44.31517101,44.31550362,44.31550362,57.04668652,88.46678937,84.0434499,81.99360966,83.00587644,82.49663794,82.75047375,82.68686846,82.65510248,82.67098242,82.66701186
2957,942,104.0068158,30.72585148,53,104.0008574,30.72248966,681.411241,,81.12988766,70.02965531,81.58733552,80.5609349,68.13126715,60.26125837,74.04501418,76.15939359,67.7646538,79.27867715,126.8397346,92.51919869,135.5293076,85.00832348,65.89136118,85.87839141,104.1475007,102.6113985,109.1875579,75.91187773,98.54717686,89.76737246,77.25730756,113.8540538,80.83747251,101.1232072,73.33573894,104.8231661,110.5821398,101.9638573,131.3710392,89.84100139,125.8830548,117.138741,106.0134938,110.5516415,103.0706079,97.10363058,103.3238526,97.10363058,153.7981484,71.79747709,71.00088184,100.4974715,95.64998342,100.4974715,81.09356918,71.79282588,85.62235489,79.27227234
2958,942,104.0068158,30.72585148,387,104.0060803,30.72767637,214.165958,,22.26908418,21.91695688,24.29235039,24.99181358,22.89259167,19.51892275,23.14265192,24.86587216,21.29827207,24.91710265,25.09348898,26.78934846,35.48214529,25.41284394,24.71145669,37.88685252,37.17890048,39.6654636,40.61889753,40.13651922,41.68750885,29.12171667,22.1550991,30.14879481,23.47024197,32.19196028,21.9501053,33.35287852,39.03784551,33.15195051,33.57849396,19.44508068,52.38644123,36.0195024,43.15757863,44.28192112,30.95598289,63.1965122,49.3833434,55.3182026,51.65812052,43.97385322,45.41958461,46.87626988,42.8714697,36.95613895,51.65812052,26.25624256,24.36780812,29.3609452
2959,942,104.0068158,30.72585148,575,104.0145129,30.73018611,879.7321326,,106.6341979,105.5678559,137.1011116,122.2652324,217.6656823,114.5401692,95.06335517,144.7551403,87.48717341,122.2951092,98.66154758,105.0252256,134.1135532,116.7690336,149.9151525,155.6282888,151.6405068,168.7960388,166.8507436,158.6161441,161.6822702,220.6993503,143.6032588,146.1290659,166.4670527,132.7897559,123.3509514,138.778266,142.7664468,128.6976909,124.0151024,332.2065396,180.2011765,154.5523714,400.8905921,146.3679111,146.3679111,196.1012803,188.8888078,190.6417263,168.8710425,189.4537793,181.4920159,224.6124594,154.7563471,178.3307244,222.9325598,179.939884,144.6135012,292.3417549
2960,942,104.0068158,30.72585148,1151,104.0096791,30.72093684,609.8074011,,60.64382994,99.93808696,82.22122262,90.21808127,82.22122262,82.22122262,56.79965444,67.18612529,66.1236941,66.1236941,66.1236941,66.1236941,66.1236941,66.1236941,66.1236941,66.1236941,66.1236941,70.22733986,68.11376494,79.5400958,68.28325487,73.48306758,70.78779989,72.11025724,71.44290919,71.77503204,71.77503204,71.77503204,108.8132166,86.49590619,86.49590619,86.49590619,64.19025275,66.87910568,60.98074011,69.80307294,69.80307294,104.6095746,81.40815737,81.40815737,81.40815737,162.615307,83.47173551,110.3169168,95.03491965,102.1072858,98.44424412,98.44424412,62.36666602,100.779188
2961,943,104.0886043,30.70813837,1218,104.0866428,30.70587452,313.4265779,,35.5661365,35.90567002,35.90567002,38.64163289,35.90567002,37.61118935,37.19787958,34.34811813,36.19360643,35.90567002,35.90567002,34.79832476,35.90567002,34.34811813,37.54860833,42.49851904,35.90567002,38.54263639,36.69384327,37.61118935,37.61118935,38.15167136,35.90567002,34.34811813,34.34811813,42.65919397,37.61118935,34.55852007,35.90567002,37.61118935,34.34811813,34.34811813,34.34811813,34.34811813,34.34811813,37.61118935,34.34811813,47.01398669,30.91330631,32.70538204,36.75360523,32.99227136,40.55114755,45.13342722,28.6743502,44.6865616,34.59708362,34.01162563,35.55955979,31.25583602
2962,943,104.0886043,30.70813837,1294,104.0898329,30.70899025,150.8525007,,23.29435241,22.13220591,17.86411193,17.86411193,17.86411193,17.86411193,17.86411193,17.86411193,17.86411193,17.86411193,18.2851516,18.07217978,18.17804193,18.15146029,18.1381986,18.14482702,18.14151221,18.14316946,18.14316946,23.61169576,19.53485621,21.38066939,21.38066939,21.38066939,22.62787511,21.98659929,22.30262844,22.14348634,22.22277248,22.18305857,22.20289776,22.19297373,22.19793464,22.1954539,22.1966942,22.19607404,22.19638412,22.19622908,22.1963066,22.19626784,22.19628721,22.19628237,22.19627995,22.19628116,22.19628055,22.19628085,22.19628078,22.19628074,22.19628074,21.5932009
2963,944,103.9841556,30.65006856,478,103.9889117,30.6511002,469.8656346,,34.1031509,36.53382904,40.37031705,68.78412542,57.33953507,39.73027092,47.78294589,46.07242799,33.05033772,49.77976117,54.01739961,47.54789275,34.3594614,40.13087271,48.46751532,30.8952746,39.06504121,38.35637833,36.85220664,45.71665634,30.5052531,54.53572115,46.4319595,48.8595114,62.49251998,40.69405656,32.78926648,40.31018849,41.86921496,46.72696919,34.84070617,51.16117307,41.45873246,39.6836665,52.32264247,47.58133009,40.94854835,42.87329246,46.74310976,40.71037989,42.39389184,37.93410628,43.58174002,50.30531701,60.61230607,44.71953165,65.24081041,43.96403599,39.20992778,50.82681144
2964,944,103.9841556,30.65006856,568,103.9805188,30.65092525,361.1951487,,37.41877799,38.43258725,34.06906206,37.09629819,41.67318313,37.97543226,25.00882386,36.07984375,32.59584379,42.30919313,47.34290719,41.14338938,65.17807195,48.63974572,52.01210141,52.62015656,50.59542939,43.55080261,63.89693048,43.17551307,43.4302784,43.36892898,60.00077619,43.74440825,53.1277849,36.08610182,47.25917834,45.22186453,60.26894718,57.85550769,60.26894718,60.22707435,57.85550769,66.00520484,39.04812418,46.3400761,47.65340344,47.04423066,53.41345125,62.73572862,62.8671653,65.01512677,69.53489494,66.76778102,66.1779682,65.50642495,68.66284015,46.5502101,70.66861605,61.78839926
2965,944,103.9841556,30.65006856,595,103.9830108,30.66415007,1564.535366,,155.0893249,157.0807688,171.9794601,166.9146825,118.5753119,331.3133716,120.6711798,149.3208019,146.4836619,138.4502029,185.9876935,184.5356393,191.7388023,130.9843562,161.9306011,136.8398279,151.1628373,127.7171727,150.1953951,155.0004078,144.164513,146.8664229,433.2559475,146.5479788,172.9830257,146.5479788,155.3031429,165.1103648,144.8471912,395.2510398,152.307391,174.530068,357.6080837,163.7304453,174.9169974,541.5699344,201.4312383,373.0018091,431.595963,462.9310123,376.7443022,526.3857306,301.1939742,423.483257,582.6545501,474.6343244,567.7749312,608.9002506,524.7509925,214.2025334
2966,944,103.9841556,30.65006856,649,103.9807086,30.64868896,363.9895721,,64.15483278,68.96644524,85.73800173,35.52220826,52.69554126,58.394049,66.85522753,35.6908063,85.36563254,93.264232,79.17597943,105.1092882,63.95295848,108.5635841,105.1444301,94.542746,100.9913264,29.71343446,238.2477199,80.88657158,84.22899188,55.54998651,54.54162163,114.9440754,76.40597432,34.09442653,82.01155865,156.617027,98.93676292,61.32741619,113.574211,115.7052944,142.4307021,77.73336623,132.6949326,41.65169929,46.86303157,40.94882686,59.29241898,101.2421327,142.1217418,133.9838916,56.8310856,78.58245635,146.6823649,151.3897578,45.8435846,97.78824325,140.1457176,53.45301409
2967,944,103.9841556,30.65006856,711,103.9869334,30.64626777,498.3025608,,24.81174577,28.31711474,46.32380165,64.41735804,24.30744199,23.25196654,27.84461341,23.72346333,23.34273544,27.40156648,30.79638144,25.23050941,24.54020819,59.83786136,23.54185327,26.39366188,27.47150412,28.77897143,22.88707858,25.49043295,26.32265912,76.0480592,75.8515526,28.63024289,24.98452951,22.13311806,24.79459874,70.07379761,61.70222033,27.15956425,25.91790409,23.27567105,94.74767003,88.04364264,100.9930595,21.44517895,24.41772984,30.87589017,23.99851798,26.24563597,28.29478263,72.28566361,25.00194033,26.43904523,28.20580533,68.66675907,25.37923913,26.04242757,25.00542541,27.2213842
2968,945,104.0381346,30.66861573,736,104.0433938,30.66603272,579.5088314,,63.19999373,43.86936013,40.15845607,38.75181783,82.26466061,48.48319296,38.43058566,65.52235531,84.43175027,69.87750701,86.06566803,45.97474568,63.20787825,66.94442744,54.43527183,36.03163719,57.76035419,63.11482323,47.90718403,45.23716898,50.89404658,51.78895639,61.17981798,53.75346733,49.31990054,46.92379202,51.36694531,70.52051132,61.26147818,52.80384198,72.57860897,43.35027102,64.82335971,45.8512482,37.42119808,39.2425449,38.00057911,28.79546988,51.40612221,67.40651997,58.70095085,48.88241858,43.68157021,61.23968081,43.71033388,57.47195022,45.96670617,81.55714594,36.03163719,38.90408938
2969,945,104.0381346,30.66861573,1544,104.0385394,30.66145875,794.1630163,,120.1068075,92.69526639,99.50070275,95.64113746,69.78001399,88.00751103,75.6946481,83.65725995,142.8303176,148.0811197,71.75371369,94.30412947,68.02694234,95.99772725,112.4110167,98.0079538,151.8678573,153.7841342,104.1625126,146.0573066,105.5782744,96.7835768,77.87658483,72.83554614,108.0085704,91.5439142,98.26047768,88.07044617,54.85159183,63.80717583,81.47582954,89.77350403,65.95970708,70.61406258,83.95067447,83.04972719,84.2116895,62.15188823,75.4184267,63.29614346,59.6243349,77.93816404,62.4981261,87.65914739,103.9631585,58.26739521,59.88103731,65.44065787,61.43074471,86.50489739
2970,945,104.0381346,30.66861573,1613,104.0380171,30.67190239,364.4378115,,27.25025932,44.05068119,23.14911551,26.69330868,24.59186732,29.18745543,30.62681346,24.96624398,22.69854881,22.69854881,22.69854881,22.69854881,37.62837824,44.53415212,25.96687029,27.98302004,30.33860507,24.77764158,27.57700728,36.27249437,33.38361632,29.09037963,30.33470801,38.05587009,28.12716792,27.25712164,36.91251146,37.5386587,33.24263821,38.51673017,23.25374196,28.91552261,39.61679279,27.06699926,25.89295518,40.98502288,24.9225618,36.71330341,34.35616685,39.21549349,29.90502393,43.31860405,31.34786079,34.21237408,25.23472169,29.36497742,31.64703806,29.7950671,43.60041491,31.97991765
2971,945,104.0381346,30.66861573,1863,104.0349573,30.67009888,345.9457422,,65.6339748,43.69840954,52.46570498,47.6823995,52.46570498,52.46570498,88.48345804,52.46570498,51.77052416,37.28756503,63.86690625,133.6271107,112.9106684,179.6256738,90.98846918,180.4934307,108.2960584,135.370073,128.6132191,128.6132191,161.3915342,143.1499623,143.1499623,143.1499623,122.0984972,122.0984972,89.59745841,118.8276017,115.727382,125.6398156,64.64038088,120.7496256,116.2258487,155.0296272,92.52635007,148.6163093,124.9778898,107.8272443,154.349146,153.3749596,208.4359284,177.5526009,120.7456054,127.5702609,127.5702609,127.5702609,128.3922342,78.88548991,113.4248335,101.7878818
2972,946,104.0707136,30.67059491,1196,104.0715214,30.67202107,175.9906607,,51.40498,16.45626957,32.54621807,15.83915946,38.34815953,40.16268644,14.30172412,12.62084419,74.537221,22.67596201,25.38326837,27.30889563,22.38750454,43.56903462,47.81633045,58.84517446,38.45622935,41.95803831,24.49354556,20.24173733,22.53348115,38.72655125,25.12905815,26.81762449,23.64053651,26.81762449,38.92880974,29.29786721,26.53125538,32.28363712,31.45811214,31.86552891,31.45811214,33.04127137,51.66698296,25.30217167,51.50946167,41.81956294,37.17489229,25.30890993,61.51129889,55.33330817,52.36085773,13.95520658,27.97202554,22.07548357,24.18192284,25.96583519,22.62737066,23.90816523
2973,946,104.0707136,30.67059491,1346,104.0694782,30.66964496,158.4023268,,25.80309396,15.5381029,25.80309396,64.80095187,32.06645042,18.78907336,39.78477046,32.44656481,25.68686381,25.7303272,38.3575141,21.2779245,22.95700336,20.81198454,24.11198209,29.24350649,22.33895542,25.23222905,18.66606797,18.66606797,18.66606797,18.66606797,18.66606797,18.66606797,18.66606797,18.66606797,18.66606797,18.66606797,40.80489277,25.61475021,31.47283209,28.24322558,29.77069589,28.98685207,29.37354561,28.98685207,28.98685207,20.7363046,24.17707298,22.3248919,23.2140961,23.2140961,22.9852198,25.01089371,18.60516726,18.60516726,17.90418764,18.24794805,18.07443349,18.11750203
2974,946,104.0707136,30.67059491,1360,104.0682796,30.6717139,264.1038789,,48.22766485,52.50257833,49.14715039,36.52140707,51.32383072,36.96632831,52.9310488,65.34528962,40.37256748,30.88599775,49.92811515,45.13218559,56.25881444,67.67074477,43.03915064,37.57999858,57.06926555,61.8533248,48.26263777,41.54875299,32.69511568,36.4747045,41.84177906,35.54295193,45.54605816,36.88744768,38.33765984,25.15275037,36.22981899,41.18876379,41.33799844,39.83689793,60.14096379,41.86894521,44.11944149,36.94717477,33.956213,46.21015621,37.25177558,37.63578284,36.87552544,37.89097247,38.14964635,61.20862431,56.70901919,55.90595632,42.35073336,39.78133741,66.48768979,53.86821326
2975,946,104.0707136,30.67059491,1551,104.0723581,30.66972895,184.4806029,,24.37174937,24.37174937,24.37174937,24.37174937,24.37174937,24.37174937,21.52772027,22.86162377,22.51288713,22.51288713,22.51288713,25.5926848,22.51288713,21.95471638,21.68588312,21.95471638,21.95471638,23.88957448,23.88957448,32.23932866,20.78654681,24.78097651,19.25014987,24.78097651,30.88977537,27.5002141,29.09661207,28.27589869,28.68038523,28.47670569,28.57818255,28.52735388,28.55274559,28.54004408,28.54004408,28.54004408,26.04432041,27.23512712,26.62641637,26.9273321,26.77602882,26.77602882,21.05008464,21.05008464,21.05008464,20.88459655,26.68529063,22.08246618,34.23351394,24.23832739
2976,947,104.0481868,30.59674836,427,104.0480615,30.59370278,337.7534872,,37.99726731,36.60090467,33.47700046,36.35015109,32.19538977,25.98103748,50.24432041,50.61030401,39.6924664,49.52800627,45.50570935,41.42802569,35.69214933,51.06194452,44.29016103,26.31845355,33.04110201,41.07812682,30.20900755,49.30707842,53.30027634,50.24432041,45.61988712,57.62618739,45.82737927,44.51463266,49.93480714,30.47399885,129.3523994,47.63614315,48.2696528,39.93144676,53.01944277,45.55401388,49.0040324,46.51031628,49.0040324,49.26712131,24.51436601,39.93144676,36.73451825,36.56879861,41.07812682,42.16317189,38.64128879,43.98914454,38.72332974,39.41369705,35.79722926,34.44511484
2977,947,104.0481868,30.59674836,653,104.0485173,30.60075701,445.4054304,,39.15652135,39.15652135,33.90500578,42.94405793,60.85235482,50.3935431,66.25865907,44.41716203,33.16358944,31.25652143,33.16358944,40.56823654,33.16358944,33.16358944,33.16358944,33.16358944,33.16358944,46.01031706,51.6689436,33.16358944,120.5608684,33.16358944,41.29080385,33.16358944,71.98471602,33.16358944,33.16358944,33.16358944,33.16358944,33.16358944,33.16358944,48.00777094,47.16057498,37.42029287,33.16358944,33.16358944,33.16358944,40.32169864,33.16358944,33.16358944,33.16358944,33.16358944,58.59170095,33.16358944,48.44288669,61.12298156,48.92791607,89.32922281,50.11912342,50.42604367
2978,947,104.0481868,30.59674836,680,104.0519133,30.59656657,357.842533,,37.51679997,36.5283493,42.08765975,40.25728496,40.56149618,32.32705442,28.48497775,30.8805382,36.39076607,52.35057439,46.92447009,37.92639211,32.11216748,33.29484692,33.36203085,33.29484692,34.35288317,42.37608943,51.52932475,30.50275735,35.99817474,31.69085163,37.75575136,35.05396242,31.116742,31.30578661,38.97830919,32.64104186,39.27539996,43.5950294,41.51249051,41.49951805,40.85305874,48.24843142,41.50438178,41.50357108,51.91871512,41.50377375,41.55590706,35.49392315,31.00440719,39.08474268,40.76687085,35.22971154,40.76687085,39.98654274,57.44629292,36.18632356,40.2661325,40.51271486
2979,947,104.0481868,30.59674836,1215,104.0451326,30.59689568,293.2852593,,46.376,38.62781464,33.09802299,35.64975577,34.32653266,34.97563341,34.64804321,34.81106763,34.77016787,34.74975401,34.75995794,34.75485523,34.75740639,34.75676857,34.75644966,34.75660912,34.75652939,34.75656926,34.75654933,34.75655929,34.75655929,40.22197842,37.29007314,38.70057589,37.98223397,38.33804033,38.15930777,38.24846525,38.20383449,38.22613684,38.21498241,38.22055881,38.2177704,38.21916456,38.21846747,38.21881601,38.21864174,38.21872888,38.2186853,38.21870709,38.2186962,38.21869893,38.21870028,38.21869961,38.21869994,38.21869977,38.21869981,38.21869984,38.21869983,38.21869983
2980,948,104.1130701,30.62038703,348,104.1094514,30.61987173,351.5193312,,47.45510971,48.34979679,50.89446204,58.67710628,40.44918454,42.83202375,43.95987681,43.46159097,41.15895837,46.75380267,47.85999674,39.37672788,40.75586449,41.90296663,49.39278424,48.76568757,49.72884458,41.84170214,44.1148328,47.35321409,54.39509974,56.81940173,52.02731817,49.9691843,54.49185624,56.62056341,54.49185624,54.49185624,39.21909893,93.94808873,62.80394498,62.36619935,62.58430674,62.47506268,62.529637,62.529637,62.529637,50.0845485,65.35602177,72.31211757,68.65833084,52.94851851,74.54901869,81.38068118,85.79454863,77.87505184,74.43938778,79.21562393,77.87505184,77.87505184
2981,948,104.1130701,30.62038703,906,104.1126334,30.62215442,200.2972941,,52.06283457,23.59088874,27.76016396,23.47966381,30.08638075,29.58236959,22.22857451,81.0191302,30.4892287,21.72989228,15.90888602,19.39954362,18.22034766,19.24136781,65.95154808,59.22548327,18.50677597,23.43991089,57.22779831,17.99722976,20.14250646,18.56298005,18.58596907,18.58596907,18.58596907,45.73384304,17.08769603,20.94665705,20.51242768,24.75694011,24.70922005,24.13544745,23.96701977,52.6328656,21.34824285,39.76490398,23.50328109,23.22316683,25.78644509,54.48893644,80.79218586,23.20882319,50.54230785,21.75806657,48.72096343,22.59534466,48.430092,78.37720204,21.09614038,24.78503751
2982,948,104.1130701,30.62038703,1307,104.1153558,30.62095961,228.0938735,,28.91330791,28.91330791,28.91330791,28.91330791,28.91330791,28.91330791,28.91330791,28.91330791,25.42222739,27.05561597,26.21350182,26.62790254,26.41907724,26.4709759,26.49700177,26.48398244,26.49700177,26.49700177,42.54600749,26.49700177,24.15111602,25.2697313,24.69776402,24.98047407,24.83831462,24.90919152,24.87370258,24.8914344,24.88256533,24.88699907,24.88478201,24.88699907,26.63021049,30.48779498,28.63602248,29.53290974,29.07755171,29.32635516,29.32635516,29.32635516,29.32635516,29.32635516,29.32635516,29.32635516,29.32635516,29.32635516,37.26798539,32.82363536,34.90490732,34.36023131
2983,949,104.0133461,30.69733246,611,104.0148082,30.69564351,233.7767717,,39.69794236,62.80569986,29.02056476,47.96939459,46.89284881,47.21438306,35.71130317,59.86459123,34.90894068,53.26559355,59.63481864,119.2062859,95.54547339,42.47805063,49.36049139,36.75093354,43.91892384,46.82038265,41.25472442,40.07601801,66.92615333,62.1486556,48.09122161,70.44612538,73.66270268,59.58907564,68.28368179,68.88449995,41.87046657,52.73710987,71.32172696,57.9013676,59.58204447,47.14825648,33.83302023,41.25472442,43.54961853,58.64783123,46.08330613,55.60006746,56.15321956,47.34719427,51.95039371,39.01924674,48.36760794,44.84527769,49.21616246,57.64358754,38.12441124,35.88897135
2984,949,104.0133461,30.69733246,1040,104.0115999,30.69535576,275.6198388,,54.51820987,54.51820987,54.51820987,80.99848324,65.17119341,72.22794684,68.5183544,70.32426452,69.86392085,69.63600169,69.74977508,69.69284197,69.74977508,71.72757252,69.74977508,56.48376202,62.41969905,74.23177701,53.06050373,46.69324328,49.67366306,48.13736421,48.89344846,48.51246055,48.89344846,51.61990803,54.66839778,87.03784383,67.15610285,75.81519921,67.15610285,67.09933523,67.04266349,65.49382308,65.49382308,41.00129833,65.49382308,65.49382308,75.74285646,70.24647219,79.27281646,116.7331082,51.94928899,104.1712777,57.1342468,57.1342468,57.1342468,57.1342468,57.1342468,57.1342468
2985,949,104.0133461,30.69733246,1389,104.0114888,30.69862622,228.4788358,,40.82004014,43.63521533,34.12961863,34.12961863,34.12961863,34.12961863,34.12961863,34.12961863,48.74215164,48.74215164,48.74215164,78.33560085,60.09306366,63.8079076,68.01230461,68.01230461,93.20383103,68.01230461,62.31240976,63.64589985,64.33427897,63.98823806,64.16079197,64.07439884,64.16079197,64.16079197,76.99130819,67.86500073,67.86500073,67.86500073,67.86500073,67.86500073,67.86500073,67.86500073,67.86500073,49.13523351,102.8154761,104.1169378,103.4621143,103.4621143,103.4621143,99.31292216,97.36067067,97.36067067,97.36067067,25.1536333,30.87893361,34.84446459,34.84446459,59.06813708
2986,949,104.0133461,30.69733246,1397,104.0147331,30.69819801,163.8579231,,58.98885232,58.98885232,58.98885232,58.98885232,38.55480544,46.63150381,42.21026999,44.31087498,43.76636388,43.49909607,43.6323207,43.56560652,43.5989381,43.59060043,43.58643278,43.58851649,43.58747463,43.58799555,43.58747463,40.03768258,41.73723628,40.03768258,40.03768258,39.41348706,39.72313287,39.56770419,39.64526618,39.60644721,39.6258472,39.61614482,39.62099542,39.61856997,39.61978266,39.61917632,39.61947948,39.61932789,39.6194037,39.61936578,39.61938472,39.61937525,39.61937525,33.04697609,36.03595123,34.47680244,35.23913921,34.85380279,34.94934467,34.99731233,34.97331205,34.97930903
2987,950,104.1014792,30.70351697,196,104.1004636,30.70536762,227.001576,,17.44302398,23.61866109,17.44302398,18.87410091,36.32025216,28.0826692,21.44092847,28.35550568,24.07085931,24.68899316,16.93690515,19.23742169,30.83794995,26.44678555,23.51671003,20.5447891,32.50942511,28.45753941,20.7940375,34.19270601,29.24859247,20.63650691,28.0665944,17.67886801,20.7940375,28.54036113,26.61907732,24.83907822,20.4314188,26.70606776,27.79611135,20.00503485,35.07320488,22.17654474,21.08917867,21.00785793,25.02927025,21.59063867,27.22204109,22.01227404,27.70188724,45.56908961,31.64397574,22.7001576,23.68712097,26.59432689,24.28545835,32.04728132,22.08663983,24.65919353
2988,950,104.1014792,30.70351697,1090,104.1024344,30.70177664,213.4734975,,35.79196366,37.27031564,32.14099535,32.66409908,26.765506,31.50223777,31.28498938,38.01341752,31.56076349,35.82771986,37.23374956,29.67199193,25.9465572,31.85773268,40.68083665,24.60808358,26.69080693,38.33338913,38.61832116,30.25150548,38.94613409,33.95204732,33.88468214,38.39453262,34.51915996,37.76435337,34.3465739,30.7588953,36.90445832,31.69091097,34.23183033,34.1557596,46.69407626,44.8907436,34.26574842,42.70903472,35.3606407,37.4651842,33.35523398,28.58787407,40.85979217,40.11042447,33.88696485,37.76048764,37.53685727,31.11354619,38.91162486,38.86540976,45.50730369,34.88445715
2989,950,104.1014792,30.70351697,1418,104.1031337,30.70349434,158.4659146,,25.99831412,22.08299197,21.98018144,20.8051529,21.87832378,28.14855062,23.11496323,25.38463183,23.07289353,27.38291005,29.01715628,33.67634549,29.57543567,22.96196616,33.50821102,25.85244528,29.10598431,34.22863755,29.44941776,25.57312001,35.40405209,46.38026769,40.57448738,25.74687974,30.59770938,25.41101526,25.49619185,24.94798655,36.5886024,31.09809591,32.50038194,32.50038194,32.50038194,37.64146357,34.36610196,36.92409661,36.92409661,36.92409661,41.53960869,21.36619073,36.18249212,32.0492861,34.73225525,51.97970775,23.49576987,32.7860513,21.69115181,35.69200997,25.21756205,27.63940371
2990,951,103.956184,30.67458422,541,103.9609762,30.67452502,459.1449638,,56.28564822,56.28564822,58.06517106,58.06517106,41.3747652,58.87522243,58.87522243,66.59636864,64.28475915,65.07566416,64.67779387,78.99268194,61.90718613,55.56039898,61.90718613,60.94844652,61.90718613,126.177242,63.98407238,77.60196571,84.27899909,83.06140049,76.67947206,81.67618874,87.11050697,53.0633024,69.61299406,63.90161866,61.31665653,63.87782399,66.69069263,66.69069263,62.25694424,69.35336517,81.2246619,57.69360802,58.54504852,69.35336517,61.79147176,61.79147176,69.35336517,68.87174457,65.67901468,69.97728855,84.23724139,60.33479069,58.71836127,58.71836127,58.71836127,172.1793614
2991,951,103.956184,30.67458422,764,103.9583001,30.68082983,721.2945621,,75.70438553,89.59150399,75.70438553,85.13640733,75.92574338,142.3802837,95.31429511,55.76221382,80.21457619,120.0767826,92.22379248,107.3605136,108.6468796,79.44328218,94.83661628,108.9921627,56.58582037,94.7686286,105.4328478,90.41296739,82.78407301,64.55339773,134.0211832,119.3866861,98.68689682,69.06011765,84.67370945,94.12452827,97.98718579,99.77561666,70.65742649,56.44913964,95.50203076,81.27262672,95.99484006,89.73340557,131.4764771,107.3000175,141.1228491,101.1289241,121.305928,102.7953915,103.1086085,94.78944526,96.85904048,129.8330212,80.02035204,97.27900685,101.4320478,93.45674395
2992,951,103.956184,30.67458422,853,103.9562316,30.67153976,337.4581364,,36.91215382,46.68008803,38.86629359,46.68008803,35.14510967,54.77777364,46.13351739,46.68008803,52.24425502,47.82871225,47.53628921,56.24302273,45.49997345,53.75439341,45.49997345,44.79532784,45.49997345,44.74583024,38.44459782,61.94260247,56.0354839,61.94260247,56.0354839,49.38411752,51.69571451,46.9658231,49.83741515,46.61739413,46.50140827,46.94833471,49.01571099,49.01571099,64.33997387,53.23616525,50.97269753,61.59688064,40.36044156,48.57203834,45.41492677,46.13328356,44.6089091,51.27749381,45.42061947,45.35056222,45.3855638,45.3855638,54.93504547,49.70579882,47.76602718,49.70579882
2993,951,103.956184,30.67458422,923,103.951201,30.67450041,477.4603998,,57.29524798,54.53804672,64.05679899,58.97648742,57.43884509,66.52568705,53.45329257,123.0685517,69.55087239,59.41619321,57.82746648,55.37345966,62.57167806,54.48398154,55.84354308,41.99169386,125.0078138,64.98515838,60.94518755,70.18609389,71.67381079,70.40169729,71.61905997,61.71839997,69.08822398,64.23634156,64.90336461,64.23634156,54.55391381,61.15116891,58.61822883,62.70866017,74.31315368,68.50639007,71.3892294,73.00646804,61.82860792,68.12578399,58.74195342,64.76055702,142.0543338,59.71266535,87.08587406,56.14123372,80.19552595,54.25519912,52.2872878,68.3895533,51.46536577,125.7700565
2994,952,104.0160584,30.63558542,41,104.0136726,30.6339832,289.5094766,,34.05993842,27.92945375,32.4936591,35.5307085,37.36722255,28.32157923,55.43798488,54.60296612,30.83532887,34.53965587,36.40538328,29.86344171,46.81568179,48.37054634,25.51368704,48.37931707,37.89942239,42.45352814,18.81289018,41.9621184,32.56981612,40.79194191,85.08033598,43.45228594,35.69294917,41.0328392,42.04676211,28.67219025,23.13505251,27.37917992,32.06874202,42.78231918,42.76037848,42.77134602,33.62045535,30.38583428,46.07577877,33.7761056,36.18868458,52.50549702,52.72685239,30.92682836,73.39676872,61.21786289,61.21786289,44.8272738,25.7341757,46.6715529,32.56981612,41.49571794
2995,952,104.0160584,30.63558542,1556,104.0146463,30.63701254,208.1659213,,31.18158045,40.50796306,27.5851773,23.79039101,24.73258471,23.79039101,24.25234035,22.91734913,29.79711001,37.28344859,24.81448068,34.48147163,19.51555512,16.1682269,21.42665666,18.07954926,26.29464269,20.30887037,18.25572026,17.88537749,23.38942936,23.38942936,23.38942936,28.52518334,22.07355867,26.52063304,26.52063304,26.52063304,32.11702786,25.20798278,21.84831827,24.01914477,22.88236081,24.01914477,23.67764034,30.83939575,23.3457108,30.83939575,30.83939575,33.25727737,32.00273238,32.30741082,32.46193592,32.38448904,32.42316624,32.40381609,32.40381609,32.40381609,21.5035098,23.27320859
2996,952,104.0160584,30.63558542,1845,104.0180527,30.63718421,260.6296374,,21.69402762,33.81141242,26.43004774,26.43004774,26.24522223,22.41975375,26.06296374,26.06296374,34.36874339,29.64507724,31.83262747,29.64507724,29.64507724,29.07100526,28.51874452,40.79420411,33.56947029,36.83088105,33.56947029,28.00796103,25.39287401,27.37466651,27.37466651,27.37466651,34.39394042,34.39394042,41.15204801,32.53351923,22.55448785,30.86403601,43.23809653,33.75060053,33.75060053,33.75060053,33.75060053,26.84597123,43.31794527,29.18403405,29.18403405,29.18403405,23.99659066,35.9489155,49.81947052,35.9489155,34.92307796,34.92307796,29.38204681,27.03938601,23.01930065,31.87769065
2997,953,104.085206,30.6563458,266,104.0842535,30.65673383,100.8865184,,14.16261719,12.4808064,12.4808064,15.16984892,13.96890255,13.15712481,22.43653845,14.29887662,12.54547379,18.01693921,18.25082745,17.92063155,14.62400503,19.95557507,19.01526001,19.95557507,18.81821069,15.91675748,19.84652821,17.51164254,19.65853674,20.91678602,13.56979105,23.65586591,21.4906193,13.08798077,22.22628977,22.70833708,22.40410009,24.47672915,23.14097203,13.23101881,23.21549658,25.58687434,22.84223058,22.84223058,22.84223058,22.59085675,27.00308299,18.42831964,23.89417541,22.39762366,26.55668009,27.51450502,27.15450215,16.62895371,15.74204498,18.57756861,21.12300693,28.4856052
2998,953,104.085206,30.6563458,588,104.0864107,30.65596472,122.9169129,,20.50989045,21.31800554,19.33725651,20.50989045,18.17785332,20.8778125,22.73729332,21.90937392,23.19794949,21.20611277,27.44191544,22.16660671,21.51326096,24.47877244,21.75370183,26.81823554,32.55278714,19.39246913,23.79037024,21.33562615,25.08863991,25.09456823,18.91029429,24.41384201,26.1834844,20.02644027,27.07980181,22.46910245,19.66670606,24.39602747,23.29597352,23.07396097,23.76564012,31.17423076,33.52347645,29.79803949,30.72922823,27.52397858,29.35329263,25.62178921,29.11190042,27.51924665,31.02207933,29.26945129,31.48212096,20.62941196,20.62941196,23.67212553,26.23034319,20.62941196
2999,953,104.085206,30.6563458,1578,104.0863404,30.65755893,172.8914334,,22.94403741,22.94403741,22.94403741,25.50857214,20.57550943,22.96712768,21.38863094,23.26763216,20.3734586,27.14979979,27.47943312,27.47943312,27.47943312,25.85292462,22.86587657,24.40820236,24.74787913,36.08169045,25.09714356,27.54022833,30.51025295,22.33144091,30.58521672,27.9734454,29.16973217,30.4729087,24.46576888,24.46576888,24.45615561,23.09495956,17.93686341,21.87729913,25.70421311,25.44030435,29.12991389,25.18175968,27.30363708,33.14212781,25.69284459,26.62712985,23.98493874,18.86088364,27.6319272,30.2140369,28.86535236,29.52430052,29.1911082,28.24518631,22.4493836,23.35494035
3000,953,104.085206,30.6563458,1736,104.0827149,30.65151133,586.5620605,,76.9729071,130.7195449,135.3604755,121.5572691,143.4469454,123.5555636,105.6868577,122.6262147,123.8015259,176.2439994,197.6999188,141.1233473,154.4355336,132.2519886,119.9786033,115.1714052,121.4507334,112.3801713,129.6137136,108.2883804,105.7989923,102.2330389,90.61265699,125.3809055,108.4906941,96.15771484,98.11363326,118.1437944,99.44851263,101.2572142,116.7718019,91.1328215,96.99432071,101.6119539,96.38730488,123.3264813,114.5260504,98.75424685,104.020858,132.9657924,110.7649716,142.2652929,134.4983069,171.8097318,115.0748457,109.6269265,130.0460919,124.2537481,157.5838371,135.1242443
3001,954,104.046579,30.61154818,828,104.0420574,30.61308529,465.7234694,,45.11802181,43.07269081,47.367284,42.02016265,94.83951109,49.60368313,33.00402539,46.93449583,43.07269081,49.75087507,77.44131593,50.71457942,61.93588806,54.32937427,45.31363486,42.98985871,52.9175536,56.3327842,66.87311356,59.27888592,45.68404604,55.84958327,42.73645346,55.4860835,59.4329844,47.9543651,49.6403994,58.31667791,46.18374069,51.42958558,44.20551025,52.94192192,59.69402008,67.38764027,54.6125241,56.99480119,47.30796921,49.88048307,58.35909927,69.3384818,61.4814521,42.8392687,48.78254162,50.12270523,44.23758548,48.21639104,57.26317753,73.21416986,45.60121005,61.48164608
3002,954,104.046579,30.61154818,912,104.0470481,30.60795889,400.3333842,,61.36030583,58.51740882,51.56351281,51.10638947,40.27104948,48.24677801,50.4019813,52.72683597,41.85340443,43.44235669,50.08514972,37.60742722,46.84290952,57.65849068,43.7832967,58.77951295,54.70394069,61.27551799,49.92610334,42.4631757,62.84303125,38.07714702,56.29688215,78.89782023,42.85035233,36.97755441,55.74413086,48.32188376,69.26468438,40.93289081,45.67431103,46.27321078,36.98546235,53.97753495,53.57621499,39.35017565,51.97527708,47.94677627,49.63950115,52.21739794,70.39401742,62.60039406,32.60633898,73.23998671,45.17868913,63.84525325,46.36377724,55.35980218,47.42208201,59.78778052
3003,955,104.1276807,30.60790258,934,104.1244253,30.60617433,366.1673566,,59.02399182,59.02399182,75.50563154,76.63967929,69.72310658,57.81589841,69.72310658,76.0181645,73.23347132,31.86629695,76.43692147,74.05631931,66.86080121,69.56213635,88.74492435,79.72998895,71.44728909,51.62672914,84.77186391,70.87110128,70.27290008,71.69989033,32.38826741,60.97143773,78.23160141,42.66027456,94.06133934,78.46443356,84.50015922,47.89109841,58.32754353,79.55355967,94.98656807,104.4465488,76.97532752,67.36980325,52.62285364,53.85914132,43.96450752,64.93608294,41.45290829,74.20520618,49.00380981,57.42411593,288.1316904,89.00759512,41.35537204,89.87744205,78.46443356,67.36980325
3004,955,104.1276807,30.60790258,1186,104.1258146,30.60938695,243.0296828,,33.34884155,33.96377555,27.81013535,27.86327574,33.74110521,27.42654728,33.68967638,25.20740048,27.54166395,37.95691358,32.43649431,38.71269284,37.73364837,52.86446272,52.86446272,52.86446272,52.86446272,52.86446272,52.86446272,52.86446272,30.48455951,38.66991638,34.09281473,36.23740546,35.13241242,35.67635484,35.40229439,35.53879625,35.470414,35.50457221,35.48748488,35.49602649,35.49175517,35.49389069,35.49282291,35.4933568,35.4933568,35.4933568,35.95507636,35.72272469,35.83852393,35.72272469,29.75873667,32.46913356,31.05490809,31.74627849,31.74627849,33.14041129,32.42836797,32.6034948
3005,955,104.1276807,30.60790258,1234,104.1304402,30.61020532,367.5642411,,42.70784082,42.27575936,46.70228005,64.86427784,64.86427784,64.86427784,64.86427784,64.86427784,64.86427784,64.86427784,64.86427784,64.86427784,64.86427784,64.86427784,64.86427784,64.86427784,64.86427784,64.86427784,64.86427784,75.23703016,81.77559014,78.37016579,80.03667059,79.19465203,79.61343498,79.40349133,79.50832459,79.45587338,79.48209031,79.46897968,79.47553446,79.47225696,79.47389567,79.47307631,79.47348599,79.47328112,79.47338356,79.47333234,79.47335797,79.47334518,79.47335157,79.47334995,79.47334914,79.47334957,79.47334938,79.47334938,67.28294582,81.93382464,73.8891355,73.8891355
3006,956,104.0220874,30.69179222,584,104.020265,30.6931301,229.0295232,,24.83452661,35.98219442,33.12600577,31.83421944,34.64312116,67.30663539,26.36612145,22.83950924,67.30663539,39.83122143,85.29375346,30.61285707,28.67966699,41.12250791,29.55219654,34.30678018,36.05187073,31.13955749,30.94993557,42.77594208,30.62549134,38.1274582,30.99647682,29.83018392,68.42375797,46.02965993,42.64687674,27.45858044,36.4987288,44.09124511,41.27691031,28.14066322,41.12250791,33.37406531,35.40553016,32.28835795,62.93941096,34.00025911,28.04443141,33.11270215,31.6256206,35.79622071,34.71605404,42.79444377,38.05413616,32.19138552,35.28557561,30.76515983,58.89330597,28.82889103
3007,956,104.0220874,30.69179222,1361,104.0202459,30.68950455,308.8625764,,48.76777522,48.76777522,48.76777522,48.76777522,48.76777522,60.28920935,48.76777522,29.62447447,40.7888949,40.7888949,40.7888949,40.7888949,40.7888949,68.38285824,42.39867588,52.34342827,46.84911887,49.44410773,46.84911887,39.56958274,54.68386599,72.91182131,50.27454144,32.13599061,46.52323327,51.81292055,46.52323327,49.02580578,28.95586654,58.52133027,50.19888375,50.19888375,50.19888375,50.19888375,36.94037459,36.94037459,36.94037459,33.42400626,41.46321721,56.72986097,47.24809951,44.44065847,47.24809951,54.10731265,50.44560793,50.44560793,35.02063858,35.02063858,35.02063858,28.99361865
3008,956,104.0220874,30.69179222,1546,104.0240807,30.69024439,256.671606,,65.61073007,37.6126641,33.49913408,26.36284684,30.19665953,48.37789432,53.66995826,58.05347318,68.3077661,48.85006571,44.96436893,33.55996786,32.08395075,44.12692367,57.79626468,44.48809733,49.63731883,49.63731883,49.63731883,58.49800551,55.93327976,61.3092367,57.99274781,43.70945041,53.82627853,46.93849398,70.53570852,41.08049839,36.52244196,31.00730811,41.7163784,69.80304299,48.63251482,45.69318701,36.5706246,49.47886381,80.91224007,49.26124385,44.85523212,49.04552981,38.76997686,31.86268212,54.80532512,61.14261582,36.75488391,48.80375608,44.7827681,28.93583868,26.05313294,40.26221271
3009,957,104.0778861,30.70836235,1182,104.0771725,30.70831924,68.50174549,,11.31221485,10.49388442,7.241589147,5.936161422,7.679448307,10.38342247,9.549130059,6.869255815,8.589809889,8.689439174,9.536820514,8.251151276,9.066407491,9.49947164,5.528562552,6.936173644,7.730604507,7.654618223,7.238932008,6.888323454,7.101692837,8.552819091,8.262315491,8.478002103,9.689651288,7.181835712,7.068190307,14.98215576,13.75493216,8.324262743,11.36434487,9.062242858,7.936161029,8.808678094,7.269160907,9.530677633,7.674469413,8.512838274,9.141741772,6.339493156,6.263868957,6.576167567,5.865177694,6.170942353,5.723936954,5.687851551,5.245547115,5.786615966,5.500511906,7.010394757
3010,957,104.0778861,30.70836235,1304,104.0780641,30.71194952,397.9340822,,77.30863916,65.48858038,75.4760196,73.7282735,82.33118942,74.44158896,99.31110544,98.15129025,96.57726042,72.87467528,72.23939119,81.86072548,66.6652754,66.36624004,78.2108842,92.52874556,79.58681644,93.67236462,113.6954521,64.24047964,76.36072383,64.24047964,57.04580173,68.84562416,74.16200323,91.38034859,103.6886723,86.0818836,89.9340696,86.13509879,84.99915587,56.51134895,83.69665205,45.75415829,70.28630534,73.93004763,70.06012252,75.93088493,90.45384031,67.57371207,102.1232813,71.6878747,64.10632588,85.3986704,61.91823046,66.54875097,58.66350106,87.92877738,60.10547537,85.98242257
3011,958,103.9967636,30.67595381,290,103.9971883,30.67721485,145.5642076,,10.23648283,7.828175984,11.97443353,11.53459672,9.699789863,14.8101125,22.34674402,14.90842524,14.90842524,19.84966467,24.47314173,11.26746778,24.47314173,17.79392691,23.23665017,23.49915459,28.32600797,17.76376771,17.03189936,15.34498235,18.55524865,28.1737176,23.76558491,36.51784999,13.17357014,23.44658377,31.37911062,23.81959761,15.45814594,22.29919776,14.58525576,21.45714434,17.23078166,24.66028929,22.44244742,26.26722543,44.40941927,20.92985112,25.42297865,21.43276676,20.49665504,18.61567131,19.07012515,19.23050082,69.87081965,16.60954508,30.82536161,30.03043824,14.63774155,17.76627707
3012,958,103.9967636,30.67595381,291,104.001918,30.67545709,496.8374106,,24.22776401,24.60831935,38.9985361,23.53956585,37.19822554,37.59568425,54.92163801,35.07087604,38.58274169,40.71974225,24.79881703,35.66529767,46.85742046,29.01828721,24.63656581,30.30760012,40.43313082,29.4007344,36.29657746,100.202503,47.38052128,29.41262946,31.17682897,28.1938001,34.00408133,25.9407495,29.28421339,26.52419197,43.95530644,27.46885201,34.39643612,39.35964397,27.67896438,29.87663716,25.21543249,39.50314626,24.81602051,24.50996476,48.60365973,42.78982484,67.03953067,29.21379629,53.16664884,33.36601507,53.75250723,27.00893346,50.30478782,45.47325453,42.38423408,65.33293288
3013,958,103.9967636,30.67595381,979,103.9963677,30.67454556,160.6231128,,21.77940513,21.77940513,21.77940513,21.77940513,20.9888641,17.90226644,20.25370249,21.67328359,20.91295501,22.24012331,23.99349403,21.18106982,18.54829851,28.13835553,26.92634254,26.92634254,19.05249443,24.04337655,24.04337655,25.64271424,23.26934431,22.54359478,20.80011533,21.63678975,33.69715653,18.26992752,21.9447137,19.27477354,14.47417287,19.17887914,19.17887914,20.9888641,24.09346692,23.1760804,23.62587155,23.39881461,23.51179491,23.45516871,23.48344767,23.46929967,23.46929967,21.2980923,34.83392808,26.43397514,26.43397514,26.43397514,22.98035593,22.98035593,22.98035593,25.75693568
3014,958,103.9967636,30.67595381,1007,103.9921507,30.6764134,444.8392557,,45.33393689,24.47409048,24.47409048,24.47409048,24.47409048,24.47409048,24.47409048,24.47409048,24.73237561,24.73237561,24.73237561,24.73237561,26.73491353,27.225796,22.33502539,25.01829902,23.1419266,30.24810913,26.80203047,28.42099067,40.20304571,24.00031953,35.06762015,31.08549959,23.71305016,21.87734044,36.43734518,31.06970411,31.06970411,31.06970411,31.06970411,27.09844502,24.02732664,22.42887004,24.02732664,55.0316605,24.02732664,23.25956893,23.63721506,23.44687146,23.54165852,23.54165852,26.41192958,30.07928851,54.01083712,38.63967476,38.63967476,36.56213061,36.56213061,32.071188
3015,959,104.0261589,30.67753043,1320,104.0293844,30.67764865,309.268393,,47.57975277,51.03582789,36.32060425,50.43561562,42.30114798,90.51757844,44.32778559,51.13048059,63.83980589,62.90204603,76.83686783,33.18528211,67.88818383,60.10074034,90.38397314,75.11033106,79.78919954,55.11713935,85.08971662,70.55552692,64.50557444,77.85777726,58.85636377,55.47415121,101.6772799,90.64039743,84.98978739,97.0958908,70.24392522,54.98104764,88.2223625,79.04222618,45.25878922,66.66863562,66.66863562,59.75131744,37.1741641,54.1344999,60.48164138,75.8423852,68.51484399,68.51484399,68.72630956,47.88671892,103.0894643,90.88703794,90.88703794,74.47265651,85.15229176,41.93469736
3016,959,104.0261589,30.67753043,1648,104.0267466,30.67975536,252.9388909,,52.69560227,69.20803528,71.13906307,70.16026472,70.16026472,70.16026472,43.5684214,47.5002612,52.21215638,78.36316758,52.48299754,61.6645603,32.36658794,59.41148371,52.29211375,46.69641063,40.02549482,46.69641063,47.92526354,47.92526354,100.7278769,47.92526354,44.85615799,48.95591437,60.30331174,50.03186853,51.8849007,51.8849007,51.8849007,77.69453987,62.2193377,62.2193377,62.2193377,60.62954688,73.3493677,73.3493677,73.3493677,93.0890342,67.45037091,83.71011301,78.54843515,63.42348308,75.56680558,74.36678828,61.62978052,66.70915804,62.53983566,62.53983566,60.70533382,67.48607784
3017,960,104.1037376,30.66420395,827,104.0998265,30.66440044,375.3445931,,33.76413131,43.81454394,45.51820859,42.94196616,43.99643582,53.75932107,43.12928615,77.88129886,52.84180864,39.16639232,31.40593923,50.32553204,49.19105841,60.93531162,59.37654579,57.63755948,44.80297637,43.95469347,57.34273263,46.33883865,55.86936648,34.55858146,37.9775305,38.35119778,64.14116463,47.14314994,38.78695472,45.32336321,32.07420734,116.9905225,46.05847585,52.37366415,54.22313544,51.77166801,53.90139258,46.48230255,58.04654032,45.40810897,41.08074593,44.77728003,55.56087727,50.9606236,59.56975174,38.33306483,41.8599918,40.09615831,67.73135515,39.95388927,49.19565055,35.90996107
3018,960,104.1037376,30.66420395,1100,104.1035631,30.66005367,460.277135,,91.9824251,91.22283763,99.05665342,133.0921836,104.3449424,145.3506742,104.0500902,79.51044559,85.90425791,129.9606028,126.8757799,114.196946,95.78021306,102.5607852,93.88088873,113.8830025,123.9831015,82.43769582,113.4929922,108.3213254,60.74038438,103.6004438,70.93312012,100.7132311,102.1786857,80.10773493,113.8830025,116.4476892,124.3525468,119.1305526,91.13487274,120.7724261,102.4102402,105.2062023,103.7893947,105.2062023,85.23650648,102.9191109,105.2062023,82.64327611,100.4241022,164.0591768,185.1394063,66.97646265,120.0614885,127.1818399,114.2100645,90.54632164,124.1196769,152.250936
3019,960,104.1037376,30.66420395,1316,104.1082024,30.66401277,428.2885069,,36.8860915,42.28428042,40.91730971,31.84301167,40.73549867,44.16725227,33.31544133,47.70724811,38.0583431,30.8367725,40.16699059,47.31545507,42.33494302,51.86386532,46.36411441,38.30654969,46.49694285,41.36387994,38.14715446,27.48375445,48.12461494,46.43093299,53.04490681,34.9029683,40.89757626,39.81507101,49.79622353,45.97928305,37.65591668,72.3867899,48.5958593,55.72910692,59.8191513,55.72910692,51.23197961,57.22877666,58.81139064,88.18905387,38.24442305,32.58935562,36.71044345,44.20933371,40.36226767,48.28808722,43.55476341,52.75752352,36.47883182,53.10580798,40.30198048,50.94581249
3020,960,104.1037376,30.66420395,1428,104.102687,30.66733134,360.9261362,,66.16596259,70.32931477,72.52616217,75.493911,64.53646145,78.27313797,69.45834409,92.88329477,93.92776559,66.67050634,73.26354682,65.87245071,81.30365837,94.8419044,86.04861525,86.02148772,91.65427192,81.07325853,104.7850073,60.51456176,45.47100929,63.80861952,67.4819405,111.9695919,101.9529801,43.60181511,112.2265529,155.2988953,88.1331263,107.5014415,89.9815852,133.4932285,67.32300986,187.2239323,72.07602114,81.82204599,77.66491873,79.6893033,122.5786878,68.53027903,86.84495206,75.54267967,86.62227269,101.5104758,71.39198298,60.81126787,94.38262155,65.78906786,108.2778409,72.12798283
3021,961,104.0383729,30.61306544,256,104.0354192,30.61450689,325.1001459,,55.31004373,47.38301722,47.38301722,37.75356533,42.32768627,42.32768627,44.55970018,47.04021404,42.8441925,36.19405202,45.34084359,34.57490473,34.57490473,34.57490473,34.57490473,33.77663854,34.17111023,33.97272932,34.07163101,104.6834101,34.03447547,41.35549559,34.18670635,19.9864113,25.22541082,22.30237191,23.67400545,22.96772841,23.31551949,22.9677174,22.9677119,22.00615299,22.00615173,18.85144486,20.30700729,19.55217365,19.92244313,19.73557184,19.82856721,19.78196023,28.92159453,40.39440378,19.82856722,18.94298126,19.37566035,19.15687798,19.21110906,19.2383399,19.22471484,19.2281193
3022,961,104.0383729,30.61306544,1094,104.0378111,30.61174835,155.5899644,,33.57385846,22.90895181,33.09446806,33.57385846,41.48425529,40.46955046,40.97062112,40.71854435,40.78127229,40.8127088,27.45705254,27.45705254,27.45705254,27.45705254,27.45705254,27.45705254,27.45705254,27.45705254,27.45705254,27.45705254,27.45705254,27.45705254,27.45705254,27.45705254,27.45705254,27.45705254,27.45705254,27.45705254,27.45705254,27.45705254,55.45780909,28.28908444,29.13518189,28.28908444,30.03345157,29.13518189,29.57749818,29.35467393,29.4656648,29.4656648,29.4656648,36.06794225,40.61858002,38.20824193,39.37655975,38.20824193,21.71022759,27.68794447,27.68794447,32.19102712
3023,962,104.072884,30.59762255,483,104.0720858,30.59244763,578.6141626,,98.25523516,72.23271731,99.98452731,74.06261281,69.08825822,78.125119,106.5478765,82.20721668,82.20721668,87.29318882,66.33792947,119.54152,77.49296821,111.6895971,117.8506922,117.8506922,91.96516492,89.11276943,117.8506922,114.0594653,113.8257369,111.6147882,110.4313312,137.9477474,101.5174407,129.8584678,126.1594616,127.9822427,127.0643153,127.5216272,127.2925606,127.4100351,127.3543122,146.7462946,136.3643345,141.3649559,138.8196261,140.0807295,119.8562442,139.7633104,139.6051398,139.6841149,139.6841476,147.3394094,143.4096909,154.29711,143.4096878,82.82349842,140.7836205,107.6723317
3024,962,104.072884,30.59762255,1114,104.0715673,30.60028405,320.8454199,,33.00124319,24.44906133,24.74083409,25.07459942,34.12240802,29.4841994,35.87091651,34.16025173,29.99556513,35.10770552,30.04339903,28.87608779,31.16685137,33.19885542,32.76719182,24.65407709,30.84228335,25.23995655,23.68105611,37.99485236,36.72634377,33.70913503,35.96165827,35.2591873,42.6845348,56.20649692,57.75217558,57.75217558,57.75217558,57.75217558,66.66917816,61.89114597,64.19137265,63.02027685,63.60043426,63.30902646,63.45439578,63.30902646,63.30902646,41.54832776,50.17071431,47.69615798,46.54821555,47.11519552,46.82998946,46.97215956,46.93653618,46.91874475,46.92763877,46.92541494
3025,962,104.072884,30.59762255,1126,104.070717,30.59686374,224.1284404,,47.46249326,28.25519406,25.05783806,25.05783806,25.05783806,25.05783806,25.05783806,25.05783806,25.05783806,25.05783806,25.05783806,25.05783806,23.05321101,23.52368471,23.76619692,23.64431899,23.7051013,23.64431899,23.64431899,23.64431899,25.65540176,24.60884134,25.12122624,24.86239416,24.99114004,24.92660086,24.95882872,24.94270439,24.95076395,24.94673352,24.94673352,24.94673352,23.76619692,24.34216032,24.34216032,24.34216032,28.46075434,26.24083346,27.30574905,26.76270193,27.03149839,26.96379435,26.93006935,26.9469213,26.93849269,26.94270633,26.9416528,26.94112606,26.94112606,21.8070915
3026,963,104.0367435,30.70041989,440,104.034183,30.70224286,317.7348058,,45.24704513,27.65583416,22.33345853,25.91403038,27.08394556,54.78186307,53.82801416,32.58818521,39.2736584,30.33048479,30.59432433,52.38986112,53.32612125,53.45071499,29.17042527,50.09834009,70.54552518,42.68610402,33.31588255,33.31588255,33.99090043,55.52647092,42.43011936,30.50254136,33.20305663,33.23199596,25.82043569,29.44260749,30.68568129,41.32141905,51.99296822,27.64914916,52.89458039,24.90681112,33.30456546,32.25181856,37.12778905,34.43242929,53.6387011,34.07259181,34.52249399,30.36757436,63.81284803,46.87890577,32.04048462,49.17121121,29.92662017,31.34681559,63.78319523,47.75972029
3027,963,104.0367435,30.70041989,1421,104.0346961,30.69806312,326.6158913,,39.6565669,44.41235916,50.46425788,50.46425788,50.46425788,53.44623676,44.09314532,48.48730757,36.68696439,43.01770276,51.6326918,51.6326918,51.6326918,54.08542818,54.53697628,64.19384214,54.99612763,62.04840151,60.04172982,60.04172982,67.82745584,52.67998247,77.93320356,76.68373102,76.68373102,66.77166409,59.12873893,56.52967349,54.84222055,59.88882218,81.88142122,63.67241201,74.89281584,71.37963189,54.08542818,59.94861812,48.45400585,67.23758163,55.36810485,44.38441806,97.17497592,55.8582997,55.07340556,53.02445135,45.90047659,51.12248733,80.26056032,51.24981608,114.1570106,52.67998247
3028,963,104.0367435,30.70041989,1675,104.0400369,30.70247519,389.0715425,,76.80096247,57.46287397,115.7568226,62.93518709,62.93518709,56.82180742,62.93518709,59.72245873,46.53347352,74.10886524,126.9478145,64.25034647,63.09268257,73.10957216,78.53291028,75.72426113,84.03945316,63.37816982,72.26092278,67.52868876,67.52868876,65.57385548,65.57385548,41.13531727,65.57385548,73.91332734,65.57385548,65.57385548,55.43499549,62.63187747,59.94254862,70.03287765,67.12416387,70.03287765,72.6984889,71.34079219,89.21385688,41.71727634,61.48628415,60.6345261,62.36231313,69.92798567,109.7120798,79.58281551,109.7120798,168.753922,148.742395,140.4167973,144.459739,144.459739
3029,964,104.084483,30.69566169,594,104.0869352,30.69443168,271.5578782,,24.7182898,33.47209637,24.7182898,25.09245194,28.94083826,29.83545355,37.03061975,36.66031355,36.73963777,39.59385853,38.02242367,27.95163292,37.66914022,44.86585846,123.7478939,33.42250809,42.7169696,42.7169696,34.70342593,40.23079677,48.63723192,30.33695459,43.61541448,34.76823844,49.93256863,25.2425619,106.2617784,35.54131739,95.37642551,48.63723192,30.79853071,16.32067382,59.38395514,38.3375828,32.58694538,39.11855939,28.03178098,35.57526789,28.83800476,48.39645354,82.49859591,31.75771613,29.98798655,26.21561473,29.54392147,34.95619886,48.22403538,63.07150719,40.98986841,88.07282536
3030,964,104.084483,30.69566169,1116,104.0818796,30.69184404,491.1197448,,108.3573696,92.00508661,106.0288505,106.0288505,106.0288505,106.0288505,66.17708351,106.0288505,115.1811779,107.8890057,89.58241313,128.2214322,132.6023311,121.8398142,118.7483562,104.0018283,115.8098961,109.5887034,115.8098961,139.2150458,123.6385372,130.9652653,127.1964807,130.9652653,132.8514276,139.2150458,134.7927126,203.2219634,180.4113348,162.2046864,230.3623559,147.7977915,107.6426838,135.7413498,137.7686557,143.1604114,128.8965551,121.0980193,114.8072131,138.6087084,139.4590686,213.8747276,169.4598481,172.6592853,172.6592853,172.6592853,172.6592853,135.8531018,184.1699043,235.7374775
3031,964,104.084483,30.69566169,1366,104.0787152,30.69703746,573.0752289,,113.3555398,113.3555398,113.3555398,113.3555398,83.69455676,96.29268724,89.55272161,89.55272161,75.57035985,81.70577521,130.1621971,83.52513458,83.52513458,83.18833968,98.71152268,229.2300916,120.6474166,122.0751967,121.3571073,121.5358365,121.7150929,121.7150929,324.8930432,147.3622017,119.4252286,186.703242,68.426893,87.79024783,68.426893,72.83568664,57.14877629,77.85172921,72.38844997,72.38844997,72.38844997,61.40091738,234.4398664,97.31466151,97.31466151,97.31466151,81.22326079,409.8816207,128.5402383,155.1181071,140.5840425,155.1181071,86.32095498,86.32095498,86.32095498,86.32095498
3032,965,103.9914975,30.64819486,238,103.9893797,30.64731331,225.2335121,,34.17663408,19.82495461,32.3904385,34.82992455,36.14445663,34.87486639,34.89738083,34.88611998,34.88893451,34.89034194,34.88963821,79.10640425,32.3904385,34.02128575,32.3904385,46.20174607,38.08253511,41.75107369,39.8325155,40.29543253,40.5309495,40.41284788,40.47181253,40.4423087,40.45705525,40.44968064,40.4533676,47.3253294,40.45244579,42.29737316,60.8891597,41.20299691,40.67677399,40.9381945,40.80706556,40.87252486,40.83976898,40.83976898,40.83976898,26.03135689,33.95480082,57.23581012,36.03736194,31.76341763,36.09082983,59.97342038,36.52435331,31.30658855,31.48895703,31.12632029
3033,965,103.9914975,30.64819486,478,103.9889117,30.6511002,406.3058076,,37.58546228,37.58546228,37.58546228,48.03615459,44.7309146,40.93976125,29.67440556,35.2688218,48.20932025,48.20932025,48.20932025,46.79145577,47.48980736,42.03163527,44.48152785,37.91836442,47.4902892,41.7914545,49.4573426,49.4573426,49.16641705,50.13542099,48.87889415,50.06392152,50.06392152,50.06392152,49.33917327,48.63510914,46.21487859,47.38771838,47.61267026,56.92366107,46.20271358,56.92366107,58.54706768,56.92366107,54.29560248,51.89949997,51.48844497,52.00714337,49.66726341,49.22156726,49.31837845,49.75173154,43.95795364,39.55918614,49.66726341,57.5866499,48.11516143,49.2803001
3034,965,103.9914975,30.64819486,1077,103.9935681,30.64596869,316.6144048,,29.3513783,29.3513783,29.3513783,29.3513783,29.3513783,29.3513783,29.3513783,29.3513783,29.3513783,29.3513783,29.3513783,29.3513783,29.3513783,29.3513783,29.3513783,29.3513783,29.3513783,29.3513783,29.3513783,29.3513783,27.48742421,28.38883829,27.9308603,28.15798721,28.04396389,28.10085989,28.07238305,28.08661425,28.07949685,28.0830551,28.08127587,28.08216545,28.08172065,28.08194305,28.08183185,28.08188745,28.08185965,28.08188745,28.08188745,28.97826756,28.52303671,28.63549825,28.63549825,28.63549825,23.82051948,26.00702354,25.42361029,25.14161053,25.28182406,25.24662426
3035,966,104.0225494,30.63101898,798,104.0191596,30.62797015,468.7622333,,44.82188685,35.91792919,39.12821556,52.59877527,70.15194622,46.98809976,37.92233797,45.89280606,36.5533005,71.30467773,60.41327112,32.79968979,166.2604965,39.33669091,37.41782794,41.91614605,133.227161,42.831067,62.38610129,39.73808571,38.33149438,48.5065835,41.31411881,42.26407255,41.29389983,34.51010307,52.48970575,39.09368432,34.67556246,37.78083671,58.90206073,36.87277581,55.05853311,36.05863333,30.37492486,36.6326492,39.66543839,63.26313177,39.63231658,64.16517262,63.51313662,61.8903682,69.32144965,43.38159486,41.26024547,65.79119064,33.5495833,39.92612081,47.94159204,40.42021652
3036,966,104.0225494,30.63101898,952,104.0160584,30.63558542,801.9624447,,253.2512983,93.65984756,253.2512983,96.61120361,78.55958642,100.7994693,120.8338033,88.28944345,180.4415501,91.21847712,107.0274254,101.567803,88.68657644,95.53226972,83.56193346,125.5245566,104.132184,117.5993809,90.29131512,112.1734745,98.87208222,87.07124484,235.6787593,120.3660131,112.7759688,109.6076234,73.64961227,101.1281706,92.91133237,100.494548,82.13555621,106.9990925,103.8512518,110.6842566,84.41709944,107.1267088,132.8607824,157.3332317,105.1928215,128.1241776,103.7641596,117.1322039,129.9016783,116.5313744,108.26493,123.6430322,107.7262985,116.1170021,88.9064134,140.6038053
3037,966,104.0225494,30.63101898,987,104.0248174,30.63544404,536.4405259,,62.29631914,96.21566729,72.32905967,73.99179668,73.1509808,73.99179668,66.13650319,69.84397444,69.84397444,89.61419458,89.61419458,89.61419458,91.96123301,55.17673981,50.68729379,50.68729379,50.68729379,43.59336102,57.99357037,102.3596763,83.78246825,62.70084069,67.99950328,62.70084069,56.46742378,59.42110441,57.90662349,58.65408939,58.65408939,58.65408939,68.60340651,63.2398164,65.8125118,64.50052039,65.8125118,65.14991153,130.2654903,60.25541009,55.73408061,62.93070121,65.85459141,66.09877557,117.2191741,66.90020415,60.42509053,69.72839092,72.80625422,58.60958705,88.4850352,75.67342842
3038,967,104.0903608,30.67653969,615,104.092995,30.67384099,391.328738,,57.97462785,49.95686017,41.61841822,41.61841822,41.55703412,45.48130611,42.17914541,59.19258222,50.00118746,43.48097089,58.58615601,53.77036095,49.25816283,64.19331513,60.75252089,46.20855947,44.21289023,56.1316674,55.6029273,64.88738295,52.86241864,55.67544637,99.4435381,66.53919639,53.96345537,55.24038932,57.2676202,68.20177818,56.83761737,55.83025589,57.54050879,61.3403537,64.77165319,64.03561167,57.97462785,48.30804824,66.05177612,51.59788328,48.24600879,46.16124372,101.9827986,50.63771599,55.33320726,90.88925528,69.22768829,43.41397402,49.89787923,50.29124344,51.6195465,58.27439325
3039,967,104.0903608,30.67653969,1406,104.0925699,30.67906708,351.0632951,,51.94650306,49.05347956,46.92430183,44.34483728,35.10632951,39.48340382,52.80029505,41.61606462,61.65013963,34.83273903,37.38173976,42.54181838,44.57946604,43.95923,53.22399113,43.10463378,39.19714239,41.7857123,33.76209784,47.73255445,35.65364423,43.23242403,41.21401801,46.18128607,41.00009286,37.8907236,51.21154869,32.43142955,34.33278226,44.21841685,43.39737032,42.25503122,37.82405814,46.17325176,37.93143087,45.01787337,38.19859687,33.79218883,57.31080607,59.47425235,41.06537115,62.75991868,51.62431912,55.87412737,39.12022789,60.88640768,32.23502454,30.59189985,41.3240718,41.33273512
3040,967,104.0903608,30.67653969,1467,104.0895768,30.6755439,133.4917396,,57.90003163,12.16633576,16.33203951,20.53719071,17.08188137,13.02358435,15.65375448,15.65375448,15.65375448,15.65375448,24.14925943,20.83999404,20.83999404,19.66863285,22.4986078,19.66863285,14.54804024,19.35831873,19.35831873,21.74526075,13.13930998,16.48611535,14.62366718,15.49914171,15.04868226,15.49914171,16.35611013,27.69857421,17.31339083,19.01366024,18.1237354,18.1237354,18.1237354,15.62830122,15.62830122,15.62830122,14.2496742,14.90718147,14.57101421,14.90718147,14.73718103,11.90512624,21.99406236,15.44828061,18.14899496,16.69008943,17.03237598,17.03237598,16.08869852,15.24410032
3041,968,104.0550112,30.61128466,230,104.0553258,30.60561598,628.9813301,,72.49731447,81.74486601,89.61739267,95.00697015,49.6564208,59.98232552,82.04104306,51.87474887,100.049421,75.47775961,56.84517461,57.39753583,60.70597288,60.38220769,60.54365744,53.65717508,60.70597288,58.35491472,151.6294278,59.19824283,73.40409396,59.25633728,56.05651341,58.29805232,57.83043954,46.16376735,58.06330447,56.19100274,56.19100274,81.1588813,62.37831373,66.23276895,113.9764826,58.80278877,47.47028906,55.36265986,58.6614712,65.63283445,63.66446452,58.9827027,47.07552575,64.93857587,80.48576263,56.39683159,58.98538831,56.18691783,101.9969724,66.30549893,66.35407438,53.19497545
3042,968,104.0550112,30.61128466,482,104.0551712,30.61414035,316.8667279,,72.10620862,38.72375234,35.4077668,50.4337718,53.23683676,34.74274783,28.91559494,28.02752384,30.00908176,30.48016621,26.8278509,32.62590334,31.20985555,38.00097645,108.051983,49.57693569,67.4982379,37.00360491,32.00274933,50.75507099,26.06006734,79.71996457,44.27115991,32.77931668,67.72723956,86.34551711,39.44399102,43.72460238,47.7788574,38.32206787,49.24478288,31.55519282,36.7342278,39.51955115,67.59823529,45.71509606,62.23726845,37.57312979,34.22782985,51.55797607,47.16504159,39.33518002,29.24923642,41.60681655,25.79356067,57.67408457,40.76912868,66.70878482,42.75563045,44.47252321
3043,968,104.0550112,30.61128466,814,104.0581892,30.61123371,304.7013525,,30.89059051,39.90890895,33.65832676,39.90890895,32.07382658,47.9006493,38.69223524,38.69223524,22.98428222,18.70289632,14.2735832,18.48230613,32.5819268,31.02217924,13.38529431,31.25559486,13.72013595,31.47259571,129.0499846,33.75153443,61.79858417,34.54881477,13.45094873,37.43770884,37.43770884,34.29765869,34.55969972,14.60619,34.55969972,33.51947652,13.49231081,35.43038983,28.01851517,11.70053194,34.55969972,13.2239285,12.58302115,12.81454286,11.63846015,12.68121236,30.51251374,14.63542187,26.70541373,39.07620399,10.29976403,14.2921807,30.28087975,33.02747065,12.12071678,37.48034859
3044,968,104.0550112,30.61128466,1191,104.0514275,30.61130347,343.5423865,,18.75130277,18.75130277,18.75130277,17.63011534,17.98258948,22.14418248,19.66611157,14.83806348,18.63982805,18.63982805,18.63982805,16.82656587,25.87348518,19.73016631,37.87909928,19.73016631,14.96826132,17.02245925,15.92940789,16.44731721,17.00003562,13.84553699,13.84553699,13.84553699,13.60938202,29.16869319,21.33251559,21.33251559,21.33251559,14.06999535,23.51985911,26.32555405,29.8913013,39.83100133,29.8913013,29.8913013,15.77239077,15.77239077,15.77239077,15.55663637,15.66377065,15.55663637,15.38249492,15.55663637,23.29100925,18.65388524,20.71612381,22.01933397,23.49751599,23.49751599
3045,969,104.0790641,30.61458745,134,104.0783955,30.61080386,424.2016114,,42.71680562,42.71680562,55.97284549,73.6725059,54.60521338,65.6357794,58.73560773,47.92392432,69.30979431,33.68628894,39.22370183,33.73000113,40.25107541,73.6319094,91.36650094,44.13658385,47.16990891,56.01454845,38.5962713,46.13673115,31.3900473,42.23765276,37.91746247,69.41480914,46.94893214,52.12033451,60.04426479,89.3056024,76.35629005,72.83588875,45.11449929,63.19141245,57.19572289,39.99117256,81.2300958,42.65714528,46.22984262,46.15538213,39.76890107,38.96548736,39.05546573,38.7595381,36.94659196,44.6528012,30.85102628,49.10372351,35.43215316,31.35781932,34.51212997,54.93258277
3046,969,104.0790641,30.61458745,723,104.0747906,30.6144846,409.8056342,,49.34114659,80.03437342,69.7541505,50.3515455,49.02084353,49.7571765,58.47736116,53.42064996,90.88092095,51.61674019,58.10348412,65.65378718,49.1766761,66.99819633,46.96945699,44.63843519,71.92409971,41.479858,60.8789663,60.77447098,55.20300405,49.86529203,48.27553282,44.40331928,53.13206301,48.62558613,52.29243361,56.38988182,54.23444937,95.38579415,58.31226415,61.04690826,74.0117199,77.64738332,61.92236236,58.4112103,60.8789663,59.45794592,61.47084513,67.82989807,71.52248621,35.93910556,52.62664506,61.34304712,67.22363714,59.97155622,57.03480475,39.42896079,55.85275062,57.4067744
3047,969,104.0790641,30.61458745,1102,104.0796812,30.61696945,270.5399741,,32.63401028,36.89181465,53.93321127,40.80770558,53.93321127,53.93321127,67.01448901,59.76643766,51.8514946,48.00798973,44.69496443,44.44333343,35.89473858,33.10857473,46.04935729,33.31621118,61.1006215,34.07781339,39.77020475,43.61872903,51.22169308,62.03464374,103.8118505,93.22515462,97.93849342,88.94464902,87.94075908,56.15821539,86.95927739,45.11610454,66.15084008,58.8075745,52.93173406,105.1018604,67.18960785,75.64612868,64.11360248,53.38739973,41.92870447,45.73580215,52.71685558,73.41285728,50.67346029,72.27784095,58.35882264,58.38054329,36.75260026,36.75260026,38.98610981,64.21608175
3048,969,104.0790641,30.61458745,1108,104.083316,30.61359505,422.1491944,,77.27476778,94.78609772,65.22476823,50.5904494,65.22476823,80.9806625,72.13941928,72.13941928,70.195709,72.13941928,81.41448748,72.13941928,72.13941928,65.68049125,63.63573696,63.63573696,63.63573696,63.63573696,66.05376923,68.66282079,67.06695057,91.59640982,77.43554499,83.92280526,77.43554499,77.43554499,65.08510064,70.72519515,67.78803357,69.22547322,68.49921313,68.86042829,68.67934578,68.76976783,68.72452705,68.74714001,68.73583169,68.74148538,68.73865842,68.74148538,68.74007187,64.39563982,64.39563982,64.12392826,63.85449999,56.28655925,97.48848109,87.34121263,118.7294609,73.68422302
3049,970,104.0021305,30.68485942,872,104.0034106,30.68701985,269.0147901,,29.43626883,29.43626883,32.48934563,17.44960801,27.62624152,33.20411123,39.12942401,31.01531607,30.08553105,25.82541985,81.0421125,31.34829233,33.46706676,27.34681428,29.98307258,34.51058332,31.62296308,19.40788065,29.8982221,31.68871177,23.95000167,23.83762665,24.99234179,27.20374282,29.73875026,26.39522146,26.28095643,32.46211993,26.56632514,33.8225813,32.99670339,31.7438922,31.90949734,25.48561169,31.5799971,38.13880569,33.33746108,37.14848422,25.6204562,29.34706801,33.86200155,31.98854647,38.19072933,34.34231363,33.66337586,32.29186602,18.35930321,32.00175942,32.23405331,31.37737707
3050,970,104.0021305,30.68485942,886,103.9991279,30.68644492,337.045093,,51.3049613,51.3049613,38.47872098,51.19672299,33.10674856,38.47058766,79.82646939,38.4279441,41.02662163,39.71726137,39.05279918,35.16992275,40.23981088,38.72432984,35.77129525,35.71338734,37.13427191,33.53373565,62.54445025,34.51034994,40.75104399,33.65776241,38.74195884,31.64949031,37.8978345,37.1058818,34.91690172,34.89179971,34.91690172,36.24682105,41.41168378,39.29918493,39.07769194,79.89217019,32.22741925,56.61099541,36.88031413,50.79866233,47.87226046,68.3584414,41.89425411,44.9888126,41.99620866,41.97918179,34.92527708,34.56872749,34.56872749,35.18479554,33.7045093,32.63920201
3051,970,104.0021305,30.68485942,1241,104.0008267,30.68310339,231.2503812,,21.73632826,29.89232935,20.83858254,26.94179198,26.94179198,26.94179198,30.05420117,28.41301612,29.08301737,29.78538005,27.84285526,28.78137847,28.30433905,28.64110226,28.64110226,28.64110226,28.64110226,28.64110226,102.1474076,39.64292249,23.16794172,23.16794172,25.44578825,28.2203855,42.1733218,28.47781206,28.47781206,28.47781206,33.37793674,53.36547258,40.31483643,30.43880703,22.80825678,26.07678535,24.33325166,25.17486667,24.74690563,24.74690563,24.74690563,24.74001106,24.74690563,50.45462863,31.02489587,31.02489587,31.02489587,31.02489587,31.02489587,28.83953945,19.91630077,26.94179198
3052,970,104.0021305,30.68485942,1405,104.0066113,30.6827291,489.8710869,,55.45710418,55.45710418,86.53267482,50.66014432,50.66014432,49.17835786,49.90825487,44.53373517,58.02195616,55.06133537,69.45789338,53.7265587,50.8223606,185.6353592,78.90540997,66.29834259,42.29102908,51.64087593,46.50061735,51.64087593,78.72928182,64.83587915,55.11049728,80.16072331,80.16072331,80.16072331,122.4677717,80.16072331,66.80060276,72.87338483,69.70497679,71.25397628,69.70497679,70.47096555,50.10045207,74.2541437,50.10045207,50.10045207,46.90255087,48.44878881,46.28703183,62.2058523,75.12400055,62.2058523,55.73460877,47.62023167,92.89917014,52.3970772,62.34023258,42.85627978
3053,971,104.0780206,30.71824697,340,104.0782592,30.72025506,223.728578,,38.14157288,31.07741019,32.72968023,39.06659082,32.70752815,32.41138353,30.99518823,39.41710673,29.96690046,29.91458298,30.67197428,30.8418429,31.21794112,119.0280119,31.21794112,26.66963181,26.66963181,26.66963181,26.66963181,26.66963181,26.66963181,26.66963181,26.66963181,26.66963181,26.66963181,28.82945435,24.63066914,20.10039633,17.89629776,18.93441977,18.40072835,18.6637596,18.53131066,18.6637596,31.87689501,28.66273597,22.60697342,25.27721409,31.16636524,47.16971483,30.29979066,28.22895747,29.97937637,29.07784796,29.97937637,29.52173109,22.24925085,25.69131996,23.84671742,24.7346758
3054,971,104.0780206,30.71824697,1289,104.0742058,30.71862667,367.7027492,,40.73015068,40.73015068,40.73015068,40.73015068,40.73015068,40.73015068,40.73015068,44.54503299,49.14838728,64.83575005,55.91256165,60.04444819,57.90488932,58.4253558,58.68911344,58.5569376,58.62295102,58.58992573,58.60643372,57.31284516,44.34606021,56.09024988,78.32721285,65.36937764,71.26405906,65.36937764,65.36937764,54.47448136,54.47448136,54.47448136,46.71987873,105.0579283,64.67735653,80.06430831,71.55296741,75.56973721,73.50651906,73.50651906,73.50651906,58.57211934,65.19498774,58.57211934,46.94077649,58.57211934,65.28877421,85.40192885,85.40192885,85.40192885,110.3108248,96.27126525
3055,972,103.991266,30.66818088,86,103.9894492,30.66832512,174.7956832,,18.08231206,23.62948582,25.99013393,27.22026428,25.58852427,30.04844215,17.33510908,24.92547785,29.02734495,24.77419132,20.25529376,26.77721104,27.23106208,34.71803915,33.11918208,29.74366722,26.15125027,32.97815707,34.24568487,30.58021915,33.53096587,26.07449418,42.17060252,35.82150623,42.17060252,35.82150623,33.03225509,36.76683959,33.30175751,33.30175751,42.23251406,45.82022765,38.57067305,41.88406582,40.15914118,42.51786889,41.12839605,41.12839605,40.57691412,41.12839605,25.42482665,39.6803653,37.34507178,37.34507178,37.34507178,26.66374828,35.71983686,45.5164166,49.03359426,39.63870611
3056,972,103.991266,30.66818088,142,103.9917117,30.6703629,245.578267,,30.16485964,29.47266678,43.49725762,26.42994802,26.30543302,40.83518527,27.64915594,38.98927282,39.55623093,38.45226942,25.96422206,35.77467926,30.88495236,108.4762897,36.04818598,32.95738159,29.55147948,36.68389051,32.16304725,46.36792453,50.53249327,36.99086867,47.0256256,45.45407513,47.0256256,43.63680954,50.28906491,46.12600492,48.11765755,51.92151293,40.1855346,44.99143823,71.87656595,99.33502935,47.70225331,42.77814973,44.24181359,43.93856778,45.17810882,58.41949965,60.76163307,47.15102726,65.24588644,42.81267609,31.57936121,51.20164639,50.88240352,32.86549298,49.39004253,49.39004253
3057,972,103.991266,30.66818088,156,103.9925706,30.66817693,124.9885857,,15.33950825,15.97109235,27.40866447,15.27874053,15.27874053,15.54262206,21.91358321,17.2233075,12.09566958,24.38801672,18.44093887,18.0706389,18.0706389,16.24400392,17.10870375,16.66514476,16.88401158,16.77386425,17.09245616,16.59790786,16.58452554,16.58452554,21.89581063,14.81752717,12.96711552,13.50552001,14.55785091,14.55785091,18.32826511,14.24578036,11.88206393,14.09424929,14.09424929,25.42140726,19.52099386,14.72860584,16.31024589,15.07084475,15.66607015,15.36269413,15.66607015,25.42140726,19.51834767,28.12243178,16.06279013,15.63714712,14.97367416,13.31239374,14.09424929,13.89030009
3058,973,104.0064463,30.67175686,1435,104.0058299,30.66758867,465.7265379,,53.62718189,45.15701714,66.00848569,49.31222166,60.41857789,42.07316277,61.64027708,37.80418346,71.62241126,44.88930486,46.49193862,44.88930486,48.21324332,47.33694827,47.33694827,53.22061022,60.77446439,90.62786683,45.79129441,59.29674753,58.46959151,76.55778705,58.46959151,61.91914085,53.18368078,65.80123769,41.17425188,57.21749122,67.06462146,50.61480865,67.06462146,57.75742497,89.57874637,50.7187068,62.6381894,40.59601783,48.3639097,31.87482008,59.8079264,58.66394459,49.66698584,69.85898069,43.0269171,54.34734316,54.34734316,54.34734316,43.39067123,43.39067123,36.63398841,41.70685414
3059,973,104.0064463,30.67175686,1493,104.0072364,30.67483213,349.1433554,,49.58248834,49.63143453,49.68047745,49.65594388,56.61784142,49.5336386,63.80284667,49.02864139,58.19055923,51.72494154,60.40225807,51.93868097,60.65842443,60.91677284,60.91677284,45.45808606,58.82602555,56.87403074,90.98668623,54.60895348,76.17673209,52.37150331,52.10014837,52.37150331,54.43337352,64.08873706,77.90802147,79.51293932,72.23655629,68.85115467,79.47978824,64.37470317,86.30509911,72.08120886,50.20969692,79.05132575,54.87119089,60.48681807,49.03443744,90.20928802,85.5044952,75.71783611,89.56646649,99.04066529,99.04066529,102.6053942,101.6374188,42.60732473,36.17024689,52.87269237
3060,973,104.0064463,30.67175686,1739,104.0014678,30.67222384,479.7478001,,83.43440002,46.05578881,78.56370344,78.56370344,78.56370344,78.56370344,53.01894337,63.311761,53.01894337,49.48687909,53.01894337,144.2248084,74.60440952,74.60440952,74.60440952,74.60440952,74.60440952,74.60440952,74.60440952,69.05737564,206.8373749,69.05737564,85.76243482,53.99573274,113.1283022,73.10074309,73.10074309,73.10074309,70.32133878,95.15658845,88.76798357,95.7722041,83.18324288,76.5328839,76.5328839,76.5328839,53.47034305,114.8841739,72.9757217,89.25540467,80.29874067,82.36504705,83.43859883,83.23335327,83.23335327,83.23335327,42.73217518,129.3701933,76.75964802,85.49960794
3061,974,104.0725542,30.64772127,925,104.0724705,30.6485309,90.08936031,,28.15035288,26.39623145,29.65323771,37.19285517,30.18597782,24.92385761,22.06270048,29.19187193,28.70103514,25.65256362,27.36891959,27.80467704,21.09899517,24.63569639,15.11989264,32.43216971,24.69050248,20.41509967,35.94698613,24.06577412,19.24318605,10.07014779,30.22971877,25.72125932,24.77839791,30.25902178,10.83781778,21.19749654,8.897714599,12.44200884,8.977763242,11.53143812,16.76081122,7.791512243,7.712763308,14.30831016,6.728665915,13.33011497,11.5007694,12.71849793,11.38303704,11.42900041,9.257517521,7.14889854,13.58889792,15.66771484,7.712763308,10.78077664,8.758687808,48.77018002
3062,974,104.0725542,30.64772127,1364,104.0726607,30.64669137,114.5981634,,18.29505048,13.39459053,24.04157274,25.27126421,29.75144626,19.27819571,19.8581655,27.36672559,17.38897316,15.33655718,12.63563211,17.89819472,21.48715564,25.07415245,25.04877889,24.52026082,23.46406022,22.22011067,19.04543341,21.01800377,16.29036084,24.49426394,17.69530465,25.57149101,23.79200624,21.47698661,23.98566211,16.97750569,25.07923333,19.96628618,21.26563857,18.81657415,23.77829327,31.61328646,29.96755846,19.80256264,23.91613845,20.27289377,25.62443405,27.59554436,35.11092666,19.8581655,19.55229328,20.17375982,21.1024751,16.884859,21.79938643,28.74936503,24.7037957,22.18028969
3063,974,104.0725542,30.64772127,1557,104.0698903,30.64779168,255.3918375,,39.56581452,41.80600908,35.4300815,29.18763857,32.70865707,41.7281671,25.82614087,35.30160212,46.70706525,38.92508954,39.88766226,51.29208452,46.30495542,42.27175241,47.73207149,28.66191733,28.3914755,50.54020787,41.64940498,57.34369741,55.10952738,39.62976789,51.94410254,49.21898367,38.54971132,31.35245064,53.68821109,100.4820344,48.43251704,62.28420008,31.5524383,44.80558553,47.29478472,30.26368055,29.07404037,50.79616657,39.07535817,37.24823559,41.09097721,43.23703547,45.61961068,41.33509509,47.14926231,46.40363132,54.68613323,41.9343496,51.0783675,40.95370223,44.63932239,49.05392002
3064,975,104.0364116,30.60942077,175,104.038784,30.60794039,280.4339864,,42.27057995,35.330266,42.27057995,38.45951813,55.47045885,51.90551933,55.47045885,54.38719736,50.85956428,55.38012382,48.30441871,55.2959973,55.47045885,54.08202334,43.76715394,48.10303042,57.44309252,39.6944568,46.08558521,28.35849301,46.68496421,46.56300546,46.61129209,60.32411983,27.7098541,32.46181193,68.21367237,48.11449308,52.60105217,49.4364705,53.18541004,50.19137318,50.96968834,50.96968834,53.2115765,55.31848499,57.94649833,55.64059636,55.63971045,49.86849362,51.77242826,46.59518545,46.59518543,46.59518545,62.60851789,53.22824345,53.73585368,33.35558428,41.91954399,54.32622518
3065,975,104.0364116,30.60942077,698,104.0343852,30.60567934,457.9102345,,62.56079105,59.94461252,59.84939757,53.34876518,63.66004419,60.93058009,64.46287395,66.25710789,86.29639284,62.08952332,90.60231942,60.16338847,85.72561796,111.3835706,58.45662568,64.39362673,42.35007949,57.91770316,52.87816661,64.35741487,43.19624878,59.6194157,73.25783162,64.58283425,82.32094103,78.2504831,74.93076565,74.20139962,48.91622683,78.49889734,67.83855326,128.9131452,60.02305173,54.98120506,59.39788201,71.15703604,93.39812148,61.52467811,58.51591232,131.0915979,147.624792,77.03162823,126.6111247,69.35479755,70.80072345,95.84167699,110.4507098,56.94220533,70.16039061,69.36391718
3066,975,104.0364116,30.60942077,835,104.0333621,30.61112478,348.0314051,,51.3984604,58.19044683,96.29562362,39.67425771,39.8255899,53.65794682,46.36983932,21.78979232,80.37218478,43.76442818,41.49967974,46.40418735,59.80491925,60.16814123,51.34889583,45.02464437,52.20471077,59.20439732,39.71198283,51.27384628,60.30869114,32.26385558,50.38524363,49.36615675,62.10225816,82.06854092,61.01849311,39.94409325,40.96399536,72.00649761,58.00523418,45.47778796,73.01358149,59.87637077,54.16050685,72.00649761,64.08762447,53.37222826,56.5533182,56.53939794,47.35916641,55.32982104,46.36126025,54.67256981,42.4716291,41.99708576,39.75698735,53.18612133,49.23037557,47.27973805
3067,975,104.0364116,30.60942077,1094,104.0378111,30.61174835,290.7659296,,42.81216141,42.81216141,42.81216141,42.81216141,42.81216141,42.81216141,42.81216141,42.81216141,42.81216141,42.81216141,42.81216141,42.81216141,42.81216141,42.81216141,42.81216141,42.81216141,42.81216141,42.81216141,42.81216141,48.23766574,51.50097646,49.81593559,50.64444374,50.64444374,50.64444374,52.46903993,55.38398659,58.64186815,96.92197653,129.229302,96.92197653,83.90840453,73.97578421,72.6914824,72.6914824,55.67858226,63.05767148,59.13883314,63.05767148,63.05767148,77.15656115,73.07206608,71.18780479,72.11762975,71.64970073,72.11762975,86.15286803,78.5129348,82.15566799,81.21365859
3068,976,104.1352438,30.6229403,1780,104.1362858,30.62448308,198.0154805,,30.4856335,37.03146648,37.03146648,37.03146648,37.03146648,37.03146648,37.03146648,37.03146648,37.03146648,37.03146648,37.03146648,37.03146648,37.03146648,37.03146648,37.03146648,37.03146648,37.03146648,37.03146648,37.03146648,37.03146648,37.03146648,37.03146648,37.03146648,37.03146648,37.03146648,37.03146648,37.03146648,37.03146648,37.03146648,37.03146648,37.03146648,37.03146648,37.03146648,37.03146648,37.03146648,37.03146648,24.08296384,29.18549559,26.38984655,27.71735523,27.03731582,27.03731582,27.03731582,26.25619631,26.64103165,26.44721411,26.49540363,26.51956431,26.50747847,26.51049889
3069,977,104.0013005,30.71088213,565,103.9980882,30.70975652,331.9627717,,43.03959104,28.40885843,26.42781907,36.70350056,27.57844565,46.2010043,52.86231814,38.0215861,41.86536865,34.99461137,37.60434167,32.12542952,38.4884373,35.94183393,26.420029,36.51844089,48.77820319,33.10432072,34.91154948,38.35928147,90.4374254,50.3185675,35.81616318,52.15125113,27.22245964,25.64519266,55.32712862,43.61554665,34.19359022,45.89347074,21.1142399,30.22932491,38.71704032,34.90942488,34.7529183,32.88310475,40.23791172,46.03046618,31.78366963,38.46159882,39.50631333,44.00365676,31.8927253,36.66596374,59.24794874,44.67536367,34.98436704,46.38030962,51.17325057,32.14271055
3070,977,104.0013005,30.71088213,748,103.9978866,30.71380994,460.6256727,,48.77213005,46.31990005,50.9056768,36.60601372,48.79006758,40.24884519,40.85036349,51.1806303,43.28698948,43.62572467,52.421046,61.41675636,50.67879552,49.57406343,84.60471539,47.65093166,41.62867929,45.76593621,39.31012124,43.0342324,104.0744198,47.00928198,45.47310114,47.81121831,48.66081446,51.49852241,47.58825556,53.52078823,53.57843043,73.76567712,57.06305649,57.04587991,66.71130431,47.63382181,50.78874186,97.5442601,58.68044841,55.45994721,65.98696465,51.61875243,58.48355344,56.00770678,59.48887612,49.35275065,51.23333949,63.45353655,43.12750122,72.09793138,82.29540554,51.24841921
3071,977,104.0013005,30.71088213,1450,104.0038276,30.70658516,534.2055542,,65.412925,65.412925,65.412925,65.412925,65.412925,65.412925,65.412925,65.412925,58.4541032,65.412925,65.412925,94.73596035,77.38993944,81.10237196,83.09543592,82.08680785,82.58804247,82.33666233,82.4621608,82.33666233,49.31128193,90.20984521,110.5252871,99.74792506,104.8604141,102.2402975,104.8604141,103.5337817,146.2463875,70.31590476,78.49551,86.04653222,82.0977586,84.02577805,84.02577805,84.02577805,97.37417697,90.20885348,93.6546642,91.89946964,92.76876555,91.89946964,74.25250946,91.89946964,82.13884994,151.667192,73.79662299,73.79662299,61.34417847,63.31325087
3072,977,104.0013005,30.71088213,1462,104.0054097,30.71258206,436.2835308,,39.7952926,38.3452322,41.35933406,37.00802806,35.59480365,35.76094515,36.54494932,36.1486968,36.34574308,39.5307029,61.35237152,43.32746789,42.27781187,42.27781187,42.27781187,36.95578143,36.95578143,34.86394475,36.95578143,39.21649715,46.7562603,39.21649715,61.28055836,47.82645283,53.72398532,47.82645283,50.60396974,27.07966743,73.73806154,39.61212386,45.29547832,45.29547832,45.29547832,45.29547832,47.33636862,35.01941384,36.12698587,38.37802592,50.61076405,26.30855462,46.81432819,36.69674558,25.74788051,30.26244144,30.26244144,32.24680017,38.54283953,36.41491287,39.36392759,57.00982617
3073,978,104.1032838,30.68263455,477,104.1023844,30.68413271,187.0601788,,16.60706889,34.20528984,18.24977354,28.65602739,16.24648115,37.83239571,22.48469595,20.89409382,30.33408305,29.8632658,20.89733572,21.94969504,20.19240311,30.33408305,15.08775154,16.39813256,33.58686502,29.3701963,18.68007333,35.53649835,44.44994348,26.52116745,28.77848905,18.94280292,22.72497111,45.4499422,23.34199805,18.96948292,29.99628702,27.39693424,29.82358918,30.55429418,39.38109027,23.08197579,16.44485088,22.03794533,24.46810575,18.84561503,30.49433859,16.52556181,27.74115937,19.74828867,43.87079112,15.85753478,27.33022093,42.77601186,21.41229392,27.26383173,29.83019463,30.99731386
3074,978,104.1032838,30.68263455,841,104.1060637,30.6775428,623.992146,,63.30832976,81.57500592,51.72566473,84.45006487,70.01678106,245.5051066,298.190937,129.2372191,82.28467859,102.1078057,91.37783292,54.06430146,100.4339072,166.3979056,146.5025039,90.82365469,148.7663394,174.260148,246.8540358,83.43070476,66.65791471,80.97117446,131.4949303,104.4216956,80.1463121,162.1929044,215.9972813,143.7677904,93.47897706,76.84281844,48.15373474,102.4026011,238.3418276,59.77042286,59.66458767,62.53818835,62.63845871,116.191641,137.8142163,207.3573901,104.4824058,188.7707332,109.0093732,122.9357661,132.0424233,164.4344617,85.04956841,92.82527792,100.2098911,50.36707905
3075,978,104.1032838,30.68263455,873,104.1015821,30.68192194,181.1259665,,31.53825777,27.92520254,29.91928784,28.70901395,26.17101157,26.08213918,30.11794362,34.99392556,28.35015128,22.29877957,28.16645699,22.17240508,28.58995471,20.76603438,29.4713437,31.4621703,34.5001841,31.40534518,27.39720502,24.46729754,31.8074868,37.33979594,37.96526809,25.87513807,43.98337129,37.39707273,47.82788359,38.98675512,31.05016569,47.94510878,29.04469841,32.33323038,36.63221794,32.38676223,31.57643968,29.57158637,30.08754339,31.59078174,34.24538214,47.50845023,35.53424956,77.62541421,32.63837219,31.53349152,32.62561385,32.62561385,29.71701803,29.63978128,31.91126327,30.61283941
3076,978,104.1032838,30.68263455,1284,104.1072861,30.68493691,460.5331752,,66.95282911,76.07316,76.07316,88.07008928,62.60975783,50.62349407,53.19527585,66.24501181,97.5246724,137.5866747,162.1437096,73.68530803,103.4906012,108.0580635,103.4906012,67.12224416,81.43022744,73.58719178,77.3103022,84.85108187,129.5249555,94.0218959,108.9541794,94.0218959,87.87558819,43.59122079,82.48355377,86.2376817,76.99316243,81.11151814,81.11151814,81.11151814,81.11151814,84.7715419,98.92120708,88.77747956,78.5743806,99.97504107,151.9284702,66.71707971,76.95912478,115.5344551,70.49976317,85.68059073,70.49976317,70.49976317,70.49976317,71.28281323,72.08345351,79.73961189
3077,979,103.9963677,30.67454556,727,103.9919226,30.67483657,427.0568548,,61.16125641,65.09829261,57.72483144,54.66327741,52.32827356,70.01463427,63.22431845,55.95649417,58.23502565,53.56810722,58.23502565,56.31518964,55.71989165,61.37344021,37.16530243,72.3484554,70.76661345,73.25334972,70.76661345,36.49625347,64.32655553,71.67387773,66.01813458,65.75154489,47.99390252,74.27075736,62.62340844,58.12494054,64.73282852,57.58069952,44.07696896,70.95713894,64.05852822,63.57290189,53.25882253,62.21162073,62.51200721,62.36145224,86.73651212,66.44644742,62.39902295,76.48779489,208.6974675,70.28135668,43.55254043,70.28135668,60.05487021,85.47072563,54.45353049,83.89657175
3078,979,103.9963677,30.67454556,874,103.9960912,30.67274279,201.5531308,,28.85054755,25.41475555,23.25613048,27.90735657,27.75485736,24.84901613,32.9066336,24.35778231,28.24411331,26.27593842,28.60036543,29.32528231,37.59540264,44.24337018,44.78958462,30.42311408,29.83516739,33.87974805,32.85076495,28.73628796,30.64439905,20.62803897,34.29070278,38.25613027,36.6049408,34.80054057,26.91362281,23.94690663,21.63360975,32.75807092,33.09424269,64.21161689,43.97522854,48.86136504,26.24199895,32.4105537,32.10580845,30.55121141,32.0349347,23.68633093,31.93359337,36.72020602,50.08395312,79.73530449,31.98002663,56.68681804,34.06531788,29.6599925,37.17168396,36.15903343
3079,979,103.9963677,30.67454556,958,103.9967636,30.67595381,160.6231128,,16.36923443,8.837135091,16.36923443,18.98992467,12.02585524,16.34224794,19.37163169,16.45073133,16.45073133,21.90315175,39.33627252,12.0971382,29.05744754,19.63474384,13.13163196,13.36013184,14.93565469,19.60146461,18.79388304,22.28297519,18.53343609,33.52134528,28.62590129,19.46946822,14.53640203,25.87217924,34.62534168,26.28378209,17.05732171,24.60609388,16.09412932,23.67692837,19.01334011,23.91081487,24.764163,34.28319403,20.73175522,20.73175522,20.73175522,23.65002888,22.28655363,20.54149933,19.56829801,21.21993417,21.02702568,18.32783537,34.01430624,33.13714648,16.15204486,21.12155571
3080,980,104.0526638,30.65918799,1135,104.0511249,30.65673632,309.1482962,,23.66937189,23.54169998,26.78899384,39.67678668,25.36312366,31.62867116,20.43151604,33.85944363,43.84284929,34.9566978,36.45377879,29.44269488,37.36767319,26.41979505,33.42143743,32.27522245,58.26878881,30.33698233,24.7869458,28.91892917,25.0347533,30.17567792,36.5409806,36.98872622,26.40412494,36.862885,30.36654478,41.51017322,43.74740041,35.46885551,25.55531266,34.86088853,40.27504945,28.01595636,36.60966666,105.9937016,77.55636699,24.99570727,37.2634107,26.11499099,45.6120437,36.9132294,36.9132294,41.40721288,36.9132294,32.10148716,38.75740761,21.63837718,30.50526815,25.82213147
3081,980,104.0526638,30.65918799,1797,104.0549972,30.65769089,278.4213024,,23.52856077,38.24419798,49.61963805,49.61963805,49.61963805,52.63478486,51.08275807,51.08275807,23.14819142,31.85931125,26.81399444,30.49645097,30.49645097,30.49645097,30.49645097,32.49000611,34.76242851,37.57513359,45.35369632,43.12198714,42.08651625,42.59796007,42.34069375,42.46893729,42.34069375,42.34069375,39.77447177,38.86203639,33.74803665,37.99052516,35.74383436,36.83295135,35.74383436,35.74383436,25.27910942,29.6141826,27.16305389,27.16305389,27.16305389,27.16305389,23.28261762,24.14493679,24.60050164,24.37059041,24.60050164,35.53658165,67.26957642,65.58233515,66.41524164,65.58233515
3082,980,104.0526638,30.65918799,1825,104.0533352,30.66116566,228.4313563,,18.71414232,20.00858595,38.5385273,43.51073453,32.60070893,35.49724673,40.96402903,39.25312089,34.21717959,44.45150717,25.94173131,26.23135192,23.81560622,33.55020827,30.97374323,25.92128866,36.12091724,38.69895918,19.65000914,30.60866809,26.35746419,22.34654573,28.33257132,53.2267238,50.93720541,56.45443129,35.44624494,35.05340506,25.69852758,26.89185359,20.27997245,26.9270754,38.48765441,19.53332263,26.52751234,35.71011277,22.11286508,86.86826225,31.79711485,61.83104381,33.702987,78.76943321,17.5341766,48.94957635,25.73874437,24.05712968,24.53564046,25.03357329,23.74454907,28.90519799
3083,981,104.0684967,30.66259625,489,104.0683242,30.66585244,361.2623371,,36.15971492,30.57988248,33.94533705,35.95146962,26.87075235,41.38017489,36.62359112,28.41555458,36.79050675,28.39616623,53.90857673,31.53438471,37.42988128,47.99056877,34.7239215,49.50169049,47.91479419,23.40913061,35.02812964,29.16018864,29.63480109,42.20438685,30.10519476,28.75896738,28.53859215,35.31346352,30.44979116,30.09358458,31.11350272,34.78941811,25.15559794,29.09495332,45.71333615,38.02761443,36.48090922,45.59758365,30.86246829,33.00874146,49.4974087,46.54300049,31.13212241,50.71247269,37.11296737,24.95714227,96.51535537,82.31293757,44.38718135,47.46187674,33.6057988,39.25184347
3084,981,104.0684967,30.66259625,1584,104.0684967,30.6609573,181.6454605,,38.77017733,34.96917956,43.49824776,43.49824776,43.49824776,49.91783647,35.99579767,30.70064121,60.54848683,54.56942904,63.98470233,58.28196594,58.28196594,41.23099986,29.58930578,31.89871501,31.89871501,55.89091092,38.78550758,49.46472449,46.7088327,57.86935025,25.89796665,29.72380263,27.67930827,28.66514664,28.16360303,28.41216164,28.41216164,28.41216164,34.41703462,34.41703462,34.41703462,59.71905551,36.02885167,36.73728415,36.02885167,37.47413512,23.10684303,27.30370179,35.53932923,42.42019735,76.93219504,42.42019735,21.55792279,26.23565327,26.23565327,57.86935025,57.86935025,57.86935025
3085,981,104.0684967,30.66259625,1647,104.0697571,30.6627216,121.5546234,,39.18775917,19.9360658,21.55648494,21.28129577,57.83215562,21.01304414,26.44088485,26.44088485,49.30666414,31.53849688,39.07112895,24.79301101,34.45642868,31.39706865,30.06245731,30.71527224,30.38535883,30.38535883,30.38535883,29.07467971,29.07467971,29.07467971,35.79522652,32.08682751,33.83973204,32.93997601,33.3837926,32.93997601,32.93997601,18.94357767,24.0539034,21.19505497,22.53416755,21.84410755,22.18377251,22.01262981,22.09786979,22.05516744,22.07649797,22.06582755,22.07116147,22.06982775,22.06916095,22.06949435,22.06932765,22.069411,22.06936932,22.06936932,17.46892791,18.4293441
3086,982,104.0517689,30.6005863,653,104.0485173,30.60075701,312.3035886,,29.03899059,38.48121799,42.26665109,35.13415372,41.03258828,28.08976687,38.37177198,45.8193752,45.73201145,45.68845439,40.95287466,34.00079392,45.70477855,40.95287466,45.70205706,35.83403726,35.83403726,36.20882702,32.80201064,34.01794006,34.01794006,40.29723724,35.5859282,37.79532872,36.65736758,37.21765165,36.93538495,36.93538495,36.93538495,37.60176986,44.89315374,36.92259176,49.02440054,42.12149555,45.31155341,45.31155341,45.31155341,36.26751351,36.50301685,36.38488411,36.50301685,36.50301685,35.17021693,38.11162437,34.4346989,38.11162437,37.2546766,36.43541867,34.55110384,35.00367129
3087,982,104.0517689,30.6005863,680,104.0519133,30.59656657,445.7206334,,41.92277675,79.83056121,181.8237145,55.25462398,53.99038628,29.30230607,37.05760462,86.66790096,35.81683661,117.2949035,68.49922221,51.59467139,51.02048586,41.40821678,41.55499738,41.48147724,51.02048586,81.27467412,56.46666088,68.42619532,41.65382481,58.45516504,41.1962588,51.76110581,75.15664076,51.35386416,51.86916657,54.57803674,51.73937389,51.02048586,61.41987676,63.6743762,62.64450621,74.89354867,57.98740301,44.08226045,51.69642218,86.50103937,121.5601727,73.60524221,61.27328994,49.46899406,82.56917395,41.3988688,40.41799195,48.47716859,39.16828999,41.60572896,71.55381406,48.58726057
3088,982,104.0517689,30.6005863,778,104.0518659,30.60293304,260.254019,,18.28125792,18.4311043,18.28125792,23.03332749,31.70607338,23.57017531,23.15002216,15.87990624,20.59152678,23.89326027,32.36537761,27.59237636,29.98126299,25.25801431,27.60314581,41.21324642,18.29017996,23.65945627,26.88094186,21.67278437,24.57480573,25.19070973,22.32742254,28.78938255,29.23290073,27.51247674,20.2623041,24.64303417,29.16217052,22.82221836,31.48410423,24.91466554,22.80451047,26.56637267,27.82089194,28.86885151,25.99426118,25.30391641,29.76301547,29.07038383,27.91475979,19.49197923,20.93997854,22.42763539,23.00588013,30.17437901,27.29397609,27.75749139,25.80794606,28.16468128
3089,982,104.0517689,30.6005863,1045,104.0551975,30.60075578,329.2493272,,27.69386864,29.21250962,30.90736839,29.21250962,25.66968225,25.99574328,26.33019425,19.25747486,29.19452162,33.42004449,20.20106652,34.77985851,32.87926707,19.90424144,24.40318543,18.52027466,17.0423807,18.88920443,24.97992788,23.68226929,38.81978967,28.35640139,28.35640139,28.35640139,19.08691752,28.35640139,29.89401205,29.1049129,29.49418545,29.29825621,29.29825621,29.10267973,26.69589139,28.90969702,18.79932717,17.77057838,14.51681051,21.69682552,27.85003708,35.22429652,30.74701888,31.75613069,31.75613069,30.11782039,28.64025904,25.2190974,22.94864623,30.23718311,26.09350749,26.09350749
3090,983,104.11696,30.62233282,906,104.1126334,30.62215442,415.1675606,,56.88309108,97.68648485,58.49719053,50.83684416,49.57224604,98.98034557,41.00420352,46.97899654,68.35075692,48.0270957,54.25057053,57.37440377,28.25336896,40.32202926,34.69014505,35.30211321,44.05610076,101.6736883,47.37252672,57.51238935,56.61375826,46.04227923,88.17718101,30.37811419,88.43806025,65.00844366,46.3495891,37.54105415,43.79331321,45.7765151,54.393162,46.01610893,31.44326546,58.15576724,56.12780325,45.70652043,52.11712113,49.84384243,43.37211893,87.40369697,65.51713388,50.72182866,37.36508045,46.41624901,55.15141026,52.01635331,59.78412873,45.63673949,63.28595136,54.58740753
3091,983,104.11696,30.62233282,1132,104.1174936,30.62128941,126.4427488,,27.58750883,23.89469269,13.27095906,34.65943369,20.00852289,28.80974023,20.00852289,17.27491065,18.06324983,18.20775583,17.60904819,21.90538478,20.17256351,24.18028662,19.83415667,21.79264611,19.83415667,24.92847183,20.46735142,23.98913811,24.40717939,21.32055717,19.45273058,19.45273058,19.45273058,18.4662838,23.3732424,29.27291934,32.80676726,30.40417242,30.40417242,30.40417242,29.17909588,25.97397408,27.48340502,26.70737928,26.70737928,26.70737928,20.55051448,27.17575497,37.20931028,22.85109918,22.85109918,21.47141017,22.13978092,22.13978092,30.46813224,25.57748055,30.27897311,23.11606749
3092,983,104.11696,30.62233282,1326,104.1187349,30.62386306,240.2172069,,20.05872879,19.19604761,21.00259732,21.82415003,21.00259732,21.40549368,17.8858727,26.0006598,21.99064068,24.99369783,20.46821171,21.9766695,21.49194023,21.0281324,20.28813947,26.9402475,26.12634274,21.9766695,20.53138521,21.45860905,29.61582003,15.53965759,16.08896642,23.15346573,23.29692739,30.70231756,18.12960052,27.10915188,21.7009271,17.72094149,18.05390282,21.05372964,22.37469456,24.61762348,20.73817614,22.10462228,25.3156307,31.74676743,24.09422646,20.25250456,22.25746342,21.92096185,20.49853499,19.24945898,17.52344366,23.46762401,19.51369563,24.70805557,24.58512992,24.58512992
3093,984,104.0192148,30.68133741,858,104.0177605,30.68169041,144.7023406,,24.04470003,17.08522224,21.07955189,23.85931723,29.59820603,19.02066367,15.64349628,25.03661131,26.74170566,15.54778171,16.72322395,20.18450473,34.72856174,16.1653507,20.15197006,23.10103885,38.87525568,20.63082876,19.71720008,22.58033924,25.16562445,17.10766588,26.76002189,16.64308071,21.72798441,24.80021072,17.99407344,26.00308284,23.62487193,19.54703288,21.39336452,22.49421056,23.71449588,28.74087868,28.250553,23.571422,27.64844723,25.54614268,36.02898284,32.32129838,18.65121469,14.25248772,21.01394973,21.76385799,19.73680989,12.25713944,29.10214671,24.38042556,16.27901332,23.2039388
3094,984,104.0192148,30.68133741,1096,104.0229629,30.68025139,378.6825966,,53.36448515,81.1462707,52.02104358,49.136228,70.86700301,52.65933859,43.32713478,53.53104768,53.84499398,49.61165289,47.30247563,44.17554594,48.10364671,53.28693217,59.34242512,57.6762724,39.87298473,95.00051204,56.21679785,68.44806766,60.39747744,68.02681376,52.58466144,56.09257604,59.22913892,48.00201929,59.10075206,74.65812419,45.86231616,40.60334617,54.05851054,67.18431325,61.5339796,56.4177232,57.64301682,59.59594963,62.53474072,61.68585284,67.21761961,50.70563992,67.82374864,62.68810611,46.39559891,69.5096162,35.71853313,86.04870546,61.13261649,43.93738888,50.01944906,65.68015744
3095,984,104.0192148,30.68133741,1225,104.0172991,30.67702217,512.2641865,,137.9664143,137.9664143,137.9664143,137.9664143,137.9664143,137.9664143,137.9664143,89.08942374,98.18018128,86.72792556,109.33702,96.72889667,102.647245,101.1007845,100.3448976,100.7214229,100.5328077,100.6270269,100.6270269,128.3631836,73.32608634,108.7994732,87.60812691,97.06058271,92.09243802,94.51126567,93.28617497,94.51126567,94.51126567,119.105559,105.3926079,111.8302715,111.8302715,129.9126787,154.9706783,181.6897607,167.2699384,174.1819194,170.7547288,170.7547288,170.7547288,170.7547288,137.0479198,175.3550939,108.4214954,133.9945733,126.5333081,123.1058361,123.1058361,89.95858885
3096,985,104.12515,30.71284665,894,104.1266838,30.71717064,501.2274043,,53.82107022,74.01225002,48.00581724,48.85925055,61.51427235,50.40275574,65.10229664,72.65505868,67.62343494,141.5230318,53.98410338,117.360563,79.92995152,88.6692214,70.68814186,80.240963,150.3682213,51.88738061,77.94465034,72.75881675,57.17422863,55.01276389,81.12785261,51.92374309,51.92359059,91.29363296,51.9236287,51.92364777,68.87458938,62.47265975,59.48632931,51.92364182,98.60211232,54.3499595,111.8325786,96.23566163,55.52057401,69.91988764,54.90581661,47.88796856,63.72820681,110.0255278,64.89012583,177.775237,85.65278427,114.4451578,58.34372299,133.0972664,61.50005961,66.03638853
3097,985,104.12515,30.71284665,1164,104.1118347,30.71478063,1292.936406,,167.1300202,167.1300202,167.1300202,116.2915943,80.2512252,89.168028,102.0552763,151.8124939,141.734807,133.8433863,133.8433863,128.740088,124.0116624,119.3479759,118.890704,114.7859695,114.545861,114.306755,76.17955911,111.5058091,109.6196246,121.0027139,118.4369227,119.706071,100.7171482,218.8669778,122.4350126,108.9213197,139.7769088,122.4350126,101.9397955,156.5438698,98.6765118,113.6184962,81.97072607,144.8164496,119.5722867,101.8227194,174.9838745,103.8966755,112.3953169,122.4081804,103.8966755,95.38055454,88.15475495,74.95283513,142.3416227,156.8956537,142.3416227,71.3344224
3098,986,103.9960972,30.63746196,367,103.9977251,30.63671174,176.7870752,,23.79190545,32.07829994,23.79190545,39.69439527,26.16376036,39.69439527,28.72208217,28.87956759,24.0759795,27.164757,27.39035615,22.72976681,27.47125357,27.49155265,38.16692478,26.0477546,24.69987596,32.94169103,39.08096228,36.45547248,43.24650079,50.36221181,46.53390422,48.37243096,47.43535961,47.89931266,47.66620718,42.57080072,63.4319074,43.25090905,45.33814899,43.25391083,50.11287171,42.61831278,35.97978747,37.46229888,30.23436916,33.46247331,25.90358561,32.59250315,32.17426376,60.04089346,46.2860706,37.14718451,56.72944586,34.00356922,28.53961752,40.36575923,27.08227535,21.71710313
3099,986,103.9960972,30.63746196,469,103.9938527,30.63635869,247.4270666,,27.11529497,31.98339101,27.11529497,34.12787126,36.90900994,32.27309564,26.89018686,34.09521301,44.76442449,28.88487847,35.8716311,31.81205142,32.44083395,21.42125511,54.6464687,36.45582974,34.56937023,68.28190416,36.76934736,35.83931381,25.61727539,29.91561511,36.2720307,35.04814346,33.81983656,30.81367986,29.48489573,36.12073965,59.63439405,54.60459401,33.20549636,31.59577084,50.77838135,52.67518863,29.59260597,21.7967409,33.6868871,22.92023004,26.43137803,46.75787085,42.08415484,33.84260789,60.49150694,64.54619129,38.26358474,40.01066546,54.18934995,64.31317255,40.01066546,36.9074169
3100,986,103.9960972,30.63746196,1014,103.9936314,30.64138601,494.9595688,,238.8544836,55.16577237,82.76146993,68.27028535,105.0621726,109.7651611,132.4798846,106.5914924,103.5961888,83.65513839,103.5961888,184.6481293,133.4722433,133.4722433,109.3162238,130.8263177,119.1079176,124.6924036,121.8362016,122.5379144,122.8918107,122.7146074,122.8031451,122.7588603,122.7809987,122.7699285,122.7754634,122.7726959,122.7740796,122.7733877,122.7737337,122.7735607,122.7736471,122.7736039,122.7736039,122.7736039,122.0448252,122.4081298,122.2262075,122.317101,122.2716374,122.2830001,122.2830001,122.2830001,112.0663175,112.0663175,112.0663175,237.580593,152.2952519,167.3102768
3101,987,104.0248174,30.63544404,605,104.0209969,30.63933628,565.813551,,58.11633726,50.22367553,68.95218901,93.97595311,69.5910073,59.47237324,59.63682189,67.30376934,61.41493819,63.95380796,62.62655753,71.40854631,65.28617896,60.39818484,56.5813551,70.60411728,49.3352415,58.92754436,50.43983782,67.95425467,99.36237969,56.42462004,69.15261807,79.20656319,62.76294505,52.83861955,57.80757641,144.4630343,95.0060067,59.67564796,72.03992161,61.47672386,65.79581536,54.3181009,77.22952734,78.79801871,63.08451153,79.69724619,67.35875607,109.2187015,119.9604702,71.91275494,95.18358802,82.61008971,65.51230626,75.98708449,50.29453787,116.3959305,61.16903254,49.68118984
3102,987,104.0248174,30.63544404,966,104.0225494,30.63101898,536.4405259,,65.94293293,52.50165546,50.71391526,63.45627251,98.02974077,74.90055178,114.8538764,137.9418495,69.34240191,58.8776187,69.13553318,76.63436084,57.72118382,68.56281277,58.11476398,60.71956904,81.08548186,66.93885245,211.0585676,76.71046249,73.1509808,40.65654512,66.47799977,48.64448094,94.43451801,87.30496805,137.4509533,59.6966273,53.99401379,120.6991183,67.40613938,115.8711536,72.23887382,56.0227984,66.13650319,65.24276666,88.58650886,93.6559599,85.83048414,70.48123698,69.40886163,128.7457262,86.89250363,72.79645262,71.92498671,75.28989837,58.13641167,66.13650319,58.61642916,62.90507796
3103,987,104.0248174,30.63544404,1249,104.0270208,30.63699331,272.1732689,,38.23169663,49.63646241,57.35553765,28.86078845,71.78196103,29.62430138,39.29774471,90.72442297,28.56629061,43.21163255,35.03541482,40.82599034,40.82599034,35.52660508,75.66206703,38.18912236,42.6938461,78.70070426,38.97026351,38.97026351,36.61181758,37.75424434,30.2041852,98.97209778,48.82842697,47.15225063,49.40287907,70.23826294,49.99100857,29.05333634,63.72837516,33.93329067,44.91170823,44.91170823,69.73834648,55.22356181,55.671805,54.78247903,23.18195035,67.11121699,52.89197128,51.72621185,50.61073182,20.67138751,39.52894677,39.70916993,36.97448181,38.12543845,46.00111587,38.03968411
3104,988,104.1289722,30.66742428,543,104.1312323,30.66411971,425.4607447,,48.35019659,60.83896345,47.10317849,60.06504631,56.31106385,49.87491634,45.29524415,78.54659902,52.63431893,50.00109952,50.00109952,47.4197734,47.7152237,47.49329243,83.69719568,71.23993865,47.41059953,47.42436167,47.4174796,47.41919992,47.42006014,47.41963003,47.41984509,47.41973757,47.41979133,47.41976445,47.41977788,64.15884167,65.26722833,65.49048342,47.41977368,46.34368172,47.41977348,47.41977337,47.41977342,47.41977339,50.11818374,51.22002041,81.55797023,56.03287657,56.79120063,57.36549367,86.53438875,47.4197734,65.31593522,40.74644004,57.21816226,58.4254116,57.81548545,57.96677001
3105,988,104.1289722,30.66742428,1023,104.1288196,30.6700879,295.5676572,,34.39321158,49.90173311,52.19193589,33.42632737,43.60841446,36.19400984,39.91535463,52.56622088,51.03326455,62.30162227,64.51243447,51.84134304,70.46646132,70.46646132,70.46646132,70.46646132,70.46646132,70.46646132,70.58332112,70.52484281,71.71312997,62.49888787,50.41367206,55.80952976,52.97455326,54.35510094,53.65594831,54.00326185,53.82904487,53.91601261,53.87249364,53.89424434,53.88336678,53.88880501,53.88608576,53.88731002,53.88656256,53.36907848,53.62657215,53.49751548,53.56196607,53.54583886,53.5377789,53.54180858,53.53979368,53.54080184,61.88301897,57.41015517,59.56273269,59.00959568
3106,989,104.0574511,30.58122199,406,104.0617289,30.58131137,410.3207952,,37.58663773,37.58663773,33.7731892,41.707902,44.49261635,39.58874004,42.96136295,44.49261635,44.49261635,44.39233246,45.99340517,44.49261635,44.49261635,41.26130901,40.43307106,36.53309636,38.36765877,44.49261635,44.49261635,44.49261635,45.06956103,44.7792304,45.84589891,44.49261635,42.81608298,41.94476657,39.67291485,41.94476657,39.67291485,42.96136295,42.44697881,41.91820096,53.0873266,45.3684308,41.22292641,46.37462793,45.4684067,46.11005619,45.78698358,42.2912728,42.73778383,42.2912728,48.06360725,42.30830665,42.31682873,42.31256725,45.67248807,38.95127582,37.36479417,43.38193429
3107,989,104.0574511,30.58122199,518,104.0573648,30.57797339,360.1340311,,48.55739745,40.07673916,38.6336979,43.98583586,36.83188954,33.12423383,32.23477156,28.30747843,27.98163695,38.37702513,39.30124323,31.27822707,35.68300492,47.88485732,27.46784983,31.01632804,42.4033528,34.41227636,41.82201651,70.94295551,49.20237237,37.11795615,40.43084756,38.30954399,41.42116652,39.7084996,41.42116652,34.16291204,38.13183859,34.69623136,36.113719,42.68840759,34.17416835,34.55271124,51.34584206,30.54140193,37.84875563,37.47059283,55.64302626,41.00197698,98.96813068,44.6447146,30.62074898,54.8891834,30.11573779,46.60253458,31.165445,42.28004366,39.47246683,40.22179458
3108,989,104.0574511,30.58122199,1087,104.0521039,30.58111487,512.876548,,81.95097971,63.88773608,114.2546765,114.2546765,153.8629644,131.1332083,141.591685,136.1619154,137.4799384,138.1485651,137.8134408,137.8134408,95.60473462,70.78679513,109.4136636,63.74069871,55.86552414,57.97034765,91.85848621,80.14565699,75.34223199,77.66974935,76.48828834,77.07449151,76.78027104,76.92709995,76.85361537,76.8903401,76.87197336,76.88115564,76.87656421,76.87885987,76.87771204,76.87828595,76.87799898,76.87814245,76.87807071,76.8781066,76.87808867,76.87809763,76.87808867,40.73591997,53.25385477,46.16129302,53.25385477,57.10010065,107.0351057,78.15261684,90.34155708,86.95125582
3109,989,104.0574511,30.58122199,1161,104.0575483,30.58488558,406.1391091,,30.39710588,30.39710588,27.39726657,34.93073566,35.57835069,36.25043288,40.14003549,36.52968876,34.95758022,34.06175405,34.68803779,34.42262019,38.52703011,29.63317375,31.67462723,29.49766226,34.01816642,25.74121114,33.05427565,39.42389338,36.24444206,50.67940356,56.23464588,50.67940356,40.84080427,43.84615987,29.24201586,47.32895993,42.0143906,47.32895993,44.51360727,51.52778124,37.78038224,37.78038224,37.78038224,29.97336599,33.42708717,33.42708717,36.15034721,39.35668352,48.59092033,37.33312145,37.33312145,43.40920033,95.87546182,51.84754584,35.66099495,34.61764095,32.7738838,39.06748945
3110,990,104.10386,30.59804157,296,104.1007347,30.59778697,300.9568503,,13.86365529,15.4557013,14.07237132,12.82942168,14.89271012,23.43638744,26.01932423,25.95077033,25.80654215,29.90875531,14.26096838,16.87608506,25.1136487,24.46619483,39.68661762,39.68661762,15.26515901,39.68661762,39.68661762,35.34892858,50.77655119,41.79821873,45.99393626,13.7318715,44.86797122,44.32541203,15.90961323,44.45981794,44.52732702,13.67985683,14.56242824,44.5019871,15.44468512,17.06212065,34.57568626,22.6139533,40.47418515,17.12955986,42.79473164,42.63118318,42.51653121,42.69236715,42.68215762,13.23695371,42.68470955,13.26125656,13.54305826,20.46236816,18.69619778,42.68556689
3111,990,104.10386,30.59804157,537,104.1029171,30.60286602,542.2734733,,51.57686932,49.38072101,55.14645491,90.94027191,57.12317495,58.1656463,57.63969748,62.43140476,61.70286045,74.31723213,52.61952841,65.65642951,63.58907179,60.03835091,63.48029887,63.23131453,63.35556209,66.40627438,65.29045163,72.12840467,78.03338929,64.8732292,76.5418551,63.78255407,70.81685019,71.47041126,60.48596449,71.30589265,70.83558694,70.83558694,55.78666201,69.34936071,66.21081518,66.85563369,65.39981588,67.85965741,74.60373542,76.18000348,83.11986596,59.88296024,76.25720718,58.16865053,63.87258093,62.26701339,66.78895124,82.19724227,51.96999263,51.89952391,72.94416807,72.93440378
3112,990,104.10386,30.59804157,1039,104.1040346,30.59590093,237.8331989,,27.42032077,28.16445776,28.16445776,28.16445776,32.26882599,32.93075062,25.67314891,26.3851931,20.90841309,18.67392619,33.09440427,30.25439986,31.61074162,36.35666735,30.87257871,30.87257871,30.87257871,30.87257871,25.65391808,28.02234881,28.02234881,39.4561989,32.77057394,35.89935078,35.89935078,35.89935078,41.2295112,19.24043856,26.23696168,26.23696168,29.40582196,33.4452936,103.1565682,30.30794747,22.01027034,27.7087222,31.36261964,31.36261964,35.87428139,31.36261964,24.39314861,31.36261964,31.65247749,31.65247749,32.35010765,31.99749048,32.17283292,33.86697715,54.36187403,30.90972982
3113,990,104.10386,30.59804157,1327,104.1068588,30.59843923,290.8620661,,32.26821072,32.26821072,32.26821072,32.26821072,32.26821072,24.0161339,14.37341713,19.12517695,17.15859792,16.31955485,16.55499507,16.43643187,16.55499507,15.01761833,14.35125493,14.67687692,14.5122396,14.59409395,14.59409395,17.56884963,15.94390398,16.71698213,16.32129374,16.51676842,16.41844928,16.41844928,16.41844928,13.65638654,14.91058445,14.25595348,14.57592251,14.41416253,14.49459122,14.45426499,14.47440002,14.45426499,14.45426499,13.23771729,13.81926882,13.52224324,13.66914266,13.66914266,16.64711348,15.01186479,15.78725722,15.38980044,15.48727658,15.53647916,15.51183885,15.5179916
3114,991,104.0121158,30.69204887,69,104.0104187,30.68940234,335.3540978,,47.62425058,36.07394677,50.93986296,37.6996157,34.36265898,35.57721734,46.15748839,35.70309787,47.66454182,40.71752958,37.52019326,43.04009811,31.77038821,35.6829976,53.65069446,50.30311467,37.4697316,41.34502576,30.61558966,48.23586338,48.64774017,49.05405313,45.98168754,56.59100401,48.16255659,49.94930708,47.22065523,57.88303605,37.10125237,51.74034653,60.81988675,64.59154802,44.10136081,34.30732458,54.16486923,35.58859814,34.06771787,48.04639027,49.23632757,29.40985998,45.25865987,43.38813125,50.52415786,38.71538489,33.01571792,33.53540978,30.97561904,52.05640324,42.26456093,43.40112949
3115,991,104.0121158,30.69204887,1169,104.01322,30.69418719,259.5193221,,41.09690145,61.14329578,35.75662612,61.4651026,51.61710274,33.09101156,41.89549594,39.7279756,39.7279756,36.55440077,33.85034636,22.03465942,54.16055418,33.05198913,22.67644562,31.79590107,30.63178884,41.21171414,42.98786318,69.46242079,33.09101156,32.55294633,30.13772773,45.57412486,39.25502351,65.42503918,40.36967233,27.88864357,34.19101773,47.42485074,96.31644944,40.40958303,72.33054653,60.27545546,90.41318321,99.39037868,90.41318321,40.88707044,49.87943665,63.94240332,32.66676782,49.69518934,47.70158217,47.70158217,47.70158217,47.70158217,47.44205236,47.18533129,49.89423549,34.53861588
3116,991,104.0121158,30.69204887,1567,104.0087919,30.69447168,416.4919821,,70.14601804,70.14601804,70.14601804,70.14601804,38.05510496,69.7787614,69.41533035,77.42019632,69.41533035,66.44185238,67.89605143,67.1610811,67.89605143,68.15323343,68.02439933,68.02439933,68.02439933,51.88135417,58.86619869,56.94940812,56.03707357,56.48955741,56.26240573,56.37575276,56.31902223,56.34737321,56.33319415,56.3402828,56.33673825,56.33851047,56.33673825,56.33762435,46.70938117,70.948161,64.35069251,64.35069251,64.35069251,60.26411317,86.04712399,60.26411317,58.56918498,58.98391564,59.40456163,59.40456163,65.19004937,65.19004937,67.23637379,66.19740113,66.19740113,42.33803126
3117,991,104.0121158,30.69204887,1696,104.0165822,30.68915906,534.4137894,,69.33976785,79.49957198,55.92702447,71.78692693,63.14736242,68.62864359,87.70581238,47.85795129,70.86149694,56.91981189,59.52628842,67.50489971,58.79601613,73.57130562,66.22683793,66.22683793,66.22683793,66.22683793,66.22683793,66.22683793,66.22683793,66.22683793,66.22683793,66.22683793,66.22683793,66.22683793,66.22683793,66.22683793,66.22683793,66.22683793,66.22683793,66.22683793,66.22683793,66.22683793,88.15072815,131.7732631,187.6965504,63.28584348,93.54406685,75.87170418,85.07408399,75.87170418,71.978768,73.87398516,72.9140633,73.39088553,73.27109625,73.21134815,73.24121003,73.24121003
3118,992,104.1128505,30.72010892,410,104.1122596,30.71737887,307.8154888,,58.5100722,91.29128564,43.05111731,37.83878203,42.65136434,33.37758312,33.37758312,29.62929839,70.93329899,42.34913731,49.36016747,63.93090922,60.22476955,84.9146176,48.23974079,42.24151562,31.30327005,39.28253496,31.30327005,36.65278147,30.95351284,80.29969273,30.59739787,45.84486004,49.25047821,43.84315567,56.17925271,49.14127537,42.17641046,36.55328761,34.55724822,46.85563466,69.25848498,116.6458694,89.18597663,45.55542691,36.49184719,48.81655329,69.54826945,55.40678798,35.25352364,65.3125202,62.56726372,81.18210694,65.64785306,62.35212153,76.74070358,38.29962303,55.19978878,52.14756516
3119,992,104.1128505,30.72010892,894,104.1266838,30.71717064,1364.032136,,131.6492142,131.6492142,141.174385,162.8695088,99.20233716,84.88359014,117.8052545,136.7038355,151.4072517,71.32194175,92.47675498,162.378066,94.52388238,175.0629479,174.3378351,73.40083243,170.0611494,152.3313432,167.6778495,198.0046649,116.362931,114.5532431,159.7781678,156.6352692,152.6189803,82.32214065,156.6352692,166.8989497,166.0436436,140.7024553,166.8980971,166.8982392,169.3281272,93.2671546,166.8981859,178.780911,95.81494028,140.7024553,89.49907089,100.6941016,166.9049481,159.4107663,158.698807,91.65684908,143.059452,185.7679942,158.9428246,92.65123943,158.9372704,158.9372704
3120,992,104.1128505,30.72010892,1128,104.1028346,30.72097893,963.8684522,,44.31579091,44.31579091,44.31579091,44.31579091,44.31579091,44.31579091,44.31579091,54.1330176,51.29233449,49.98093522,50.62814412,50.30245796,50.46477557,50.46477557,82.37214072,59.11288634,59.11288634,59.11288634,59.11288634,59.11288634,59.11288634,59.11288634,59.11288634,59.11288634,59.11288634,59.11288634,59.11288634,59.11288634,59.11288634,59.11288634,59.11288634,59.11288634,59.11288634,59.11288634,59.11288634,59.11288634,59.11288634,59.11288634,59.11288634,59.11288634,59.11288634,59.11288634,59.11288634,59.11288634,59.11288634,59.11288634,59.11288634,59.11288634,59.11288634,52.53484372
3121,993,103.9888739,30.66393196,355,103.9894097,30.66622431,259.2004389,,31.88342528,33.65776912,46.11803526,35.2121351,35.2121351,35.61532748,34.34803362,35.61532748,31.2080796,54.64840879,30.81304062,38.55874298,43.06714984,31.6849433,44.26186186,39.53905,36.34358637,55.27971446,41.96948636,36.68892189,49.72228667,50.71312935,41.20026293,54.88950471,37.92334093,54.88950471,56.04333814,50.83053684,27.06170977,28.49226199,28.49226199,28.49226199,44.50500381,32.45640278,39.28932969,33.5052632,49.70021731,40.02666295,32.79864956,42.07396162,43.42986076,45.9665803,45.9665803,50.43900433,43.00099447,52.013466,35.41258368,31.63124,44.06713483,59.04942951
3122,993,103.9888739,30.66393196,595,103.9830108,30.66415007,562.2667658,,59.23649381,60.70356446,66.59334965,61.92361316,57.78058058,47.59930292,53.47185489,56.69916966,57.01288233,58.16343829,63.29945972,63.20563175,78.34195866,56.00305328,59.67398906,47.80534226,61.34991567,46.37251677,52.77572484,64.11683549,56.33249867,72.07283804,51.74929047,59.59255221,64.1349056,46.86279573,40.80968461,62.41445928,52.66108246,72.34526963,60.09499869,80.51152765,65.41859488,61.77927402,61.80642311,67.94020951,72.27593555,72.40888346,90.39623912,96.31022877,73.57016079,48.13698827,72.40457346,79.37948196,70.20002656,77.53964358,72.50291705,61.01769565,60.56928681,65.10404989
3123,993,103.9888739,30.66393196,1084,103.9903198,30.6638787,138.6576128,,19.07646138,19.07646138,19.07646138,19.07646138,19.07646138,19.07646138,15.4381672,17.06555234,17.06555234,20.10744838,27.65470394,24.46899049,11.92753658,13.68050445,14.76553614,14.20232684,14.47845637,14.33906236,14.40842223,14.39101943,14.38233379,14.39101943,17.18717433,22.65510164,21.33194043,21.97362022,21.33194043,21.33194043,20.97342042,21.15116127,21.06191587,21.10644423,21.08415654,21.0952945,21.08972405,21.09250891,21.09111639,21.09181262,21.09146449,21.09181262,21.09181262,21.90944808,19.88714765,30.56126977,19.88714765,15.42226795,16.33935863,16.84005868,16.5859307,16.84005868
3124,994,104.058489,30.63572687,452,104.0572518,30.63571665,118.5706484,,31.85480106,23.35808115,26.38160286,26.83493299,27.50940929,21.69526476,21.81007547,20.40970178,17.00614877,22.11680488,13.71419548,22.64479227,18.97130374,22.25614604,18.23421688,22.70501778,18.24813684,21.02299204,21.2387354,20.23691392,15.05659027,20.72108419,21.70905705,17.91623648,23.49656885,28.19846964,16.68123755,21.877945,22.37768463,26.62544756,21.23653404,31.97410743,26.27806598,25.48859619,24.61142107,22.7959591,20.9563343,16.87838411,20.41144455,16.02707138,44.00560147,21.48595642,29.63825164,23.22966618,23.07320726,16.03811137,24.14724696,22.91835352,33.6105775,18.78346905
3125,994,104.058489,30.63572687,1330,104.058422,30.63692932,133.4223073,,26.5370335,29.72279123,29.72279123,29.72279123,34.06526995,31.74621985,34.06526995,32.86488582,27.49925417,27.49925417,23.77823298,27.49925417,29.00484941,29.00484941,36.25058915,28.14955528,24.05037299,26.34551333,24.75877867,24.75877867,21.57773164,23.05906415,23.05906415,23.05906415,39.63038831,16.89781201,26.75879144,18.81150025,18.81150025,18.81150025,20.52066247,28.19884382,22.57144296,26.64745111,34.52437062,25.2578601,30.02001914,25.2578601,23.97605523,18.0707414,22.81806681,24.34055607,27.5781994,31.80929181,20.97468586,25.82367238,25.82367238,25.82367238,25.89327797,25.9632598
3126,994,104.058489,30.63572687,1592,104.0640898,30.63580183,536.8307915,,40.65909217,33.76294286,43.58882495,34.19583645,40.21576334,33.61027564,45.46737677,35.90090978,58.92045273,47.04711291,38.55268152,39.40042506,41.25549726,41.9217104,52.95533046,37.13274994,43.3262365,32.01420512,26.9350641,34.46951574,40.018151,31.90146665,39.4699208,36.27818704,50.13205835,43.9225193,36.67155312,43.34306655,31.26391369,44.49898341,37.33753573,40.26230936,34.80055551,40.5325262,40.80639462,41.83097077,46.16060946,41.03165285,36.88150476,41.72423816,37.26245957,37.35307916,34.16986915,41.95204448,34.14471465,34.2202895,36.3610696,41.70059373,40.2856228,62.07465256
3127,995,104.0982797,30.66840388,1635,104.0954487,30.66752479,288.1881173,,41.73838898,31.34372273,99.43871143,99.43871143,99.43871143,99.43871143,99.43871143,99.43871143,99.43871143,46.94467069,67.80896878,67.80896878,67.80896878,67.80896878,67.80896878,67.80896878,67.80896878,67.80896878,67.80896878,67.80896878,67.80896878,67.80896878,63.74668032,65.71510513,64.7159281,65.21168948,64.96286295,65.0870384,65.02489137,65.0870384,65.0870384,71.45159933,68.12098121,69.74655103,68.92418273,69.33292843,69.12795137,69.23028818,69.17908193,69.20467556,69.19187637,69.19507576,69.19667554,69.19667554,69.19667554,103.0606512,91.82602774,87.07975344,89.38993254,87.07975344
3128,995,104.0982797,30.66840388,1671,104.1018746,30.6694368,362.931564,,51.57448542,40.72374952,43.22758082,33.64515787,46.05946993,43.26336525,43.26336525,43.26336525,43.26336525,43.26336525,43.26336525,43.26336525,69.9439845,53.1119362,53.1119362,53.1119362,53.1119362,53.1119362,53.1119362,61.24470143,56.88912759,61.24470143,61.24470143,72.18528345,61.24470143,38.59833472,61.24470143,71.20183272,65.84898598,65.84898598,65.84898598,56.31696683,60.71110771,58.43154221,59.54951741,58.98523292,59.26603201,59.12529906,59.19558189,59.1604196,59.17799554,59.17360058,59.16920628,59.16920628,45.20946818,59.16920628,140.4896377,74.98155698,97.77763371,90.87093278
3129,995,104.0982797,30.66840388,1706,104.0974457,30.67052751,248.5542772,,30.77542211,19.57976801,31.34134494,28.05001247,37.19968076,44.66532769,24.70104618,15.67067247,77.80829547,61.42760167,51.87219698,45.27743949,38.23911957,27.08218517,34.98027357,54.89542319,31.67417338,37.93291842,40.79614277,47.48070128,44.4067195,32.2448792,49.21866875,60.29618584,49.47265376,35.47646952,32.83652836,16.19539182,45.19168676,33.05312816,51.68244502,24.15102289,30.09401563,48.36731881,36.45358875,38.73573151,49.77999432,46.4587434,42.44759952,43.12266978,40.81522868,58.2928598,39.62193645,45.19168676,42.20733009,28.55729994,32.92482358,48.23694867,37.06116067,34.66855474
3130,995,104.0982797,30.66840388,1860,104.0991842,30.66615627,263.744653,,20.14813264,21.63442326,22.46294841,23.35746004,29.1251764,28.34270898,25.53130193,18.80159903,22.48888562,15.69389671,25.71510367,17.63195452,17.74730375,23.10975402,18.80159903,22.4569714,16.45547228,21.49767737,26.91017716,22.08094769,21.43297406,29.48697984,23.59544609,39.4794491,18.75517532,29.90490554,23.5165511,19.54669585,18.93281657,20.01013173,29.99939181,16.87215905,19.39695099,27.60118462,32.70312575,24.43965897,22.84235968,20.02419861,43.95744217,48.69132055,22.76152485,22.76152485,23.60372097,26.3378849,24.51063571,23.31444446,25.11853838,26.52180868,28.5988178,28.65636069
3131,996,104.0484851,30.61334283,360,104.0463432,30.61345444,205.6968116,,46.42686657,32.58563352,44.86570868,42.71137833,37.1100151,41.29229676,59.35940054,33.85181814,25.71210145,34.4182441,45.70256605,42.59876444,31.31114257,31.16836991,52.64278589,25.4251853,48.24159751,25.4251853,39.86586927,50.71976176,32.32779358,30.83846004,26.87174521,30.47360172,30.21426703,56.31243511,33.46931172,27.54868013,30.75520805,25.4251853,45.71040258,30.85452174,44.86231105,39.79222955,28.19194879,40.9491903,41.55327185,41.24901954,41.40058673,41.32466416,41.36259059,41.35310247,40.19626541,34.33578926,41.34954553,38.7151825,41.34999012,32.62152078,32.62152078,36.03030343
3132,996,104.0484851,30.61334283,395,104.0484533,30.61816335,534.2668117,,81.02624632,88.2437384,90.17765341,105.0575075,100.7654498,70.81191387,89.70320866,98.36226118,87.34607276,89.87665991,103.3271194,95.61029934,98.80276653,144.0719492,73.95170224,94.3367827,81.58475173,78.09015518,98.41757059,93.16145195,80.95925227,63.64528531,86.48203787,96.40904873,80.24032216,109.3646999,72.71684394,138.8971871,65.99766498,58.69869345,81.4408125,91.58859629,95.94661083,100.5432275,115.5768024,114.8694626,114.6710513,85.29314954,84.11197617,113.8083149,84.0813343,87.33725883,108.2929713,188.5647571,113.1388542,72.99280919,104.7915538,86.81707989,122.2993125,73.20116164
3133,996,104.0484851,30.61334283,891,104.0504396,30.61321848,187.8626283,,24.25275734,29.80413346,24.25275734,20.37064644,27.15422087,23.77172098,33.15222852,24.61530344,24.98665499,26.27449347,30.15481375,25.56481128,42.14337959,32.04021013,17.38574452,26.652432,32.46747166,33.60524034,31.06770759,22.77122767,33.68369616,26.95870481,36.49130191,33.96244369,30.19220812,29.10927383,33.36347603,37.22099405,27.42520121,34.73322255,32.02203891,35.13579333,40.30769036,26.52178282,31.08259496,38.06922002,37.43963805,37.48921629,31.02318632,32.51468567,24.11071165,43.26047731,29.77855119,37.33915594,38.26339247,37.18305041,44.4846347,22.19820991,27.30708459,42.12920923
3134,997,104.0743822,30.6227454,102,104.0742198,30.62620311,383.5315126,,69.948038,85.4832906,71.53955675,51.36133167,73.75277697,81.58408092,93.30999235,53.20065405,80.83802373,109.0395613,115.0772126,59.16739587,91.68083967,150.3747317,82.93495666,96.35125229,148.5703134,119.6458791,141.4539387,136.581366,67.98109376,101.8559099,93.45984515,62.77267161,112.5816943,93.16554962,107.4485171,101.4401715,71.32836986,148.5779265,122.3562178,154.5574752,122.6980061,110.3057991,97.67553426,74.85385853,62.17623012,101.9939498,93.51376655,113.3530636,116.6800095,82.10815483,95.8614038,56.39401411,134.5787067,101.0372912,148.5047556,166.3139104,115.2071553,126.7290909
3135,997,104.0743822,30.6227454,218,104.0692372,30.62263344,493.2938712,,139.1011438,75.72954952,89.23909228,81.53040899,63.28788084,67.11843612,56.9185236,80.072501,78.8685982,46.34284803,61.82273059,121.6341052,126.8469955,49.60497029,69.40333899,59.79319651,59.26111022,39.09428588,46.31867335,44.38411949,57.49180369,94.6619369,70.19201329,72.0520527,58.02403857,82.51808418,66.67802015,68.04053396,144.378694,34.41585148,75.03625082,36.19275685,47.23026426,68.31317595,139.8313336,78.34667365,47.90983641,33.50675352,61.02604592,72.74911808,87.12507398,70.19201329,76.74407676,62.42031411,75.21634631,88.925226,62.09293484,146.161147,90.47146562,60.30077882
3136,997,104.0743822,30.6227454,731,104.0775283,30.62293972,302.3180211,,72.63380112,50.76235429,57.97703367,62.32812066,70.77021952,61.53991967,66.68779877,52.18315258,61.93832628,83.84783328,59.05289615,59.4318021,82.18820607,60.50314878,51.63470681,56.89204788,82.45036939,52.0407177,77.32468035,47.82273969,63.1382089,68.57258445,55.78077383,61.95511627,87.25127698,75.15794629,75.76892759,56.90196283,65.75056484,87.18383521,77.5471822,51.3660976,58.4433406,46.91141707,62.83364523,79.18434832,67.30642399,60.35184156,64.15506639,57.76777473,59.81850271,44.36791178,64.13206384,66.20102652,66.36249244,82.00661068,28.8467025,48.64111177,68.79092696,54.04567975
3137,997,104.0743822,30.6227454,1204,104.0746665,30.6189463,421.9323369,,32.76501724,24.65838333,33.6957531,38.53441084,34.86196708,34.60501074,29.48389014,27.22144109,35.03487369,28.69565012,36.65042283,29.78735285,26.42976607,57.71841973,25.89424502,31.69571969,28.82270233,32.26205936,29.73163922,29.33764197,28.34534943,32.50843045,28.45646126,43.47639107,30.7849296,26.83668574,21.1996708,29.95378452,30.67620307,26.55518204,29.19028746,29.69611755,36.01129476,24.46547374,27.62097647,29.36015806,31.22381461,32.19833414,24.75886573,24.74318139,30.85741824,34.26585527,29.43713978,27.1034792,34.17831815,30.50473599,32.48409779,45.44246331,33.52669309,57.16017398
3138,998,104.0310372,30.69599301,1033,104.0335529,30.694869,271.2508903,,36.59479466,37.59396362,42.67311895,37.43112562,47.70702681,33.61071151,41.14139897,56.32318414,37.11176076,48.67305695,47.24643783,39.99330532,31.37719732,38.25673673,26.13154588,25.15140258,27.25125224,38.16034739,37.77575261,40.9926383,44.38650932,37.50629594,35.17467904,47.34560994,55.94549614,46.53424365,32.9798442,45.14417378,31.96007469,41.62144809,52.37502293,44.89257103,41.91947785,117.6509886,38.11363949,56.64171723,31.31825545,41.333469,39.13840501,33.87275736,41.311611,49.0881324,42.38876146,45.86675458,55.27376631,47.70078462,35.0349964,38.40377281,56.51952252,40.54123464
3139,998,104.0310372,30.69599301,1303,104.0290806,30.69429393,265.6652349,,52.74236282,52.74236282,52.74236282,52.74236282,52.74236282,52.74236282,39.60227104,62.40749401,38.25579383,38.91738945,38.25579383,38.25579383,36.59674155,43.0808489,38.22521365,40.5080409,40.5080409,41.39341466,42.318356,42.318356,28.10170947,42.318356,60.15061922,49.68284912,49.68284912,46.14691656,43.0808489,35.33478493,63.97289937,63.97289937,66.57040687,57.02855834,47.70049105,51.44422153,49.72590186,50.57046933,60.53131934,37.11752311,39.62962068,63.75965638,62.10356141,62.10356141,69.80984275,62.10356141,63.86609988,42.06244511,45.34020009,41.91650163,49.1719715,36.75614318
3140,999,104.1116379,30.71228749,1164,104.1118347,30.71478063,276.9563468,,52.53123543,52.53123543,52.53123543,52.53123543,43.25565503,43.25565503,43.25565503,33.85544477,29.02599268,81.50214022,38.07323526,31.70247531,47.64840375,42.32604292,40.08716064,40.28455953,40.28455953,40.28455953,58.13660924,62.12104975,22.40545727,60.59376429,45.32012948,34.61954335,28.58345409,28.58345409,28.58345409,27.8503589,30.74991963,37.57699178,33.2717302,36.38842513,49.98672205,40.86241182,46.59078731,34.74016894,30.77292742,27.8503589,37.76677456,45.45788064,41.25694545,41.25694545,34.86163806,41.25694545,41.25694545,51.36086792,28.60955089,33.29024536,40.20334066,44.97937662
3141,999,104.1116379,30.71228749,1314,104.1104323,30.70648699,653.154712,,68.41969824,75.09123792,83.20442191,75.09123792,73.25099574,81.45578394,104.971293,88.99912805,236.3172827,61.313089,82.89154981,83.75269682,83.31989831,83.42767804,83.53573697,83.64407622,103.4700534,83.75269682,92.57310879,87.98342238,87.98342238,76.65385373,81.92881405,80.90374288,80.90374288,80.90374288,80.90374288,102.0111481,75.93558719,71.5423011,63.80887281,67.45465829,50.78524759,100.0577431,66.14224932,71.25324131,68.6026831,71.25324131,78.82524181,119.3582215,88.1979356,117.6855337,117.6855337,117.6855337,83.777564,83.777564,57.02563371,52.64232007,54.74637865,59.22813509
3142,999,104.1116379,30.71228749,1358,104.106758,30.71287932,471.8861878,,66.27485716,67.30547845,65.27532281,61.66207899,65.27532281,65.33808754,65.30669009,65.33808754,67.95161104,66.61922651,67.27882282,66.94740004,67.11270226,67.07130023,67.05061836,67.0609577,67.05578762,67.05837257,67.05708008,67.0574032,67.05756475,67.05748396,67.05752435,67.05750416,67.05751427,67.05750921,67.05751173,67.05751048,67.05751112,67.0575108,67.05751096,67.05751088,67.05751091,67.05751088,67.05751091,67.05751091,67.05751091,67.05751091,67.05751091,67.05751091,67.05751091,67.05751091,67.05751091,67.05751091,67.05751091,67.34550153,67.27327222,67.23721563,67.25523908,67.25073233
3143,1000,103.9857416,30.67072388,212,103.9848234,30.66853964,257.5711587,,15.85053284,25.39433959,21.46426323,21.46426323,28.72985814,27.65864791,20.68037182,33.77982409,32.39322869,23.16547802,15.53192917,27.45392069,20.08352115,22.58059906,27.75800543,24.59320814,28.49041507,25.77664654,22.66948135,28.72728525,23.21684171,20.69355047,21.34076344,24.57027253,21.38963585,20.75961479,22.44747701,23.97165283,26.68093154,23.50005493,21.72921774,22.98032643,42.64059487,18.91153441,19.41389524,21.21867669,17.54386972,19.19288324,18.86984196,20.11401673,19.49894691,30.68331499,18.97199328,16.63426252,16.34111548,16.34066552,18.5965209,16.15500331,22.64361835,17.17748704
3144,1000,103.9857416,30.67072388,559,103.9869391,30.6735601,334.6260569,,26.4178466,45.71741195,35.01900595,39.58336709,30.80956023,27.18432184,37.96177957,51.74418062,34.32062122,28.4980623,33.03438221,41.62282699,30.63717713,36.9525707,52.14951536,35.00204759,56.78502785,30.91498216,39.58336709,39.97000534,37.32132991,57.18293377,37.23813925,34.32062122,49.9626002,29.26284546,41.29061885,35.4831754,39.1502699,42.34284024,40.22216377,31.6348163,38.55452968,40.10737994,50.84877918,31.72228584,80.31025366,41.17067002,27.03290446,37.78713315,40.20873848,54.93860635,38.45662585,26.63690005,44.53433659,43.17755573,71.62032133,43.92846975,33.99136018,51.37116439
3145,1000,103.9857416,30.67072388,832,103.9882345,30.67074127,238.8379871,,17.8015891,24.33443642,17.8015891,28.80324117,38.74866602,17.87560818,23.75594553,25.9338973,18.69166856,20.6191068,27.8257849,28.64862153,18.622845,24.23725873,32.1214182,30.87313298,24.60133773,23.90190891,32.4867791,38.88866576,17.60116179,15.60465977,19.78864795,29.7486904,25.97633697,20.88623693,20.35872345,25.55176088,30.11431938,18.79380882,16.92552664,17.91284903,41.14949239,31.75685147,17.51154284,34.29263183,25.90320355,18.08237126,22.20314406,18.65112264,26.29409032,78.16515941,24.2543513,14.88860179,26.6343939,21.07394004,22.77660274,24.80240635,29.13912816,18.60068693
3146,1000,103.9857416,30.67072388,1098,103.9777133,30.67160147,775.2590556,,109.1807374,76.92051264,64.4855037,65.34441572,43.88258805,48.51686397,61.72353704,60.90414839,72.69774711,58.37414223,43.11430382,56.73908606,54.79579713,128.4750994,111.2294626,113.6578887,85.96301642,119.7182885,89.54863957,105.583831,81.48708322,118.0098351,60.37963689,48.92081683,51.11598169,50.56037319,82.1345674,69.90438573,43.16987781,116.0470936,102.0450676,55.29336504,42.49072723,81.51683389,54.86761337,59.94271048,49.59894438,41.31654478,51.66480193,54.10356887,85.3496208,73.41339588,64.86769553,59.76301071,54.23800167,80.75615163,73.93198941,70.21214088,73.93198941,53.80111036
3147,1001,104.0043975,30.64251888,1159,104.0015131,30.64226997,277.7837356,,28.78510254,33.22330393,33.22330393,33.22330393,33.22330393,34.6895087,36.29110094,41.56653058,50.00107241,50.00107241,50.00107241,50.29445675,60.97691757,49.87638145,30.30368025,49.1813827,40.0466255,40.0466255,40.0466255,37.6503974,34.52814668,73.53098884,46.99072884,57.33862451,50.65231648,50.65231648,50.65231648,50.65231648,37.24474667,42.92595516,39.88405462,41.34913508,40.60338312,40.97286601,40.78728782,40.8798663,40.8798663,40.8798663,55.40285031,41.72551243,41.72551243,41.72551243,41.72551243,32.68043948,81.63440393,49.36346104,43.16639344,47.96265938,47.96265938,47.96265938
3148,1001,104.0043975,30.64251888,1819,104.0030692,30.64685288,496.9226817,,59.96385433,56.85132375,44.64491276,65.27209579,46.22536574,48.21891251,50.39215927,44.91956445,50.6453862,58.04418086,85.59433752,51.38733656,142.3545082,63.71501781,57.54650542,60.38946119,48.39283104,46.76919357,60.59006449,49.69226817,62.90160528,62.79121285,39.78328363,48.70685631,41.68361135,44.92238443,41.68361135,55.0814057,47.4549993,47.4549993,47.4549993,42.59337272,47.89616209,55.4417868,63.28732266,59.10534099,73.11668885,52.46104558,57.80886661,48.21891251,56.49969693,58.4137683,54.83284764,60.641412,58.42569191,56.36618052,45.2891558,75.4288821,58.18983076,51.47975983
3149,1001,104.0043975,30.64251888,1887,104.0086395,30.63769829,671.3528571,,77.01126774,93.4138199,88.8088819,100.961805,125.7967618,81.92780629,71.18911003,79.20702269,96.86854852,83.10155711,81.52860785,81.55917725,100.7029286,60.92950299,98.10174589,70.7425967,73.40532378,73.2555694,76.38654506,100.8379794,105.7248594,103.2236123,84.35847419,165.5390607,91.20265229,79.05314643,90.93303949,77.81295189,77.7628792,81.92780629,90.37140586,100.7554053,123.152626,108.3798334,108.3798334,108.3798334,91.06519539,190.3047469,76.04206458,113.4680885,76.88876837,130.5534253,91.15351294,89.93005714,115.1164699,89.18340537,97.84899942,76.34518049,135.5887958,93.00765254
3150,1002,104.0995887,30.62730653,88,104.0997464,30.62619552,124.055725,,20.89359579,21.5749087,20.89359579,24.66725269,25.29606966,24.30178931,20.72392622,22.16380199,24.63437058,25.66670172,29.22141396,27.86278315,24.5925446,24.27177228,24.27177228,25.66670172,27.06670364,26.28608652,29.9731953,21.5749087,21.5749087,22.38599549,23.58806039,22.30215281,21.5749087,25.59315817,26.1475767,18.22859633,22.61268911,23.50529526,28.81294258,21.98919793,35.25794289,30.29267704,35.27650948,23.93724556,20.07193753,21.97296974,22.03259053,26.11699474,43.41950373,21.5749087,29.07556055,21.89218676,22.90259538,26.38703752,21.5749087,21.5749087,27.27331969,55.82507625
3151,1002,104.0995887,30.62730653,516,104.0969164,30.62883906,307.3229515,,55.31813127,37.67944233,55.31813127,42.24773749,41.51315422,39.49280152,56.06567359,40.15835301,33.13289619,34.19977204,31.87982112,139.6041168,136.5879784,39.27914646,75.66469211,42.17392473,46.94815543,41.99217651,75.65780737,91.43492772,93.75954453,191.8547905,129.3991375,44.57769329,131.7098364,68.16775264,52.93601078,108.4669241,55.29048603,118.1170063,128.2208341,77.23299305,164.0792029,113.5701583,52.74672827,102.5993161,63.58405893,131.7098364,35.23447852,58.53770505,144.3081685,124.3104073,89.10303021,134.1045607,108.7716064,109.7219133,81.65037826,97.26264839,140.0459019,50.51884134
3152,1002,104.0995887,30.62730653,1844,104.1007334,30.62658897,135.5061889,,20.85378989,26.56622356,21.60098657,22.78412144,28.52761872,27.32897927,16.82145793,16.82145793,16.82145793,16.82145793,16.82145793,19.74988988,16.59259456,16.59259456,14.71560422,14.94095804,14.94095804,14.94095804,15.48642159,19.24348245,27.95543152,21.39571404,21.39571404,20.69235546,20.0337692,14.78249333,17.0121109,15.81912542,16.39394346,15.81912542,16.10140584,13.67726019,17.61091264,17.15670387,17.15670387,17.15670387,17.15670387,26.08675294,24.33028828,27.06364938,22.79543365,18.72638311,18.20232388,18.72638311,15.31624113,18.06749185,13.23805373,16.27430459,17.36022349,17.36022349
3153,1003,104.0428371,30.62053527,189,104.040157,30.62176571,290.8412154,,27.02008711,42.19458048,49.15626176,71.61616795,76.28622043,87.25236462,37.22767557,31.72813259,77.84597587,69.95735246,50.16563059,83.57991384,63.94066415,36.89503462,40.58249517,52.94707335,60.20864724,80.9766725,72.20885348,44.41265643,46.84690718,137.7668915,32.25844182,33.12694575,104.4417332,39.65265576,107.9410696,42.21888619,129.2627624,132.5352374,104.5286231,32.96614698,51.35289035,69.56999172,85.82199799,126.6566583,32.50287268,44.72091299,52.61449123,58.82181884,42.35551681,35.13518038,37.26079628,71.98820001,84.73061996,81.63963941,111.6234942,50.41870186,55.99082222,72.71030385
3154,1003,104.0428371,30.62053527,608,104.0438418,30.62002411,111.7340762,,21.86101491,42.90588526,17.20456263,16.8478607,21.62595023,15.17896884,20.21319971,14.03988392,18.8846326,16.17055977,22.08102512,20.26411458,23.86185356,19.43201325,27.22454649,30.94174418,15.17896884,38.67718022,24.30469331,25.17951013,17.10306348,16.35132822,16.4741027,16.60830118,16.54347074,33.10639295,13.96675953,19.52634341,14.06442917,14.75217632,20.01207335,15.44167149,14.76213016,15.93382109,16.61015861,27.81761233,17.66158833,10.5024197,19.62159387,22.49098825,22.388275,17.45087524,13.89217812,28.83460031,17.04418112,24.28024191,17.02720484,17.02720484,24.45244221,18.65112864
3155,1003,104.0428371,30.62053527,1017,104.0431223,30.62203953,168.94426,,38.37219785,38.37219785,38.37219785,38.37219785,38.37219785,38.37219785,38.37219785,38.37219785,31.63585623,26.91147504,22.86463669,22.86463669,22.11633949,22.29878409,22.39113984,22.34486654,22.36797926,22.35641692,22.3621966,22.3621966,22.3621966,22.89332507,22.62464411,22.89332507,22.89332507,25.71667383,24.79915743,27.52033195,23.94485575,32.87563978,29.90531462,29.90531462,29.90531462,29.90531462,29.90531462,29.90531462,29.90531462,29.90531462,29.90531462,29.90531462,29.90531462,40.75037427,29.90531462,26.97114572,28.36254554,27.64935183,27.64935183,27.64935183,24.9262023,25.55543282
3156,1004,104.0994736,30.62275755,231,104.0996958,30.6202998,273.2214511,,60.11289375,50.24762319,66.01323651,74.65633578,53.28262318,44.60758385,50.24049384,45.6425626,42.99878575,84.6307363,71.06916358,73.95467849,54.94956558,69.80367396,73.95467849,78.37428079,73.95467849,79.96725398,62.84966287,56.60991217,64.07799505,48.09766376,38.05018275,56.01350934,70.25694457,79.64349992,71.97052856,50.44088328,73.31159431,97.38586376,79.64349992,79.64349992,33.51268225,65.138889,57.52030549,56.4474734,53.16741751,61.76434687,58.15186292,80.22815856,87.50864982,90.70056372,71.79541781,49.99223502,141.0175231,41.32761445,53.16741751,68.06901204,71.53434356,45.22286087
3157,1004,104.0994736,30.62275755,403,104.1012867,30.62466428,273.5937563,,52.6939379,55.23014147,54.71875126,53.36807768,49.61901877,51.43276881,50.50961655,52.53000121,57.00144813,63.08310352,47.98721182,52.29178308,50.23589532,54.65448739,60.84063067,61.2947838,63.01741577,62.93987508,74.57050503,46.24119825,52.89833034,60.04699545,51.61920706,57.69428034,46.91202552,57.2166836,48.40855096,57.9721877,57.73937604,77.77517496,63.04440736,85.24522372,70.73159947,81.23196063,84.23669213,62.43970229,67.52289803,58.42707874,69.51915967,60.34077993,63.62498706,55.22829806,60.98650633,58.60543088,52.13378445,55.56999849,55.29045645,54.1174463,59.60287581,51.28746892
3158,1005,104.0290737,30.69002869,1217,104.0270254,30.68807602,292.1117815,,56.9048925,59.34550866,62.00485928,59.34550866,59.34550866,45.03650593,59.34550866,61.68660586,64.21999471,56.27303884,61.85896549,61.85896549,61.85896549,61.85896549,63.65632042,63.65632042,72.57435565,93.89307263,84.39826753,67.58370266,75.06084321,71.12630459,73.04062604,72.07075565,72.55244972,72.3108005,72.3108005,72.3108005,46.22428191,46.22428191,46.22428191,40.5502216,43.20174241,41.83400948,42.50687651,42.16775894,42.33663865,42.25203005,42.33663865,49.79288607,60.57617589,60.43692031,50.0763054,54.77095903,41.11033672,62.13308203,60.58614726,60.58614726,60.58614726,59.70974904
3159,1005,104.0290737,30.69002869,1328,104.0321046,30.68820264,353.8926153,,100.7125229,100.7125229,100.7125229,100.7125229,86.37379085,75.60910475,64.14971879,64.14971879,52.90753385,80.46400518,72.04599898,87.58842226,140.774963,107.9880375,61.03058276,173.3351585,117.6012384,99.01658664,107.5116806,105.2541203,103.08942,103.08942,100.3160169,100.3160169,100.3160169,66.09667523,101.1121758,91.21814426,91.21814426,91.21814426,113.1296065,97.66296781,96.88314944,98.45544166,123.2121291,98.45544166,98.45544166,73.74896759,84.32986365,78.68530318,81.40985918,80.71118316,80.71118316,80.71118316,109.8287427,77.58912394,102.8674538,102.8674538,102.8674538,151.6682637
3160,1006,104.0729201,30.69705475,327,104.0729201,30.69786137,89.3986355,,18.60318427,16.6211003,22.61495836,20.14617138,19.68169568,20.93153331,19.80233473,16.49530012,17.52079416,18.74840311,18.00685885,19.79529191,19.51449392,22.51250979,19.3619269,17.78352965,30.16418424,32.72899198,28.26031247,23.93814703,24.99057063,25.91264797,17.19319334,23.58630178,23.00582706,20.39697252,26.57406935,22.77582693,27.51007162,26.32597855,30.27611362,27.15362332,16.73788602,22.26639778,20.68811352,21.3686152,22.86862697,19.55739024,17.21543582,23.55495636,17.81375024,20.873738,22.74098402,26.45635351,22.25455395,31.38462737,28.56524447,28.48098122,16.26154404,23.53229428
3161,1006,104.0729201,30.69705475,1027,104.0707428,30.69704092,208.5423581,,22.79612822,25.82864068,17.29047649,23.73742203,23.69550203,23.77949061,32.5554742,51.59810922,30.85706902,13.1942441,14.36846869,40.65446691,54.93310895,19.79832514,21.45882982,39.00012931,25.24143816,17.50822036,30.64295874,33.3667773,14.91067506,12.87740119,37.85306669,13.6376474,65.39655829,46.72733334,46.72733334,32.0948695,24.44120963,22.22256998,18.54854822,18.54854822,18.34085886,28.42413589,122.4052972,60.78967524,17.11441844,16.34439381,16.37410009,14.1651413,16.40391455,15.25919693,32.80441587,23.80507298,30.49907231,154.0005106,16.22371668,20.02006638,19.38676538,36.98288124
3162,1006,104.0729201,30.69705475,1370,104.0742895,30.69705339,131.1495224,,89.08269446,55.22085154,55.22085154,49.1810709,48.30059137,34.80134746,62.12345798,49.69876638,52.31449093,53.72839609,53.72839609,53.72839609,65.12252147,34.17164877,17.04470327,22.74451774,19.48636068,20.98975407,20.21013731,20.39956116,20.49561091,20.44747324,20.47151378,20.45948644,20.46549834,20.46249195,20.46399503,20.46324347,20.46361925,20.46343135,20.46352529,20.46347832,20.46350181,20.46349007,20.46349594,20.463493,20.46349447,20.46349374,20.46349411,20.46349392,20.46349401,20.46349392,14.35070762,16.87044971,15.50889922,16.16104789,16.16104789,17.71625819,17.71625819,20.04833463
3163,1007,103.9921507,30.6764134,550,103.9885823,30.67709803,350.1660614,,20.81052944,35.83789115,29.60666161,41.34463172,39.00968037,26.33102498,44.68224443,29.02374109,27.62954128,30.19395979,20.06522596,22.57113377,40.09535054,39.95555693,21.08023112,45.26383558,28.16978371,26.34478205,20.15666487,17.58155957,64.75424692,21.81594152,30.30283224,27.2519603,53.94855153,21.88537884,24.64030143,37.96981389,54.39472798,36.6452855,35.96570103,23.15147513,28.93491555,28.6035162,48.76587315,33.97837793,60.050808,42.72609476,22.66243274,54.482888,71.11976423,91.08938075,26.28983985,23.13023525,29.94294112,25.72648614,37.42034348,29.03647499,41.06181827,36.1721039
3164,1007,103.9921507,30.6764134,727,103.9919226,30.67483657,176.124342,,21.99644861,21.24112667,20.32203946,23.52681377,21.24112667,21.24112667,21.24112667,19.10501337,17.70670602,20.64741269,19.37995816,22.48395855,20.76575212,23.22518796,19.09302779,28.36902153,26.809625,31.31099413,27.18317819,19.47545037,26.68620834,27.30205773,27.22682093,27.11687554,27.50748942,25.94195105,25.54069008,27.31101562,26.69674237,22.40450994,23.74710229,32.31639303,27.92361015,61.2606407,27.90938251,43.72742284,84.91709346,21.86371142,65.70441774,27.90449511,51.97111731,27.9046617,44.33899519,29.28626472,27.90464087,24.23111966,36.33510781,26.01221051,40.29963758,35.72099331
3165,1007,103.9921507,30.6764134,958,103.9967636,30.67595381,444.8392557,,23.8804253,23.92263892,30.67856936,26.50811207,29.64222713,45.25919889,31.49304465,23.95544234,31.50853557,28.08033176,42.14266633,24.81284971,27.33967257,22.68302154,26.10540099,27.98558565,39.42445398,23.01223337,26.46977389,25.82937614,29.16093451,25.44735016,31.18479562,30.6004074,28.17149292,23.01365067,27.61071242,30.89161498,26.25280853,25.13018942,28.21390628,43.82119759,26.67822887,29.68343504,26.60610268,31.4543839,25.20789126,26.40741871,58.07511588,30.11807965,23.20900465,27.91553725,26.88452133,29.14324514,36.90855796,25.8182715,25.06136652,50.78503131,27.75426899,27.6870906
3166,1008,104.0349293,30.64918505,488,104.0303879,30.65018741,449.1287667,,98.58924147,66.53759507,98.58924147,83.54614139,79.5147764,97.10892253,75.55437197,73.16124706,86.23272321,69.48504556,71.57227446,79.56679403,74.50984148,63.97086291,68.15818287,80.80950739,68.5595856,84.34197992,96.3853091,79.85825946,81.45408363,112.8044345,83.85431006,69.84291836,64.23076621,87.04514456,69.09673334,87.39803028,79.68770627,84.17406604,76.26714906,75.73131429,75.20295628,66.87978386,88.55735374,81.01406705,75.92096853,78.48852234,102.2037649,91.0909048,72.58646735,80.52109363,66.2649,90.03416578,70.54122059,75.5838049,63.82356159,85.47296352,91.73693958,90.49609477
3167,1008,104.0349293,30.64918505,931,104.0350085,30.64701254,240.9005755,,36.38777924,36.09748478,56.93055177,54.82564821,54.88873872,41.78106993,29.93070136,52.04753619,48.11329108,29.00475157,48.72146471,52.32229694,37.54294683,38.48300199,38.95216845,61.65227997,47.19684744,50.78087154,47.86984756,46.33680735,39.91452562,36.05996141,60.22514388,54.08994212,42.65124944,59.62703322,51.96523732,65.6173068,63.65079426,67.53783415,81.30394421,42.44251576,26.35994139,43.67144299,61.72541436,64.96195294,43.47532056,25.62014983,39.84266792,55.83103468,30.97293114,47.21611933,39.42009417,57.24370111,79.20018921,47.60955612,48.85870827,52.47399402,52.75195084,27.58988564
3168,1008,104.0349293,30.64918505,1335,104.0387773,30.64862074,373.9964236,,126.4213263,86.97591247,83.45374743,70.58385976,106.4337648,71.69260516,48.87067604,69.94218831,117.2811084,127.1375944,165.2008742,71.74354128,75.63972612,124.1727257,85.75714172,86.30686698,85.214375,74.52327259,115.0758226,98.99905331,86.86368548,92.53519759,150.4343156,72.97491192,147.6841453,122.3988295,116.3185421,110.8137551,106.0147342,96.40003279,100.9790344,100.9790344,107.4816757,118.4504802,114.8794475,116.6376372,116.6376372,116.6376372,154.7571408,116.6376372,116.6376372,116.6376372,217.1592137,151.7625916,151.7625916,135.5606991,122.4844831,109.2005779,133.9688682,92.64131596
3169,1008,104.0349293,30.64918505,1541,104.0348343,30.65134174,239.2014238,,37.87940436,37.87940436,37.87940436,37.87940436,27.01871753,39.44084546,41.1365506,44.96736949,46.11111784,36.86323312,47.31456735,41.44009267,41.97198012,41.97198012,37.27814397,39.4860585,38.35034888,39.4860585,39.4860585,43.06266442,45.10546747,44.06040068,44.06040068,44.06040068,36.48835278,44.06040068,39.91846863,57.92321472,35.23425228,35.43724797,42.0573932,51.71922677,62.40037143,79.00230511,62.40037143,62.40037143,61.07270395,61.72939969,72.19013029,33.18401255,45.46766646,34.44500503,34.44500503,28.64052524,31.27573096,29.90017798,31.27573096,46.54730409,46.54730409,57.02815402
3170,1009,104.0758934,30.67758218,774,104.0734583,30.67845521,252.537158,,27.5614395,29.16694799,30.20377969,39.2714371,32.14379855,44.00453866,26.0049705,32.48195283,36.59304079,26.80822024,30.24145593,29.42180482,39.22658393,31.73241776,26.19038585,42.18718185,28.93487488,28.03084591,27.16873422,38.80212415,50.78959602,29.8239618,21.64604211,27.56342907,79.05511033,25.36443357,22.77103992,20.24233273,55.18262633,22.44774738,24.27593508,32.65859969,40.85994467,28.9686809,30.90464487,23.77908242,25.00367901,34.24232651,22.44774738,24.43907981,47.47434824,46.9836573,37.04701584,39.80445573,62.69888061,37.34887102,18.72572129,38.44117416,28.72460565,50.5074316
3171,1009,104.0758934,30.67758218,1259,104.07673,30.67884784,161.5537713,,15.80417328,15.80417328,15.80417328,15.80417328,15.80417328,15.80417328,15.80417328,15.80417328,15.38607346,15.38607346,15.38607346,11.73750912,13.31639557,12.88314721,12.67692559,12.77920449,12.72785957,12.75348035,12.74065708,12.74065708,12.74065708,12.48054886,12.74065708,12.74065708,15.34547696,13.92227633,14.59927372,14.2527403,14.42392595,14.2527403,14.2527403,11.89352918,12.96669743,12.96669743,12.96669743,17.19419295,13.36996728,13.36996728,13.36996728,14.25474453,15.26492327,17.14351,18.26756425,17.68769669,17.97295457,17.8291847,17.8649111,17.88282805,17.8649111,12.78227641
3172,1009,104.0758934,30.67758218,1461,104.074683,30.67600168,210.06636,,23.63554305,31.16369076,19.03685075,40.11877432,30.21430581,39.01490436,24.65326474,29.08611138,28.78168967,21.98368884,21.98368884,21.98368884,14.97502764,26.34978732,63.019908,41.21192894,36.88970224,46.68141333,30.49350387,25.98759093,48.63272643,52.15440662,28.64541273,28.64541273,28.64541273,16.6389196,28.64541273,39.80204716,33.31448881,28.13039911,71.51195234,68.74899055,43.46200552,43.46200552,39.42851387,24.95837941,36.0801,25.37714416,25.37714416,25.37714416,25.37714416,25.37714416,14.24178712,25.37714416,18.98904949,39.80204716,40.01264,22.10506679,39.21238719,39.21238719
3173,1009,104.0758934,30.67758218,1536,104.0813226,30.67490618,598.7199941,,53.68921731,56.69100418,50.98933373,42.5126623,53.27216952,47.078092,51.38682864,49.13818709,46.85634736,44.41054902,52.7912661,44.41054902,38.08113037,42.05187038,47.94495256,43.3820139,41.50971553,47.13815153,44.97687876,42.8223572,42.8223572,44.14977425,43.47593583,58.06204074,39.04695614,42.97890287,42.87204334,48.87510156,42.76571386,51.81230718,51.81230718,53.23269891,51.91630619,35.50892881,52.02072355,48.67886526,45.29720446,67.63782359,51.50279519,57.02095182,48.52300718,47.37385524,62.00782448,32.90674777,76.16226073,44.10761211,39.89004279,42.44091097,46.92435368,38.69644486
3174,1010,104.0648521,30.61124243,437,104.0649681,30.60794349,365.7887633,,21.2736599,78.17004491,21.2736599,20.65630663,48.14769828,41.34504075,20.35300692,60.54434703,18.56010638,61.24835106,61.24835106,22.28154903,18.15078633,22.76955991,19.79465686,20.25906997,20.30071245,26.9567973,19.06160986,19.88432688,20.45973273,23.6522595,20.59975828,18.74504694,27.79119693,20.78673319,21.08292584,45.60483283,33.33771007,16.35825525,21.28053568,21.67637116,26.07603065,42.40121643,18.17583917,20.60781765,18.07604047,19.46547743,21.12859283,36.41057225,36.62975098,20.85256608,42.25937211,20.60781765,25.45232274,18.03272233,26.81612927,17.9405933,19.95211436,20.05084961
3175,1010,104.0648521,30.61124243,438,104.0682341,30.61107062,324.7603541,,39.63177203,17.64069822,39.63177203,36.70760674,43.62452518,36.70760674,31.09407646,52.78272121,48.51192011,40.6892323,41.74247932,40.35682688,45.80361507,35.53608738,31.74128348,18.79641921,45.89351422,94.66698581,22.82356808,27.43916937,49.3306867,32.148596,39.90229607,39.90229607,39.90229607,49.3306867,26.09681417,29.35686817,29.59841202,34.19779963,25.15626196,34.38639043,34.93873066,38.36381541,38.70114078,38.36381541,119.2997219,28.36205958,36.42172196,19.6824457,32.52120375,30.79378248,26.5713017,25.15626196,22.59748296,36.88130204,23.8083192,23.64132246,33.93722133,20.59790829
3176,1010,104.0648521,30.61124243,572,104.064828,30.61435293,344.7425771,,29.2988648,21.68444865,22.69794655,27.14706404,29.8988306,24.97586179,26.84193089,25.92513561,34.4448177,34.49167775,33.26463463,37.52800732,54.7882637,32.61154942,27.85906421,29.21109672,24.24497395,34.43599549,21.31207689,27.07139966,24.66477171,21.83279808,26.75303465,18.81839693,37.97653848,27.12205389,19.33637929,28.30484896,20.46440721,26.38242574,22.61266084,28.05477881,24.34779036,26.33111622,34.45033387,28.90057533,23.66954757,31.15511772,27.79798864,31.54736344,28.32008532,24.97631873,29.64768515,27.34143442,31.0773326,68.77657399,29.63620979,29.73648106,25.04183369,27.15102336
3177,1010,104.0648521,30.61124243,814,104.0581892,30.61123371,638.7054599,,79.55091529,66.30247386,42.45457267,67.15805232,54.06576281,54.74051555,40.26035034,85.67637282,70.93270573,58.64000255,79.74837576,44.20261484,54.56542724,52.50775638,63.5317102,71.56266858,58.93985406,64.02467948,55.33910122,55.00812573,64.02203848,49.3420527,39.76198569,51.30372457,51.25916429,52.7069262,65.07126577,71.47816338,53.97004168,60.4015387,50.55513934,52.96940734,75.89543105,69.53108984,61.6224671,71.23293111,58.14162226,48.75540352,74.53288997,86.71299769,59.69103035,59.48491078,43.26273277,72.21277322,46.81828587,62.62183675,84.60002605,72.61877238,36.56378371,50.82133555
3178,1011,104.0824791,30.61850486,1244,104.0830681,30.62309815,512.1917406,,49.20320924,51.7946704,51.7946704,51.7946704,51.7946704,51.7946704,31.79121149,39.39936466,37.17520698,36.1547111,36.65785817,36.40454622,36.53076307,36.49912688,36.48332932,36.49122639,36.48727743,36.4892518,36.48826459,36.48851139,36.48863479,36.48857309,36.48860394,36.48858852,36.48859623,36.48859237,36.4885943,36.48859333,36.48859382,36.48859358,36.4885937,36.48859364,36.48859367,36.48859365,36.48859366,36.48859365,36.48859366,36.48859366,36.48859366,36.48859366,36.48859366,36.48859366,36.48859366,36.48859366,36.48859366,36.48859366,36.48859366,36.48859366,36.48859366,36.48859366
3179,1011,104.0824791,30.61850486,1337,104.085047,30.6139843,558.2127839,,80.27560675,62.40888267,60.30205618,197.0162767,197.0162767,197.0162767,197.0162767,54.31259519,66.32231096,66.32231096,66.32231096,60.80381307,63.44328404,62.76216348,62.42705825,62.59416236,62.51049863,62.55230251,62.5313936,62.5366195,62.53923281,62.53792613,62.53857945,62.53792613,62.53792613,57.08994381,59.68988148,58.36097068,59.68988148,59.68988148,73.20823395,65.76151654,69.28535844,67.47746286,68.36946118,68.36946118,68.36946118,80.38264088,73.89096045,77.00021891,75.41355504,75.80405901,76.00083149,75.90231773,75.90231773,75.90231773,75.90231773,75.90231773,76.40935445,76.28196125
3180,1012,104.0041934,30.67864559,97,104.0016803,30.67972348,268.7515305,,39.22319634,39.22319634,35.59622921,96.75055098,36.44698668,63.08104383,44.78155565,44.38098669,40.67997939,64.24339375,40.05197453,38.7268451,47.6017471,77.71128593,59.81486923,38.39307579,51.46305903,47.95566343,45.58585531,45.70892172,43.5323064,45.12581398,46.14281275,48.6387353,72.74477517,54.85077923,47.78712623,58.63669756,37.99105404,43.69614647,56.74519119,32.85247911,39.38953729,39.59776985,46.07169094,46.29212966,35.07837788,59.17464892,40.30267141,41.39061004,34.87177204,40.61494535,35.57005551,38.54603625,39.91860566,37.53658622,30.76329125,49.61566717,36.33740351,34.06709542
3181,1012,104.0041934,30.67864559,638,104.0055209,30.68097239,287.5339652,,45.64478428,22.02387819,43.95423672,31.67933511,36.42659031,38.05596598,46.92304056,35.84839047,35.81737975,35.29828729,41.49974756,39.55881304,37.11593814,29.93846058,27.45682426,31.99310206,25.28800346,37.04804133,42.59762447,32.75703401,45.99341002,41.15794333,70.89878594,49.40917779,39.77415081,40.75284546,34.05007483,41.33874899,39.73597984,33.75398722,49.12431683,41.40489099,42.84022094,50.00232137,52.27890276,36.5398685,24.18509988,29.54678234,36.55092778,54.23536923,39.83793232,35.53051287,39.92757087,35.19114096,39.45201619,37.2346142,32.84017369,27.64011414,33.59842594,35.30258672
3182,1012,104.0041934,30.67864559,1057,104.0026792,30.6762614,301.4362171,,33.26888015,34.0178803,28.5571153,47.9392538,42.0201503,28.40016701,35.89883115,30.29791665,30.01024285,29.24199357,45.9385392,42.83567296,35.00549618,37.03653179,30.67619453,39.41296786,45.68069893,34.98292655,25.94032785,33.05087457,34.34083486,37.21115753,44.62049266,50.37541422,38.27011533,47.34141268,61.1019359,39.31776745,32.52258885,57.3336897,31.62839935,44.87265534,57.72182881,37.57515172,41.71440237,45.43386462,46.29002238,37.54914815,33.78838759,39.40615254,34.0178803,28.57591525,35.73557787,26.43533207,38.28375303,36.628597,55.08479094,37.72318823,41.0272356,31.34066084
3183,1013,104.0999452,30.68004742,154,104.1023914,30.67925837,250.1177755,,46.11646565,49.06942735,49.06942735,47.64148105,49.06942735,43.16854935,50.36163085,48.04396576,56.82028739,67.05039848,69.86048212,47.60605987,38.15355897,63.53423054,44.13843097,54.81088376,35.31074478,90.04239918,53.07017632,61.66689522,64.19811329,62.90705215,63.54602579,63.22492459,63.38506853,63.38506853,63.38506853,47.70458235,62.52944388,60.12848025,61.25333278,48.08672853,43.4288099,51.97252478,72.03391934,76.79522318,45.55264713,67.57403316,45.07754652,51.60022876,47.79954834,48.69624428,49.15732788,48.92569977,49.03080889,49.03080889,53.10522552,58.50619098,55.67502975,56.31946783
3184,1013,104.0999452,30.68004742,223,104.1002021,30.68127471,138.2294114,,40.29359361,20.13012665,15.32549784,21.08477881,22.97618535,21.54224593,24.75237543,23.5505377,35.29261568,16.88775614,27.11857662,25.91801464,23.09168822,23.55160943,29.35845906,28.68160698,23.20272212,23.03823523,23.03823523,27.11857662,30.52919516,27.11857662,27.11857662,20.36667999,20.22869435,24.47340399,24.47340399,24.47340399,24.47340399,35.54470579,39.38991144,21.04497118,34.14242752,38.37731729,19.9042059,39.36913616,23.36957469,38.27891393,39.65146462,30.20490932,31.23174986,26.39925098,18.09548658,16.95759352,16.45171702,16.70082533,18.18856086,19.03645959,21.76206477,25.06931391
3185,1014,103.9936314,30.64138601,251,103.9911505,30.64022479,270.3514961,,41.02277707,34.94669249,34.94669249,36.08027381,43.43965124,43.50761672,44.98915498,54.57562913,33.44554591,33.89692245,30.60582975,36.26452525,37.57684259,37.72648376,39.61731557,35.78181566,37.74679629,36.8661131,34.82165961,36.39999218,37.74765365,37.06157579,37.40146869,37.23074651,37.31591234,37.27328078,31.44637758,37.28392953,37.28925619,37.2892573,37.28925675,51.02308708,37.28925689,48.18145475,33.47430387,37.29581553,29.09612514,29.09612514,40.20373368,40.53794442,39.00429021,36.79642291,29.09612514,29.09612514,29.09612514,29.09612514,36.97114477,34.03025825,26.15914763,26.15914289
3186,1014,103.9936314,30.64138601,860,103.9966501,30.64288317,333.4956767,,117.9935564,47.36033279,41.39946331,105.7783644,31.98537655,48.11961668,39.29899955,67.32249176,30.93210216,36.4261894,37.75422755,55.6792782,27.38247089,57.87692371,73.73773757,88.01938681,45.8150901,45.47668319,61.25430797,49.18475241,77.03108204,121.2711552,49.45756969,49.41189016,49.23737267,46.14972563,56.89973631,42.186835,88.93218045,42.18729419,43.32968603,52.54198845,41.57268282,41.83251131,59.24438411,57.34612082,62.36802266,67.44856383,80.21722289,82.41526572,124.8008769,61.72670623,62.26166657,64.65995565,45.31506647,67.82962916,53.24099495,70.40419481,87.50615424,71.46335929
3187,1014,103.9936314,30.64138601,986,103.9960972,30.63746196,494.9595688,,99.57275483,89.81121208,111.7150124,123.5254383,73.54171408,158.387062,80.41464225,80.855562,76.915618,65.67094162,71.75854811,63.63765885,70.39488347,70.63822692,131.3406226,72.92719432,69.15347144,165.7539021,189.5589838,84.2255951,72.86118561,78.01464307,89.12694076,86.74849072,85.08399709,80.05857264,91.71309657,119.1875885,177.5934666,111.7266415,84.03154511,93.4130772,101.5784008,119.3206104,74.94672207,80.35996947,75.03861511,77.40110346,69.53578332,93.53566654,90.07988678,91.61205387,129.5894144,108.9838635,168.4968745,95.20148428,79.90378689,128.6537507,129.6837298,75.55432331
3188,1014,103.9936314,30.64138601,1091,103.9913554,30.64443734,402.4217299,,64.15677163,59.42240474,69.71085085,59.42240474,64.15677163,56.32652518,85.72297205,59.86438957,85.00442242,48.13017368,52.46263629,77.05948019,62.4255315,77.05948019,81.61792832,69.7617124,58.37682582,63.72660826,63.72660826,74.07166057,80.61497211,77.20492388,78.87310717,78.03010064,78.87310717,78.87310717,83.98366537,75.51757925,72.43591138,72.07553371,72.43591138,89.42705109,80.03968109,80.03968109,80.03968109,69.85140924,84.22780393,76.36891026,80.10606733,78.94922221,78.94922221,49.16464573,50.39019922,50.39019922,57.08109644,57.08109644,61.64758415,61.64758415,67.34309019,74.19811665
3189,1015,104.0300293,30.65164912,488,104.0303879,30.65018741,165.6061356,,19.01697251,24.53424231,23.75227443,35.3817263,24.9477568,30.6183024,18.34406425,30.21193015,19.46187448,29.75950524,28.81498734,15.36551774,22.90072042,21.47630001,27.32691007,31.79637804,24.71221091,47.63105896,29.01129383,23.28836282,35.39923333,35.00090538,25.64224035,13.89701837,22.98902654,35.98684636,14.61230608,34.39512048,16.06959806,27.38205833,25.0233825,27.37291498,29.36857577,25.64224035,26.89669649,24.86682328,25.20854495,33.58772328,28.91280738,28.12179661,27.61700466,27.13001539,26.21733017,29.61782263,23.60727622,20.10732169,38.71312261,16.65313095,25.92096035,35.3817263
3190,1015,104.0300293,30.65164912,1646,104.0295853,30.65343078,201.99432,,19.96997896,29.08718208,29.08718208,29.08718208,27.36329452,24.44301015,25.83231091,24.44301015,21.41913261,21.41913261,20.57085013,20.98642286,20.98642286,37.873935,20.98642286,14.20272563,20.32647245,21.7068523,19.70676293,21.7068523,34.89345259,26.76406154,33.02859433,30.91092676,33.02859433,29.04845082,26.25196939,16.97035127,52.8857856,39.73658754,22.54820316,65.80810425,47.21945143,25.90901016,35.99898772,34.09986176,35.99898772,32.39107136,34.020096,28.66862022,25.66516066,26.22041654,26.81340531,46.43547586,26.81340531,22.44381333,27.96844431,27.37874819,20.48393104,25.24198619
3191,1015,104.0300293,30.65164912,1829,104.0243492,30.65209681,546.5316574,,113.0755153,113.729131,112.4293695,112.4293695,112.4293695,88.42759401,103.5533667,103.5533667,103.5533667,103.5533667,103.5533667,80.1431351,146.4650596,121.3578391,111.7773351,116.3707355,116.3707355,116.3707355,220.4497442,180.1658192,165.0826178,172.2947413,168.6115928,170.4332708,168.6115928,168.6115928,133.1650739,148.8065692,148.8065692,148.8065692,295.8667619,198.0191511,237.2502778,215.8667505,226.0539478,215.8667505,215.8667505,72.24653489,99.78938122,82.90086939,125.3193609,111.1066711,111.1066711,111.1066711,121.9533451,116.2776046,116.2776046,102.2085177,108.7900822,106.4900157
3192,1016,104.123009,30.63877907,117,104.1371922,30.63929681,1360.418285,,119.2394023,131.7964617,117.7689481,112.2155137,116.2306083,112.7748882,110.0315845,99.26344829,134.6726565,118.3522181,106.2426337,106.2201109,150.2942714,128.6457791,134.6759292,109.1543954,109.0619736,109.7292115,111.7386682,94.23458159,117.1737057,112.4435921,108.7911551,126.4665072,105.7990862,114.5957043,118.5009087,103.6403035,110.7577387,116.6506784,108.7834474,103.1609437,112.7807905,118.6081176,108.5386664,130.7074025,109.4714726,111.9384214,119.1526727,134.5116693,132.2407067,105.5383219,105.0537511,105.4545571,108.9679912,123.2168108,129.8180417,123.1530198,114.7450442,105.8920179
3193,1016,104.123009,30.63877907,606,104.1185063,30.64065262,478.8591703,,37.82692724,39.03036164,37.36271472,33.00896148,45.63581769,36.00612002,33.42783303,38.69207174,34.64991501,44.45314629,37.37775076,37.68529784,38.10410049,35.41463447,32.58496975,44.32057315,35.34238948,31.72930888,36.53681738,33.23434197,39.63984956,43.21004719,39.38451434,41.26449405,38.67088957,32.71144237,33.75953243,42.59642295,37.04695305,33.05432085,29.81300226,35.75014482,42.90069714,33.85160556,36.57083742,31.16407978,33.65461657,35.38783312,38.74461049,32.41862895,40.44561002,29.72870038,37.55758198,37.04565326,32.39325878,36.77358248,34.97875605,35.83299914,33.63002951,36.55413514
3194,1017,104.0431223,30.62203953,1003,104.0428371,30.62053527,168.94426,,21.28431622,35.57835873,27.22467932,23.61939169,37.63027601,31.5947707,25.3284471,19.7307165,35.00427833,30.53081796,31.11941538,37.56952238,36.60307664,24.78472044,29.97901841,37.11361318,36.97260401,52.13882006,39.17548058,30.75597148,26.51911535,37.77635627,21.38754277,21.78913707,35.42294624,31.5496997,31.5947707,26.79292231,33.14437798,34.5895357,40.38955193,21.04136268,25.53465431,30.18764735,33.40225187,53.52296886,22.12100084,19.710734,45.90183668,34.08748165,28.49598639,23.01605813,21.31989961,42.6889766,33.82912476,41.38583518,36.85662392,27.40241719,49.85240459,33.82016698
3195,1017,104.0431223,30.62203953,1173,104.0427743,30.62252235,63.05385226,,14.32137969,14.32137969,14.32137969,14.32137969,14.32137969,14.32137969,14.32137969,14.32137969,11.80722331,10.04397647,8.533604065,8.533604065,8.254322478,8.322414964,8.356884239,8.339613984,8.34824018,8.343924853,8.346081958,8.346081958,8.346081958,8.544311221,8.444033359,8.544311221,8.544311221,9.598049393,9.255611341,10.27121575,8.936766462,12.26993882,11.1613457,13.57720333,11.1613457,11.1613457,11.1613457,11.1613457,11.1613457,11.1613457,11.1613457,11.1613457,11.1613457,15.20896939,11.1613457,10.06624692,11.91568862,11.91568862,11.91568862,11.91568862,14.83620053,13.97960697
3196,1018,104.0847891,30.6093794,573,104.0836116,30.6089152,124.0511176,,10.98487581,10.25556388,11.83839007,11.88439171,14.77472472,11.79118531,15.70738504,22.42563138,14.67760829,17.09243325,18.3635971,20.11639745,14.88321919,22.86991121,14.20833246,19.4533479,16.91428179,13.14901584,18.98614532,17.91926905,25.98642485,14.78662468,13.39414012,15.69863933,13.64104434,16.48345987,14.99056841,16.19818728,16.44371979,16.66037107,13.5100533,15.52795631,14.61490013,14.75426784,21.19238129,12.90091237,22.32218996,16.7125804,11.56001948,12.68284672,10.78495285,13.19160439,12.79546541,13.55289579,17.9610292,32.91682224,9.942099001,10.51310447,16.18895993,21.41494764
3197,1018,104.0847891,30.6093794,1108,104.083316,30.61359505,488.0924974,,49.67160398,46.7141421,55.35148813,52.12755473,59.55205437,59.59581664,46.75076294,46.95914634,52.53635118,44.71897401,45.12290671,56.60410697,49.57094817,57.20278458,53.6429162,50.42655453,52.85651353,45.28887815,47.80927078,43.14629811,46.62504965,44.02599653,42.56298404,43.48666334,41.89052526,52.31508718,48.5008069,57.53701735,54.55803296,51.65911463,49.18671616,51.35087636,53.33033409,51.12609586,51.45739167,64.8965435,43.52930612,46.03751097,49.24747182,50.99907877,49.32057732,54.47295257,41.16557557,50.3646343,61.30301347,53.79490161,42.90195508,47.99973047,48.92586435,55.4077288
3198,1019,104.0494214,30.73264506,95,104.0492907,30.73539337,304.8576438,,28.28576076,28.28576076,23.70383408,19.63305041,16.42945386,24.33453476,31.11968386,32.15295462,28.5602607,29.48253909,30.23381591,21.14407307,22.26141009,25.57624938,30.23381591,26.90813477,23.00008769,29.18849781,27.71433125,25.47113473,26.66231443,30.21300806,24.99556397,30.82456446,33.12961503,30.30207558,30.04731356,31.63765108,33.23453759,28.78709718,30.57362152,32.68916141,31.32252721,30.63976852,34.2427716,39.34668128,39.71600405,36.52207684,36.52203234,36.52205459,37.07727336,33.87307153,34.4174843,34.24298007,34.24298038,42.08964585,34.24298038,36.78215392,35.46717898,35.7870287
3199,1019,104.0494214,30.73264506,1471,104.0558742,30.73252706,617.9361295,,68.97891678,68.97891678,68.97891678,83.31723094,75.47311505,79.20142648,77.29233672,78.23523697,77.99736173,77.87896572,77.93811876,77.90853103,77.92332209,77.92332209,77.92332209,139.0356291,96.93115757,96.93115757,96.93115757,96.93115757,96.93115757,96.93115757,96.93115757,96.93115757,96.93115757,96.93115757,96.93115757,96.93115757,96.93115757,96.93115757,96.93115757,96.93115757,96.93115757,96.93115757,96.93115757,96.93115757,96.93115757,96.93115757,96.93115757,96.93115757,96.93115757,119.5469807,135.3350611,126.9520428,131.0095862,128.9489034,129.4579726,129.7140175,129.5858686,129.6178821
3200,1019,104.0494214,30.73264506,1528,104.0496097,30.72806879,507.5159509,,53.30583292,53.30583292,56.65294336,61.46534645,43.34441572,62.30374845,78.24657059,78.24657059,79.06487228,79.90047039,112.0894125,58.43467238,76.82091479,71.21873989,68.7132777,69.94357883,69.32297003,69.63189164,69.47708743,69.51572392,69.53505827,69.52538975,69.53022369,69.52780663,69.52901514,69.52841089,69.528713,69.52856194,69.52863748,69.5285997,69.52861859,69.52860915,69.52861388,69.5286115,69.52861269,69.52861269,69.52861269,70.54275765,70.03201388,70.28645792,70.15900521,70.19082503,70.20674578,70.1987845,70.2027649,70.20077463,70.20127221,70.20152099,70.20139659,70.20142769
3201,1020,104.0927207,30.68269427,84,104.0946566,30.68181985,209.2367022,,45.83684349,71.7382979,34.5528499,52.43054253,53.46953881,35.19869757,65.61429686,21.70755412,36.56563728,49.80179358,33.93027603,38.56239563,57.12638021,43.92140688,36.79528888,41.90554258,35.44715896,59.71421175,44.73959722,60.26017023,32.09311392,58.71675829,32.48610091,44.57113183,33.15856762,31.76702102,47.77497639,41.87642129,30.14631775,63.4763029,46.49704493,58.24114393,31.57958822,35.01462535,53.99656831,43.54058543,49.23216522,106.091849,63.97045672,80.99485246,53.99656831,50.50541089,62.08121935,30.49603757,26.52296225,43.70902097,37.19763595,66.07474806,53.42213673,44.60045494
3202,1020,104.0927207,30.68269427,450,104.09088,30.67998414,348.2928019,,50.4907686,47.48547952,45.08239413,63.40780347,55.23586286,54.22071727,70.93941085,56.03817148,49.1707485,52.26025161,50.27986313,72.65034182,70.29315133,51.65207361,56.22664067,65.41847408,69.05692806,69.5298015,64.95050772,51.38746258,46.16121811,74.63417184,72.68719344,76.02955553,63.91100793,76.02955553,73.11102547,50.33031959,57.02113763,70.12785031,66.5931609,66.5931609,64.66498643,65.30490036,51.17771783,66.5931609,60.64590505,47.28550924,49.25659878,73.37247582,78.44759669,73.75612276,77.75839298,64.30020958,89.5610062,56.02252273,61.02469598,66.41176307,73.9555126,64.47339819
3203,1020,104.0927207,30.68269427,1170,104.0910147,30.68363489,193.8310893,,31.18623113,29.13536207,32.55638825,33.5880588,21.5367877,28.62148981,31.43206854,31.22111506,31.22111506,31.22111506,35.08696023,33.04134579,43.0735754,23.78836096,28.27930786,28.27930786,29.31385632,54.65733065,30.42697332,34.21946488,34.47588545,34.3471966,34.47588545,31.01297429,22.36512569,29.13536207,27.47212289,32.95357362,32.95357362,40.17995708,32.95357362,30.03408558,32.95357362,37.63710472,32.95357362,31.15142507,32.95357362,42.5482879,42.5482879,46.51946143,42.5482879,42.5482879,62.11797522,50.50363725,50.50363725,50.50363725,42.1202367,37.65064325,39.76022345,39.21097195
3204,1021,103.9748388,30.66471229,24,103.963491,30.66467205,1087.243613,,103.757781,98.65170865,93.03935383,111.5121654,111.5121654,75.06860389,53.36164972,180.2683711,143.6358535,130.035781,138.3371595,145.2796909,161.5718063,160.0849492,72.46054316,118.312892,134.7997637,187.9831153,102.5970382,121.4765915,133.4344434,183.8614831,147.9802271,76.94057582,105.3469195,111.43563,97.00314763,116.3731337,123.8968907,78.59592383,141.2280661,102.071599,59.3266693,74.69612608,126.8267394,101.6643378,124.2564129,128.5769331,136.3314875,81.09275566,145.6491072,164.056013,139.2909967,197.2448255,148.9651658,79.42526394,71.64265419,112.1813383,115.6994727,135.3053425
3205,1021,103.9748388,30.66471229,329,103.9742914,30.6685123,424.4185627,,40.74418202,40.74418202,44.91013135,47.37695584,31.20724726,51.0578722,58.65285319,58.65285319,43.34487449,47.37695584,50.03378881,47.3036169,49.19309631,34.14316929,38.08164064,44.10033022,48.9361434,38.27421908,38.62251834,64.06317928,43.12640234,49.75094585,40.31416427,44.89442192,57.76585352,44.46436743,48.69822552,43.02394703,36.80717728,44.38724492,45.10181451,40.80645437,44.92102384,46.05597063,44.56394908,44.56394908,49.77696038,46.53093876,55.56024821,29.84193019,68.10877382,46.2002064,55.16775039,60.51116141,52.36144022,49.93159561,37.19042984,44.47245627,51.18615832,61.11627303
3206,1021,103.9748388,30.66471229,487,103.9776502,30.66449919,270.3876214,,28.77030849,28.77030849,27.93243375,32.12526195,34.51756869,39.78431267,35.63593033,39.60917343,30.51396354,36.19691739,42.78661262,36.12974093,40.18144219,29.05658021,26.36765097,28.93914989,32.15949585,35.35334518,26.35570442,32.93289658,30.01782619,35.87452471,36.24344712,30.16053734,39.77100866,30.9158215,30.41860741,31.0039688,30.75499011,28.70314595,35.91865081,22.7561762,28.5872375,31.54065933,31.54065933,31.54065933,34.3652405,31.97591663,36.47725078,37.63914881,38.6766837,34.84709202,34.56353013,30.96698103,47.48270425,36.90598813,36.69728321,28.71372971,34.74085878,43.07059456
3207,1021,103.9748388,30.66471229,916,103.9749723,30.66252693,242.5459691,,23.91415238,23.37792473,24.4755568,18.1720185,22.63259432,29.10551629,27.11694064,37.43474764,24.91199683,31.52221981,20.63001745,27.64822446,30.63738557,27.99518637,22.75349808,22.75349808,21.67560171,25.93560857,40.77037301,19.8785541,19.75487531,23.79197517,30.19841118,22.18972017,24.89424059,25.64362669,24.15395543,23.78589907,23.04911993,22.13347247,23.22900218,22.24625449,20.52092806,23.29718402,23.19164645,28.25778281,29.39951141,23.29006307,32.39946155,34.15806313,20.88198983,28.28829877,27.80781811,25.75709406,24.45841705,20.54507032,26.01287454,21.29671924,25.51483485,25.48981289
3208,1022,104.0235065,30.64133113,605,104.0209969,30.63933628,326.6865222,,40.00243129,43.39747158,49.73986523,30.82756173,32.80534114,39.69861536,48.19965082,25.10291313,38.54392396,47.36494079,27.96840618,25.02279745,32.06301745,36.88641529,37.2646223,72.44793512,45.69832867,49.41476806,45.15908042,49.54793301,43.66876478,47.84668348,34.7950142,31.50191464,38.70614998,23.66341006,38.22324203,33.43011597,47.71081054,49.72818097,38.31198378,26.85094703,37.27643359,28.37325645,44.25480639,27.38233946,43.88326418,40.44378208,42.89622419,34.76562652,36.64158233,36.22396755,31.81437727,61.73603569,45.06020996,32.25058903,62.17117954,26.26136539,48.76170946,57.02164751
3209,1022,104.0235065,30.64133113,1275,104.022218,30.64263573,190.1381143,,32.28760432,32.28760432,32.28760432,32.28760432,32.64692582,33.01433496,39.88911489,36.12757977,37.91528129,37.91528129,40.50279358,39.16634816,39.82336148,39.65705027,39.57441451,39.61568929,39.59504113,39.59504113,37.51959923,35.65089643,46.72335915,34.57056624,39.73858993,36.97486625,38.30694433,37.62912003,37.96500696,37.79631727,37.88047431,37.83834901,37.85939994,37.84887153,37.854135,37.8515031,37.8515031,37.8515031,35.04251937,36.39288888,35.70494086,35.70494086,35.70494086,29.68270982,29.68270982,29.68270982,57.41355922,33.00372283,33.00372283,33.00372283,33.00372283,33.00372283
3210,1022,104.0235065,30.64133113,1807,104.024969,30.63984056,216.6409876,,23.10837201,32.90749179,27.15082873,29.75326868,28.39253899,29.05698192,28.72091809,28.88797265,28.88797265,31.11333332,29.9593853,31.11333332,31.11333332,37.91326986,42.56459653,42.56459653,42.56459653,43.61899079,44.3381214,45.08136158,53.78672796,53.78672796,54.4438084,55.11714172,55.70768253,55.41083875,55.55886414,55.48475272,55.48475272,55.48475272,45.87691502,72.54954003,77.99075554,49.05078965,42.50177413,42.50177413,42.50177413,28.30880419,42.50177413,42.50177413,54.66641742,47.82264009,47.82264009,41.81809948,66.23418729,41.93051373,71.33300813,45.60862897,53.69415183,56.51504024
3211,1022,104.0235065,30.64133113,1815,104.0250489,30.64238503,188.3873173,,21.68487106,17.14777098,29.48671053,29.48671053,29.48671053,32.02806811,29.48671053,29.48671053,27.25496352,43.38130122,23.67170479,30.83869688,37.81752839,24.43943576,33.68514946,33.68514946,33.68514946,42.29902344,37.30379748,41.79348887,24.61685453,29.94235507,48.04210216,36.89180466,23.53819843,49.74530629,28.28166565,19.48834317,28.28166565,33.30195641,40.48921446,41.2694326,43.19709186,41.2694326,40.67132487,39.2019851,40.09030594,87.50894739,38.80940442,29.74536589,37.60781936,36.26246006,35.01003242,78.17802216,41.69227513,38.75396242,33.49107863,22.79644848,41.04050483,34.91347965
3212,1023,104.1288196,30.6700879,988,104.1289722,30.66742428,295.5676572,,33.58889042,42.26483904,32.72258672,41.72719866,39.11930636,34.64811351,31.4666144,54.56633671,49.68296805,34.73577298,34.73577298,32.94252526,33.14777464,45.1535568,58.14445715,49.49039841,32.93615217,48.70112867,32.94093176,32.94212686,36.00836151,54.26011812,32.94257506,32.94250037,32.94253771,32.94251904,32.94252837,44.57115905,45.34115547,45.49625081,32.94252545,32.19496417,32.94252531,32.94252524,37.35670799,32.94252525,54.79685232,35.58255755,56.65833684,50.62655244,39.45285747,39.85181895,60.1154557,32.94252526,45.37499215,28.30655935,39.74946779,40.58814413,54.24339726,40.26952573
3213,1023,104.1288196,30.6700879,1848,104.1230265,30.66673235,668.0776837,,77.73968689,112.7939186,117.9705113,75.55421853,98.56900041,81.81006843,90.22150094,118.8165154,274.866247,274.866247,274.866247,274.866247,274.866247,274.866247,274.866247,274.866247,274.866247,274.866247,276.4459381,275.6538294,209.5929988,169.0741414,103.6672268,128.5279712,114.7667002,121.2581521,117.9231581,119.5674046,118.7395894,119.1520592,118.9454668,119.0486734,118.9970477,119.0228549,119.0099499,119.0164021,119.0131759,119.014789,119.0139825,119.0143857,119.014184,119.0142345,119.0142597,119.0142471,119.0142534,119.0142534,161.9582264,137.2044508,148.5572313,145.546474
3214,1024,104.0348444,30.59050259,282,104.0317101,30.58346893,835.4650817,,161.9205542,123.0635963,94.93921383,85.99907437,80.80319,104.9799056,95.4564706,64.59434726,100.2558098,110.7572367,107.1617919,75.06414404,75.06414404,92.82945352,79.31456221,69.94930283,70.67353622,92.11866138,129.8510219,152.287306,89.65256513,94.13046584,142.5438054,83.09039028,63.58719438,95.9469519,79.65239126,113.4971432,74.67844306,85.52628324,95.98960514,160.8381975,115.0162254,69.86242164,72.0938256,100.2558098,87.60216391,88.4899269,72.51533644,99.85362162,129.4203193,130.0850299,77.31810525,86.0564891,84.41031356,75.57181565,73.6473165,101.5420086,80.75841987,80.99412968
3215,1024,104.0348444,30.59050259,842,104.0318859,30.59257463,364.9657052,,33.56006485,33.56006485,23.9802252,26.7048077,36.29493201,79.14918908,45.20217449,33.19477901,37.02799076,42.98396528,33.03704856,36.25685147,35.76340012,34.08325061,30.68780705,38.66617242,35.55123097,25.83573963,31.31384005,32.65303607,41.02979276,41.6618022,40.39001685,45.3321405,39.69163957,30.90728332,30.36694619,40.25191034,37.32603803,30.24876096,38.47545115,31.24534685,41.6442643,25.71186964,34.40818486,34.85083657,34.16215649,32.80590609,28.75003367,37.82935473,28.797294,43.64232828,27.51573903,45.22810805,27.59230406,36.64927584,34.09566728,33.60298053,29.55852731,36.59678532
3216,1024,104.0348444,30.59050259,898,104.0442832,30.59070038,905.2748885,,74.22313926,75.47040346,81.39976649,66.87393158,75.92628098,94.06961639,74.21065822,84.23722546,87.58108805,70.83293476,104.0103063,111.7048706,73.13300642,72.66846893,72.60638825,82.89349399,96.70592281,85.30211099,81.82419747,76.3766018,75.52698954,72.22137615,107.0495454,187.8380172,82.97320204,94.73806973,96.02915944,124.9612576,79.84923764,82.97285042,122.2885403,69.7429752,81.22429839,64.09025759,71.58681161,79.81199018,69.41404896,72.18138646,84.42978235,83.07391279,82.97286106,85.11333504,75.75270527,77.60818912,133.2920081,114.7531549,65.463467,72.29346936,101.7374485,129.3716549
3217,1025,104.0736856,30.60409951,46,104.0737429,30.60663216,280.7455374,,28.87668385,28.87668385,31.14588396,32.39371585,33.74570733,41.87916857,33.32840675,54.55783723,36.35553722,46.5217001,34.61246352,24.92438803,40.26629222,40.26629222,40.26629222,39.90854628,39.94798161,35.65022697,40.26629222,38.09110307,41.80698799,29.60409885,43.28410855,49.54333013,31.93314169,35.77642247,27.99678489,58.8747923,30.21476636,45.32214954,59.89238131,44.42566746,61.62706919,63.54837418,37.61850873,49.18169998,47.17311247,41.16838838,45.32214954,50.37676933,64.78418731,40.18623995,37.67694071,39.39008515,39.00372155,39.19595125,39.14771641,39.12364347,39.13567624,36.42104269
3218,1025,104.0736856,30.60409951,447,104.0716305,30.6042902,198.1395557,,19.63667999,19.02139735,20.7355349,25.38442706,45.2890413,31.77293544,26.92977444,20.29309817,22.22125858,30.28884928,25.93826911,17.83256001,44.49796635,27.01903032,18.2663867,29.47530581,27.16049121,25.72293695,26.56774349,18.97080852,38.69633277,28.75724881,28.21938627,25.97267953,29.0550876,32.1186822,26.5059153,21.61522426,31.4846572,37.20869968,25.33933927,34.79523905,31.49237971,32.59569234,74.30233339,33.6436947,27.01618776,34.17017488,32.9850821,22.97270211,34.51463228,26.41588975,22.58365676,21.44195593,24.77700349,28.56939495,25.45236041,27.55291517,26.05113269,46.4188113
3219,1025,104.0736856,30.60409951,787,104.0751744,30.60399139,143.2339061,,12.1793224,11.86748129,13.71388463,14.66454495,12.3359345,16.77339318,13.78985457,13.98983664,60.663772,18.83279993,13.37592897,17.59870519,16.29200828,16.29200828,11.22180766,13.59815564,14.60742385,13.71388463,15.91487846,13.16672996,12.59199175,12.4476056,12.4476056,11.66281169,12.30671564,11.73497332,15.55454673,13.96375498,14.24425586,16.20242143,17.49125041,20.63600048,14.14009311,16.6336149,14.37329789,14.14009311,13.37014854,17.48828428,17.47939193,17.66761837,18.45368389,9.873471746,12.62336851,12.62336851,12.73190276,13.83345572,14.1781629,14.35703992,14.35703992,16.29200828
3220,1026,104.0089903,30.70038617,1278,104.0070896,30.69981339,192.7918389,,30.48761784,20.05926648,23.93828306,17.73553544,24.55565195,25.24655033,29.23197558,23.06667496,27.05695245,23.45260807,35.28857339,22.88078967,22.88078967,22.88078967,22.88078967,22.88078967,22.88078967,22.88078967,22.88078967,22.88078967,22.88078967,22.88078967,22.88078967,22.88078967,22.88078967,22.88078967,22.88078967,22.88078967,22.88078967,22.88078967,22.88078967,20.35339062,21.54321635,20.9314085,21.23290616,21.08107939,21.15672039,21.11883216,21.13775929,21.12829149,21.13302433,21.13302433,44.77745936,26.24009906,26.24009906,26.24009906,26.24009906,26.24009906,26.24009906,26.24009906
3221,1026,104.0089903,30.70038617,1389,104.0114888,30.69862622,308.7220713,,91.34790052,91.34790052,91.34790052,91.34790052,88.05655006,88.73448756,88.73448756,88.73448756,55.98989706,61.88192966,61.88192966,73.60261303,67.23529683,68.2887531,68.2887531,68.2887531,68.2887531,68.2887531,68.2887531,72.99832228,72.99832228,85.16470932,78.61357784,81.75812095,80.15502054,81.75812095,81.75812095,83.3133026,82.52838589,83.3133026,83.3133026,129.9882405,87.64979942,87.64979942,87.64979942,87.64979942,87.64979942,87.64979942,87.64979942,87.64979942,87.64979942,87.64979942,50.86496369,60.56672788,60.56672788,60.56672788,90.50484175,110.0395502,90.50484175,81.52074256
3222,1027,104.0707428,30.69704092,168,104.0708018,30.69481683,246.5623188,,115.7770888,91.82320838,30.43465035,37.93266443,32.70740089,27.68573213,34.9917614,59.37286607,39.62608695,37.42092528,31.55997681,38.09546557,27.65184884,24.09839858,35.87810621,21.57045802,34.58196481,26.34144406,38.62595073,58.91312041,40.85727722,48.24045368,34.04120221,35.96533013,38.53651293,32.60927067,30.29434634,33.31193799,31.94534927,39.85484563,26.28139786,39.8633689,26.71957699,29.46470864,35.08396631,31.58805508,24.70197628,24.95329492,21.66698977,55.76697471,21.87164717,26.21030169,26.90256006,35.98477085,32.04420028,35.75423198,25.82806055,37.61120117,26.73388749,30.3980941
3223,1027,104.0707428,30.69704092,1006,104.0729201,30.69705475,208.5423581,,55.81802893,35.92428561,62.43263943,39.58795038,38.55416938,47.25338049,33.80985493,35.05264249,33.68963631,39.60828924,38.45083171,42.90014224,43.20615879,34.73360914,34.65163803,35.64000627,34.66821093,35.46862153,34.43550712,27.7094915,33.1560026,54.01097044,28.27878485,58.42431822,41.36377351,32.21442046,66.43827338,35.36280765,38.90055327,61.41124656,46.77585602,30.75673142,34.53941865,30.19510246,35.3006903,28.3689399,30.45048577,45.50015086,32.8556888,61.03678774,36.12643557,25.98366003,23.96018583,32.56628983,91.5551816,85.31278286,66.6348363,39.60008025,30.55517855,35.97650128
3224,1027,104.0707428,30.69704092,1425,104.0672117,30.6970296,338.1936844,,25.55327209,21.0822037,26.50849408,23.14633581,25.01278405,24.14072566,27.16415136,36.91622995,27.42110955,23.4635447,25.76713786,23.39091765,19.03082866,22.92838538,53.14647933,34.58799045,27.87310586,26.10165644,21.76261246,34.80552498,24.76745378,84.31421495,22.7569582,24.12478066,26.39369723,44.84336147,29.13369858,33.34467001,46.91704292,28.41774207,23.04618942,35.05270434,23.54927009,19.83217566,23.42569512,23.3034103,24.08501016,25.03078256,35.26057446,21.85027394,23.24101676,22.68910294,22.92838538,32.55340278,27.50211022,30.36626067,28.45450807,41.0738464,27.51123645,26.16866768
3225,1028,103.9950403,30.66375076,128,103.9975143,30.66374322,237.0402654,,23.84977517,28.63573676,26.28372552,28.63573676,28.63573676,25.00339266,25.6876868,24.30316712,25.60675035,22.62014461,29.68156367,32.64830054,26.50139613,29.9583528,24.23307323,26.79327748,25.41016943,25.60615006,24.98013866,27.65304732,30.39193383,30.38977762,27.70600505,29.20613072,27.48292932,33.0497659,37.02147312,33.33378732,35.39381814,31.25805698,36.53799852,33.95271706,36.39385672,31.68752155,29.4104758,27.43874455,28.16319985,27.43874455,27.43874455,37.34551227,31.63466007,43.93024224,30.16685658,26.31073861,28.82922147,27.58658261,42.77418323,37.88434874,34.63602052,24.82458052
3226,1028,103.9950403,30.66375076,277,103.995139,30.66594927,243.8490966,,27.65992116,27.65992116,28.02043083,31.89306986,34.14124444,23.34725393,26.4255493,24.6387112,25.95369647,22.75714187,30.53414775,39.90257944,29.82182747,27.22036427,29.26189159,38.16768469,30.16689855,55.42024923,32.07759127,24.52113821,41.40833716,27.78027683,34.51599271,35.83088766,34.1163662,25.48205364,33.42094217,37.99731628,42.17613682,32.15592483,32.7558488,39.21921435,62.70405341,37.87947132,36.21272249,34.15785011,46.44744697,52.27768852,30.69429188,26.60171963,48.72857767,51.53102922,49.45671818,27.51902031,37.43525577,42.3983624,48.76981932,43.25305266,33.18929103,41.86916125
3227,1028,103.9950403,30.66375076,1084,103.9903198,30.6638787,452.4942728,,54.66373765,53.99835761,64.34944478,61.70376447,53.79194476,51.57718361,53.4763708,54.11891635,47.42175146,55.03308723,61.17466542,57.56110891,50.5894218,46.48001804,49.23040443,68.00612659,51.04268321,72.29198442,60.33256971,56.95732105,69.25932747,67.59250548,64.04899275,64.28172967,55.09523365,71.34216273,56.64373395,104.4217553,104.4217553,104.4217553,104.4217553,104.4217553,104.4217553,104.4217553,104.4217553,104.4217553,104.4217553,104.4217553,104.4217553,104.4217553,104.4217553,104.4217553,104.4217553,104.4217553,104.4217553,104.4217553,104.4217553,104.4217553,104.4217553,104.4217553
3228,1029,104.0316515,30.65804403,596,104.0322445,30.65667491,162.0293732,,17.75664364,15.71097742,16.39545976,17.24481134,26.06953044,24.98097403,15.72252678,32.04976613,17.33449461,21.05321881,23.30019198,31.16677875,24.61205669,17.93637136,15.98097927,18.90780368,24.821521,18.57661604,48.0746492,18.86055587,24.58550213,20.0146088,20.10008341,24.2061709,20.07864639,17.99863441,24.25294593,24.05384509,19.39349079,18.77090084,16.32994803,20.83234798,30.86273775,24.24769912,22.88370904,22.64561182,23.49197517,18.57661604,22.34887906,19.00018709,19.1912393,18.72300064,20.50283809,19.11185379,24.71634506,22.52145728,21.25710371,33.9526044,25.52760366,33.2367945
3229,1029,104.0316515,30.65804403,1367,104.0304595,30.65771852,119.7730366,,9.86688631,16.94235488,16.94235488,16.94235488,16.94235488,16.94235488,16.94235488,16.94235488,17.38640854,17.16150972,17.27322711,17.21718719,17.24516163,16.91120703,15.79424658,16.61591259,15.79424658,16.1946641,14.71614102,16.50460983,17.5724068,17.0217787,17.29271064,17.15617509,17.22417229,17.19010644,17.20712251,17.20712251,17.20712251,18.99484281,17.20712251,17.20712251,15.26311263,16.17692313,15.70673784,15.9383636,15.9383636,15.9383636,17.72591703,16.78468129,17.24246362,17.12569287,17.06789859,17.06789859,17.06789859,12.96790772,13.79644091,14.25171955,14.25171955,21.99912917
3230,1029,104.0316515,30.65804403,1427,104.0314734,30.66097788,325.6090627,,65.24263222,46.88770503,107.2127402,31.55296435,38.78222087,34.79607052,36.68116959,36.68116959,39.20376675,37.21246431,37.21246431,37.21246431,56.3554147,44.02601411,36.12303931,39.68489634,30.01773689,47.77959073,42.12731809,32.78860492,32.41085601,32.59863618,32.50447489,32.59863618,32.59863618,36.2347025,36.2347025,36.2347025,46.20995896,46.20995896,65.24263222,54.1011981,59.15185663,56.51390722,56.51390722,56.51390722,52.33002793,54.341555,53.31682557,54.341555,54.341555,62.28441157,62.28441157,62.28441157,31.53881504,41.87399235,38.7032564,37.29138788,37.98420693,37.98420693
3231,1029,104.0316515,30.65804403,1481,104.0350137,30.65903884,340.4914895,,40.52130123,57.95599821,57.95599821,57.95599821,57.95599821,57.95599821,57.95599821,57.95599821,57.95599821,57.95599821,57.95599821,57.41308488,57.6832641,57.61548118,57.58164943,57.59856034,57.59010364,57.59433168,57.59221758,57.59274609,57.59301035,57.59287822,57.59294427,57.59291126,57.59292777,57.59291951,57.59292365,57.59292157,57.5929226,57.59292208,57.59292235,57.59292222,57.59292227,57.59292225,57.59292227,57.59292227,57.59292227,57.59292227,57.59292227,57.59292227,57.59292227,59.31142074,60.2097108,59.75719011,59.98259698,59.8696814,59.89787041,59.91197488,59.90492183,59.91197488
3232,1030,104.1263697,30.67396483,214,104.1275404,30.67140374,305.1985315,,34.12157495,34.63035828,43.31048079,42.76468208,36.68496539,34.24848386,36.54717623,35.93041665,39.47330283,39.47330283,38.45020869,39.62187931,34.22787269,30.51985315,34.83283549,33.29438525,30.90618041,34.80616832,47.77020493,44.21943256,34.11384989,33.56562261,33.38881827,22.70071722,45.21459726,37.84725082,41.11648505,39.46532735,36.82842615,27.39936941,36.98969648,30.94971024,28.14601078,31.21031954,29.13944819,33.39558399,29.14362635,47.66658193,34.30803164,31.25809949,30.74452675,31.68139738,32.95114417,41.30506441,28.280945,33.67707934,33.53936662,35.29883839,38.55139345,30.70751016
3233,1030,104.1263697,30.67396483,1590,104.1219214,30.67305942,437.7910577,,107.2141366,91.10102935,91.10102935,79.1983823,79.1983823,45.22375345,57.57252266,50.65641809,53.89349204,53.89349204,61.24538114,61.24538114,61.24538114,64.89354135,64.89354135,64.89354135,58.91767505,58.91767505,58.91767505,62.79074931,62.35599635,67.06586416,67.06586416,67.06586416,115.8858682,50.7583835,70.59564648,59.05565556,64.31207581,61.57188359,62.91215599,62.23480469,62.57164726,62.40277142,62.48709524,62.48709524,77.12120092,100.7059302,150.7149542,140.7185543,145.545312,144.3078438,143.6969672,144.0017576,143.6969672,143.6969672,78.6058757,52.07206413,52.04340587,44.90164694
3234,1031,104.0400367,30.60236365,77,104.0422154,30.60430027,299.4921877,,18.16633321,19.09113547,21.44548733,21.05804445,31.16103687,22.33501061,26.15335053,19.94767578,19.88329877,32.92127865,18.62127592,18.76713448,28.7896362,23.62684899,21.69359911,25.85544066,30.36034849,20.82417915,34.44638581,34.22767859,20.43927726,38.97946044,27.80585108,26.02663332,28.11399937,19.33940584,19.92923985,28.32077425,22.44437941,30.98195045,18.36749362,23.87096404,18.08737324,37.05057992,27.34163675,37.7643389,23.50665427,20.3813209,16.76783633,24.00509902,17.59131793,21.70451687,19.74673765,25.04100742,20.166881,21.07588211,16.04422434,20.69427784,14.38041848,20.23026317
3235,1031,104.0400367,30.60236365,1167,104.0318858,30.59596115,1055.552618,,40.49003116,42.5835921,38.3514492,41.84525273,43.61265308,44.8002656,49.06621228,43.70781054,42.98817606,43.31231645,43.96054443,43.17911553,40.99602004,40.85211461,47.49562713,42.53475333,44.97996737,42.19670855,40.19791631,45.34142697,48.44350695,41.87810599,41.01105186,37.00722975,47.03888672,41.16069242,40.4118432,39.86431772,43.85446538,44.35236211,40.22774508,40.29681256,42.6235327,40.58854121,37.95078146,39.54614866,43.49123491,42.57908085,41.6304132,49.12720653,44.50794485,44.437824,47.86658764,40.21468054,44.50380788,41.4606381,41.14971812,41.05877282,48.00997378,41.6133173
3236,1031,104.0400367,30.60236365,1197,104.0385742,30.60321236,168.8362632,,10.24112127,9.223225304,12.0897175,9.964107336,10.29315068,12.59117895,10.13017579,10.13017579,10.13017579,10.38992389,10.38992389,10.38992389,11.66622932,11.31863217,11.15248711,11.23494543,11.23494543,11.23494543,17.66891127,15.45608512,14.54527185,14.98685277,14.76276093,14.87396285,14.81815326,14.84600561,14.83206636,14.83903271,14.83903271,14.83903271,40.38608289,21.70354552,28.23406133,24.54179421,26.25876987,24.54179421,24.54179421,14.13512901,14.13512901,14.13512901,9.907262388,10.70795944,11.15888555,10.92877312,11.15888555,11.15888555,11.64736662,11.9080035,11.9080035,39.72617958
3237,1031,104.0400367,30.60236365,1221,104.0463133,30.6009013,623.1866319,,32.42753339,34.47075864,31.94691171,33.41856589,34.08117681,33.05891288,44.13025571,38.88322153,30.23625366,31.9355427,30.95705538,30.6265021,36.53367146,37.41954606,40.3865324,36.26714879,44.37685441,36.59388327,41.64854711,56.03645162,56.15589494,53.55413268,56.09610969,51.73061437,59.27270475,52.40505994,57.2440462,54.71777706,52.61315343,55.74473771,55.74473771,56.05176452,59.27270475,61.7859028,60.14441334,59.27270475,41.44265259,58.83230442,52.60954801,55.73944338,52.60663475,54.84639913,49.84433816,53.92756072,57.28043038,64.43913203,53.46659436,61.35757595,51.35362466,62.03007384
3238,1032,104.0688553,30.57844617,148,104.0685886,30.59134338,1429.612616,,108.0916848,113.4446455,108.0916848,133.1592605,155.9577399,149.1769686,134.2009235,258.6233878,114.2058581,114.6328468,245.8213616,156.8555664,138.1639038,109.6237231,134.904467,178.0832324,105.9244748,131.0471911,121.4209826,195.6884189,141.4265393,98.59397352,132.8156237,101.8681521,173.9170014,249.8352144,146.8907403,155.6124957,201.4129896,187.8323145,122.7720758,263.928483,175.8240498,129.8008933,140.0516943,124.4644599,159.8373558,145.4057177,126.2454313,189.4455982,152.4543693,152.4543693,140.3300727,152.4543693,196.3104418,196.3104418,196.3104418,189.4455982,189.4455982,123.8156877
3239,1032,104.0688553,30.57844617,626,104.0658772,30.57810036,288.1393449,,25.62293063,26.69730766,23.40694333,21.89863077,18.8714671,22.48587761,20.98031299,23.09605659,20.45119478,22.57252643,21.9961472,21.04060125,18.61465485,20.16730325,20.43587584,19.16022485,19.45505801,23.78578136,19.5212761,20.44623984,34.9848783,21.63459662,24.38086913,23.78279898,25.11721277,24.73999592,23.73765769,25.76034421,29.71075926,23.6674335,21.35137964,24.09527623,23.56284368,23.5995489,25.61446801,24.4155604,23.4438844,23.23594126,23.99970746,24.60976611,22.59747525,25.27692091,28.59652634,23.93312759,23.44974635,34.60555935,22.43722793,22.44179657,26.88740398,24.30134049
3240,1032,104.0688553,30.57844617,739,104.0723172,30.57817949,333.2923204,,33.60930962,29.10791113,26.82574274,25.67749657,23.50731141,24.3131176,23.73399529,24.3131176,22.91186999,27.08852498,24.95035869,24.3131176,23.44340592,20.93298185,23.11297575,20.66039352,20.98331802,26.23875212,26.19764964,24.74432571,25.33839854,25.09905234,32.24258418,28.23727029,30.8115821,29.46831095,30.8004209,32.13800562,32.07708036,29.67791699,28.55416718,28.63827219,28.59615784,28.61719952,28.60667481,28.61721833,28.6119456,32.1209757,29.34298596,28.45077912,27.25644491,29.93705847,27.46991693,29.45929042,25.0426256,25.34138267,24.32543449,23.86331496,23.75381593,27.65370963
3241,1033,104.0335529,30.694869,420,104.0364018,30.69170185,444.6049052,,47.6253366,42.52331718,30.05215281,36.11411685,52.23249186,45.93076091,46.9951845,47.43623587,60.49046329,62.89106714,43.26372769,49.6046795,44.57812724,44.08545798,43.42478445,38.75959944,35.7780009,45.5745347,48.90459891,42.18707588,46.8621771,53.41668865,57.30517644,42.02461908,42.45564081,56.87011027,76.36343792,48.11355687,54.81966734,46.85320776,37.2950134,49.12487234,41.81783563,37.2901862,54.9340226,63.11950085,47.17409285,47.00339929,40.91456183,45.45250958,53.6480416,51.9668071,34.19307111,39.75355874,45.21405816,55.01985702,34.10927349,46.43842336,34.45807661,46.17843837
3242,1033,104.0335529,30.694869,1089,104.0361937,30.69651471,311.8389865,,34.64877628,54.14567612,54.14567612,70.66060434,83.77763816,70.66060434,70.66060434,57.27654854,65.26862508,40.6010977,45.08515467,45.08515467,61.79561566,52.13407205,36.44871271,67.42464573,47.31803378,47.31803378,47.31803378,72.89742542,94.81590806,72.89742542,72.89742542,52.27568575,60.88788347,60.88788347,60.88788347,64.76655875,35.19186055,64.76655875,97.61916099,64.2108876,63.66467022,40.89691626,113.9716093,64.76655875,64.76655875,64.76655875,64.76655875,65.65031295,64.76655875,59.31943733,61.92343928,60.5934745,61.25123827,61.25123827,68.03759705,35.63874131,68.03759705,120.7118657
3243,1033,104.0335529,30.694869,1483,104.0289982,30.69883277,619.1076603,,59.9970665,49.82089541,53.68289715,47.49781726,67.52927301,67.79185423,45.98147079,60.51398167,48.80556738,57.89058642,57.07035449,60.90816254,54.71655263,103.6163448,48.45717093,59.44718884,49.4279263,67.86564358,73.1523715,93.92278032,58.45115696,63.77308548,56.95741793,54.433479,70.21813933,56.57353067,54.98653562,82.30186408,61.12177579,84.49908298,69.27676807,78.66679292,80.84470921,87.63253908,68.58767197,67.65903352,65.26464355,60.99105958,59.62138287,63.58880391,55.75770605,63.03641632,57.62118865,56.60269141,69.56162461,62.84831811,46.12420707,68.33860214,52.88289959,65.39520765
3244,1034,104.1059183,30.7017592,789,104.102964,30.70175908,282.9339802,,35.66949789,35.66949789,70.04440081,46.58059429,46.25623654,46.08879315,30.86552511,36.0765878,50.57409775,41.65899095,50.0697774,45.64619912,49.92952592,42.44009703,48.58007926,47.70783741,61.86145646,59.30493908,52.63888004,52.54190346,33.35902824,48.50296803,74.07726027,68.5438983,47.37499203,58.20356164,83.83229043,86.13634915,114.4452055,52.95818001,36.3339713,35.24437124,74.79251683,42.7967365,79.94679129,70.75253795,32.33531202,86.99248564,86.16459022,75.26322628,80.72179837,26.18412156,43.03784487,121.2574201,75.44906139,54.25098955,51.44254185,33.01660709,64.06052382,55.3566483
3245,1034,104.1059183,30.7017592,838,104.1059658,30.70347163,189.8434963,,32.77087445,29.039719,42.64814893,35.89006626,35.89006626,42.64814893,35.43969496,22.8268733,32.27817633,28.62811428,27.51170426,28.64311198,35.87593631,35.33852019,27.28289767,38.57137703,37.57726937,34.21459758,38.12756411,34.69221252,34.34354707,35.83935488,37.58243534,35.92307946,45.79139609,37.04263342,36.99250807,42.29186799,39.79252324,85.60792318,40.8876211,40.8876211,42.12243986,37.15706142,37.04263342,34.73997263,44.23537778,33.87541941,45.08497668,40.45998539,39.56038669,37.85184974,39.31230873,37.96082165,38.38315276,37.75113663,38.21283683,35.71657103,36.01773843,34.79045993
3246,1034,104.1059183,30.7017592,1398,104.1104171,30.70159507,431.2349607,,112.2250018,83.50224249,66.48590401,66.48590401,66.48590401,64.93325307,116.2880793,62.09783434,67.17313811,82.1671642,61.36149638,77.49313771,71.29487295,76.94898927,68.4741469,70.88345716,68.3896854,73.46849713,74.99738447,45.66017231,66.01470694,80.43760925,58.36262626,72.92282216,72.92282216,72.92282216,72.92282216,64.68524411,73.66291144,82.35787048,77.76810813,79.9972101,77.76810813,78.86691137,76.66399301,90.93825113,78.20885937,78.20885937,78.20885937,62.29718533,69.3520598,67.44266559,67.44266559,67.44266559,75.54481063,67.44266559,67.44266559,67.4701446,75.06331624,50.02510823
3247,1035,103.9738584,30.67146973,303,103.9672858,30.67160707,629.8633935,,105.5882755,121.2571239,70.16528777,84.82611986,67.68681244,86.86978483,78.56729372,112.252882,42.66243117,68.43586167,83.91962312,71.28394094,71.28394094,72.21363747,150.9435943,61.71708535,78.53798533,72.09883042,103.3033356,73.98069222,187.3973733,65.51042046,79.84183861,139.8257893,70.48204936,122.7338683,110.0509549,74.34453169,101.3977962,141.0580539,279.939286,51.53427765,94.5780278,82.68033607,85.36501521,44.20093989,114.1363196,84.10193142,88.57453971,76.347078,80.88614329,87.97316068,81.53362021,65.25203501,109.9397923,80.98243631,107.848191,100.723429,46.84934332,75.55362563
3248,1035,103.9738584,30.67146973,329,103.9742914,30.6685123,330.3942817,,28.42101348,34.85222809,25.02723649,30.79403014,23.64650923,39.15784079,27.5116287,35.32928952,37.015127,31.54958658,52.92188717,40.82675335,44.85554044,80.63860435,30.01689373,77.99471568,36.26278702,45.20358819,36.80632555,41.11573283,46.64389859,51.26807819,35.94381695,21.96527081,38.41483776,38.11223757,33.90269114,44.01181921,26.40220675,41.48454122,45.71227003,50.31385001,61.1202628,36.4852581,49.71450007,38.52370572,81.46708316,40.18308831,42.10334209,32.94790621,35.77201245,47.01262506,42.54438374,38.45105865,24.06108053,37.40312623,42.97811794,42.90061007,42.13950363,40.31930217
3249,1035,103.9738584,30.67146973,895,103.9736664,30.6735115,227.0412404,,26.32362208,23.62563311,24.45582072,23.99848688,22.60991606,25.10879877,19.88682398,27.24013367,26.97229414,23.02390043,32.86017243,21.20229482,27.20338812,32.56368388,17.96370254,26.96080313,32.2579673,24.06718858,28.79161612,24.3246406,24.85807375,27.4074905,39.87065685,25.00458821,27.37899183,27.6150462,28.48214189,24.7937971,28.01688196,38.7368941,58.59128785,29.40763537,47.86813853,34.57382103,26.71073416,35.33015718,30.99241721,28.13937911,33.13574859,43.13523245,31.88695341,26.5804379,37.60393859,72.49210336,37.32184774,35.17368329,25.86545777,23.64727821,30.03362671,22.62556306
3250,1035,103.9738584,30.67146973,1098,103.9777133,30.67160147,369.6031152,,23.97425612,37.32317573,37.85408861,37.32317573,25.12091658,30.02981865,30.02981865,30.02981865,30.02981865,26.34794485,30.02981865,40.07744623,33.41744365,21.03669905,22.98050457,22.52151684,27.98257024,21.78050769,21.08670705,28.86271615,32.77269002,26.21815201,21.97475169,19.94859392,29.0246136,24.5492844,26.60002428,24.36943617,29.45370702,20.72540833,29.42656575,24.23626985,27.13605469,25.17637114,34.3107585,23.80270509,20.87170533,22.57118261,23.95267713,19.33969789,26.37405777,40.32033984,20.77394559,23.90247691,25.44113221,35.17371036,30.85382527,28.84707241,42.24035602,23.70728222
3251,1036,104.0637964,30.64608944,1086,104.0695714,30.64525589,561.0544808,,73.77377349,52.61598517,56.21990545,96.1269155,56.97208697,63.0700215,83.80896809,83.80896809,83.80896809,83.80896809,73.71518726,78.43868469,76.00361734,76.5980993,76.89884139,76.89884139,76.89884139,85.04404762,76.89884139,76.89884139,93.22135987,84.27705252,88.52385028,86.34826623,87.42252502,86.88207508,87.15146219,87.01656014,87.01656014,87.01656014,62.62933739,72.83580229,67.34807267,69.98452436,68.6409918,69.30624744,68.97201551,69.13872754,69.13872754,69.13872754,120.2259602,111.9000627,98.39024727,111.9000627,43.34326461,69.76843285,69.76843285,69.76843285,69.76843285,94.11911141
3252,1036,104.0637964,30.64608944,1469,104.0637469,30.64866629,285.6313402,,39.92000614,21.7101748,36.84936745,26.06521736,26.2297339,30.55788484,24.12815022,38.57157551,39.4042887,27.3149907,25.00190577,41.15336027,22.25010749,27.79115742,32.60661278,37.50083241,23.05298316,36.44511278,25.19202703,30.72317321,28.37484416,34.23581904,32.74232844,36.24325163,22.26069396,22.78861222,31.97977685,30.31549813,31.87207516,21.8034054,29.12204189,31.45305111,29.69362667,41.93608584,37.31696668,47.41385689,21.66913792,28.98054934,30.29901509,25.93646642,42.16318405,29.32735206,23.09860332,24.27318559,29.86880243,26.09645519,33.44656474,27.27514124,25.14114486,42.79868095
3253,1036,104.0637964,30.64608944,1616,104.0605402,30.64747371,347.7028268,,41.21873317,27.79353277,39.15225367,27.59411059,30.18170147,33.12879412,27.0678789,38.63517619,31.3538243,27.68510493,29.11307928,36.23477136,28.62304777,35.55388895,28.33972382,32.56310234,35.78025642,38.86192219,29.41492155,26.0363418,29.26776148,35.13687274,31.1965031,34.93755618,27.44868296,31.36314556,72.35434546,72.35434546,72.35434546,72.35434546,72.35434546,72.35434546,72.35434546,72.35434546,72.35434546,72.35434546,72.35434546,72.35434546,72.35434546,72.35434546,72.35434546,72.35434546,72.35434546,72.35434546,72.35434546,122.7186448,104.528616,97.31624307,100.7935723,99.90114889
3254,1036,104.0637964,30.64608944,1813,104.0639621,30.63984577,692.1685752,,59.3801464,48.58901926,84.32510561,42.61233248,44.86205686,58.4432315,44.34908509,62.50142648,55.31760964,58.91342562,63.96784446,79.86560483,55.77185642,63.89629402,59.45614103,62.95532833,46.7976339,64.31391408,61.24310275,49.60190619,51.62187179,83.83201585,50.73287526,91.27497695,54.21593448,56.84250212,63.40475498,47.97387867,74.33606576,49.1549897,53.42639088,68.06237166,54.31088181,64.87203308,51.1702181,78.3647171,59.8457699,61.4809644,61.88902504,44.74856931,82.74087828,54.30125177,63.0672013,56.09837864,66.32437771,47.81973845,54.61397978,48.29429725,49.74711626,85.79494283
3255,1037,104.0909857,30.64806866,58,104.0919899,30.64973175,207.9239017,,32.66079535,22.86448404,29.63533002,24.81850286,36.23068955,25.14242957,20.94104574,26.79048125,26.61163111,27.65335519,23.95283348,31.37875956,30.48985931,26.0659099,21.50936914,35.59786643,18.31629803,31.67885322,20.61108892,46.92953267,33.07880254,29.93015815,37.11699402,35.0761971,25.96794609,20.47950879,22.21145537,27.06167918,24.84439224,30.16039013,40.13544483,25.96044091,26.35655092,25.13237984,24.40845802,24.55422307,30.09149934,45.49582494,32.36869389,31.14964819,24.5016709,22.41095946,23.83840911,32.0796877,36.98251216,21.47850921,23.17418099,53.46614615,33.83593378,73.92849838
3256,1037,104.0909857,30.64806866,1202,104.0888813,30.64903065,228.0972339,,20.81495671,27.13050799,27.01151454,23.76700556,25.28560561,35.80224412,22.08877047,18.37024703,20.84137163,20.60602364,40.90411168,23.22913839,24.5853306,23.00140174,25.46991446,34.79449331,28.5319681,20.57160857,24.27642401,40.61078348,26.53150378,21.66622802,33.72279433,23.62341893,32.4244834,31.22243506,39.94475534,31.22243506,22.55906709,24.65916042,17.08949099,27.19039874,30.63992694,21.58648901,25.32850222,21.2389277,33.95988594,22.87326022,20.44569043,24.67768721,26.79119224,28.0255987,28.0255987,28.0255987,28.0255987,28.0255987,36.65848402,31.28190636,45.74652045,25.87114184
3257,1037,104.0909857,30.64806866,1695,104.0875368,30.6431534,637.1693347,,71.13813386,53.37100626,65.17661815,53.43761456,60.39746938,59.83200795,65.31968499,73.0923398,57.68680675,61.16825613,60.65528571,56.67614673,86.53844301,55.65997963,59.75856687,45.60257664,68.76752623,43.06275854,59.14929358,41.99578185,55.34873228,101.2891469,70.79659274,59.089796,62.07314465,83.29010911,87.0950889,57.69783802,65.76289005,54.41208848,48.71909456,48.20374432,55.85749716,53.29933598,78.55512346,64.21239952,53.35395396,56.12910941,72.3956084,63.60965527,62.17018727,74.62576999,56.79308513,72.81935254,65.05415783,51.6973091,64.58836378,62.5698201,77.0296699,64.49324099
3258,1037,104.0909857,30.64806866,1718,104.0932502,30.64666933,266.72183,,25.95131319,26.4801204,26.4801204,28.97400688,29.42085347,29.8816988,30.13175485,33.98671518,28.53487632,23.45125453,25.87748852,26.672183,25.12877956,30.666385,28.57733893,20.3288339,25.28501878,35.37946161,22.67293006,32.59053332,27.4006935,25.1780321,29.49012862,28.40299022,28.47669584,28.47669584,28.47669584,46.25234046,23.25447923,26.05694947,29.79207533,35.74494511,30.73865028,29.69686355,27.65814463,21.55673546,25.88136356,28.15196582,17.42647165,25.85158543,23.89874804,28.22836192,49.88044613,27.84529497,28.32444212,28.037724,27.08580093,36.5557838,20.98794728,23.65021153
3259,1038,103.9999551,30.58885883,242,103.9781162,30.59455801,2187.141314,,222.3987132,262.3913598,258.5782834,150.261617,216.9065766,373.1615512,387.3903434,387.3903434,387.3903434,296.4219757,335.8553444,314.9089856,335.8553444,675.8548266,335.8553444,318.1296457,311.8918095,305.8938901,285.7970501,325.7524729,325.7524729,346.3825672,305.7750963,152.7392576,178.5927696,155.8700124,175.5524161,172.0148007,261.5850077,323.3555947,351.1129869,336.6631205,287.7817518,280.4526707,341.9402584,425.6058773,161.1813456,207.4758559,233.0361444,569.5268521,569.5268521,278.3868732,390.7547757,341.7161112,341.7161112,341.7161112,293.977924,274.7840766,335.0217349,317.6149917
3260,1038,103.9999551,30.58885883,714,103.9997597,30.58962127,86.55318403,,10.76680935,10.76680935,10.24298036,22.09868528,9.374931175,21.19669813,11.74819352,11.46013286,12.26094422,9.012045192,8.962362296,10.14749318,14.66312765,11.76656317,27.8206663,8.999275071,9.98020007,10.09631036,31.15914625,9.849887216,10.14748579,10.38887827,11.95854243,10.37320496,15.71709773,9.611734756,9.41496572,10.49677601,10.83754898,9.107915833,10.026343,12.27178107,9.792666809,11.36190844,11.76444345,12.31586808,12.47767589,11.76612909,9.663452052,23.25309422,9.780026172,19.84658997,9.497765397,11.74819352,9.4921206,10.54633483,10.88264914,8.385742031,9.003092134,9.585463366
3261,1038,103.9999551,30.58885883,821,104.0158469,30.58332268,1642.699056,,165.9870385,158.240644,114.5375446,148.2134487,90.42380125,207.1354326,185.557471,166.7401297,159.8301784,150.7159376,154.60697,153.9028393,173.7624859,153.0398948,168.1028052,155.0122307,164.0231116,165.6372758,154.2708679,146.469761,164.4269105,162.9871365,168.6421084,152.9672062,239.9073672,150.7463526,166.7262045,150.1712151,150.643951,179.7229186,159.8301784,141.0612773,150.5862351,131.9289816,156.0347388,164.5899416,166.3758117,151.633759,158.6630848,155.0688023,158.6630848,168.0033125,122.376871,139.9144306,139.8123521,134.3009069,132.9672086,132.3102437,132.6379126,132.9890121
3262,1039,104.1040346,30.59590093,62,104.1041006,30.59388005,224.0604964,,47.56001103,34.06325114,34.06325114,22.59433577,31.22391434,34.4708456,25.8531342,31.26425531,30.69905945,27.60026645,23.89978628,34.805514,30.32397696,28.1541985,20.16544468,26.23147275,35.10849998,36.43671539,31.78528346,33.80347377,33.87778825,41.55954759,37.32755239,39.40364664,41.36501472,44.38062102,31.88212597,24.96302629,28.5170905,29.51153152,30.68932608,32.88961415,40.33088935,31.20378286,48.10841671,29.68234727,24.44296324,28.36873812,45.63608413,50.97110819,26.94714211,32.87565065,34.72902523,33.04399912,33.44359832,30.09299998,30.90921367,32.11917149,39.33496691,41.36501472
3263,1039,104.1040346,30.59590093,190,104.1071128,30.59610836,296.0129091,,39.57832768,34.37569267,34.37569267,34.37569267,36.66214929,37.00161364,33.72298964,33.72298964,33.72298964,31.85789156,35.7899739,33.72298964,33.72298964,55.4062291,95.71674908,59.64439212,35.8200495,36.37018678,33.85145578,33.84715082,33.84499874,36.37018678,33.84553673,34.15533567,33.84567124,33.84573849,33.84570486,33.84572168,33.84572168,33.84572168,36.59919196,41.62681534,39.71353315,41.06537467,38.57543793,39.78148288,39.16917887,39.47295651,41.13886052,39.39657121,39.35848931,41.16084372,39.39543337,64.42844454,40.26372063,39.82484483,40.04308024,41.16232157,41.16230438,39.371172
3264,1039,104.1040346,30.59590093,990,104.10386,30.59804157,237.8331989,,44.76860215,26.3851931,49.06587484,26.3851931,26.3851931,25.51060011,25.27992666,27.38149926,27.0619704,23.63559741,23.07815407,25.52961658,27.04677642,23.57053038,27.26750051,27.73232796,27.21198243,29.12481882,28.63543532,27.93473136,34.22430104,28.45244767,33.570136,27.19359866,31.05923274,31.34587505,26.52825766,27.19353112,30.26999835,27.19353112,41.36229546,34.74454167,29.03909328,29.32190123,28.68340087,29.76225132,31.98500023,30.11252695,36.45515517,33.6895826,33.4452936,33.73793365,28.01357801,27.30939961,33.73188218,36.05050594,22.7932772,22.76237065,31.99224319,33.7325597
3265,1040,104.0115999,30.69535576,949,104.0133461,30.69733246,275.6198388,,44.22769915,46.06459701,34.21487654,47.65252283,47.19605088,54.51820987,41.1714282,54.32261771,48.42121608,58.79889894,99.72175072,60.50191583,82.68595164,50.08108112,64.88615325,44.19739063,60.6944706,55.20063531,48.63879508,55.53534064,70.20478546,67.34602398,61.56554826,77.29457925,66.81693062,68.35511246,72.94701816,66.62065764,49.36474725,64.32944422,66.64512868,66.64104891,68.39735401,66.64206883,49.90620359,48.63879508,51.34444604,67.8706542,54.33163147,66.09258874,66.20393125,55.58719438,61.24885307,46.00319535,58.12791545,31.90454726,45.42589888,74.18552671,42.03376509,42.3126405
3266,1040,104.0115999,30.69535576,1169,104.01322,30.69418719,202.1136228,,30.83089161,29.45785595,28.20190086,28.81619969,28.50574112,28.66012967,28.58272692,28.62137596,28.58272692,27.7184397,27.7184397,23.54721819,25.46313358,24.95550841,24.70921081,24.83174889,24.7703283,24.80100056,24.78565494,24.80100056,40.42272456,30.74108426,34.92332414,32.69901843,32.69901843,30.89522898,29.28004193,19.42881287,13.19327366,30.70080346,25.92431266,16.04430082,43.70024277,26.06749815,18.6566421,43.2457083,19.40290779,26.45851062,42.80053189,25.60876523,21.21309161,23.19688763,29.66805472,29.66805472,29.66805472,48.34611575,45.70408556,28.42222821,30.09758189,27.30240308
3267,1040,104.0115999,30.69535576,1564,104.0099861,30.69678059,220.9728617,,21.47426731,29.76622272,18.99480187,24.42688747,27.39332996,24.0363279,23.65806103,16.94360601,31.44277874,31.44277874,31.44277874,18.01817219,25.33446822,34.58705661,26.66115801,30.50823786,23.67566375,28.56809106,26.85995392,29.85699468,27.43111387,37.45743624,23.20940342,20.11383823,19.49760544,21.15697612,22.85926156,39.5016422,37.97147027,57.1276339,24.68800248,29.35432849,52.23109607,37.73133449,37.61240199,59.2277191,51.68650516,27.17343474,40.73530442,38.06231111,31.72248444,32.42536558,36.41668729,29.16598725,43.82932794,26.64999337,16.30127668,23.11546748,18.55940046,23.36276952
3268,1041,104.1352785,30.71367053,315,104.1454657,30.71104408,1018.022413,,71.57970091,73.89927701,82.31062744,125.3263085,49.09418201,54.17414171,55.11098777,51.69084184,50.23825479,105.2118858,104.0863586,106.8270701,76.61286118,111.8072121,98.40917496,113.9552018,50.68991268,74.69186182,113.8034806,96.98017165,50.55007844,101.0502125,92.28854556,109.6039084,45.38551934,49.34204896,59.93263592,119.0666467,117.390766,106.7700127,81.02914461,111.9902425,102.5141451,53.287978,83.82059034,105.4515483,104.9357391,54.74056291,138.449766,141.0813001,111.8478338,140.0828348,53.93496228,117.2100072,108.3631962,112.6131191,95.11900289,110.9808988,111.2496419,107.417233
3269,1041,104.1352785,30.71367053,1299,104.1329977,30.71471837,247.3664703,,15.97463415,17.64816977,25.60189631,31.08495823,22.03914724,15.39359193,21.36391747,24.79116464,29.48739381,29.48739381,27.457621,29.48739381,19.42951185,29.53629496,29.53629496,29.53629496,29.53629496,25.60753479,29.53629496,29.53629496,29.53629496,29.53629496,28.97568199,28.40571908,27.67736731,16.01653405,28.40571908,29.53629496,29.53629496,28.04785175,17.90888473,29.53629496,27.21220147,22.52198516,29.53629496,29.53629496,29.84980871,25.51631212,27.5134694,25.51631212,31.45123639,34.66741774,23.11536127,25.43735186,23.63687573,33.68892257,25.16738175,23.11301772,27.65587867,23.18524094
3270,1042,103.987755,30.62805485,100,103.9911436,30.62966155,370.3952835,,49.08305597,49.08305597,38.84699259,40.56039606,22.93074842,37.58768205,37.58768205,39.56744868,27.88129682,36.6573823,37.58768205,35.12501314,30.44344796,46.59990587,36.97789852,37.03952835,43.12667946,48.11485521,47.73590766,54.760699,53.17738866,45.16250705,51.10124151,48.84892577,46.78677265,42.56737496,51.68306281,45.70430233,40.26730434,56.98388977,43.00508552,44.81319602,43.89052698,44.34706284,43.61154605,41.17318546,44.17475322,41.17318546,43.72230736,43.26865297,37.10824733,49.3860378,45.69451345,36.53213755,44.72463357,43.79506996,44.97210862,41.1550315,46.75396285,35.0593257
3271,1042,103.987755,30.62805485,184,103.9862152,30.63266016,531.3212946,,96.84843851,59.21847246,87.98328705,70.17757567,45.94291419,60.14958052,46.8812907,60.94493104,146.0119588,53.37925565,54.63458042,47.98687056,44.53708972,54.8067811,53.88046931,50.46851347,40.56747955,69.01936471,47.15578824,62.84210794,47.46294443,86.35470251,53.13212946,70.07236765,67.11426879,52.92538966,65.01552211,100.1443278,56.95553332,62.44036977,51.24599225,53.66881764,99.67465662,76.00357591,53.56361413,46.91962372,60.16475419,58.10317924,65.95712623,58.94295221,58.94295221,70.45144238,79.03953143,49.29785208,45.97972742,62.82275802,55.85855914,34.96812908,69.7238151,81.39390045
3272,1042,103.987755,30.62805485,658,103.9880426,30.62480647,361.0762485,,46.42408909,52.15143409,38.86022405,41.84145368,46.25887881,30.49303439,45.18683063,45.5403887,50.84254867,48.02491975,49.22332778,41.77645813,40.83375376,27.74545346,40.1041109,53.22991378,44.2306566,56.6147428,50.12369517,52.04702681,46.42408909,38.80222372,40.87655643,61.82518405,41.59598383,31.8987606,57.52551914,29.2106628,54.00600009,56.02907304,59.26801147,36.32383817,76.1352494,30.98628116,37.1039342,52.15058624,42.34659686,43.13742792,48.69272753,48.10532098,51.48100763,41.59598383,49.64482904,36.66782777,62.34410046,64.93285018,38.00802616,56.98860642,61.65412624,31.02325763
3273,1042,103.987755,30.62805485,867,103.9827442,30.62574617,544.1833197,,39.96722103,41.87303712,39.71067468,49.38487369,37.87191289,58.42127091,56.42453776,62.3904443,94.03487766,48.85436287,43.15974256,45.98732279,52.41950733,49.54767334,52.03346483,52.49356782,41.34782505,63.2498908,43.82684454,56.7843464,48.49158294,59.4437673,46.68875002,73.79191152,42.76705182,42.46955607,68.6185622,51.13926346,40.81374898,42.54201848,47.01743882,63.8823897,43.48634741,82.19831963,55.56900326,38.46321893,66.79372489,57.38312686,37.33913502,44.65457394,45.58603725,70.46671766,38.94751393,47.23730702,47.54999881,50.69315328,46.92870091,41.68212662,60.58948302,48.90663215
3274,1043,104.0657402,30.66947157,226,104.0663159,30.66946366,55.16065751,,9.909100151,9.909100151,9.909100151,8.78017835,8.767256823,8.438174238,12.05497813,9.279362946,7.079442675,6.264301799,4.903169556,11.84578112,7.959052787,7.959052787,10.32917384,8.799632216,5.714485382,10.51473955,7.940109878,6.378320141,14.22226443,8.477198166,9.250545047,10.92290248,9.89593191,9.474158733,9.978812414,10.05969438,9.855005808,9.034502595,9.734233678,14.87478405,9.734233678,8.155169077,9.352199391,9.352199391,9.352199391,9.352199391,9.366904105,6.532183126,13.26382223,7.177531338,7.177531338,6.748627597,6.956474689,6.956474689,8.35533101,9.811184142,9.024922,9.024922
3275,1043,104.0657402,30.66947157,1655,104.0629728,30.66960555,265.5468273,,53.30679806,41.99250822,45.9600278,30.5421271,53.87906642,62.25964692,33.86956876,68.10972057,68.50093314,43.55209924,55.36497557,38.66404766,69.89209751,68.28346988,68.28346988,44.85107272,67.41668394,65.97436703,61.31576887,58.96628614,47.02586119,69.54797856,38.54712009,36.50725612,66.54073629,38.50830124,75.3578834,69.06455711,45.41418424,63.51950686,97.71399438,26.44449732,70.17962752,71.40362845,48.39404798,40.27957493,54.5377347,47.95828989,51.59429489,51.26894189,46.69255267,44.17599715,49.95729785,35.59457472,112.1370766,59.29194427,47.94225568,50.75041115,53.90800254,57.24362744
3276,1043,104.0657402,30.66947157,1757,104.066047,30.67201962,283.9259829,,38.64399011,46.66595208,44.53740908,37.10103588,44.34418822,44.38028932,41.67849595,38.98792899,36.31025003,40.10988379,30.88016732,55.85429172,42.67780954,43.43343648,53.16689407,45.29395295,48.48064215,54.12204817,59.54175951,57.14697707,62.53288706,54.67080712,64.76030868,75.91040018,55.91157817,50.36691289,41.23584623,66.33641138,50.38686456,61.2056011,42.23692308,76.56431,58.57498788,46.06799046,49.5880431,46.85104072,42.78201067,60.66074412,52.96028697,43.69025597,68.27227834,44.08123077,40.50392953,41.00151248,41.76590605,35.80675073,77.53225325,70.73588501,50.57563278,46.45357697
3277,1044,104.0751968,30.64830309,925,104.0724705,30.6485309,262.4651613,,54.47626775,66.82530072,51.87546719,60.69858119,75.89354062,57.33462261,80.79025898,64.38668352,66.89377562,68.19326981,81.42963452,103.2649815,67.61177679,68.46917251,61.69889988,46.34559913,81.807323,53.99283318,47.12321622,49.1674037,73.24609153,56.31516326,45.79359842,58.50616599,47.54736027,75.13913166,59.51965863,36.20209121,56.92015546,71.72960931,56.89159544,47.48113471,33.21176031,31.74937338,31.97545112,42.11444331,35.40276765,41.67032329,30.22279846,31.62760103,40.67621513,22.10232937,44.7154566,45.56357231,46.91143966,30.95412222,37.0314903,26.88940773,30.04003314,46.01288438
3278,1044,104.0751968,30.64830309,1476,104.0783778,30.64675931,349.5513005,,70.00749273,45.02270776,157.2980852,63.87739502,68.76419026,59.63908445,71.63480161,62.45085269,54.24071904,50.6052821,75.57865957,50.6052821,45.51120007,113.1132298,94.61538961,113.1132298,113.1132298,157.2980852,113.1132298,54.95129615,55.19231061,55.19231061,55.19231061,55.19231061,58.80302251,56.94048334,58.80302251,58.80302251,124.5925428,58.80302251,56.30356518,57.52615688,49.64042137,58.89475889,49.64042137,49.64042137,27.84036907,35.67355583,31.2739281,33.32917548,32.26885954,32.79044812,37.57686674,43.9994644,77.20151422,77.20151422,68.9525853,62.29627138,49.07896575,37.01131417
3279,1044,104.0751968,30.64830309,1846,104.0759907,30.64984915,187.4754102,,33.21414748,33.21414748,33.21414748,35.33567941,24.58693904,28.9661578,20.17672576,28.9661578,36.40790164,41.7740179,38.90680464,40.28946415,39.58606471,39.7596019,39.7596019,39.7596019,34.87914608,34.87914608,32.13864175,32.13864175,31.2459017,32.13864175,32.13864175,44.89433327,29.09101193,26.57131798,25.66203334,29.02845061,25.66203334,25.66203334,22.0199503,25.66203334,42.31419917,30.74767548,33.08389592,28.71963731,25.08964597,28.71963731,43.96817438,28.71963731,28.71963731,28.71963731,41.79018432,41.79018432,42.85152233,41.79018432,22.23761044,27.10487858,27.10487858,30.841347
3280,1045,104.0551975,30.60075578,45,104.0579082,30.60063219,260.2348094,,14.77673997,21.23563235,21.23563235,23.83830315,20.289016,20.54673082,15.27050226,20.28535505,22.59273265,15.34554159,23.01831238,15.08202813,23.46023324,26.90979564,19.28799176,21.19559534,13.17644605,22.06381427,23.0061996,18.71818809,28.40000951,22.41256732,22.41256732,13.65663723,23.59811874,15.94630321,23.62787677,28.95622701,25.54452117,23.65107384,14.29207191,23.00241697,21.10011968,15.2954337,22.95486221,16.78934254,14.94568435,18.71962662,22.0123429,20.12557065,13.34537484,17.62975751,14.29207191,23.80477226,21.25168954,20.41057329,20.41057329,23.89911515,20.62400251,19.15839088
3281,1045,104.0551975,30.60075578,870,104.0552507,30.60277225,223.5427685,,20.59620922,25.30514286,19.69871328,21.49593233,23.32620193,15.27047375,36.66305087,14.1557426,21.10830076,26.86094682,16.77007484,22.54844401,15.53579086,16.07900033,19.35527301,16.47121497,15.96536078,23.32620193,40.23769833,17.96325818,26.35657096,20.2781777,19.92273474,25.23629702,16.59286529,22.95471262,20.29644304,19.76068672,23.74255691,19.97053286,24.14322258,14.25604901,18.12508934,25.87633333,34.09974435,22.10862546,21.28978748,20.95966173,22.10862546,20.90270043,20.96424267,22.15294897,20.76282104,20.76282104,20.76282104,17.12242482,20.91628243,20.52943792,20.08537354,21.68782797
3282,1045,104.0551975,30.60075578,982,104.0517689,30.6005863,329.2493272,,30.96793149,40.56922685,44.56005932,37.04054931,40.11159316,29.61393074,29.28726808,48.3055559,26.45753522,48.16753126,43.17499677,35.84569288,37.92952249,31.95410488,34.92094847,37.77840886,37.68831726,38.17353489,34.58186306,35.86376938,31.08977254,38.60118308,30.43126002,37.89730978,37.55491224,37.72533412,37.63993028,37.68258381,37.66124497,37.67191137,39.83077832,37.6692442,37.66791077,37.66857747,37.66824411,36.52220232,37.66832745,37.66836912,37.66834828,37.6683587,37.66835349,36.54224595,24.82298593,30.58092598,29.85636216,37.6683552,34.52981552,35.11621223,36.42586287,35.89091833
3283,1046,104.1096745,30.62304108,348,104.1094514,30.61987173,351.9052814,,30.69658469,34.61532311,38.19195618,33.87323564,34.9237495,35.47382606,35.84534177,30.81110279,29.70646048,39.88013682,33.06338478,28.7922503,32.01159856,35.92907014,36.49075255,30.54435674,35.76592909,28.61260863,31.47394354,33.35540195,29.52585311,34.83297611,34.66431955,34.07574545,32.02455859,44.33452364,43.30168485,36.8550227,35.12676495,39.48017567,46.16036653,34.07898616,42.26385365,30.2653955,34.23943278,47.19747952,39.8958356,40.50757336,45.3867985,37.28797684,43.10571534,42.70686165,45.15551048,29.79429873,35.08868111,39.69809555,32.03861707,39.97186195,37.06412137,44.02438928
3284,1046,104.1096745,30.62304108,480,104.1062302,30.62332025,331.5724099,,36.58916959,38.94601791,40.49739358,41.15775622,68.01485331,36.9154716,35.9217014,27.7595506,27.10811527,25.58758147,29.36434626,42.33777613,78.01703762,27.69514329,44.78164239,38.31361501,43.00592027,21.2773739,23.82556239,44.53957745,44.95262159,52.51559203,33.27608415,24.09002373,28.45436652,44.8219892,54.17961025,92.05609321,47.55620222,28.26347299,71.05123069,42.1281492,20.68736006,32.76587087,24.97198066,32.03025069,45.51613634,28.69376624,29.54605633,27.3148896,29.59489279,42.61171533,40.12304792,36.87932056,25.12969843,27.52484263,27.93005383,24.58621371,35.25282562,39.92176173
3285,1046,104.1096745,30.62304108,906,104.1126334,30.62215442,300.1522734,,29.08049707,32.7273554,47.13405384,44.77312975,37.11098514,34.24875386,27.13240889,32.60555776,20.42624167,30.6894656,29.83762245,30.05697314,35.66165625,29.59054817,40.00508954,31.53964344,33.87298383,51.38941903,33.45350416,30.6683496,24.47447756,72.92788643,25.73959467,39.31465546,46.52903292,34.5959931,48.45507553,30.87280526,25.45460976,34.56648062,37.79792512,30.54553171,37.12473552,37.87244457,33.47941702,33.76713076,31.56421181,33.99477433,24.2058285,25.85605836,47.57130372,30.01522734,42.76575927,25.95132235,33.84645839,29.474855,30.63522596,42.62517492,31.78082895,40.03513095
3286,1047,104.0585759,30.68835846,795,104.0589561,30.68618826,243.267147,,22.29299495,40.14186688,31.71613324,28.66650505,32.20135052,31.27720461,38.41902738,25.34766221,39.74211805,33.87859687,35.03747666,34.99547369,35.37456723,45.85139943,36.24591553,58.97385382,41.79623465,50.33113386,39.47095118,48.29124506,38.20874177,36.15115497,49.66043262,37.48355992,53.92068111,39.65927287,41.39086551,51.51539584,49.31090818,47.2427096,50.72416284,94.6769437,53.43676175,33.17279277,36.23841638,39.38473268,36.74405439,48.17171228,30.1929169,28.90302737,25.86154555,26.84327139,28.27317931,34.27638862,31.38930929,28.34180353,29.78781392,26.41815171,27.73592175,29.28288883
3287,1047,104.0585759,30.68835846,1489,104.0577429,30.68833203,79.84547441,,9.426315487,12.07795468,8.113194153,7.51486818,9.112798711,8.671001746,9.279174917,6.901869862,11.33527603,8.531069052,11.95689301,9.443251016,10.45249847,27.37559123,27.37559123,29.3309906,27.37559123,26.37098237,26.86389793,26.73894957,26.61515814,26.61515814,18.54475535,21.8588371,20.06587839,20.92401877,20.48596582,20.70267534,20.59375048,20.64806926,20.64806926,20.64806926,24.46329429,22.39434833,23.38314533,22.87806779,23.12784936,23.0022805,23.0022805,23.0022805,7.747808838,9.287633849,10.31239334,9.773224548,10.03557234,9.902661179,9.935557822,9.952088244,9.943816163,9.945882894
3288,1047,104.0585759,30.68835846,1561,104.060594,30.68831577,193.3663786,,13.90847079,13.90847079,13.90847079,13.90847079,15.46931029,13.76069114,13.61601884,12.55399392,21.15863109,13.47761787,16.46644501,14.82286852,16.46644501,17.46409842,16.57426102,11.63106037,19.97471917,17.44659055,17.29488107,19.21653452,16.89609133,16.7416778,17.45752885,18.63772324,18.05756065,18.34305568,14.95957657,20.11904517,18.19918857,21.20697526,15.28252388,19.61512419,15.24904629,15.21571504,14.73267646,15.21987347,15.22403418,21.66345321,16.66851752,18.11630353,15.43501027,20.59523559,20.0149213,20.0149213,20.0149213,14.44230214,15.36686452,15.36686452,15.43501027,15.50376309
3289,1048,104.0890159,30.7055667,576,104.0896026,30.70302465,287.2852446,,45.95542682,46.3259521,37.20686703,36.7181141,38.21035273,44.86884514,48.78428682,41.10872,41.39667301,33.19484471,36.79509454,37.21635076,46.69195849,36.15387828,36.86261994,33.96475798,37.36200065,41.61704343,45.66123093,38.83584539,35.04183406,38.70488872,59.60961848,45.66123093,36.41643946,38.8807098,35.57864994,40.59572663,37.46350484,35.8251355,37.97505471,37.95110393,37.96307554,34.59992438,40.63863803,39.02225256,48.78428682,39.06814464,39.59024628,36.56811501,33.57879482,34.30055164,32.0382392,41.20425819,32.32191804,31.50369299,28.52449509,29.77718798,35.23940147,35.0408291
3290,1048,104.0890159,30.7055667,1324,104.0901336,30.7062799,133.0660216,,14.34244544,14.34244544,14.34244544,14.34244544,14.34244544,14.34244544,14.34244544,14.34244544,14.34244544,14.34244544,14.34244544,14.34244544,14.34244544,14.34244544,14.34244544,14.34244544,36.84905214,20.64817577,26.46617004,24.7245253,23.93692331,24.32435051,24.12908183,24.2263227,24.17760449,24.2263227,24.2263227,31.10634271,27.23860457,29.04427574,28.11247533,28.57078018,28.33977498,28.45480874,28.39717536,28.42596284,28.41156181,28.41876051,28.4151607,28.4151607,28.4151607,24.31663339,22.94791271,17.90795057,21.72506475,19.63269171,20.11706783,20.3683307,20.24191957,20.27337502
3291,1049,103.9953365,30.66818834,156,103.9925706,30.66817693,264.9908061,,21.58296158,38.12037418,49.31973126,44.31901984,42.63539227,44.06313635,29.35282775,41.84065359,42.68308286,23.32437413,41.84065359,40.80869041,41.32102584,21.73045335,41.12739958,20.73841091,41.49730442,41.49730442,34.85871749,42.68308286,42.68308286,22.68648994,37.91224648,37.37382574,37.6411108,37.50699209,37.57393177,37.57393177,40.76509429,39.46088529,37.46441366,35.04547015,37.35553214,36.16364815,36.74992881,36.45443141,36.30557882,36.37985286,36.30629848,36.34303845,30.06198221,35.8297428,43.94895028,23.0984722,27.7047503,39.00708007,45.65117521,37.47016185,37.70620166,35.14499293
3292,1049,103.9953365,30.66818834,277,103.995139,30.66594927,248.8807678,,33.03118024,27.25386355,27.25386355,30.06613302,32.55116309,24.92269163,30.26928257,27.5683312,30.97565304,35.62508008,28.85574119,33.6041543,28.27521149,28.27521149,28.27521149,27.06860314,28.27521149,20.13417447,28.30871293,24.21542606,31.31396292,43.17931393,32.04473405,24.42668386,65.88020324,22.15008069,36.49575414,34.70064927,39.55720813,32.81944191,28.38344553,33.27035886,33.50049595,33.27035886,27.79640427,26.60640725,46.42335565,32.12804174,32.00610008,39.21097436,39.21097436,22.55433012,23.33257198,24.9574029,30.08055323,38.20770849,36.82071634,27.19182896,29.76647057,38.33030007
3293,1049,103.9953365,30.66818834,442,103.9970406,30.66825083,163.4086438,,20.00284323,21.51850577,20.73544723,20.40836488,19.9922215,21.18623473,27.53218959,26.37987075,20.75564236,22.10593311,18.98873847,22.33375542,20.77864786,18.564769,22.11736373,23.0920949,25.38135359,25.38135359,27.74863763,22.86768193,20.55993421,23.29786605,22.71317057,25.16667883,25.56311212,25.36334649,23.91346007,23.16028022,23.54654241,21.25640895,24.64331433,21.97775035,25.13979135,23.45266915,21.25640895,23.25182283,23.53084471,23.95504869,23.95504869,23.95504869,21.05432923,22.41032829,21.78781917,26.37987075,28.94322842,25.03281352,28.04629882,19.54389095,19.09971161,20.48535523
3294,1049,103.9953365,30.66818834,604,103.9956027,30.66942661,139.590631,,15.0674069,18.38202514,16.78164206,33.06093892,17.64798144,16.28494534,31.80546023,50.50515292,19.52619955,31.31004807,15.65502404,21.40010405,16.59367513,24.8775382,19.3179507,18.83149429,22.37611829,19.40255875,19.58530451,22.52218584,23.01647046,20.64822893,25.97034995,22.80323411,22.70663752,23.83406061,20.72607146,20.72607146,22.84007554,19.66834723,21.76037674,20.12452948,23.37331496,21.49078852,24.33541267,21.0942379,20.2827505,19.79241292,37.7839302,21.66110144,16.60786356,19.64528036,18.53143806,19.82352156,17.99154251,21.68105796,21.27658202,19.15868314,18.09682725,19.96627848
3295,1050,104.0563422,30.64710146,402,104.0567203,30.64769724,75.31901328,,8.171223943,10.98246502,8.052464703,9.664314403,11.84701028,21.77899179,10.45751589,9.898738614,9.924906582,9.653705307,9.138808487,12.6248556,14.39633616,10.37557836,9.90496613,14.89826636,9.302897339,11.52363755,16.6348741,11.68113938,18.38294561,7.684368965,9.994720852,8.567091558,9.363154688,9.877903381,9.141889677,11.14919604,11.16115602,10.82182071,11.41677675,11.28374731,10.23096397,11.36040182,11.84916742,8.993315019,13.55742239,13.99859008,10.21580604,11.71721824,11.40077566,10.75985904,9.616898308,10.42730109,19.52464071,9.687717468,9.755880829,11.53823182,12.20015513,9.622505118
3296,1050,104.0563422,30.64710146,1737,104.0541861,30.64382805,417.5015831,,27.59255152,28.95964738,30.45912857,29.19875083,33.4804798,41.87374401,31.55164635,31.70154978,30.22382637,25.74227619,30.18949754,25.25352617,36.69513869,33.06423599,25.64182951,30.70491725,32.29232065,41.56442356,36.35097011,46.09268692,40.75511386,33.69967935,51.49239167,39.81220949,22.64131106,29.35558006,59.51426456,31.13962084,30.25816744,29.39949015,30.41905888,28.61906013,46.16277667,39.61533208,46.47512984,37.24613496,26.55487101,24.71371388,42.9890797,38.80248185,30.17650909,25.63215859,35.05552651,25.21821643,23.88756674,36.83837498,25.13387457,36.65867559,77.07721534,28.28743474
3297,1051,104.0887253,30.65173133,1488,104.0879327,30.65204871,83.70083354,,17.07212469,16.48826269,18.3733537,17.12062504,18.20682784,20.7808966,22.870816,18.20682784,18.20682784,18.20682784,24.300242,24.300242,24.300242,24.300242,24.300242,24.300242,24.300242,24.300242,24.300242,24.300242,24.300242,24.300242,24.300242,24.300242,24.300242,24.300242,24.300242,24.300242,24.300242,24.300242,24.300242,24.300242,24.300242,24.300242,24.300242,24.300242,24.300242,24.300242,24.300242,24.300242,24.300242,24.300242,24.300242,24.300242,24.300242,24.300242,24.300242,24.300242,24.300242,24.300242
3298,1051,104.0887253,30.65173133,1566,104.0886263,30.65131513,47.0931073,,9.366584877,9.785580738,9.114794961,9.598595118,9.017829057,10.12906266,10.73007508,10.18229347,10.18229347,11.43576299,10.18229347,10.18229347,10.18229347,8.818475229,10.18229347,9.102560337,10.18229347,10.18229347,9.102560337,10.18229347,10.18229347,10.18229347,12.30745454,10.18229347,10.18229347,10.18229347,10.18229347,10.18229347,10.18229347,10.41690853,13.75539037,10.17719978,10.18229347,10.18229347,10.18229347,10.18229347,10.18229347,10.18229347,10.18229347,10.18229347,10.18229347,19.04889733,19.04889733,19.04889733,19.04889733,19.04889733,19.04889733,19.04889733,19.04889733,19.04889733
3299,1052,104.0362486,30.61577708,256,104.0354192,30.61450689,161.6755741,,27.50624134,23.56405129,15.31663334,14.14415715,14.79429104,18.20272296,16.61406028,17.92798604,20.70520952,14.03966994,20.97907503,16.71567784,16.72975411,16.72623283,16.72447274,16.72623283,17.40394877,16.22389036,21.31985593,20.4244173,19.47206078,20.21218822,20.2124624,14.06120002,11.12340309,10.74417429,12.13831213,13.77777387,13.01797024,12.8006683,9.694071732,13.00173123,13.76096298,13.7325773,13.73256546,13.73257138,13.73256842,17.25604723,13.72042958,15.28646284,14.46117246,23.73783411,13.84938789,10.66774316,12.82126626,11.23830984,11.49972182,11.73385212,11.43867719,17.78554826
3300,1052,104.0362486,30.61577708,644,104.0318082,30.61918283,568.8964783,,50.25833919,66.06539748,44.71675375,59.62233834,59.31153553,43.85497477,53.31668915,42.86369447,52.8182417,51.98038888,48.40241824,59.2629078,94.37913926,60.99290302,50.44402271,43.20732747,53.31668915,50.44402271,58.10006587,50.63108336,50.5998103,52.1126545,54.92008885,66.49439357,40.77028511,50.61055606,50.61006751,77.92114098,57.51536772,53.12651937,55.35208978,40.75406085,52.33459801,53.12651937,69.83895386,44.40740721,44.22248079,69.03462882,44.52233308,124.8797147,50.51037459,53.2407104,53.24206204,41.37428933,95.92633826,54.76008882,103.9607778,70.50007993,61.75367378,51.63101133
3301,1052,104.0362486,30.61577708,828,104.0420574,30.61308529,631.7028019,,35.3858416,82.02452973,64.15035506,62.70002997,77.17908875,54.85118396,69.51489349,87.28330283,46.48196396,49.92601727,42.15255027,62.58598885,36.64011955,67.3816322,46.96190164,60.89975545,55.03703018,38.98508721,38.68508045,46.06610574,51.03523534,70.41615557,42.05122202,49.43761058,77.04579683,75.75173087,57.74835162,82.85411715,38.2850183,45.98847496,40.01401913,34.1460974,54.405026,54.01734173,48.76183515,66.18539252,105.7032577,40.23584725,61.1795181,82.70817222,40.82818827,62.13470183,65.0138441,53.3332572,50.36832972,51.33476494,66.9758337,40.51644339,62.23155216,38.13521666
3302,1052,104.0362486,30.61577708,1073,104.0377205,30.61803113,286.9049216,,47.02823985,45.82332377,40.21509609,38.23039054,45.52540905,44.66411752,44.39216551,44.9394221,92.21943909,34.29996572,56.73625417,102.2036159,90.32191974,125.9582583,77.88621249,104.2237858,137.2153973,163.9456695,96.14367056,145.8838584,103.5446334,133.2719636,54.86627983,88.5812794,62.26723242,71.97614758,54.57636554,59.02044101,49.96233464,28.9586276,54.04095319,23.84893711,20.27198661,18.339093,21.76728594,15.00156453,18.47688225,17.84635365,21.72150826,15.85353366,18.65205811,18.72815445,19.54319239,21.16511717,20.32184393,15.84137604,15.16678,18.74514914,24.88813778,19.32381137
3303,1053,104.089617,30.60737573,663,104.0925346,30.60710553,281.2981577,,40.58811093,46.16174896,45.25914493,44.30215244,57.63650357,50.87745619,39.88866047,43.7839177,35.73878512,45.20653024,39.9969733,42.26810579,43.72510223,49.54825199,50.01550797,45.04663441,61.3741435,47.31197357,49.97734964,49.6100968,51.44826594,32.22508728,40.83497567,42.35650197,45.43683086,39.55755343,93.76605257,35.98217607,56.10378769,47.44682342,41.8178068,46.47511393,34.19637387,36.41618344,39.09935783,55.94880485,48.72526229,48.7562155,49.4238146,43.90995632,45.99078876,31.07154286,45.12469518,32.04662556,40.57455898,38.22611013,63.29208548,43.27663965,41.40825438,54.54255121
3304,1053,104.089617,30.60737573,1252,104.0893772,30.60548711,210.5720139,,50.00390831,50.00390831,50.00390831,50.00390831,50.00390831,50.00390831,50.00390831,50.00390831,50.00390831,50.00390831,50.00390831,50.00390831,50.00390831,50.00390831,50.00390831,50.00390831,50.00390831,50.00390831,32.32662047,35.4606128,37.26709273,36.34141723,36.79843449,36.56849802,36.68310593,36.62571232,36.65438666,36.64004389,36.64721387,36.64362852,36.6454211,36.64452479,36.64497294,36.64474887,36.64486091,36.64480488,36.64483289,36.6448189,36.64483289,40.44421251,45.12257441,60.70544545,73.37536601,66.44178582,69.73665661,68.04936111,68.46348379,68.67244107,68.56780326,68.59393278
3305,1054,104.0419706,30.71987075,339,104.0469719,30.72484761,730.4668847,,45.49620735,55.59578826,79.32672051,67.34137733,133.4863343,48.33972031,52.85790522,151.1310796,185.843165,130.0212996,71.91469785,72.09542933,144.3689698,105.751238,152.586931,146.5003223,135.9008158,77.45746053,68.30339701,135.9008158,96.14920603,59.20037787,100.4653595,168.5692811,109.8465445,112.2745449,91.52849823,89.14172152,48.51809566,97.42327976,97.17179715,97.42327976,98.24818412,106.4889479,179.5003949,99.32181277,99.28262968,99.30221736,55.89119628,88.39263143,108.701438,99.29548322,99.29578932,47.33898803,131.9464268,70.5638851,99.29567455,131.9410767,72.44299683,77.69584791
3306,1054,104.0419706,30.71987075,1348,104.0345205,30.71425947,946.4150827,,89.1909502,124.3465072,124.3465072,283.9245248,145.2918677,192.2197065,145.2918677,347.6626834,148.4572679,148.4572679,148.4572679,148.7814104,149.1069715,193.0365041,183.9683746,100.2086558,166.7419722,161.9854658,129.1789307,117.9605643,91.09877801,115.6908081,84.43852039,101.7043074,286.3104452,220.421997,213.7784657,212.9433936,213.7784657,213.3601126,225.1383898,159.3962245,309.3842722,148.5651584,420.6289256,163.0188659,139.3178041,176.9919116,110.0838222,88.15250447,110.0838222,146.604746,95.303337,139.6994228,148.2957257,133.4153421,133.4153421,118.6365806,106.8054639,191.6790041
3307,1054,104.0419706,30.71987075,1486,104.0429071,30.71895045,135.8142701,,27.99225414,27.99225414,27.99225414,27.99225414,27.99225414,25.59850117,27.99225414,27.99225414,36.60122564,43.25231453,39.64978184,39.64978184,39.64978184,27.3911133,27.3911133,27.3911133,15.18420411,16.0305368,16.0305368,22.01154181,35.11176821,48.89313724,23.85031085,24.02611166,23.93788849,23.98191894,23.95988348,23.97089615,23.97089615,23.97089615,29.99578972,26.64703043,26.64703043,26.64703043,24.63130339,26.64703043,34.92366945,26.64703043,14.04975208,18.27780831,18.27780831,45.41158256,15.37520039,23.338013,23.338013,23.338013,23.338013,23.338013,23.338013,18.93248296
3308,1055,104.1323968,30.68182927,210,104.1353846,30.6850185,454.8005442,,109.8846952,105.7447982,127.5804124,92.67633729,70.92918235,63.75708564,97.07205289,112.9159972,82.44810538,117.3211595,74.21949044,111.8143777,65.28237477,68.21119996,175.4230671,68.45181956,83.96317739,149.9342453,72.2330276,97.73491547,92.66838975,137.1257922,62.73110954,60.26804757,82.52429229,144.126933,129.3953077,143.9368755,116.1192879,66.87787973,61.94200167,64.31537886,170.1072165,172.3454694,97.65101146,134.7557168,106.3170103,54.11607864,82.06927113,133.7648659,50.00479374,48.60116017,83.96317739,113.3851772,51.48685406,68.93818775,218.3042612,82.48271834,136.4401633,49.19594239
3309,1055,104.1323968,30.68182927,426,104.1375902,30.67794134,658.1514157,,101.7274395,106.4608381,97.39703054,90.57706646,80.85352241,81.23468901,78.06738374,85.25379657,85.63529458,96.29387141,88.61505737,101.8760177,93.30634945,103.3037413,83.46029694,100.8864904,107.0890439,103.4160993,90.98776741,105.3042265,103.9186446,105.7400035,113.1627509,78.06738374,97.90682217,130.9573081,101.6740851,101.9000113,105.148451,135.3911484,145.7759494,121.6088159,136.8245484,154.1037461,109.7766068,100.8231956,119.8656878,75.09810132,135.1337508,132.1349653,109.3123459,89.57826452,130.3628664,99.83195633,100.342831,101.6232081,123.4033904,67.33826908,77.95730048,65.99847066
3310,1055,104.1323968,30.68182927,845,104.1270759,30.68584586,676.7044028,,183.053414,137.8944821,272.1939497,289.4859785,233.9439037,163.4990503,193.728497,228.842821,286.6042177,133.7311537,331.8986172,212.2480411,212.2994205,349.1705188,247.9253299,331.6205869,164.4556155,158.7059186,153.8317701,159.2939745,193.1907891,256.4353526,216.5454089,227.0396878,130.042839,183.6860207,106.6142604,253.7641511,122.830379,242.9195292,173.6832313,118.2590218,117.9467181,100.4592103,179.9214069,89.32923495,86.3877961,90.39465121,90.39465121,107.5217588,110.9014803,101.0146171,95.18634477,119.3404238,98.98520385,121.0365598,83.28669573,112.5755938,163.8131696,113.5727669
3311,1056,103.975131,30.6588855,804,103.9755348,30.65367442,578.851407,,43.31716542,40.3738042,46.72343196,36.60184541,48.94985053,36.86082073,40.55339298,70.24264264,46.17618061,47.88048401,43.52720763,40.62907127,59.30124221,47.90494403,53.90855299,94.50635216,46.07968336,32.8512622,40.11640832,42.57751155,46.3854216,42.96629,104.6342117,102.3174336,44.05634387,60.98522286,43.23371505,48.97450212,82.62020083,47.31755371,51.50998513,75.77691146,50.06282439,50.33490496,38.9143803,41.10187505,45.77408161,48.97450212,77.32337904,92.49177871,94.29253689,39.49207325,98.68360238,40.86009932,57.38416781,83.16245924,44.54606809,86.54822911,35.43988206,66.73707174
3312,1056,103.975131,30.6588855,888,103.9778687,30.6589357,262.379839,,27.66038055,29.95061182,25.69552286,78.7139517,21.68096604,25.90695064,21.66439038,22.31151822,22.31042032,20.74452607,18.96721728,26.75828386,25.93947408,24.61413473,24.61413473,24.61413473,24.8808468,21.74543702,23.21755233,28.39381023,28.57130733,22.70594761,24.21080902,25.49808414,26.92993358,27.74059972,25.89274727,25.89274727,25.03381122,24.23003216,20.71419782,21.72668017,21.72668017,22.12231209,22.53261976,30.56852493,28.59725766,24.59810991,24.40742688,59.86393791,23.98596801,21.66439038,39.91129945,24.371441,26.64506122,19.9697129,21.40258506,21.35822319,21.40258506,22.861656
3313,1056,103.975131,30.6588855,916,103.9749723,30.66252693,403.8751156,,69.40097452,69.40097452,44.30062342,38.71179276,33.9311649,43.82806543,47.00892637,58.23475307,45.30982431,48.5975198,40.95930745,46.9807465,54.90012058,56.55560777,46.60097488,53.82509639,39.67122554,46.71326638,31.06731658,41.45015144,45.51774019,49.10612158,28.90557487,41.04306044,54.39989086,47.81093373,55.43258139,56.03341627,62.42642334,49.64229467,59.41944189,43.25925787,55.1024155,32.82055115,33.57853155,52.64707001,43.66217466,33.19521498,125.8831529,60.84928234,44.05910352,43.6949787,40.74973139,59.40553121,68.61290364,56.40932353,53.37066597,48.87022879,51.02139731,60.99104981
3314,1057,104.0026792,30.6762614,1012,104.0041934,30.67864559,301.4362171,,32.95051766,31.39355009,54.71447303,53.32532588,40.87955059,39.89596991,50.22774272,33.6660925,33.08446285,36.09214129,44.20326335,30.87255709,24.60703813,35.99238413,45.56348697,43.49380287,63.70863298,41.35557857,44.65721735,27.12925954,35.81420401,46.58365409,51.75455148,58.7372331,40.34090638,42.72324337,42.31862213,60.56764919,35.72577388,40.11720449,56.68800502,33.25343355,34.80201665,44.41352176,56.66686066,34.89293831,32.88395096,97.76309744,38.31816319,46.42440135,26.02327054,45.55440284,26.2753119,32.49013118,44.77337659,30.82870402,45.16838217,55.36583579,40.75664027,38.2102247
3315,1057,104.0026792,30.6762614,1547,104.0048806,30.67522349,240.2178584,,34.31683691,43.67597425,28.26092452,34.40786301,33.45393773,45.99916437,38.73613842,55.79253485,34.18119724,27.36659146,33.51877094,34.1586948,33.51877094,25.50986107,31.44670146,38.52045836,24.70812258,35.40570277,31.9994187,28.27632557,37.84613962,34.18119724,34.18119724,34.18119724,17.75737762,34.18119724,45.75578255,39.13051087,39.13051087,38.92502431,29.0683795,38.72168464,40.22252513,38.72168464,38.72168464,23.69272028,38.72168464,58.19544349,40.15404535,41.69644601,30.66610958,39.71454835,50.37578389,50.27815641,50.27815641,42.720466,37.13797565,30.75335314,35.56343894,35.41174368
3316,1057,104.0026792,30.6762614,1607,104.0001306,30.67735769,272.7143568,,30.48980387,32.6712707,26.82436296,27.99245342,29.26690658,21.31078961,24.80787579,31.87570404,24.99055197,24.38859705,26.22253431,22.93859076,27.89237303,32.78035674,41.86659635,21.22749588,25.05584903,28.51362654,33.0785608,27.00884964,21.76877349,28.30478497,31.26661416,25.61700416,30.46400149,29.72063626,29.15431877,18.91660278,25.97279589,22.59543578,34.59507048,30.0465703,22.88512085,22.32567787,21.99637829,27.20531166,31.64453455,24.18156858,21.83332137,24.24127616,25.08786247,33.39359471,25.57807255,22.03752378,25.17363294,25.29252944,29.59372071,31.83141173,31.77254642,50.78129403
3317,1058,104.0885456,30.66809939,1756,104.0854869,30.66959784,336.8158621,,48.83636205,48.83636205,48.83636205,48.83636205,48.83636205,48.83636205,48.83636205,48.83636205,48.83636205,48.83636205,48.83636205,56.57249318,52.42054385,52.42054385,52.42054385,47.73768124,52.42054385,51.12851599,53.77104672,51.7625231,50.81349832,51.28362056,51.04747706,51.16527634,51.10630882,51.13577557,51.12103796,51.13577557,51.13577557,72.17482759,59.58413285,52.26453033,69.28783449,88.50635792,77.72673741,82.76703779,77.72673741,64.7549855,49.95003516,55.49368895,55.49368895,67.83424356,67.83424356,67.83424356,49.79618495,57.43218963,57.43218963,69.58606046,62.92764728,66.08957131
3318,1058,104.0885456,30.66809939,1862,104.08965,30.66997767,233.5138767,,35.45799464,37.09022529,32.71011502,60.2616456,60.2616456,60.2616456,29.29093924,30.21203796,30.21203796,31.78260704,62.33633147,41.25889355,29.78915507,49.5228251,41.25889355,36.28704846,31.17091741,26.22114648,27.31917221,26.30260227,25.35897304,65.93332989,44.95454311,65.93332989,98.89999484,65.93332989,65.93332989,36.70960507,38.6505727,38.6505727,38.6505727,59.88601646,32.00443995,61.36131067,38.21136164,38.21136164,38.21136164,50.64156362,38.21136164,40.1584374,33.03143246,45.14230075,31.21225085,38.28594465,38.28594465,47.17452055,34.20056778,43.33247196,25.09402854,27.51718351
3319,1058,104.0885456,30.66809939,1880,104.0867203,30.66501226,384.2466743,,55.53143426,49.58021604,32.96158921,32.96158921,32.96158921,32.96158921,32.96158921,32.96158921,46.71955061,58.12134569,58.12134569,58.12134569,58.12134569,58.12134569,58.12134569,58.12134569,55.47946635,60.53776926,57.89834785,58.53638836,59.188648,59.188648,67.91921574,59.188648,44.15923472,57.01831285,55.00151203,64.48895233,42.49732803,170.7762997,45.05824194,50.79393002,55.11107679,52.99954128,51.04383865,93.78223915,42.95925551,38.91105563,40.83507092,39.84985315,40.33644695,40.33644695,50.90881757,115.7563203,68.99192157,68.99192157,58.98882846,58.98882846,58.98882846,70.42620419
3320,1059,104.0646499,30.61653136,29,104.064657,30.61877337,248.4815623,,37.00017424,34.6003207,41.98930174,27.13597123,28.75653442,27.77735234,42.68152482,45.22741329,30.5718942,34.10700127,46.21299091,48.68075033,38.28519684,25.86425183,26.95627519,30.02210458,28.03046836,31.40718119,32.22282436,29.62031868,38.12384334,45.99840174,36.32623855,52.09863857,34.54631424,25.81062306,29.65538892,25.19024599,29.29595331,34.98827735,29.60484038,26.47307146,31.89699929,31.7483433,26.83356931,29.37713052,29.44253943,30.78137845,25.58503517,33.72299337,27.93754627,25.88985231,28.67330595,24.28398289,23.70253376,23.28814883,29.21880203,32.56705262,32.20866117,27.38834026
3321,1059,104.0646499,30.61653136,572,104.064828,30.61435293,242.0373337,,21.12966114,16.31712362,29.30907586,24.2904851,28.08491221,26.38807999,18.53902982,32.344563,28.76877924,24.78511255,28.69062895,17.54070259,23.05117464,26.48432831,17.45286733,19.03664422,19.94660972,16.30948809,17.90106628,35.95602757,17.51778048,18.89071873,13.64124307,25.64005105,42.24651643,15.64334652,23.18920562,61.0748412,52.09772205,30.1847945,16.95203115,16.18076883,30.36228766,34.17695711,22.19960258,29.13705088,35.85046717,22.4051016,32.15256093,45.03020162,30.6134177,28.43780683,24.1701637,80.67911123,27.2561723,32.78063151,27.1367871,27.48688963,17.54953477,27.09284034
3322,1059,104.0646499,30.61653136,770,104.0602206,30.61638355,424.8894321,,46.69114638,39.70413902,60.10223794,47.30727698,49.00837891,52.2048449,38.72410014,39.93738787,61.24532355,57.48222306,49.79809866,73.18669644,58.64946385,70.00466616,49.06501862,54.39551762,45.17033899,92.60960375,63.25025317,60.01801394,67.13688175,55.48737444,58.98208056,32.89466571,79.11734254,64.99725025,65.27462116,45.45622453,51.8070095,49.29182194,82.23666428,60.94031695,76.67177722,68.40795866,62.54213603,78.49863407,50.09442491,56.07828398,41.87821918,59.3252213,57.98339483,50.08246512,53.52937727,44.71975506,51.44401196,64.54867807,48.88922634,70.67288364,66.21653487,55.70870805
3323,1060,104.071513,30.61882626,456,104.0695764,30.61879884,185.6601824,,40.50767616,22.10240267,20.05631378,29.39211331,54.67293715,31.23255405,30.42685842,30.94336373,24.9704853,32.20661175,18.88069652,27.55561113,22.85048399,28.41469018,32.13349311,26.73506627,32.474798,28.90277434,26.90136561,33.72800622,26.66396236,22.05863553,17.4056421,29.12316587,36.56327443,33.68833955,40.50767616,55.46694246,69.14241275,23.04747092,29.93044004,28.43954286,33.99461665,18.46344355,43.4010816,36.31539279,24.93942749,30.80076759,15.87593009,34.60967902,29.48720544,16.62628499,28.89043865,32.31995438,22.29780339,33.95647706,24.27518124,25.70679449,25.2408103,19.62350724
3324,1060,104.071513,30.61882626,1095,104.0715609,30.61755497,140.9704935,,25.06142107,25.06142107,25.06142107,25.06142107,25.06142107,25.06142107,25.06142107,25.06142107,25.06142107,25.06142107,25.06142107,25.06142107,25.06142107,25.06142107,25.06142107,25.06142107,25.06142107,25.06142107,31.67876258,29.71710008,28.82463765,29.26406612,29.04268979,29.1529577,29.09771927,29.12531229,29.11150924,29.11840913,29.11840913,29.11840913,57.66974734,38.69770638,46.31619626,42.16558722,44.14354088,43.13189959,43.63185706,43.38043789,43.50578423,43.44302063,43.47437977,43.46653577,43.46261481,43.46653577,43.60754073,43.7494635,45.78891219,45.78891219,45.78891219,36.33606991
3325,1060,104.071513,30.61882626,1204,104.0746665,30.6189463,302.557852,,19.59007675,22.22874015,26.53773759,33.03491278,32.91902583,42.58046392,49.06343546,43.09429346,44.93433446,32.51367962,34.46861605,34.56432423,34.66056538,26.03685101,35.47909665,63.44902526,35.47909665,41.75878341,32.08271774,28.38944224,28.38944224,28.38944224,27.89265729,28.38944224,28.38944224,61.5056003,28.38944224,27.16230093,28.63825418,28.89146597,59.64995987,32.24099459,31.03157456,33.54850925,94.71376237,61.19147569,61.19147569,61.19147569,61.19147569,39.42835356,23.02765893,29.0843329,29.0843329,37.17434359,29.0843329,29.0843329,33.51410053,61.65329813,39.53569028,88.91496059
3326,1061,104.0180424,30.69090113,584,104.020265,30.6931301,326.1153469,,59.6451439,51.23507945,58.11956677,49.69376715,42.84727186,41.53355833,43.86109273,43.64368955,31.85930119,42.30685581,30.21918272,59.84784615,36.9497036,44.98142716,44.75280492,52.83596979,120.4118204,38.91763255,51.65667094,27.95274402,78.79296972,61.66046475,54.41553876,52.10126845,50.35540341,50.43502262,50.32842007,44.00822484,51.57672702,47.4030383,122.9335339,62.11720893,60.96518354,44.05310502,53.91574047,61.53119753,51.5823923,54.8288807,44.1525103,58.26378406,42.87857008,78.26768326,80.32031347,67.47214074,79.14709545,56.11331514,51.5295647,66.22164981,53.96530677,59.29369944
3327,1061,104.0180424,30.69090113,1169,104.01322,30.69418719,588.2107767,,86.51925623,56.12982863,46.84067441,77.83779928,62.3799328,53.78106821,111.1162786,62.44360746,59.0013596,68.65284282,49.3603449,66.87907765,65.49150917,56.44673105,51.3503194,49.9188778,63.02258322,61.8637215,50.8214111,48.69070582,82.3952839,55.3176279,49.89199453,47.26693741,78.24369083,83.84526688,58.6418941,45.63704302,53.74514711,46.74522729,60.83594331,49.21913884,54.36607949,71.78165411,49.90148802,82.92537941,59.81804509,46.03388687,72.13733899,62.1766425,74.49635167,47.93568299,50.73212257,78.17475943,59.69999425,49.90319237,78.80335765,57.7844356,130.5983399,54.08067299
3328,1061,104.0180424,30.69090113,1361,104.0202459,30.68950455,261.7396422,,25.37511792,19.11837386,19.58966137,20.9858065,21.66121177,22.70512559,21.66121177,22.14483459,22.65054596,22.92610005,22.19700146,20.50626141,21.76126355,20.17693173,20.17693173,20.17693173,16.259926,21.06791977,21.98979491,32.08613094,24.71346697,23.56835197,25.97553996,22.17088734,22.5962281,22.5962281,22.5962281,17.98211282,22.5962281,20.02683766,23.06640666,17.02371657,20.44397292,19.92941438,20.9858065,20.44397292,20.71134656,20.71134656,20.71134656,21.4638431,21.08088175,21.27063883,21.27063883,69.79723792,20.40293318,19.60324643,19.7642939,19.7642939,21.68613836,21.68613836
3329,1061,104.0180424,30.69090113,1696,104.0165822,30.68915906,238.4113748,,62.01451946,62.01451946,62.01451946,62.01451946,49.84209926,41.66412375,40.53274849,41.09064988,41.09064988,74.63312602,53.00075333,61.98372913,57.14135104,61.98372913,78.92238614,69.43493965,73.87530194,71.58633008,72.71280648,72.4278768,72.28624765,72.35699292,72.32160301,72.33929363,72.33044724,72.33487014,72.33265859,72.33265859,72.33265859,57.60274827,64.13278762,60.6926284,62.36530302,61.51759773,61.51759773,61.51759773,38.83624205,47.61376986,42.77940165,45.06731097,43.89356276,44.18123048,44.32648296,44.32648296,44.32648296,90.34536308,59.47333931,59.47333931,38.14581997,41.90244069
3330,1062,104.1083185,30.67849451,675,104.1138323,30.68001049,554.261027,,147.1489452,59.09729852,67.7438856,133.9903546,76.55013478,70.80694454,75.10100013,103.9239426,62.08572538,118.9565555,59.65141098,68.15202001,115.1157518,205.9410238,123.7670254,108.7008347,66.15299452,84.53336757,57.80126981,85.80428723,50.06228631,99.97847778,96.08377353,63.93953312,66.84555099,66.63091719,94.21855862,79.6601683,107.3340343,71.42719488,149.826744,85.87537936,83.41946138,114.6746952,76.02742226,75.68425494,82.62276179,99.02430259,86.39704253,74.34627705,70.99523267,96.24792027,64.4281465,67.34692396,47.4304489,66.5606274,79.30889492,113.0213011,72.26582405,61.1013113
3331,1062,104.1083185,30.67849451,841,104.1060637,30.6775428,240.3744119,,24.3417126,29.56769531,20.35646131,26.77368724,32.47083988,34.92474555,30.13836771,28.29475367,31.01420044,33.80453809,29.53405743,47.41632235,38.36399591,39.1560128,33.02761824,35.58439892,39.78610956,41.20704204,44.74972891,51.35595744,40.43681696,31.57803784,22.63265567,55.82889567,89.5187465,27.07706314,56.07005722,49.78031925,36.13143561,25.00282817,40.91479351,25.45639977,52.23427863,18.67825271,33.81365872,31.70782429,24.17594923,76.57945866,64.09984317,55.35274305,25.67797872,28.32717168,31.93165619,34.27120328,34.27120328,43.26739414,35.61102399,22.49952708,43.85208866,21.27368093
3332,1062,104.1083185,30.67849451,1178,104.1093624,30.67625125,267.9780642,,102.2672471,59.78131874,51.13362355,54.81369495,49.09521787,91.01141803,57.9992604,59.00434441,58.64565539,65.18385345,65.18385345,65.18385345,84.62465185,77.69565349,62.70238826,57.49231413,59.9844308,57.49231413,57.49231413,54.73594503,56.91569505,52.71699624,79.59744481,79.40090791,79.40090791,79.40090791,69.12465964,56.79005334,61.20355471,88.99640508,73.75543051,89.3260214,73.75543051,46.23263727,56.83745275,56.83745275,66.02402402,95.20273337,78.75273723,78.75273723,78.59234469,77.95725504,77.95725504,77.95725504,70.93536994,74.28073387,73.41515576,72.98988768,73.20190407,72.98988768
3333,1063,103.9769545,30.67452243,264,103.9766069,30.67623085,192.2538579,,33.3816988,42.85534913,34.17846363,25.28269912,41.55592245,26.61976494,33.32811661,25.41866327,27.50850113,40.00658315,33.59776157,41.00740616,29.06515017,40.07276443,35.60714539,42.07379261,31.11090298,32.64688153,33.26046617,31.31737052,83.89259254,40.35649495,32.13529372,31.6033739,27.860074,23.30349793,22.79189534,57.67615737,36.61978246,54.35449387,50.64247963,27.25752104,38.77388731,53.79123484,32.87561517,48.05512157,43.42448323,45.19312563,30.58503649,48.91264229,22.47123014,45.9367625,34.21466962,31.10624218,40.44493139,37.44529604,36.39626045,26.36624337,40.52584494,31.77749717
3334,1063,103.9769545,30.67452243,895,103.9736664,30.6735115,334.3350153,,54.70936614,55.08494531,73.39061311,54.75776314,45.93916241,47.2531822,47.2531822,41.03202461,35.54833371,71.78564939,66.4975721,61.4084722,47.90471861,47.66756654,54.1990504,59.75878986,63.79537393,37.78982904,61.17870524,102.8723124,42.81391036,58.34655391,64.02159867,63.23674546,46.88651153,167.1675077,64.24943356,64.24943356,59.75702383,62.51514885,73.30122138,73.9921755,44.19606078,81.41641863,46.32223433,91.52897757,54.58530862,154.9707367,74.41150263,62.58885606,56.64028494,77.1542343,86.77765357,92.76347245,41.79187691,67.35030386,60.2448508,58.61717802,66.37533393,58.23900266
3335,1063,103.9769545,30.67452243,1098,103.9777133,30.67160147,331.8010694,,63.33424442,47.81760808,47.81760808,38.40784083,44.5702929,44.5702929,44.5702929,51.17754284,51.17754284,51.17754284,52.50478461,51.83266868,52.16656184,52.08268592,52.04084902,52.08268592,52.08268592,76.08177388,56.45008742,56.45008742,56.45008742,78.84381847,65.79365739,56.07905398,140.5275117,142.766994,141.6384012,142.2004583,141.9188732,142.0595263,141.9891649,142.0243369,142.0067487,142.0155422,142.0111453,142.0133438,142.0122445,142.0122445,142.0122445,72.83438109,96.2861195,89.11282251,89.11282251,89.11282251,151.2004873,112.1361293,119.8791641,119.8791641,119.8791641,113.4143688
3336,1064,104.0190987,30.66725688,443,104.0192041,30.66475911,277.0152853,,41.72615176,37.16478362,33.16013536,34.10390517,23.47457139,23.6596685,23.18119542,23.24603793,36.07640925,32.02031839,23.59436184,22.57692493,22.95873684,29.88179266,22.08488003,29.28405045,34.62691066,28.93242559,27.04726031,22.73953697,18.95321559,25.64186913,28.26419539,24.90025036,26.96741555,28.08792325,42.72729336,29.69125499,23.4175954,31.89940111,44.61991173,34.8826088,34.9245632,35.54276029,31.97611309,31.02995536,29.10277316,28.80390001,34.82222764,34.55056787,31.81224684,37.22169208,31.51714597,25.44829415,27.61204505,38.16248147,28.50385938,24.82586575,25.31818122,23.72875902
3337,1064,104.0190987,30.66725688,686,104.0189197,30.67281507,616.2614777,,50.16486873,65.5760502,75.55481848,64.88860251,69.54674983,58.83082354,73.51031543,66.47767507,68.47349752,65.54036395,68.47349752,75.25581139,78.671678,75.91744448,71.56584902,81.9513944,71.297525,71.16411611,81.45172353,75.04412512,81.90277138,82.98043941,71.20575273,62.75930183,81.639055,60.05332266,82.87301554,68.24781031,106.4048595,72.11570485,73.79484282,97.07518398,149.9330987,115.3487688,81.42585306,111.0785367,95.83331835,216.4430556,89.72866814,148.7196963,129.9767891,75.1481817,59.16110186,301.8423564,63.72066978,264.1120619,81.33973675,110.2837441,216.4430556,75.73249338
3338,1064,104.0190987,30.66725688,791,104.0228234,30.66812114,369.4815806,,37.46855465,53.63842825,42.25627678,83.65620693,42.70092103,65.20263187,56.87370134,51.75617471,45.55252364,71.66909932,45.70906152,59.18705909,61.29648342,62.72571763,59.55822494,58.48883943,61.36718294,65.025879,88.79397131,62.64980584,55.56230844,62.96490841,29.23370748,60.57534833,58.49312622,92.37039515,67.26506516,70.60157591,133.013369,118.7619366,127.8974702,72.60555077,57.28396598,145.1054935,68.08396297,61.96274953,76.44446495,102.3179762,89.04660687,110.8444742,86.93684249,150.7233643,109.0273517,235.0059523,130.4052637,94.13231179,29.89064472,99.21743143,48.2631963,55.56279775
3339,1065,104.1178297,30.65328507,10,104.1181679,30.65058201,301.3254122,,64.26466529,75.67293226,53.668348,46.40733621,41.12098119,49.30779472,62.77612754,55.15362294,58.54399732,64.56973119,51.85863335,47.92552709,55.58180105,54.32005428,63.03756809,57.91625648,71.56271473,50.39588775,73.71040659,67.61178817,57.39531661,50.27909543,107.4031172,75.81470104,85.86581669,83.15321477,70.73635541,82.38770762,47.96159982,58.37858913,54.34046256,61.11388642,55.84409184,103.3115699,56.86875407,60.88520956,62.16455495,47.16397756,44.4578477,43.74078564,63.68521433,43.96682476,52.15247519,62.09338775,61.12536535,56.16939723,48.64446116,45.19292733,51.50887225,51.65578495
3340,1065,104.1178297,30.65328507,862,104.120455,30.65309272,252.4558637,,31.08920557,27.35825133,34.48385321,35.00928772,35.22639959,24.80912947,27.37473221,27.00865109,36.46584698,26.34322056,23.36352466,26.45275578,37.84210031,27.45743533,34.22414219,31.03359885,32.78647581,61.40818306,30.5595531,30.14398373,37.45224351,36.28108221,20.29795889,45.86246135,25.67347766,33.75006772,38.04672357,31.88916173,44.62394971,36.02223977,62.76526998,28.41743094,42.71873604,35.78114604,43.63135426,22.16685632,41.31095951,35.47389185,49.00041924,43.1548485,37.4934451,28.96448294,77.41406383,37.04515392,48.60112884,39.3478266,30.86047909,46.80224573,34.49112369,29.55046959
3341,1065,104.1178297,30.65328507,1602,104.1149881,30.65323511,272.3314862,,75.76455567,79.2770903,92.27231532,72.9459338,93.76769553,119.5601647,79.00026997,105.4186398,84.9350675,99.06536922,118.8355576,125.6914552,142.0859928,142.0859928,142.0859928,108.7312403,123.1907875,115.5102622,119.2269592,118.2755408,117.8055032,118.2755408,118.0400541,139.0628866,88.58976054,86.76047348,43.9200605,71.1461067,128.323737,71.62691144,92.48993871,71.62691144,72.6553664,53.18589605,73.71378574,53.18589605,60.08539429,36.99597548,69.04178523,57.05489916,57.95428671,47.82406587,47.82406587,41.95691941,37.3720464,33.66735406,45.14969377,63.11545175,64.71243236,46.46413983
3342,1066,104.065939,30.57440927,78,104.0701368,30.57443762,402.5694056,,27.91716562,27.91716562,23.12325266,23.03646899,23.9783233,23.92576192,38.69826062,24.77350188,24.77350188,25.03923162,64.84339419,26.93772974,24.77350188,43.58646196,87.30420844,25.27784347,25.10423543,54.34686975,24.91909623,25.06810569,25.06810569,24.86293052,24.77350188,24.66108667,24.77350188,22.82882426,25.29231868,49.80240069,23.41276026,26.6039442,23.73873645,25.83333084,23.82165375,24.26411109,27.13951049,23.85289727,23.26783552,26.15974477,49.97413311,26.06577468,24.28904748,47.51638886,23.78419483,67.40697024,27.3960276,28.33887095,24.59482156,22.70958102,22.77202716,68.84797435
3343,1066,104.065939,30.57440927,626,104.0658772,30.57810036,409.1217955,,40.7612121,39.57470122,32.04144591,27.78940498,33.78069871,36.40570898,30.20174567,40.86960704,22.74653998,41.47380398,31.50456607,21.51699728,22.95929016,23.79383625,30.08863052,21.67532691,24.22431684,26.65770975,23.3228577,28.6991127,36.15991318,35.37553917,26.09873238,19.77495252,24.79526033,26.6456529,21.64347485,23.4715293,35.77304331,26.18379491,34.7016804,32.949298,24.02672861,26.21875325,37.52454685,30.05792783,25.13376218,30.72253783,27.81939894,34.9013854,24.02672861,35.66194828,40.6034872,23.09127458,23.37838831,21.64347485,31.03979903,24.78439452,40.72582255,27.60709398
3344,1066,104.065939,30.57440927,746,104.0661417,30.56811912,697.4012569,,60.30371157,54.18931362,41.71155433,50.21498278,46.02113236,46.57571527,45.4166409,43.57181908,38.77443282,53.62715254,47.95882569,39.55328121,41.10756488,45.09464795,51.02936026,42.91700042,44.79950081,50.77137563,44.00146494,44.75316206,46.92793504,44.49525077,47.42284637,41.68255551,56.52482982,55.05799397,45.57139962,49.84734331,50.66891069,54.40112986,62.69369573,51.40249101,52.38894159,53.43524658,68.04250843,55.82311339,52.11607735,62.66167699,54.88258036,61.87750521,60.03813056,34.20496628,65.42687127,49.37354031,56.93071485,39.75684125,60.06326614,63.91118859,60.9379739,42.1957063
3345,1066,104.065939,30.57440927,1131,104.0568157,30.57426532,875.0489531,,59.80401008,54.61944051,60.40123795,66.52959306,75.66476136,68.18563271,64.59691519,60.418293,48.65137037,86.60278299,66.22655005,64.15837538,51.57881672,63.70427161,63.70427161,63.70427161,63.70427161,63.70427161,63.70427161,63.70427161,63.70427161,63.70427161,63.70427161,63.70427161,82.46534637,71.88080391,76.81014889,76.81014889,76.81014889,102.723138,87.89656404,94.73323879,91.18693729,91.18693729,91.18693729,76.92738049,83.45240684,80.05715883,81.71953197,80.87980434,81.29749982,81.192672,81.14035941,81.16650727,81.15343123,81.16650727,90.31468553,85.49657792,87.83961159,85.49657792
3346,1067,104.0927252,30.59715528,501,104.0847688,30.59869091,781.5581147,,35.27594299,35.82390136,36.22050995,36.37503831,40.1084706,40.89548275,34.36469268,162.2144257,108.6935126,108.6935126,41.01471156,36.80325982,46.46753448,33.25779211,36.24617344,76.24957217,36.30463501,41.31584747,37.29104325,36.37503831,48.30230408,123.9975669,38.39794218,37.34053368,38.22838605,169.070158,117.5193545,34.43830126,33.83775361,36.04880478,41.19486403,37.89372677,38.31515043,38.7682978,36.46145848,113.5838637,36.31634996,42.8577184,33.08182496,36.46933523,91.78288316,73.59333513,86.90843056,35.67174913,89.25514978,35.43588429,31.38437493,35.31357657,37.50228874,100.3218261
3347,1067,104.0927252,30.59715528,941,104.0946732,30.59714389,186.763222,,12.40820774,19.71188036,11.99995715,19.78462774,21.10471759,20.1092623,20.83183886,29.45663085,23.04697905,21.74020678,22.82029173,22.07396232,12.21573453,25.47273749,23.95937917,27.59852891,25.19030465,26.80964508,22.4903027,13.54856623,19.87797329,22.06075929,16.15249488,24.06747936,16.71293877,21.39530944,23.6049479,12.56871315,18.18179423,20.32796974,20.77150335,19.02870564,23.84785524,21.11375077,29.80892339,19.70249375,17.76347686,12.48556359,18.0203026,87.69751294,16.99423248,18.2517163,19.39930558,22.73684991,19.3446531,22.53679104,21.43747412,18.78083062,18.20179056,18.73269373
3348,1067,104.0927252,30.59715528,1302,104.0919401,30.60210279,553.4677936,,73.52339694,74.40889019,64.17017897,74.07003929,53.99685791,69.78928396,57.92104817,71.80122728,88.16301137,71.16014489,72.06090622,62.26512678,104.683926,86.4418246,67.82924449,86.4418246,82.97078168,83.9698278,109.3269716,64.79622949,59.76256919,73.13359101,83.9698278,73.13359101,89.65057624,55.34677936,67.08700528,65.29326953,84.90699105,62.76952475,131.2854357,74.55506294,71.01521587,68.88449635,64.37751396,87.38965162,86.62974161,65.11385807,86.62974161,73.08515569,90.36208875,77.67969033,77.67969033,77.67969033,77.67969033,77.67969033,77.67969033,77.67969033,77.67969033,77.67969033
3349,1068,104.0566467,30.68829729,1139,104.0526151,30.68752187,395.6206195,,67.25406825,67.95392061,46.9355843,61.27319868,74.11074965,51.13606944,62.67257339,40.99920333,44.78723994,59.70669138,46.95277682,38.18322333,41.10061679,41.81545009,43.32852883,34.70039239,38.45817004,45.97652936,34.78455379,40.50435066,52.90617497,52.04583337,35.42871219,67.64296214,36.80191809,42.05416034,40.07585496,37.99746063,68.97018064,39.53460736,57.14079158,42.02830631,46.25292279,52.24630338,57.11475221,53.68138441,42.48275109,55.87538794,45.37584166,38.57100149,42.60984982,43.40287163,51.44292884,39.83578739,38.91350356,47.00443004,41.9156595,49.88561227,41.9715392,44.19656261
3350,1068,104.0566467,30.68829729,1489,104.0577429,30.68833203,105.0625162,,16.4017805,13.29621091,17.54290623,17.54290623,17.54290623,15.40631602,16.4053376,15.89014004,16.01588179,16.07950189,16.04762878,16.06354952,16.06354952,20.78159661,18.12049843,18.12049843,17.25173383,16.46246173,12.97513065,13.70070395,14.09479663,14.09479663,14.09479663,36.72087945,20.37061662,20.37061662,20.37061662,18.79379172,19.55046136,19.16466063,19.16466063,19.16466063,13.65433424,15.94690409,14.71184118,15.30449588,15.00231772,15.15190035,15.07673802,15.11422574,15.09545861,15.10014602,15.10249082,15.10014602,15.10014602,12.14205645,12.76733031,13.10475507,12.93384234,12.97615121
3351,1068,104.0566467,30.68829729,1519,104.0589175,30.68386085,537.6552034,,72.87495227,49.88553434,58.11034473,62.19661736,80.87292754,49.02631034,69.65225346,65.22523108,69.45407292,57.92417936,134.4138009,63.33878431,54.28491302,92.31599675,63.51300188,60.84648562,87.44994273,64.68933238,51.39721719,129.9032706,49.07603276,46.55583241,64.66785793,99.25942217,93.14527104,57.48615183,91.87778791,65.12647148,81.79617241,89.66108777,75.19977807,96.00985775,49.60851086,74.5880051,191.6394784,65.22523108,52.74001995,57.01203924,57.01203924,117.3065898,73.73557075,53.3211772,60.3380589,107.2331708,75.60776298,60.22742068,69.5410323,72.78816918,188.8349983,71.35700395
3352,1069,104.0921494,30.71527531,140,104.09164,30.71366187,185.3524974,,29.13838387,29.13838387,32.58945009,32.58945009,22.77368569,35.34029742,36.89754225,36.10213492,36.29775431,36.33404127,27.34708978,44.31472626,43.03226058,28.0758341,30.99972082,23.74622742,26.85187085,29.95595918,26.61092685,27.83912347,36.73250938,31.69453421,32.51748679,38.21153848,23.37194363,36.62539914,39.69624038,45.56681114,44.6333773,39.48337223,47.49245485,28.59724246,31.03576701,28.43223396,44.82075504,40.44054489,40.98703874,28.92784641,47.77582271,48.17826647,47.97620066,22.13164148,42.19406446,48.03916389,48.04546932,36.06859409,46.60784567,27.97773546,22.93020586,41.18944387
3353,1069,104.0921494,30.71527531,182,104.0988095,30.71249871,708.1282195,,73.78470594,89.76273205,95.2994987,162.3733497,104.7354803,119.2637001,97.22716682,110.9681294,111.7790777,110.327794,113.8698644,120.6989114,115.4230161,88.43925725,90.61739814,92.40962196,217.2666129,92.12811048,95.24015902,91.16036381,78.04110866,91.25213941,96.70793987,119.9652513,99.38641677,115.4818387,116.651944,104.9078844,83.44555123,102.4142587,100.0504479,115.9508195,99.7022377,79.1696146,74.63073697,97.00694174,115.6564804,98.39542968,98.74769784,184.0622087,103.1046144,98.17438729,91.53542514,81.91594972,104.1859946,91.16839066,97.44728543,90.45614956,99.16492266,92.97088221
3354,1069,104.0921494,30.71527531,630,104.0928606,30.71717785,221.585854,,26.85889139,28.20421006,27.10990907,34.04163903,25.85766854,24.7351651,24.00027302,25.20905627,25.01390532,25.01390532,35.53269819,36.25950338,30.68111825,30.90506802,33.87299679,27.86756592,25.46963839,29.79769306,30.84423681,77.69893579,27.16954202,30.6531178,29.20562569,38.44381081,39.68701863,24.24647643,34.10755906,37.31099506,49.30216776,35.16288316,29.87674436,28.85023777,27.15836495,33.19264161,30.79462407,32.54129109,30.82933621,30.87563723,38.53667026,28.52356642,30.54874494,29.30320152,24.85074998,34.68300323,35.87896887,23.02190691,27.7028581,27.98145457,57.66571624,27.76249679
3355,1070,103.9556823,30.64225974,423,103.9401081,30.63831074,1555.395818,,166.6495519,166.6495519,151.3358093,147.353288,163.4391402,163.0724555,163.4391402,163.4391402,149.3843916,127.5495432,124.5700766,163.9655914,111.7331089,144.6879831,93.2615747,99.56192601,84.50899175,92.65585479,88.06492747,89.00116639,89.47679077,89.23834483,89.35740873,87.77567137,89.32761298,274.4816149,89.32979328,89.33088346,90.04041735,89.68424706,90.0405558,90.04062502,91.19697747,90.61507724,90.83550506,90.69048603,89.47575886,90.07902745,90.0968862,90.08795593,93.81902137,92.85757847,89.73924279,83.58234772,92.50209825,294.1904525,100.8736697,96.57089736,370.822844,96.73480415
3356,1070,103.9556823,30.64225974,433,103.9759777,30.64764778,2034.517496,,215.7367595,213.7846756,410.3228563,213.7846756,535.9216817,209.6292293,196.527322,243.3309962,563.404845,230.9972557,298.9495096,189.0132383,240.4682786,304.8147497,223.3979995,240.7034784,206.7702851,210.9978534,300.7910877,165.3332502,245.7806371,123.0968569,297.1303442,162.6409249,214.1597364,417.8471141,176.3668418,167.0299427,333.2576687,329.9217561,181.6147393,191.5118155,220.0359399,237.5738805,213.0603538,251.8226916,167.0299427,268.5690985,207.574408,237.5864728,220.5549707,335.0969993,219.2893109,289.4965607,261.8145839,222.8477582,208.3716354,195.2269121,226.3569134,213.8845633
3357,1070,103.9556823,30.64225974,735,103.9538128,30.63739103,568.5783798,,49.26483783,42.42077986,50.82674388,51.04444307,67.22550471,63.53123177,65.93392809,81.50270292,66.13512657,60.64515178,64.06516955,64.44335828,76.33550971,90.5700074,58.5450745,53.28109763,62.20344668,69.38583618,55.63691675,47.60191087,61.04022368,72.20042918,50.79112078,172.4900702,65.43740944,56.34913055,60.8738191,58.49975828,64.01507951,72.73185367,99.20268987,191.2973988,57.86239342,55.56743857,57.85217219,129.9607725,57.84961745,88.71935091,259.9215451,80.99590261,48.33251871,68.45759757,58.73406506,46.25278567,57.87190365,54.02939539,53.77291872,57.96322643,255.8602709,70.1044383
3358,1071,104.0632366,30.6647108,924,104.0618457,30.66270572,259.1144788,,20.12440963,18.38053446,22.23387511,27.80364005,28.36078873,20.51489166,20.45640622,18.06899997,16.91409109,23.21149919,22.07839346,26.61375531,25.54250065,27.33915955,23.41787758,18.78775677,20.54005935,19.37304514,27.97247541,20.32270422,24.99161751,32.12900541,20.43400052,25.87550967,24.75616039,16.49535144,22.48823828,21.71855934,28.46832524,30.61746576,25.37688843,20.58430578,19.61749997,27.1166315,26.67082555,25.19978722,23.12375121,22.14390798,20.59187911,23.47435354,25.17226239,26.72814108,22.86304225,19.63814997,22.42336836,21.36618722,21.87132764,19.87727509,28.02640332,28.23138836
3359,1071,104.0632366,30.6647108,1496,104.0630465,30.66775544,337.929925,,28.39084551,45.79944395,66.52759149,36.1529786,40.3364632,36.2715483,33.86535437,26.13421547,28.29180767,23.69128978,25.69809316,25.51008753,31.62602417,37.14019528,42.92435389,53.8806334,46.28589969,97.12955928,49.27788273,47.71945006,56.49602462,40.31641193,48.37167913,43.97822793,36.1529786,59.78121523,29.81003994,27.77506233,48.6375904,41.94992172,24.65975129,38.3769,25.81685822,65.58208787,23.98319823,26.13733486,39.24347516,42.96586333,40.51782614,67.83723403,44.61666491,30.14241155,29.79908708,32.71755437,25.65203437,36.57690108,28.2808461,48.90644141,42.53663392,43.11450903
3360,1072,104.1010221,30.64333997,200,104.0988698,30.6401137,412.7881835,,122.6862713,87.10653345,76.38113731,97.58219722,79.34245238,62.35122213,92.91149991,62.89154911,68.6679776,159.7889743,83.15822387,87.1941511,86.44778712,75.12353671,79.08882845,87.58570493,77.39778441,101.001364,87.12568475,90.70421938,84.67449918,89.8295529,107.0191587,88.00560255,84.24538086,89.66764712,91.3547619,86.7722908,153.1166581,110.5598263,96.90495341,91.16794237,84.73485164,94.15664348,69.39776436,84.50253633,83.69095167,109.8549198,97.08432885,76.62065605,90.97260242,93.65782313,79.09713696,78.36963002,76.5505453,87.1343927,84.65257416,64.89246553,105.1295748,96.87787872
3361,1072,104.1010221,30.64333997,911,104.0983198,30.64447256,287.772369,,26.86207074,29.53915967,26.83887379,24.16281116,24.46812774,54.94946227,23.70664825,26.12813439,31.99939856,27.92400346,24.20515253,30.65031149,52.62540981,31.25129799,30.74126197,25.84781757,24.54930162,40.66212279,23.05594648,49.26022995,28.33128154,23.98103075,30.69571936,21.31647178,24.4450337,56.61095784,23.90724296,20.69891166,27.39783216,59.11443814,43.41205799,24.46957256,25.35439374,23.55839746,36.21335539,31.41238716,60.58365663,36.12835321,35.34046637,24.6076135,30.63218594,36.67187711,29.57530056,29.27250401,28.97847632,21.99534031,33.63573144,27.86558504,41.27412464,35.79203362
3362,1072,104.1010221,30.64333997,1208,104.1044176,30.64089419,423.5021802,,52.41203452,47.87911594,47.86154777,56.2585922,47.00743624,52.21259756,50.42298958,52.62453127,50.37250601,67.06486139,45.30781125,49.10170205,72.02871725,49.39334283,44.7300881,62.60366201,51.60089047,74.31069936,41.03924223,64.19401468,62.74106373,54.78289072,61.29076779,59.13152614,85.452098,104.5843799,55.59189968,77.02470976,56.02887154,113.8981317,75.47563608,58.16647155,68.09662848,66.00033977,46.58847513,48.21275512,49.95438561,45.16241468,92.61636465,54.00938735,54.06410811,70.89001155,50.25259344,102.8403271,51.92314774,43.5187778,52.46413795,62.51734805,58.33958606,58.24243912
3363,1072,104.1010221,30.64333997,1473,104.1015145,30.64422921,109.266746,,18.8360871,20.75779871,20.35499537,21.05407417,24.43231588,25.58440882,28.60802077,26.85053144,28.92355041,32.50911451,29.39912448,31.60366514,21.5934283,17.79910795,22.84764485,19.44120028,27.70142856,19.28236694,24.77860067,38.28945027,24.7396406,24.7396406,24.7396406,22.47773061,36.42224867,21.95499268,15.57862517,23.98538327,26.42958247,27.61807422,18.65371834,33.47747111,27.08160314,20.97921523,28.60802077,19.99652868,24.71373522,37.03957492,40.24146144,46.41419299,35.02373161,18.0440498,21.36169123,26.17416349,17.17730505,20.64883389,40.34464468,28.40146466,26.86887197,20.12073072
3364,1073,104.0377205,30.61803113,189,104.040157,30.62176571,475.2483778,,180.8556195,135.5656757,123.4411371,153.7959194,125.702713,147.4303544,108.499677,110.1503531,140.0459067,169.569141,160.1585921,153.9073054,129.8120889,180.4534889,132.2025266,138.237646,127.499143,154.542103,158.3004092,130.5741291,139.150958,137.1619935,116.9289306,133.5332027,109.4647922,101.3335744,131.5397867,92.56972131,141.882404,116.1897562,149.359952,116.7049222,136.7428336,105.9984909,92.95276139,86.84741929,84.72240232,91.36951456,80.0980412,88.53578173,66.77509873,55.98999121,41.57404334,39.88983831,71.17319705,67.33393832,49.10421306,45.20195932,52.94836859,49.86911229
3365,1073,104.0377205,30.61803113,786,104.0416221,30.61623459,423.6879244,,59.68700441,59.03344085,54.79379216,48.91319705,50.01726604,63.5752634,54.38998674,60.87915627,77.97355913,52.20476912,60.94893311,61.68876545,76.92261175,63.62277607,67.50774386,55.24520617,61.79378237,49.58233329,50.0152159,50.92831562,52.73924081,55.8379113,63.48774449,69.53619913,81.70212402,86.13326276,65.73287244,79.26087835,73.29423014,53.86398377,62.32906104,53.31484158,42.14053123,46.29766362,41.26830432,43.61047971,166.6968883,44.36092665,44.23762739,47.54417387,44.31125637,38.92149243,31.31984657,36.87490157,34.82325093,37.52217781,45.76115591,37.58285123,39.05957818,41.0158394
3366,1073,104.0377205,30.61803113,1052,104.0362486,30.61577708,286.9049216,,25.34620166,37.25365979,27.18046626,28.4769153,29.91189452,24.91214949,29.48284358,31.81449924,26.63720742,18.76217471,24.41022671,29.66317123,29.6881506,30.60319164,25.43984527,27.65927191,26.88858361,17.55068339,29.30092816,25.53418338,16.90438163,31.98140254,27.69720747,24.95260964,17.52091124,16.34268541,21.54030694,37.63043937,23.10132344,25.11508128,15.32429848,23.07250615,24.70951478,24.91815966,24.36942401,24.91815966,24.91815966,30.62209555,25.19677295,37.56415453,25.47330774,28.22015622,26.85094779,15.98850956,23.70242175,26.18143771,30.41888727,23.17448252,28.26414342,26.11523939
3367,1074,104.0750659,30.59133644,120,104.0758544,30.58360116,860.6192695,,74.53078896,59.69074316,57.03137359,63.75413042,65.7972789,67.04310241,73.847954,79.75064206,84.36374848,85.3376108,77.68230766,85.17469059,89.4795486,90.26159855,80.55238613,67.33950419,79.37054874,130.7269776,99.3022234,99.0165986,69.95061607,95.02495816,91.34267537,110.45381,111.0010243,113.0676169,113.0676169,102.6243581,93.85729689,67.77023777,82.05677484,76.78387535,80.43431758,79.96720426,86.3994247,75.49464294,86.3994247,85.34516095,93.65262049,68.91973758,86.30737782,71.60776664,62.61157367,68.82755498,80.55194983,68.3407824,70.29249018,65.17680829,73.37157435,71.14387669
3368,1074,104.0750659,30.59133644,546,104.0819113,30.58936486,691.7608617,,51.50649642,66.88466703,65.96924774,48.54462187,60.5185687,45.32009285,44.47034111,75.28895693,75.28895693,82.66828741,64.36172685,60.5185687,48.2623857,53.67110134,58.28453217,57.03937476,43.60600774,59.4758571,85.03596933,77.33972367,74.38804626,75.42298764,49.5097237,83.0113034,75.06674008,96.29150709,96.29150709,89.43978818,74.38379962,42.20913732,62.96685467,88.62416734,55.73722252,68.13513275,99.41473462,64.58826867,60.66599518,46.85492196,50.92718,84.60948253,56.98716481,59.54187931,54.463403,70.54784992,59.79205527,72.05955814,72.42866997,72.42866997,91.44452028,68.22846855
3369,1074,104.0750659,30.59133644,801,104.0753692,30.60061324,1028.549396,,136.1315377,82.14703995,136.1315377,78.92945005,78.8034653,76.98082798,79.48007138,91.45483978,86.06107671,115.3513341,146.3548548,90.53246517,126.1593808,89.2190832,51.07279759,70.1948403,73.33443457,89.84944965,99.30843373,93.02731445,73.15290195,87.53037082,96.83629488,139.7274651,80.93503444,88.14388794,67.50734413,101.6664773,112.6605829,80.99404649,72.0384791,88.84889803,79.36005471,173.3742125,90.15361061,90.2256923,82.01058307,168.308083,97.98948926,83.2357681,134.8917241,104.1569009,76.67198811,83.24395488,87.95196735,91.50757646,109.3878235,71.08454561,89.33119,95.37779174
3370,1074,104.0750659,30.59133644,927,104.0717634,30.59121614,316.9223562,,24.93270285,29.11130297,30.22305913,29.51928803,26.71944923,23.71976055,24.47014439,32.00337959,24.57556235,28.16314959,32.62880311,28.06692453,16.57110359,35.73352741,29.29192509,25.63866252,21.16735589,27.48496387,31.36089286,37.71637958,20.3010762,29.98476957,29.7308269,38.03068274,35.70956126,29.32957538,32.36653851,40.34372285,26.39492151,40.08856227,28.84754696,24.91092756,34.22077032,20.82921921,32.04832816,35.17994126,24.7488174,56.83290074,45.54572784,35.3007575,41.5635877,25.56843711,33.36834508,25.63866252,32.64436287,24.53592435,39.07261926,25.02018602,30.34362985,30.81990719
3371,1075,104.0394068,30.67962794,248,104.0406601,30.68164203,253.4618362,,17.17576678,17.27331018,17.07931886,21.7771506,16.98394807,32.45754061,19.87454863,18.3041647,23.66958782,15.93821153,28.78430947,38.55475818,38.55475818,22.74050119,29.30822089,33.24089655,20.43589273,21.2943433,24.64634902,18.23102119,13.56821725,22.41922875,18.11160402,20.58186339,36.13713308,36.13713308,33.03032074,26.85029751,16.60532503,20.07618505,44.53752826,21.52034458,16.55010781,16.98394807,33.5156147,16.77320975,35.32113331,20.80872543,19.45549276,57.56861895,25.88546412,34.01538156,17.21627567,29.48182909,16.07863631,21.93419736,16.79379038,26.1900864,18.26142649,16.03624974
3372,1075,104.0394068,30.67962794,1594,104.0343495,30.68190113,546.0513157,,140.1629046,140.1629046,140.1629046,140.1629046,108.5146563,140.1629046,158.9583344,137.3474052,118.8503468,90.58915836,118.8503468,102.8130092,149.6790409,203.7082629,83.65041432,110.7484359,113.6291755,128.5386707,106.3544492,168.9786307,134.3360868,95.08027746,111.3496192,111.3496192,111.3496192,164.9939228,85.19110451,188.4138726,142.9661627,142.9661627,119.3796398,153.3522954,178.24473,165.3656981,147.4338553,150.0599036,161.1298964,134.6427902,148.735289,138.1113398,168.0157894,229.4690354,162.0152256,162.0152256,116.594587,173.7070459,216.0203007,176.3035638,157.2627789,161.7929824
3373,1075,104.0394068,30.67962794,1609,104.0387343,30.67848323,142.2918038,,28.69750665,17.86623546,14.30867301,61.71692695,41.53382382,49.97565792,14.42959137,19.8546703,17.30575992,36.4850779,19.14955117,30.30569888,30.15208923,30.22126806,14.15056612,16.59558835,25.93673386,22.27176059,17.99474802,18.99569198,14.63572839,21.20388384,23.99299736,28.45836076,31.20760189,40.38768677,32.57801445,34.07431223,22.36901719,31.33901796,38.80685558,17.49788194,33.08399314,28.83211033,48.631376,28.83211033,34.1026681,25.4344833,41.73120111,27.7642544,41.14461797,41.14461797,41.14461797,61.71692695,49.37354156,62.09096893,17.26202169,47.72520129,26.67971321,22.76668861
3374,1076,104.0809578,30.68481948,399,104.0835475,30.68354394,285.5168819,,19.95846165,23.1649241,27.2281,27.80507055,32.48611804,26.73239987,26.39601373,33.28564685,32.98654605,26.04651948,23.15001745,32.7576026,27.18309487,25.23389791,47.14957683,45.68158146,38.87889456,26.26560754,43.83201598,23.65617433,32.02058489,28.63121935,42.66246917,28.90293919,31.18779984,40.10134439,32.21187425,31.98736851,25.91245651,27.06677485,39.35422389,30.50031973,22.50379365,22.72771199,21.76518316,47.40326403,44.86298242,24.73792479,29.95431068,29.23381043,33.21036429,48.36991882,30.21215799,29.8103473,24.3568904,27.48290842,28.32687174,25.80943565,31.97078615,27.52891262
3375,1076,104.0809578,30.68481948,1254,104.0793448,30.68519776,160.0988055,,22.8939702,20.92035208,25.27875876,20.12415153,31.43044034,34.96091766,33.85349191,27.02723094,30.33451052,25.09531349,27.84327052,35.30509647,48.23060249,34.68887751,27.08438439,23.2636004,32.93461142,26.94650025,31.97535089,26.32963453,23.28709898,24.06495615,18.0675768,24.89657451,54.37317923,29.02093151,39.34168599,20.76423005,33.83692954,33.60674634,20.18759019,24.42185169,30.4145488,51.46033034,23.07268614,69.44044576,18.4729391,21.03487955,21.267738,21.50580969,39.74866895,37.42569479,37.42569479,37.42569479,37.42569479,36.02223124,32.47074365,27.84327052,21.68789087,24.47370275
3376,1076,104.0809578,30.68481948,1362,104.0825614,30.68754155,338.5388773,,34.49264033,91.13623075,86.43545803,86.84607781,55.43326645,31.82088664,65.28964061,42.20744444,45.28527481,42.09809873,48.84729292,58.14599038,52.41892294,61.91735606,37.27033512,39.34592279,39.34592279,45.04814261,52.68328351,84.63471933,40.22244087,56.03402107,56.66361682,57.30752154,125.6432947,59.80078304,40.54357812,41.929127,82.07003086,40.27560999,89.83341214,43.25956613,105.5186111,60.45337095,76.77102099,92.56252845,65.58241929,58.42940272,45.27571611,52.68328351,55.73505906,67.89637651,36.41653261,67.89637651,150.8341533,93.64118004,84.49291985,76.97305001,40.18928139,52.80693084
3377,1076,104.0809578,30.68481948,1410,104.0783637,30.68119666,472.1895863,,76.53571426,98.09709459,67.87651652,90.78144249,83.78964932,88.8246903,109.8370928,105.6765326,95.11041516,87.29283692,86.72869952,85.83097757,107.9045801,82.80307845,73.11814012,76.31614513,128.1413171,123.1798921,97.85806512,109.5451201,94.39659898,86.93568928,104.4474661,85.01456172,84.84360763,104.9042468,90.52863255,81.97438534,97.3214728,100.783548,86.17908799,105.507785,105.5417934,54.62347399,54.62347399,54.62347399,54.62347399,54.62347399,54.62347399,54.62347399,54.62347399,54.62347399,54.62347399,54.62347399,54.62347399,54.62347399,110.024758,73.00332878,87.76984694,79.70845839
3378,1077,103.9935681,30.64596869,860,103.9966501,30.64288317,451.859148,,53.97123201,56.4823935,53.97123201,58.38462401,46.16914663,57.16598561,54.78310282,58.38462401,42.98682051,49.62581719,47.81695415,57.64277846,43.56240837,60.53481287,60.54304223,161.0587062,60.76276732,62.85723778,60.7730859,58.41607371,115.4267667,58.2435918,58.48520724,58.23526486,58.35996844,58.79435919,55.94816622,54.31362046,68.80012404,55.75639872,57.22754381,57.88942821,43.51482466,44.09052147,52.37068062,65.46639085,64.21034458,100.2198187,73.32950863,97.67483207,97.35818054,69.09120016,60.78491361,61.65973252,33.36806016,40.7182211,60.90584934,75.12292018,65.92807874,73.17659921
3379,1077,103.9935681,30.64596869,965,103.9914975,30.64819486,316.6144048,,48.04264941,29.28852738,45.53176528,48.96099043,45.42402686,49.0241659,49.05581482,49.03998525,49.04394169,45.6295483,49.0449309,62.13625116,41.56436752,47.82427374,45.53176528,64.94654457,53.53323791,57.96881664,55.99321374,56.64394374,56.97501376,56.8089964,51.01251406,52.50625608,51.63451176,50.14882297,56.00503549,53.95808523,56.86465982,59.45810419,52.16128091,53.76684644,50.51703413,47.24670194,57.25516929,56.306954,57.40912632,57.40912632,57.40912632,40.52664381,47.73081479,73.59560015,50.65830477,44.65035187,24.25131611,77.09027637,51.34287645,44.87448257,44.26453815,43.75477379
3380,1077,103.9935681,30.64596869,1091,103.9913554,30.64443734,271.5977925,,77.29265241,77.29265241,77.29265241,77.29265241,77.29265241,77.29265241,77.29265241,77.29265241,77.29265241,77.29265241,77.29265241,77.29265241,77.29265241,77.29265241,77.29265241,77.29265241,77.29265241,77.29265241,77.29265241,77.29265241,42.51095883,54.8528501,47.89967192,51.1410031,49.46729754,50.29022856,49.87536874,50.08193952,49.97844069,50.03013658,50.00427527,50.01720258,50.01073808,50.01397012,50.01235406,50.01316209,50.01275807,50.01296007,50.01275807,50.01275807,42.60357529,44.242148,45.10962688,44.67167644,44.88958349,44.78036489,44.80761968,44.82125952,44.81443856,44.81614362
3381,1078,104.001536,30.66675667,330,104.0009914,30.66823038,171.4634801,,48.03646135,33.8044101,28.81440226,22.98951688,16.05379788,21.88895491,24.11205189,35.22216995,24.54348025,26.8377621,21.71296331,27.43415682,24.55975577,25.77321622,46.06481555,33.26777959,28.71016411,20.43935524,28.03945295,28.03945295,27.5720169,37.79195072,26.95495757,27.43415682,64.29880504,23.47921371,38.00914583,42.64376707,22.15078451,27.31276674,27.31276674,53.48947386,41.15123522,32.48781728,29.49204627,54.14636214,43.77790981,30.35746861,30.35746861,30.35746861,28.18577755,17.53603774,26.48409254,27.66248207,19.91188801,22.4461283,23.38138365,29.96449167,26.49221152,40.16931854
3382,1078,104.001536,30.66675667,1391,104.000394,30.6652792,196.9410506,,37.44771509,28.35951129,28.35951129,28.35951129,28.35951129,28.35951129,28.35951129,28.35951129,28.35951129,28.35951129,28.35951129,28.35951129,28.35951129,53.30735204,37.02286069,43.69724389,40.08411489,41.81277005,40.9301985,41.14732991,41.2567618,41.20197319,41.22934929,41.2156567,41.22250187,41.21907901,41.22079037,41.21993466,41.22036251,41.2201486,41.22025555,41.22020206,41.22022881,41.22021544,41.22022212,41.22021879,41.22022044,41.22021961,41.22022004,41.22021982,41.22021992,41.22021989,41.22021989,41.22021989,41.22021989,41.22021989,41.22021989,31.93638658,35.98922752,34.88254771
3383,1079,104.0850152,30.64157585,26,104.0860338,30.64221009,120.2890328,,17.11622601,10.23736449,13.74731803,22.67227843,14.02181926,14.07403674,12.6394184,13.671366,8.64927799,17.15011953,14.38672818,16.38856509,18.54563247,17.15011953,23.28174828,26.24487988,15.93525366,14.80480404,16.24917516,22.36779536,20.10401662,14.6050765,19.73848905,15.30178509,17.60327309,15.43128795,18.74634277,19.30630932,15.60506371,15.51677481,13.92413241,18.74634277,16.27971872,17.39817268,15.68987384,14.70176602,16.65540454,12.04563333,19.30344063,13.40682719,16.7845162,20.06819547,19.57719303,15.1512099,14.45899743,15.99060291,15.3969962,12.13848684,17.82059745,19.68365991
3384,1079,104.0850152,30.64157585,279,104.0835203,30.64087688,162.8575248,,14.08215587,12.47419339,17.92926879,15.31575468,19.1597088,14.21302035,22.37736982,15.55138168,21.24228584,18.89724704,18.91248675,23.50520977,28.32304779,45.31479158,52.14751748,50.3610957,34.48747584,35.44661967,34.23574244,27.66810237,25.71434602,34.19691384,25.27099523,20.63180373,18.53872219,20.18199963,18.06739875,22.26406668,23.45148357,21.01387417,35.96853308,20.93134914,24.36517774,46.12801647,46.48460569,23.64060844,21.28083809,15.44893516,12.06352036,21.16903193,17.05562442,14.62062567,22.63656715,17.2691337,14.83332294,22.63656715,20.3571906,23.45148357,23.45148357,20.26921657
3385,1079,104.0850152,30.64157585,1093,104.0847228,30.64186739,42.76792456,,7.717520221,6.823912617,5.766135548,7.451849642,8.732479456,8.152741775,7.166140489,5.978835017,6.229020981,8.752306259,20.39265277,20.39265277,20.39265277,20.39265277,20.39265277,20.39265277,20.39265277,20.39265277,20.39265277,20.39265277,20.39265277,20.39265277,20.39265277,20.39265277,20.39265277,20.39265277,20.39265277,20.39265277,20.39265277,20.39265277,20.39265277,20.39265277,20.39265277,20.39265277,20.39265277,20.39265277,20.39265277,20.39265277,20.39265277,20.39265277,20.39265277,20.39265277,20.39265277,20.39265277,20.39265277,20.39265277,20.39265277,20.39265277,20.39265277,20.39265277
3386,1080,104.0430122,30.62295491,1173,104.0427743,30.62252235,53.08455433,,6.80894521,11.1791979,8.554359695,7.421529926,8.686563436,9.265667665,8.306629528,7.509013579,9.706889935,9.117394878,9.200085525,10.48910797,10.12713145,8.533487084,9.41981001,11.25384737,11.61728849,11.30377201,11.53185114,10.51558879,9.344958219,13.88167522,8.601122361,7.83214736,11.13036521,9.913339156,11.30029072,10.29374218,11.63441742,10.86849643,12.93778518,13.20255435,10.93587385,11.03873586,11.69317587,14.79083225,9.106263709,8.430955765,13.19988549,11.82575278,11.39447852,9.617043632,8.179559448,11.11072067,10.71255871,13.00398496,11.23672067,9.618013859,11.70026912,10.62675045
3387,1080,104.0430122,30.62295491,1227,104.0457184,30.62164438,297.2874712,,56.32815244,56.32815244,56.32815244,56.32815244,56.32815244,56.32815244,56.32815244,56.32815244,56.32815244,56.32815244,56.32815244,48.86917335,97.29408148,77.97704163,70.9352044,74.28962404,72.57367383,73.42162436,72.99518662,73.10133097,73.10133097,73.10133097,61.62580976,66.87485077,64.14312293,64.14312293,64.14312293,55.93562177,65.5245855,60.35159191,62.83179432,61.56672463,62.19282692,61.87819204,62.03511053,61.95655193,61.99580635,61.97617292,61.98598806,61.98108009,61.98108009,45.78545011,52.66628971,48.98541731,50.75921015,49.85654175,50.07918558,50.19125484,50.13515759,50.14917014
3388,1081,104.0963785,30.61839644,1174,104.0964881,30.61680828,176.3278725,,20.65445795,19.59198583,34.20152699,34.20152699,34.20152699,34.20152699,20.94984624,34.20152699,30.23243408,27.088777,20.64326312,31.8985096,19.96164594,19.96164594,16.53073805,25.96238613,21.55451073,19.59198583,29.9896224,32.05961318,36.97749559,32.05961318,34.34339086,21.48156822,41.76186454,18.16252764,15.38861433,18.16252764,20.3292343,23.08292149,29.32010813,25.44209784,18.37280292,25.44209784,31.19313715,28.02562212,29.52466702,29.52466702,29.52466702,37.63519808,25.1149492,39.42735037,18.08491,24.79610707,20.91533249,24.79610707,24.99135201,24.79610707,23.08292149,23.90886407
3389,1081,104.0963785,30.61839644,1210,104.0910757,30.61650609,549.7765404,,137.036289,106.7911266,84.70166384,103.6680338,100.7224196,147.8709316,133.5039154,166.1285846,164.8393034,163.5698798,156.6645551,160.0427664,156.0176668,204.7443668,271.5877249,149.9390565,109.0465865,172.7477408,133.6971659,133.6971659,133.6971659,76.12290559,97.01089765,97.01089765,118.1546298,165.2772898,151.0836294,149.7769602,148.492699,119.5166392,136.5971784,126.466169,209.069952,128.9378205,189.0951157,172.4037932,226.8418963,146.8790757,125.2655409,164.1918184,186.1312426,127.2521783,163.4348097,168.0132042,172.8555062,208.3363732,174.0498595,309.249304,219.6056084,184.6264501
3390,1081,104.0963785,30.61839644,1272,104.101364,30.61877708,479.7356302,,74.62554248,74.62554248,74.62554248,74.62554248,76.26139651,77.97057647,95.68134453,67.20032174,139.2780862,112.2501196,103.7711406,75.65292791,96.4831435,90.26946335,87.45338912,88.83911547,88.14080613,88.14080613,83.7587385,79.79175781,94.6589778,116.3351558,119.0635599,134.925646,119.0635599,90.70631663,102.9682349,102.9682349,109.9488398,200.044201,117.9447598,148.3961278,131.4296563,131.4296563,129.7533715,128.1193078,118.9427182,128.1193078,123.3605906,169.6511069,104.9877367,155.5899341,109.3068525,128.4050757,128.4050757,128.4050757,103.0048669,108.3921508,105.6298635,108.3921508
3391,1081,104.0963785,30.61839644,1282,104.0962411,30.61995759,173.5197291,,27.82498997,27.82498997,27.82498997,18.66082225,40.45048265,27.33790043,24.43302574,21.16572255,17.96063901,23.8788618,26.54785486,29.88856578,38.1362042,28.5563897,30.70322284,28.48831373,21.08001209,25.81285226,23.97202526,23.97202526,23.97202526,26.07141172,23.13596388,29.05446627,33.42721203,27.41789429,33.35390674,25.26110441,23.62343152,22.18517084,19.22064692,22.65352764,23.72919372,23.17888775,31.12978528,20.73023312,24.21205522,24.21205522,24.21205522,26.80991523,21.72768782,31.49601806,31.27264204,43.99091724,18.18547379,25.54891717,22.15145478,25.01543005,18.18547379,58.01898061
3392,1082,104.0316701,30.68976828,409,104.0298713,30.69080358,207.0063574,,62.88800731,62.88800731,40.2823182,40.2823182,36.08827538,40.2823182,33.45557291,38.95741511,54.87650123,46.40723737,48.1565678,88.29655055,95.54139572,56.62787892,47.81010178,46.51206104,50.18335937,53.61315731,52.24582118,53.69596503,54.45164965,35.88553226,59.61783093,47.06670864,44.58624207,41.1056465,44.58680867,75.40197841,75.75327946,64.80199014,78.44451438,48.33878183,64.10519455,71.14299634,57.20748872,63.41872663,60.15319436,61.74281272,60.93763864,61.29974262,54.45949556,45.84903222,49.20421923,43.66540351,54.32973656,44.37247644,58.33612622,60.29735384,78.30713344,53.78897594
3393,1082,104.0316701,30.68976828,1369,104.0331073,30.68902882,160.2111162,,36.6779026,32.3795098,28.98291549,32.99306505,42.51302345,33.63032177,40.76042532,39.14660759,42.51302345,44.42310797,43.44708236,43.44708236,43.44708236,45.50374898,43.08198083,44.2597616,43.66293018,43.9593202,43.66293018,33.72865604,46.14080147,38.97027151,23.88240241,58.65356119,23.88240241,23.5893668,23.73498018,23.66194947,23.69840856,23.68016498,23.68928326,23.68472324,23.68700303,23.68700303,25.57738401,54.0712517,27.79566353,36.71681815,36.71681815,38.46562673,59.4597957,48.26443668,40.38935703,33.84741892,29.12929385,22.93280391,45.84737824,45.84737824,45.84737824,27.72884703
3394,1082,104.0316701,30.68976828,1531,104.0323026,30.69123331,173.3034235,,29.89899319,31.37765254,36.30799174,35.2149948,48.55193188,48.55193188,51.77529665,48.55193188,49.31955135,50.1118333,60.64566946,65.18905128,65.19991772,58.21701316,50.68861136,54.19260149,52.38207377,52.38207377,46.04863848,41.69209889,47.38422717,43.56536454,45.49461633,46.45800758,41.79946535,45.41527386,43.49576119,44.43479721,55.03920524,54.96848675,55.87095443,65.19629517,63.53080155,78.28554787,57.98171607,63.53080155,52.64914132,63.53080155,57.58037173,73.44710166,47.05546252,42.89810446,43.38642586,37.64056257,44.56373747,42.83013669,48.72641567,47.99171728,64.48499479,43.78191752
3395,1083,104.0744869,30.67978055,441,104.0738929,30.67999518,61.67462177,,8.678643846,7.262619013,9.09953436,8.039661014,9.448027165,11.23247749,9.299038699,10.67958819,11.01879099,9.824276034,8.991093769,7.381884743,7.360319515,10.1653707,11.47805562,10.16149375,10.16149375,9.331548266,11.92358483,13.65624291,10.47304898,9.342018444,10.43204252,10.80869639,10.47304898,8.580816942,10.61068762,10.68087256,11.9546219,8.965382776,13.03335531,10.285341,10.656642,13.21599038,10.656642,9.098291425,13.64930149,10.09488751,10.93737135,9.124464592,11.68571781,8.56151562,11.99074554,9.306775395,8.989013699,9.118219235,11.92100072,9.401353776,10.93064066,11.53096019
3396,1083,104.0744869,30.67978055,774,104.0734583,30.67845521,176.8737082,,33.16382029,19.63748187,33.16382029,27.44592024,19.26612253,15.85258131,28.89918379,58.95790273,21.81568649,39.92133853,34.1418418,17.48699896,18.5911051,25.7878643,30.32120712,21.43923736,16.94372936,21.00776475,21.15433055,28.81200677,25.31071804,25.48923435,27.21687836,55.85485522,18.78304866,19.31726506,17.81105873,15.06495306,23.23888137,61.37304574,27.15331981,23.99643299,21.26027878,22.2898022,31.67887311,23.22193105,18.71404407,18.21744795,19.80545411,21.81257263,36.17871304,21.73192319,20.24627502,44.01465549,15.95853006,24.86234404,37.3457683,30.035158,23.7325885,55.12946749
3397,1083,104.0744869,30.67978055,1259,104.07673,30.67884784,238.4485683,,32.45424748,31.89157322,36.35639347,25.73957559,26.5352348,26.5352348,26.5352348,32.19256876,40.91586491,67.91256692,32.68076824,28.23733046,25.90789274,18.26414566,25.47855095,29.33080339,25.06320718,32.32331318,33.4338791,34.4744918,35.2015461,29.78022015,26.21114033,23.7788046,25.32197185,25.32197185,26.49428537,27.78041572,46.40080248,16.88131457,37.36299656,37.36299656,37.36299656,47.2955838,37.36299656,33.59744994,33.19683581,32.8056629,28.87045446,28.87045446,28.87045446,26.60376588,22.67938827,46.97208459,23.94462611,30.95245839,30.95245839,29.39776869,30.15508826,27.73553622
3398,1084,103.9903198,30.6638787,846,103.9916224,30.6660987,275.8889193,,35.34519963,36.6844203,39.89289501,37.95669208,37.95669208,30.43514125,36.73983143,33.9555593,27.58889193,38.40309751,39.08697794,41.73109704,26.00000287,22.26906075,29.08345855,41.46381048,32.67105623,36.51470991,46.95981605,35.21986204,42.26383445,41.2116228,49.53616506,45.82238106,39.88317485,43.49781502,42.20397066,50.93333895,22.0466173,44.86505294,43.51369592,29.60358001,42.46713456,40.75015407,41.46071684,39.0498948,43.38719447,41.53281951,41.19103708,40.11600132,43.25201368,47.09387666,32.99668138,24.10679877,46.19535393,27.43646711,45.50745061,35.98274788,38.98363613,30.07874347
3399,1084,103.9903198,30.6638787,881,103.9865454,30.65642194,902.1082005,,69.81060881,67.94120338,86.06686013,123.0147546,88.97505539,140.1837203,109.1993787,112.0410382,87.20311984,71.14106291,139.083063,87.85183557,72.58805368,87.71342395,98.1474335,107.5954563,71.37559389,144.1237954,102.7718203,91.16751621,128.8332737,149.8178275,76.2643332,92.6919687,98.82646017,163.1954534,79.45173142,103.5748532,87.15436489,152.5713198,124.8006221,108.2529841,110.307736,221.3546899,176.8197561,162.2635736,165.409836,161.4680645,125.8755629,258.3309847,184.9892765,221.8298854,159.5867087,99.56378132,106.6782105,108.1960388,69.84063488,146.8390138,138.1952988,146.6732189
3400,1084,103.9903198,30.6638787,993,103.9888739,30.66393196,138.6576128,,15.73729753,16.34770384,19.7185709,16.8671768,16.22468509,15.16074126,16.00750634,16.1281876,15.26422711,16.48777559,17.9255712,17.63842424,19.24037219,14.24285064,18.42796146,22.97423208,17.06555234,22.29670156,18.48768171,19.112983,21.86932776,20.8051754,17.63891118,20.07712041,17.77457658,22.62657595,14.68859459,23.9600355,14.47648812,17.84068167,14.92279241,19.85451908,17.95566209,17.60110741,17.95566209,16.75437326,17.95566209,17.95566209,22.29213513,22.50719599,18.14274556,15.87177762,19.62650352,19.57535132,17.53515478,19.76117997,17.87955826,15.31188362,16.86117447,18.75928072
3401,1084,103.9903198,30.6638787,1028,103.9950403,30.66375076,452.4942728,,39.00812697,54.66373765,46.36563707,59.18181225,62.25398912,47.72983173,49.03610422,46.39314723,48.88160186,39.82834675,56.66015242,62.32345795,46.40966901,47.98171965,54.29931274,70.82519053,53.58484809,47.87595539,59.52421615,52.78784817,63.26133523,64.00704841,52.88894098,66.48895437,41.13584298,53.23462033,66.03970467,63.63200711,68.44451185,46.1467247,60.78281276,64.81350327,68.80588731,45.62967457,48.05248915,52.37875827,47.95817611,58.59638065,56.95732105,54.98664581,44.56851935,71.49913789,31.08739279,37.7369741,41.69742445,52.66097141,57.22410007,54.95572837,60.8964255,38.1270774
3402,1085,104.0479102,30.62708542,1478,104.0461067,30.62830695,219.5580875,,46.76977012,41.46408472,41.46408472,37.23953428,39.23842954,38.21285947,38.71885447,38.46419295,38.71885447,40.95384016,39.8049993,40.37124826,40.0861242,40.15702699,40.19257251,40.17479189,40.18368024,40.17923556,40.18145777,40.18090221,40.18062441,40.18076331,40.18069386,40.18072859,40.18071122,40.1807199,40.18071557,40.18071774,40.18071666,40.18071719,40.18071692,40.18071707,40.18071707,40.18071707,40.60320796,40.39085771,40.49675446,40.44373678,40.47022827,40.45697818,40.46360213,40.46194593,40.46111789,40.46153191,40.46132491,40.46142841,40.46140254,40.46138959,40.46139608,40.46139444
3403,1085,104.0479102,30.62708542,1877,104.0472428,30.62601943,134.350233,,26.7215933,23.36525791,32.08363773,18.25135241,32.90209788,28.25121722,34.1568389,41.62313587,38.25565957,28.28425958,70.60742172,27.98423369,38.6928671,38.6928671,37.06213324,26.60400653,35.56329697,49.16501538,24.90529551,46.61791217,22.96585179,23.67404987,22.92231464,24.42731509,20.68399881,17.61970269,26.14382912,35.01969066,50.64511401,15.75442472,27.88818676,18.70304868,26.4527854,25.15791099,28.45063758,26.58805211,30.41892068,36.92067472,32.67978641,28.58515596,28.58515596,15.96240392,37.03375489,33.58755825,57.75054792,33.72137323,29.81190161,32.65772038,27.42230128,22.0179441
3404,1086,104.0695714,30.64525589,1036,104.0637964,30.64608944,561.0544808,,59.64965697,40.94998837,70.30909411,41.25139804,42.63587771,52.95300587,40.88517516,60.7212557,56.78297217,38.39916599,50.44330492,69.52826612,44.44345121,53.15415626,55.00106169,60.29192188,76.07518384,60.3295829,49.56279185,48.25982395,47.80058774,67.95212873,50.16804827,72.56131852,43.83566708,45.40946379,62.81662609,59.54754843,62.60507186,42.82757728,57.20328898,61.7819993,58.32603063,82.3734148,73.30025953,93.13318644,48.50947957,56.92536068,62.33537857,50.94598754,82.81949495,57.60657171,51.12069104,47.67887001,58.67012152,59.43247433,65.69778023,53.57549419,49.38376848,84.06777667
3405,1086,104.0695714,30.64525589,1557,104.0698903,30.64779168,282.6980403,,33.6084858,25.38333144,27.3956926,37.29755613,29.86243695,35.32213143,32.06404994,32.39536798,34.85318305,37.63852346,30.90221493,40.0280411,34.95936672,29.13213547,29.49337203,38.69584991,28.30297157,29.82769034,32.27216934,36.49528878,30.18533505,56.06284675,36.87939895,29.60564527,41.73833514,29.80232283,35.02100544,43.84495957,36.26283168,33.4160474,31.02220394,34.84647069,32.27483937,31.51922728,27.53905925,38.26160729,35.57859366,28.99935022,31.21164348,34.83687138,33.61099584,38.80235225,49.57580955,31.87200454,23.75059382,28.88885083,31.07994946,46.11992198,46.11992198,46.11992198
3406,1086,104.0695714,30.64525589,1689,104.07089,30.64524798,126.358792,,28.12313145,29.57683038,25.2717584,25.2717584,25.2717584,17.08513244,21.8803103,19.29141863,28.90035903,24.99404677,25.50198465,18.91441377,27.62499906,23.56951561,20.55233364,21.08420168,21.08420168,21.08420168,19.84260202,34.85759779,22.74458256,25.13213543,20.12794917,25.13213543,33.94713815,23.03248867,21.25661921,16.54151459,18.60497551,18.60497551,18.77777714,18.9538188,21.71320531,26.52429453,23.87882683,11.93941342,29.34784846,27.90746326,20.21740672,23.44802326,21.71320531,22.12239033,22.12239033,22.12239033,18.64310046,34.07428099,35.2629187,35.2629187,35.2629187,23.6123359
3407,1087,104.0521039,30.58111487,133,104.0520549,30.57791347,354.8405378,,41.93781799,65.00895349,60.88618256,46.74934807,52.55958077,46.74934807,66.10224766,37.45430635,31.88251088,38.13211749,38.13211749,48.09585603,42.53832621,43.80371834,44.46507196,37.6416986,38.65131425,62.61891844,43.69704524,42.42331916,42.42331916,31.88629316,42.42331916,44.24262928,44.24230476,44.74346536,44.24238589,43.47098469,44.24238589,39.73643373,39.50393529,39.51533493,39.40570563,39.46044413,49.16958953,39.44674526,39.43989939,39.44332202,39.44161063,39.4424663,39.44203847,39.9195605,38.20815363,38.20815363,38.20815363,39.44218553,44.48378187,29.34362794,29.57004482,39.18484467
3408,1087,104.0521039,30.58111487,161,104.047886,30.58095916,404.8263078,,45.37281158,50.42819059,41.5711918,49.09740735,34.43850008,34.80581168,45.32993896,38.14377124,37.97655853,41.62410192,50.25430028,52.16991432,44.29640235,37.82114295,33.12215246,43.50169363,39.37963634,42.01030589,42.04512309,41.3830963,40.40780151,36.73728286,45.44827572,40.40937891,39.85913795,43.98204101,43.92751611,45.4230071,44.41565881,45.4360529,45.4425786,45.43931552,45.19753605,42.5214729,45.21309781,43.48523868,45.44043715,45.21893623,45.21796305,45.1581797,44.99816989,42.50719577,42.6711751,37.89430315,44.28321672,45.03440985,53.76694649,47.70147547,46.42479479,46.25577566
3409,1087,104.0521039,30.58111487,807,104.0521038,30.58470505,397.8967524,,52.274258,54.24971364,50.4376165,42.75905399,45.72795878,37.23010549,42.75905399,42.06837911,39.94165231,43.30253905,52.25116291,65.70772058,65.01187483,48.42079382,65.25869288,49.46888709,36.91825538,45.10475363,54.15607972,56.91768113,46.79904852,41.85463862,52.21488367,43.0300679,38.64280164,40.20995328,35.42691613,60.99147298,41.28586894,36.49498876,44.38860839,39.68268686,47.74761029,40.63118863,41.42943176,40.44906835,41.39612871,42.72300427,40.36436928,42.68267514,40.6420349,39.75425054,40.94404043,38.09679087,42.75905399,42.44791748,45.91116374,24.73969445,42.98932541,33.33812976
3410,1087,104.0521039,30.58111487,989,104.0574511,30.58122199,512.876548,,56.99507865,56.077618,53.81732582,58.44438637,49.83415851,44.57104581,54.3979054,50.01591055,49.34821017,54.88345261,55.53923463,51.16920757,55.86508395,53.30189902,49.08344455,46.73270363,50.81821857,54.81637996,54.81637996,58.32615598,56.70915504,54.37156864,57.57865611,55.73439436,52.52789681,55.95342957,56.28621717,55.40897,55.22474352,55.50377849,56.50375646,58.89662407,56.27435157,51.89504509,56.10849359,54.1674721,55.98360734,56.04654862,57.1191809,56.05170548,56.05428427,56.05363954,55.01028867,54.97325685,55.177281,60.94859952,56.09171838,51.70831362,55.41190443,54.95105871
3411,1088,104.0803366,30.60209585,492,104.0854722,30.60092942,509.0410597,,52.83655402,52.83655402,50.09242319,114.0589926,75.31018419,50.09242319,54.36483011,59.43398319,93.18039735,80.22828813,95.59040984,87.23821791,91.13138916,62.97499705,73.77781795,67.94972181,90.60805018,78.65012081,83.8055403,81.31432864,87.86813719,84.46785817,64.98396507,94.74262411,101.770675,95.26157491,81.19109233,78.65012081,165.8414312,206.8338392,85.53315356,170.4695642,85.73323111,90.12530239,93.02273172,76.87667813,73.89305705,89.61114009,95.11493847,68.52475804,68.52475804,95.19728909,75.49115612,70.42069997,94.16998021,88.88671696,108.0511683,62.43774497,91.43146619,85.39925012
3412,1088,104.0803366,30.60209585,1138,104.0800594,30.59987606,247.4479628,,21.03631159,16.47288921,18.90385512,18.80244137,22.57603378,38.81536671,38.81536671,38.81536671,38.81536671,74.85820723,51.12267811,60.75448703,55.52396828,55.52396828,47.04996477,50.93693247,48.91635404,49.90619959,49.40631947,49.40631947,35.03687969,40.99899787,37.78418824,39.32600165,38.53968072,38.92887088,38.73329818,38.83083827,38.7820069,38.80640724,38.79420323,38.80030427,38.7972535,38.79877882,38.79801616,38.79839749,38.79820682,38.79830216,38.79825449,38.79827831,38.7982664,38.79826939,38.79827088,38.79827013,38.79827088,38.79827088,51.55149102,61.69050763,56.16710563,57.45310824
3413,1089,104.0361937,30.69651471,1033,104.0335529,30.694869,311.8389865,,31.73217414,27.25600542,23.68955943,24.60699556,36.63505988,33.15254164,50.1729766,31.81461498,42.42707299,44.11081931,29.52354117,32.60622793,29.29657529,46.97156282,72.19423482,28.4976428,45.26694965,34.18331717,35.52803294,47.30806369,31.06061852,34.58861028,47.31803378,29.47541619,32.33311217,33.24276101,36.51193684,65.26862508,38.44966464,35.24710679,29.90110436,41.99327998,64.89134979,44.13972549,38.52987165,37.379146,70.82778242,32.96745543,38.44590245,32.02911131,32.16331175,51.81324698,29.02327692,28.19290548,71.65661816,38.59007458,23.92371553,63.48465702,82.24324919,32.66159425
3414,1089,104.0361937,30.69651471,1421,104.0346961,30.69806312,223.661327,,24.4364424,28.14909648,39.79476659,39.79476659,39.79476659,39.79476659,39.79476659,39.79476659,39.79476659,40.29261605,50.32379858,40.80307993,52.79873949,46.03225024,46.03225024,34.40943492,39.38116702,36.7278127,39.38116702,48.5048661,43.46943797,45.84931172,44.6276693,45.23024304,44.92693578,44.92693578,44.92693578,32.27177464,37.56207686,34.71654086,36.08329592,35.38672612,35.73161653,35.55833505,35.64476519,35.60149767,35.62311829,35.61230469,35.61771067,35.61500748,35.61635902,35.61602112,35.61585218,35.61593665,35.61589441,35.61591554,35.61591026,35.61590761,35.61590894,35.61590861
3415,1089,104.0361937,30.69651471,1429,104.0379967,30.69786602,228.5793319,,42.63655932,38.45259789,36.65414676,35.01640829,28.90698811,31.66974708,30.2253662,30.2253662,21.02774093,28.56002065,30.8582098,27.06860509,30.3647821,30.3647821,30.3647821,30.3647821,30.3647821,30.3647821,30.3647821,30.3647821,64.96465221,41.38569631,50.56132687,41.38569631,41.38569631,37.2346423,39.20058411,38.19233084,38.68988985,38.43950031,38.56428867,38.50179338,38.53301568,38.50179338,38.50179338,33.7940696,33.7940696,27.13555135,33.7940696,33.7940696,43.53892036,33.7940696,26.04068338,29.41503467,29.41503467,29.41503467,38.83825816,38.83825816,38.83825816,38.83825816
3416,1089,104.0361937,30.69651471,1498,104.0390211,30.69392231,394.8262584,,54.6082421,54.6082421,128.6311792,48.62170572,54.66825116,44.93280918,64.24291662,52.88835461,43.93738888,49.09756581,38.65932539,62.14629427,47.27409745,77.34202401,57.66875137,44.59214213,45.97437833,86.5937486,48.00589464,50.22524842,61.74520114,54.32004573,49.09756581,86.66917867,48.88648427,62.51234877,49.0552038,53.74905374,49.0552038,59.43621095,60.52081332,64.60793319,61.6457355,66.88821319,69.454921,82.05726455,145.0382174,56.11743774,63.40704223,99.35339661,60.74250129,81.68819139,118.8440243,43.60044571,112.3616229,66.25050778,101.3819208,48.65869446,83.85690444,82.39852349
3417,1090,104.1024344,30.70177664,314,104.1056755,30.69638434,673.4365235,,94.67495083,109.0978078,109.1512925,139.9752589,133.1767352,139.3316945,124.2124118,119.9194469,120.3162027,137.2123939,68.67907888,76.22548106,74.99022506,52.99477475,46.43119123,54.74868884,56.92349107,71.10541615,55.95034493,78.41351024,69.44564703,52.14770171,51.88475309,62.07999168,72.17918607,55.34392735,65.59446657,50.25182718,69.09312572,71.37101687,77.85571921,58.26710291,68.3802095,75.80183392,56.56072963,72.61703205,83.56059805,59.80633173,53.09152691,43.93814206,49.06589072,49.70011244,52.93387521,57.89694128,46.39945425,61.39533343,52.97242865,52.5608994,51.70673604,48.3622568
3418,1090,104.1024344,30.70177664,789,104.102964,30.70175908,50.76339322,,10.22081743,9.609476303,10.36575244,7.783143765,7.892386767,7.491142937,8.239589768,7.52359883,7.880475015,8.229584716,6.194854766,8.661052872,6.737261404,9.031982311,10.39438945,8.865892812,12.31664469,11.37732082,9.714190862,9.769366687,11.40394481,8.691948423,11.11052011,9.792268752,14.3613529,9.769366687,11.57550059,7.367394299,10.90057952,9.910423839,10.15832216,12.91050622,12.82443618,9.57632571,8.815403671,9.892764573,12.95831349,8.909114715,10.11894881,10.06877221,11.72715822,12.24443656,14.53266128,11.52985587,13.21867744,13.19481701,12.32702972,10.15912888,11.45756838,8.295425129
3419,1090,104.1024344,30.70177664,824,104.0921312,30.70228545,988.3510182,,187.2665087,187.2665087,112.7753935,150.925288,90.10290655,157.5235712,123.7587362,266.5216229,123.7587362,210.1218701,210.7857622,114.5914224,110.7999584,171.4139412,207.1652789,100.2674946,114.4378558,240.4097071,178.7971691,124.8443391,208.9905237,105.4389853,100.634645,203.6504142,118.5265905,327.9321351,171.6797909,248.4498701,366.1815093,135.0522347,128.3702997,144.6289018,237.2042444,282.3860052,301.5308191,288.1023211,136.6602567,234.0831359,117.9631551,180.9855942,136.8486025,241.0204007,150.907507,246.5171131,213.4838199,148.2526527,192.7743472,198.0369387,210.692149,229.5524945
3420,1090,104.1024344,30.70177664,950,104.1014792,30.70351697,213.4734975,,16.63429851,29.74856482,19.2487061,14.56880741,19.32534596,34.77396339,18.11900349,17.69728477,22.63636498,16.70662154,16.7025871,18.09097436,16.70662154,17.80319516,19.12892572,17.33794904,18.27597125,16.83471174,17.76889228,21.82687968,15.48623861,22.77371962,17.38206595,15.2936237,16.49151483,15.21791269,17.56581922,24.71075855,19.29946236,17.72381437,43.782098,16.11965582,19.72547718,16.30952018,16.5983713,15.94407865,14.54124108,18.46257276,19.33344883,18.18945778,44.33680334,18.09949578,17.96096035,21.17740759,31.65175416,44.16693052,22.83817507,21.7706683,17.44222857,16.91996017
3421,1091,103.9913554,30.64443734,238,103.9893797,30.64731331,370.7351602,,120.2384303,54.74350192,120.2384303,102.4025507,59.10508613,53.31477671,82.7260275,103.8635468,72.0595915,59.27371916,81.28176472,108.2877547,61.77897858,68.79621529,70.70975241,84.47130232,66.73232884,68.72241546,66.73232884,68.23927961,66.73232884,71.12583068,66.73232884,69.80825508,67.52362127,68.64693475,68.08064473,68.36261701,66.73232884,68.2919052,73.46678403,82.04794527,71.56281913,73.73737993,73.73737993,68.26873477,58.2815099,79.44324861,69.90728467,64.9990216,59.49390387,59.44973616,65.90847292,59.43870447,59.43319017,59.43870447,61.16308939,60.66000918,61.28967775,90.52835309
3422,1091,103.9913554,30.64443734,496,103.9889356,30.64334541,261.567007,,40.7636894,26.21769325,29.75169748,36.05748517,31.0713543,34.75973515,35.40559205,32.8503371,27.61411218,72.4339404,33.4256633,37.13340356,31.38804084,35.78512599,37.88324831,37.87127258,65.09040726,56.72537501,34.03225464,37.39869898,36.38808604,40.15527613,46.17806156,40.24466103,42.51301884,42.82569972,42.66878646,42.7470991,42.28927657,42.19452838,42.28927657,42.72259553,42.72014672,42.72137108,42.7207589,41.59805147,42.72091194,42.72098846,50.04064876,49.69076081,45.60005933,40.38488746,40.75632055,40.56975388,31.54576969,40.61623524,42.16303994,41.56028795,43.46341575,45.55377658
3423,1091,103.9913554,30.64443734,1014,103.9936314,30.64138601,402.4217299,,61.06293899,78.52131315,49.95580095,90.00579205,62.13119399,72.18926474,66.96694428,81.23653614,55.43597792,51.88301066,45.55717697,59.86383741,56.57625504,63.03046828,58.97089121,53.26169955,69.78971792,54.87569044,73.91419529,78.5091093,74.77255368,86.29743724,71.7101661,73.05833873,71.17622862,69.48443404,74.56637936,82.14307273,92.20274653,81.63724171,71.08885057,75.94853094,78.11378999,71.71872414,72.77219205,71.56699598,74.67609599,77.5753279,96.79631808,126.3417059,88.03824473,74.48422764,70.74181677,71.62089765,65.49726521,71.45156085,75.45407436,73.68336328,74.65014352,66.37958267
3424,1091,103.9913554,30.64443734,1077,103.9935681,30.64596869,271.5977925,,41.21188843,27.21648025,32.44034681,40.10467814,38.96558475,38.01524312,42.08100077,40.4029774,42.07081578,32.48345691,35.40747218,46.55962157,35.65469636,41.02456167,39.05800479,59.61296938,45.92181853,49.72674141,48.03203208,49.99158346,62.07949543,52.10624909,53.23211995,52.66316779,53.23211995,53.23211995,56.68127843,50.96744608,48.88760265,51.00428028,48.88760265,60.355065,54.01945044,54.01945044,54.01945044,48.30116438,56.84604959,60.23886349,51.21355144,53.28349063,53.28349063,43.55242998,43.4556468,38.30191178,38.52450957,43.54434824,44.04288527,44.4390669,44.90035737,44.78413927
3425,1092,104.0374304,30.63391543,265,104.0415966,30.63108704,507.6330713,,80.60037005,97.05575869,87.87040217,85.84031806,88.71257557,102.5252865,101.3858006,100.3227414,103.5680068,107.9631173,109.6316135,90.91935605,107.9385913,85.93354124,118.9379859,101.3181001,105.3240791,98.67006101,105.7110083,111.3501084,134.1104983,107.0527151,106.2573325,111.8605861,184.5938441,113.5080159,123.4261921,103.0533303,119.9461176,131.7102023,180.343328,195.4523055,89.96345438,106.6207151,109.5235736,97.1030317,102.8117613,85.59620874,103.8528124,82.59792347,103.9817386,55.54647589,84.56269223,63.89786911,89.87486812,90.43253598,78.19840055,92.81254732,81.210354,71.15092071
3426,1092,104.0374304,30.63391543,1667,104.0358641,30.6316149,295.8768103,,31.86706109,55.35334537,37.59375943,68.27926392,37.63803947,48.04959317,52.21355476,44.50071989,59.47826062,64.39882207,56.35748768,45.36441725,73.96920258,44.25858104,42.67453995,42.21227941,69.89215991,45.00027533,62.09179486,65.67669107,49.28998228,49.28998228,49.28998228,46.84065598,51.68732632,51.5814294,51.63432357,73.74515047,45.79911314,51.92869846,38.13209489,59.9525244,41.7344739,58.76725611,86.01533115,43.61820299,67.62898521,58.2406358,44.13631977,49.08555378,45.13375072,63.8774523,59.82624949,56.25826676,102.173287,84.03601713,74.61691888,70.42357138,51.20944794,61.28633585
3427,1092,104.0374304,30.63391543,1767,104.0392578,30.63682457,366.9143986,,59.89204529,58.15247073,57.60898968,65.87989202,74.94421759,64.43374805,46.63342754,98.4271114,90.56747816,73.88128521,49.5272529,57.09495721,42.39451098,58.83705278,86.83730106,63.22806869,46.61971183,50.60888257,102.2362101,80.91221041,47.7143348,61.82021067,115.8677048,51.09833017,60.73065908,60.73065908,60.73065908,53.36936707,71.16874111,54.92273742,159.1435946,55.61649831,55.61649831,55.61649831,55.61649831,54.23016331,78.43775742,66.44325126,57.63053381,87.64211228,77.04488994,56.93499289,62.40433865,47.92786048,77.6995197,45.01578795,59.30880594,54.77091229,67.6224489,48.3843163
3428,1092,104.0374304,30.63391543,1823,104.0357334,30.63610712,292.3245898,,63.87669337,73.85042269,61.68075205,41.04647705,51.2517138,51.4815421,51.0239284,77.38003848,49.9344495,49.57624734,32.78406615,74.11045939,86.5553275,84.02143898,78.33037017,60.09494421,51.91950969,92.40308984,76.10817721,86.45656514,75.3485816,68.42448136,72.37747753,62.49219259,72.37747753,137.11642,72.37747753,47.1914136,50.31243935,53.87552168,42.51994033,44.35694513,47.87119894,47.87119894,55.02580514,55.02580514,89.18377316,72.41067822,72.41067822,72.41067822,41.0280126,37.09877285,47.83493288,40.46760595,44.5093745,30.90656456,53.96761658,51.53616666,40.61238874,46.56129992
3429,1093,104.0847228,30.64186739,507,104.0811725,30.6436929,395.8316253,,94.05900007,61.6880455,60.45875029,66.90111977,127.8021391,89.07205675,69.25851038,51.41934274,58.60655031,66.36182791,118.1036085,58.64172227,80.58400667,78.72894205,80.73619553,90.23027553,91.34575968,110.2083412,103.6359164,113.8593734,79.56692241,76.38669799,74.72927439,71.63585458,81.6225595,95.47697495,73.54806973,65.51695867,60.20252856,70.84486477,94.78894799,77.51553135,52.34137194,82.43766079,88.98487187,74.12191683,64.77244778,84.82106256,65.6679194,107.9540796,79.01999176,70.6535532,76.71568512,70.96582924,80.64101022,79.90619727,70.56562861,66.43327977,74.96679621,65.06821238
3430,1093,104.0847228,30.64186739,1079,104.0850152,30.64157585,42.76792456,,5.783481078,4.708395364,4.887762807,7.875423448,5.031520536,5.00392536,6.583197367,4.860758592,5.568337375,6.097605086,5.341353978,5.826839729,6.990443969,7.030343763,8.277662818,8.649692608,6.908664735,15.8726318,5.777280616,7.265905069,6.94472388,7.079733074,6.636402087,5.429251664,6.010326418,5.803868066,5.50856989,5.846754244,14.87579985,5.518441879,7.486119695,6.6651311,6.078047014,8.764584159,7.279646734,7.109473174,5.219136556,4.282740707,4.555163563,4.766703666,4.478968099,4.051698116,5.944576387,4.535037656,5.782753772,5.812072631,5.409381763,5.697114835,6.158581137,6.395203673
3431,1094,104.0378111,30.61174835,662,104.0403974,30.60929237,368.1805411,,52.18306882,54.21063182,54.21063182,113.5289035,94.92927112,103.3993133,98.98342669,101.1431938,100.594464,100.3223259,78.90982038,78.88883702,78.89932731,78.89670449,78.89539312,78.8960488,78.89572096,78.89588485,78.89572096,66.60552502,72.8970135,72.74697848,72.74697848,72.74697848,87.77814225,81.64151204,89.37626082,89.89148511,120.4954498,124.9245945,126.8373156,111.1954654,104.0078429,102.9425716,102.9700622,87.93009098,94.85761834,91.26258045,94.85615989,94.85543069,106.405019,103.2617342,105.4601207,102.5047175,103.6662984,102.5047108,112.8202545,107.4153882,110.0515001,109.3804161
3432,1094,104.0378111,30.61174835,961,104.0383729,30.61306544,155.5899644,,22.90895181,22.67707983,22.90895181,22.90895181,22.90895181,22.90895181,22.90895181,22.90895181,22.90895181,22.90895181,22.90895181,22.90895181,22.90895181,22.90895181,22.90895181,22.90895181,22.90895181,22.90895181,22.90895181,38.36464876,27.55837008,22.70772453,27.10003613,27.10003613,27.10003613,28.07638455,29.6361837,31.37948862,51.86332147,52.79207086,49.5246571,44.89970917,39.58472593,38.8974911,38.8974911,29.79382297,33.74240192,31.64541649,33.74240192,33.74240192,51.38751118,39.10114289,38.09286744,38.59042035,38.34002973,38.59042035,46.10073019,42.01257261,43.96181311,43.45774027
3433,1094,104.0378111,30.61174835,975,104.0364116,30.60942077,290.7659296,,67.79516493,38.06390351,46.88722717,38.76879061,57.51413992,53.81785843,57.51413992,56.39096816,67.14765587,57.42047671,52.60087169,51.31163464,54.43444396,54.89986082,56.88898623,40.88895885,51.31163464,49.46283977,47.78350227,42.83719044,50.38543184,48.27851196,48.32857761,51.31163464,58.15318592,51.31163464,51.31163464,49.88716057,51.31163464,51.31163464,85.97596276,52.86653265,54.44771634,52.84754891,104.6757347,57.35656693,74.06301982,54.85790221,55.06532154,45.80994952,55.06532154,48.9138947,75.90784678,48.31187755,64.91518428,60.85798527,48.7998763,49.22056488,44.55076489,87.04842799
3434,1095,104.0715609,30.61755497,106,104.0708672,30.61744157,67.67788705,,11.88489724,13.1448823,11.88489724,14.67958856,12.53186764,12.53186764,12.53186764,12.53186764,15.69342308,12.53186764,11.25619743,11.83198996,11.83198996,11.83198996,11.83198996,11.57436548,11.83198996,12.5948509,15.24446288,15.84953634,13.83829,14.04925323,11.19327994,13.99591169,11.78905129,13.22934262,12.18201967,13.97932543,13.97932543,13.97932543,12.29265355,16.91947176,12.8231786,13.7552798,12.8231786,14.45937053,14.45937053,14.45937053,18.37804691,16.18488971,17.211886,17.03778975,17.03778975,17.03778975,17.03778975,17.03778975,13.76499398,17.37186406,21.18612116,16.66486959
3435,1095,104.0715609,30.61755497,474,104.0747506,30.61768468,306.0825483,,37.74697712,23.17344214,25.29358983,82.64228806,28.40429216,35.80494472,54.41467525,54.41467525,26.76673297,24.76173424,25.64042289,40.63363739,28.38112489,24.58372475,24.96274511,45.34556271,31.87744958,27.92558836,39.72351394,47.11227295,39.35932754,31.89282703,94.99113568,97.08345144,45.69653284,35.30336044,24.48660386,35.30102444,23.82112482,28.40856394,23.17073496,94.99113568,42.94848912,24.48660386,33.65599187,28.97822942,41.7780919,39.15768209,30.47071342,34.06925891,31.41545756,28.97550795,23.69671342,68.86857337,27.09361136,48.97320773,36.84154685,38.91337871,48.87118706,41.26955707
3436,1095,104.0715609,30.61755497,1060,104.071513,30.61882626,140.9704935,,30.17204379,16.78220161,15.22862045,30.49842407,27.23580197,23.71466246,23.10290333,23.49508225,20.93621191,24.45425774,16.05992964,22.46099823,17.35021458,21.57507789,24.24333328,23.2262598,24.24333328,21.94567683,34.36752437,31.13458752,20.24576236,16.74896952,16.86959922,19.63225441,26.0609608,37.28525706,25.37468883,33.60885938,31.71836104,17.4997854,25.60513505,26.77949659,26.25335583,15.63122515,32.95414134,28.51088633,32.74153397,28.51088633,28.51088633,26.27889011,22.38943132,13.55123569,21.93631042,27.67141639,16.93056803,24.06134065,18.43197736,28.29890948,34.36752437,34.71229662
3437,1096,104.0229629,30.68025139,111,104.0217392,30.67914647,169.5263733,,24.80873756,30.48072852,22.85497091,17.25621896,11.69147402,34.54499682,42.08930647,17.45362089,19.56073538,20.41120214,45.93617856,33.02858986,37.46439189,44.95727027,35.59369344,26.36090726,23.55138708,37.73075387,22.32650243,28.41224134,22.52010863,65.97783177,25.47318027,32.18006559,27.55281914,25.11501827,24.09851703,33.53268922,20.16670612,17.71538299,19.83086739,14.02976882,19.73778721,22.98505284,25.80528304,24.7124661,20.15124814,18.98458074,12.88901677,19.11951579,30.90100982,27.18463002,20.77010586,28.68601381,13.02657298,20.41590101,25.69662922,15.98554637,27.22100553,27.78425002
3438,1096,104.0229629,30.68025139,984,104.0192148,30.68133741,378.6825966,,58.34196923,49.15739107,39.28695527,77.16551024,88.04676091,65.44780606,38.92240822,65.68859692,63.17225893,34.72382445,43.76428083,49.42322712,82.70709863,34.8956659,122.8159773,122.8159773,51.67115659,74.38682002,60.93233489,57.40030938,46.21211348,44.46785384,82.45508153,37.63305308,71.75038672,67.2922736,41.43639355,68.94568821,65.60035358,50.96289151,63.62928111,58.86681603,38.40161543,46.68689547,42.44703729,76.46220224,84.15304092,46.88761299,97.31669315,104.765214,42.27154567,63.47292358,41.88194617,50.93115869,44.89321672,38.67396731,46.6336607,46.01712566,38.42867788,52.83943208
3439,1096,104.0229629,30.68025139,1468,104.0247833,30.67972229,183.9754773,,42.0960838,42.0960838,42.27521605,32.3078887,41.87429198,41.87429198,41.87429198,48.521005,43.21773039,23.95340753,37.73855945,44.15411455,40.48360136,37.48934254,37.48934254,20.82741252,27.33060736,27.33060736,27.33060736,27.33060736,65.57541765,34.58546832,30.52127734,39.89829628,23.73877126,49.70444415,41.65482505,39.89829628,40.7576442,39.89829628,39.89829628,27.08841384,32.4662607,32.4662607,32.4662607,27.48181404,23.82416253,21.29619673,45.36381632,35.32329164,41.32990442,41.32990442,34.79746331,41.32990442,44.90248937,43.04219128,43.71093426,44.40078557,25.67099683,29.96885603
3440,1096,104.0229629,30.68025139,1582,104.0263815,30.68325348,466.8448321,,42.28028668,42.28028668,42.28028668,42.28028668,80.99476605,55.55839324,55.55839324,55.55839324,48.43346961,45.51500056,45.51500056,45.51500056,42.12133823,63.063467,44.11132272,60.5854865,60.5854865,60.5854865,60.5854865,57.35977459,57.35977459,57.35977459,64.26926943,64.26926943,64.26926943,74.82820105,69.14796937,71.87603531,70.48561554,71.87603531,71.87603531,72.28565142,72.08026143,72.18281032,72.13149943,72.15714575,72.13149943,72.13149943,67.76779821,69.88159312,68.80846554,69.07364567,69.20700367,69.14026037,69.17361592,69.15693411,69.15693411,69.15693411,54.03991626,57.16377437
3441,1097,104.0946295,30.70924716,513,104.0927861,30.7069879,306.3666994,,44.62252668,44.01898474,46.07499187,47.85191232,44.16096568,41.46868369,35.96478645,127.2600136,40.62320876,49.5694435,40.79852471,43.52200399,34.14613368,38.83521542,44.32364841,43.33674333,41.46153867,43.40282819,43.56892548,43.56892548,45.09998437,40.64114051,45.79477432,47.36966252,59.17747111,45.8039156,51.22911327,51.22911327,49.77860218,65.31639849,58.16601892,63.5171627,56.65685536,62.08914698,46.4387418,61.7322457,43.47339842,78.49965252,46.94466126,48.89681717,45.71870047,43.1671279,50.1583818,52.89784738,48.23881112,48.23881112,53.00748516,56.61807586,39.81661075,98.9166025
3442,1097,104.0946295,30.70924716,866,104.0930635,30.70984187,163.8130962,,22.9020251,31.92027856,28.14572185,31.8102746,26.0365186,25.99020145,31.42418186,31.00563335,29.33965902,30.77506308,28.90819345,38.4187066,41.62779855,35.80206542,22.84956907,19.93752766,19.592264,30.85221039,24.26860684,32.5030463,22.76160661,31.56032128,26.98294009,42.83165142,34.02450912,31.45211447,40.43184465,26.6362758,34.10391597,57.53435574,35.14555539,37.94393667,25.29660681,32.49185379,34.43375911,24.07049577,24.65221252,25.51895697,23.3458994,24.3881798,23.52323305,23.08129731,25.75227713,23.21760419,48.73778069,26.43610715,24.06484038,24.38068224,33.56602834,30.66504498
3443,1097,104.0946295,30.70924716,1426,104.0962565,30.70826025,190.3644855,,25.66712164,40.49111656,37.38207859,34.39938277,30.25660697,29.34798556,28.72422555,36.95401174,34.26560739,35.25721661,23.48970515,33.09354437,28.22634554,35.5007372,67.8526879,67.8526879,67.8526879,50.02278451,57.58925612,57.58925612,69.22344927,57.58925612,28.61428592,43.7899136,43.7899136,43.7899136,43.7899136,43.7899136,43.7899136,43.7899136,53.96158644,48.346536,50.99997379,48.346536,35.62376337,28.202146,22.58030141,25.08004201,23.76461718,24.40461688,24.08036536,24.16061776,24.16061776,24.16061776,19.25034123,21.42777524,20.83850681,20.55586151,20.69621919,20.66095038
3444,1098,103.9777133,30.67160147,514,103.9779032,30.66846905,347.6498187,,36.91856482,36.91856482,35.60567133,31.28848368,38.80742162,41.62547718,38.86768159,69.14582029,38.80742162,45.1276207,38.80742162,46.35330916,50.97919948,54.57045798,49.87868537,50.96766572,37.58376418,64.18150499,45.01940098,82.60985791,61.05069987,31.96779942,55.65695288,47.81430171,29.41338067,34.87569837,34.64468782,41.99796468,58.89596929,46.91806363,45.76012239,36.64881133,59.70105558,45.61419034,45.61419034,45.61419034,42.13937196,100.5252488,59.59711178,62.75112625,51.43312387,44.93857621,79.80059602,72.5109703,52.10405276,39.96932047,37.28518413,32.6986113,68.7658982,57.32241286
3445,1098,103.9777133,30.67160147,1000,103.9857416,30.67072388,775.2590556,,47.70824958,98.44559436,80.25686844,83.62344869,83.76686977,58.02354678,45.5848526,92.10365405,87.59302001,57.80722038,82.85796934,94.68067195,42.71399755,53.74560715,109.3032247,63.83651876,96.30062671,70.07363056,56.41096716,102.1777954,58.63303782,48.67339728,59.89125751,83.39440039,35.80873236,49.12827429,45.38101789,39.21685152,54.9756914,41.40849555,47.14413176,61.13762541,106.3634068,59.81103885,54.45722147,81.24000291,45.86039484,53.31294365,51.95654856,58.23542202,54.90359214,197.239053,71.28818902,46.08034012,94.07818138,43.57427947,62.66342625,38.5221891,91.49504999,53.04514853
3446,1098,103.9777133,30.67160147,1035,103.9738584,30.67146973,369.6031152,,51.74383725,43.85715347,40.48097864,36.61282865,37.74096542,42.2891747,35.26526955,41.79456741,42.62151809,38.7733234,55.87873183,43.66619083,47.04782196,55.40079223,53.87836875,53.25243328,49.01884442,51.44375217,48.05956668,48.06811545,55.44046728,49.76694872,43.27689155,41.24441932,42.15074983,43.76427477,53.97740778,46.26062459,48.40779566,62.23854662,66.94697936,93.37341858,61.26679598,45.75685506,46.55398958,43.1945207,64.80054618,47.51373406,52.94049927,48.85071004,49.58709719,52.10264179,51.13718209,49.76312646,62.57830522,51.93739799,54.64358171,47.95571281,48.00022966,44.71613604
3447,1098,103.9777133,30.67160147,1063,103.9769545,30.67452243,331.8010694,,71.90271481,44.98997551,55.88228537,54.02188266,39.14201583,31.2152203,34.76306807,34.76306807,45.50414666,45.34101497,55.68689277,49.98421318,47.54164576,51.70925757,52.12834757,73.88559894,46.99608589,46.99608589,55.24334352,48.77435075,50.72118258,73.28121778,75.60024366,37.52305288,46.01247496,57.30902639,39.33536278,50.33947591,47.40015277,50.69965407,51.26540128,35.92432631,38.86606887,38.86606887,45.64906432,38.86606887,54.17160317,82.09510995,50.64949187,48.21327345,38.78194318,66.36021388,101.7447913,48.52807284,64.74167208,66.60690614,53.66743869,52.42796708,78.7571769,54.84315197
3448,1099,104.0500586,30.65538228,805,104.0456983,30.65616209,426.6370977,,51.42500731,47.62276041,56.2083642,43.19160719,51.19645172,48.86934028,57.47029193,44.05048427,36.24349368,40.43953533,44.45422726,40.02328474,50.43985392,55.06968633,47.74798606,44.66971067,39.94521591,57.13181222,51.10181872,52.62484024,46.66596435,77.76676211,43.38682349,63.22915071,84.18417764,43.30766359,45.17333976,57.6440449,59.69407952,59.35183325,73.95956107,54.60954851,55.98639922,66.97557926,38.12201314,56.62280375,72.57104289,44.71305827,48.53839667,51.87481468,50.58444243,41.19517797,66.77798051,45.62624736,61.10982302,46.40161788,49.07008152,41.86032971,40.39698979,49.82623039
3449,1099,104.0500586,30.65538228,854,104.0549607,30.6517935,615.4954361,,76.40633,60.29343048,71.77155263,64.64722305,69.73355059,64.17910413,56.44281291,65.88991074,73.45138905,63.57045625,73.37031689,49.98008053,60.93595242,68.92017325,58.31009395,81.01585265,70.79180735,62.80242018,79.84805658,64.49753711,65.84795156,61.17569216,79.48999354,54.34474754,81.07937788,56.45308458,54.46097257,117.005073,56.9976481,63.94757778,57.16307178,74.02395001,64.44353573,62.45553438,63.15772647,64.1636169,54.07647517,60.57363505,52.03114723,83.89743029,71.16125476,58.95654732,54.77217814,69.65439095,52.36195911,61.39794375,71.70820615,59.95548894,60.58191579,84.08889985
3450,1099,104.0500586,30.65538228,1135,104.0511249,30.65673632,181.5482961,,22.18010857,71.82130395,24.71646171,22.04296344,28.2199424,35.04417512,18.24351336,25.32414076,20.20321069,21.35862307,29.44026423,21.67740849,18.33306777,22.00585407,22.00585407,38.10926332,18.79435991,37.70618458,24.75658583,18.09201013,32.62431944,43.71731545,22.5564751,29.75862793,22.5564751,21.54343192,20.61747211,20.48820896,21.8464802,22.31897095,22.81235134,46.55084515,27.72317565,35.32831708,19.7379801,32.35514188,23.01316429,36.977305,23.01316429,20.42418331,24.34167099,25.83295913,17.45967585,36.33849929,19.7305318,18.85671858,18.6913403,20.58500365,33.00878111,20.60663792
3451,1099,104.0500586,30.65538228,1310,104.0449103,30.65422889,509.5934374,,48.27727302,44.74478963,52.41532499,48.27727302,50.26127054,49.24929865,50.26127054,50.26127054,140.0409446,140.0409446,140.0409446,140.0409446,140.0409446,140.0409446,91.04398882,110.3480526,99.77084294,104.7932238,104.7932238,149.7580714,123.3042722,123.3042722,123.3042722,102.775147,102.775147,102.775147,58.89362358,74.8790357,74.8790357,74.8790357,77.40659809,76.12184127,77.40659809,77.40659809,84.83405201,80.95030886,82.84668923,81.88752126,82.36431286,82.12522504,82.24459517,82.21472014,82.19979073,82.20725476,82.19979073,82.19979073,63.73456832,57.29881385,60.34558566,60.34558566
3452,1100,104.1035631,30.66005367,960,104.1037376,30.66420395,460.277135,,94.71941042,82.32067992,68.47097876,92.25066652,78.10568703,110.7904611,108.7164429,118.6748567,143.3534894,134.6240504,85.50806995,117.7561807,113.7155275,93.47166432,83.22819427,84.19168935,124.9129688,156.1101454,127.8547597,115.1419744,134.4965654,81.33929735,84.86543846,141.1712619,70.11273708,77.22930694,104.460059,83.84962989,56.70236288,117.332645,102.4735737,102.4102402,95.07363771,94.1475958,105.4740729,54.45532301,80.28688005,106.8479292,75.03276846,82.52893842,121.5942264,154.8595968,71.05478928,74.97727086,89.0858971,79.25058683,96.75898896,95.04766843,98.40071096,145.191473
3453,1100,104.1035631,30.66005367,1432,104.1007151,30.65978427,274.4955191,,37.6690166,31.15661173,35.37651082,55.82959711,58.78159167,57.2675777,83.2739215,46.94460184,48.24331337,104.0193546,49.61592646,32.93946229,42.96451603,33.25352334,21.16025415,30.92181393,32.9120356,29.15856798,53.03312356,39.36987525,53.76408426,81.66808833,51.41435321,48.53555348,39.36987525,45.96204041,39.1359948,28.89426517,38.90487672,45.85539994,73.74506483,34.84779386,35.80376336,34.84779386,34.25247379,34.84779386,41.4332859,37.14478228,26.67162939,39.76595045,51.41435321,56.62944807,56.0406731,56.62944807,56.62944807,68.3864269,38.93553462,23.61251777,30.45250751,26.28148587
3454,1100,104.1035631,30.66005367,1804,104.1082439,30.65965928,450.6081625,,140.7539597,140.7539597,133.1846786,179.2474459,152.820479,164.9823936,158.6687258,158.6687258,131.8853159,123.3604095,207.9729981,136.6054219,153.0367344,136.893619,104.9960767,117.7050345,86.28666941,86.28666941,63.86572382,86.28666941,117.1255874,99.31771747,99.31771747,99.31771747,67.03261921,91.6491178,91.6491178,91.6491178,91.6491178,91.6491178,70.07297559,79.42175692,74.45504923,76.85824744,75.63756421,76.24302022,75.93908543,76.24302022,76.24302022,144.8383379,131.8853159,131.8853159,132.966343,210.6739461,74.41235711,90.81536095,101.3868366,101.3868366,101.3868366,68.73683835
3455,1101,104.0614931,30.59120869,347,104.057738,30.5910549,360.4435431,,28.3627706,31.64870135,58.45030429,33.35724306,33.06095983,38.85020225,45.11810692,32.03942605,41.89174351,48.7207793,36.59669329,34.54730445,51.15361715,46.50884427,48.23779759,43.20521938,43.83772821,45.49890196,57.78511031,39.52071336,36.09448554,31.26739169,24.64571235,32.52122193,54.75091794,31.57169721,53.12339866,31.43402992,28.53951807,34.56176434,45.35069481,29.04525473,42.30636836,33.29305337,39.17273223,40.13185841,34.14728303,41.16088042,25.44307363,42.54415591,40.38762688,31.00589618,43.00237797,43.78841694,36.75911488,43.51431104,31.54611236,46.50884427,42.19826846,43.61669765
3456,1101,104.0614931,30.59120869,793,104.0613987,30.59376339,283.2796836,,24.86867228,28.26373261,20.15428579,30.76340455,35.04490931,37.34188433,30.99716903,30.28700902,31.72027561,33.90565847,29.01299747,33.36336513,29.27114986,24.67938088,33.96525765,37.08388585,46.21979947,50.32532977,59.69601138,39.26109186,33.03909916,29.01299747,25.46334235,43.95719228,29.02676075,32.37567748,41.5037676,35.65520037,71.3151651,29.19437952,28.63733905,31.92841444,38.37467021,38.87199775,37.48037244,40.56914415,39.73273484,27.26756313,36.2168758,31.94643868,30.38281468,28.14036592,41.28772716,43.38517677,23.05951071,35.04490931,28.7674714,40.14987642,26.29215239,49.38532014
3457,1101,104.0614931,30.59120869,884,104.06559,30.5913448,393.0982995,,24.65424875,31.19369312,33.16873603,37.60373459,34.78223501,36.37927707,31.92419319,30.73081169,31.40300253,31.54837794,32.46334546,31.36422602,39.74918729,29.76874528,36.35591209,25.71448598,36.75724359,26.4679653,29.79010006,34.45991586,32.7986113,31.20531258,21.85565835,27.92814225,40.27773086,34.4188828,28.74381608,32.94886794,25.38392607,37.22981692,33.13580766,35.19089558,34.68514407,56.52137307,29.29925214,34.2155193,35.33798741,34.76609454,36.00785925,29.42107855,40.77322152,31.40134345,43.49858233,38.98548971,42.57858739,42.47433658,42.94852438,31.84706236,40.84138177,31.41434506
3458,1101,104.0614931,30.59120869,1119,104.0617764,30.58492614,696.8194115,,79.42638148,70.00604321,71.75400411,79.98564787,98.37450515,98.37450515,98.37450515,98.37450515,98.37450515,98.37450515,76.87078289,86.3033216,81.31442079,82.5067797,83.11616919,82.81035337,83.11616919,83.11616919,106.0697624,61.40880983,70.63228879,61.40880983,61.40880983,55.03619749,58.04812869,56.50205262,58.04812869,66.05937935,100.3419953,76.63594343,76.63594343,76.63594343,57.30553698,141.3267539,81.54570927,103.4187016,91.18890856,96.91952455,91.18890856,91.18890856,47.96462488,54.41263236,62.86353906,62.86353906,97.88098756,76.55806907,80.96767715,83.36861897,82.15060926,82.45176289
3459,1102,104.0796812,30.61696945,257,104.0802516,30.61899568,231.1258284,,57.43955497,36.83567891,37.83622491,34.32157264,37.51212265,38.76980961,38.67016183,43.94646034,44.97583688,40.05068507,39.43379063,34.78482367,26.28919375,30.36689716,31.37454684,35.2564823,26.97092325,35.851475,33.97620462,35.55781975,34.47138197,24.83740245,47.61390456,53.14207002,68.76470928,89.46806261,47.95694422,45.13849814,43.56298336,44.92187667,34.41079331,55.47019882,28.43653391,26.86931051,93.48909913,89.14853381,54.51616591,42.53849602,28.06249519,37.76337288,53.70008492,28.06249519,52.66158115,54.26432494,50.54232238,28.01525193,57.06099006,61.10548216,55.4291402,39.62157058
3460,1102,104.0796812,30.61696945,645,104.0770091,30.6189983,340.8211338,,44.25813051,43.27887413,54.01127285,48.26576949,48.48031934,49.55729715,50.68321164,61.63027619,57.96642905,58.30553605,49.61650719,52.79393037,48.93551468,44.30777303,57.67126118,50.7590175,56.40312972,55.09869389,51.75166875,48.62608384,57.37269586,44.77941904,76.28537148,47.75475437,51.25856286,55.21499564,52.8073325,65.52758082,49.53531917,63.14054454,76.27222505,63.14054454,51.86147581,51.54761972,48.48944289,51.63956573,62.45496018,50.29234623,48.95236576,53.49418853,51.47167621,85.50216597,65.57755648,57.10092294,60.43291686,84.96137427,48.61982774,52.68732503,57.49314973,61.96747887
3461,1102,104.0796812,30.61696945,969,104.0790641,30.61458745,270.5399741,,34.55744199,43.11730838,47.9185194,34.05398275,38.08187319,42.25353175,56.3624946,39.4309274,44.57409184,34.07564559,43.28639586,50.02685653,52.36257563,44.22996852,40.78181566,60.49341036,40.78181566,35.72399085,54.14559593,60.98038773,68.82995807,50.93848885,52.21142594,51.80552696,36.75260026,60.36842399,38.29399372,56.95578402,34.4758905,57.62981697,49.1890862,40.30112717,48.86006222,44.07202822,44.04303506,44.05752688,57.8933278,44.05390303,40.58099612,44.05390303,44.05299717,65.47522062,36.40911801,121.7429883,41.62153448,31.31652433,32.24979824,30.46748405,36.87211801,47.27883043
3462,1103,104.0547468,30.70440133,1534,104.0548859,30.69708848,810.6006895,,111.967865,169.2506031,120.974032,80.50103399,135.9814763,108.3870706,128.6951481,105.5181291,141.5958858,121.7592134,130.9304717,109.8931438,178.7151126,118.6244911,93.15086274,94.59197673,90.76710676,168.6799123,136.5754672,272.7254656,273.7488257,389.088331,297.2661272,267.108694,139.3139313,144.5429958,170.6527767,164.2492954,102.2123461,125.542363,108.8866598,140.7473866,232.5229069,189.1298598,277.1169988,300.6201233,197.1731407,156.3650359,147.5475412,151.8283764,156.4151412,156.6798648,90.20594999,142.7472913,127.304332,114.5500484,80.53806299,132.0435512,155.7951223,123.8258479
3463,1104,104.0781475,30.71523433,236,104.074087,30.71695029,432.8385295,,53.00063627,44.52053446,75.11750316,61.71163193,118.0468717,116.1766044,116.1766044,49.19396073,111.7002657,100.978126,104.1416011,102.535469,98.52400434,105.9010897,110.0200204,107.9212685,108.9605391,108.990682,108.9605391,109.0116058,148.2840958,99.67283837,129.4918593,129.4918593,129.4918593,104.228676,41.33206117,71.33767786,129.4380761,134.0595389,129.4380761,119.4723946,74.02464162,147.768488,156.8018824,149.1832174,142.0436378,119.084349,107.0572797,91.87610296,93.93933421,117.0126688,114.1900732,100.4191764,116.8716204,139.9074035,107.5096994,93.20767389,99.84914445,98.10159822
3464,1104,104.0781475,30.71523433,1438,104.078117,30.71337306,206.3071156,,23.54059005,22.38991952,23.24587218,21.89027079,23.24587218,21.93784127,23.24587218,22.12079274,23.42080349,23.24587218,23.24587218,25.98084011,23.24587218,21.48988039,23.24587218,18.39898306,26.97944636,30.38538465,27.77334806,34.49097289,26.58454107,17.55805239,32.79967434,31.59609109,17.9788336,34.06906496,27.93612916,23.89965298,24.33015457,23.69649554,31.52066275,24.59714325,24.41103093,26.8447813,25.46250496,29.97377354,15.6523839,22.97975298,26.89368599,24.11381871,20.75676933,26.5556337,23.21856804,30.01850225,20.5143583,29.12571044,27.86887866,30.0184122,23.95824568,30.01841527
3465,1105,104.0196143,30.65421329,143,104.022186,30.65402171,247.334841,,30.44864677,25.98459419,35.67329438,27.66308125,31.52306797,24.29482749,39.18175699,28.7691576,44.65423408,26.7791106,17.4932304,27.39709008,39.50772835,25.77150297,39.39847025,29.43489017,27.73848684,22.28799568,26.01622871,42.55949466,37.10022615,39.97971773,30.89539999,44.24374796,33.04682635,28.8040575,35.28687296,23.83950275,28.22204208,66.41512387,60.87548501,34.78146202,21.53338398,38.71327946,37.95419555,31.35230379,18.90457383,36.11145998,36.2796158,23.93562977,32.62753491,27.73848684,41.31811729,35.92758955,26.02573409,26.03524642,56.65384737,31.57466055,28.05899457,34.29913049
3466,1105,104.0196143,30.65421329,744,104.0194321,30.65955788,592.6053692,,109.9050599,168.1717939,103.7101761,115.0069719,92.11482423,46.68226103,72.74950824,100.5421775,106.9899363,71.40354764,50.57113208,78.77838739,72.40630359,108.8458841,114.2201901,273.5101704,96.59127658,90.83041316,102.238626,151.7069745,78.14576297,115.8476661,99.97091514,65.14135356,99.92409036,112.5793841,93.05907652,67.79807189,56.89011544,122.8433395,52.34483862,70.47501324,51.72525314,55.01945401,49.15620574,72.1006908,38.58701025,46.99073412,69.73899739,58.05113821,107.6105588,36.80355369,37.67557314,35.3542976,62.40097832,44.99218268,116.5781054,52.9186935,48.54105413,45.88899396
3467,1105,104.0196143,30.65421329,1577,104.0196414,30.65228885,213.3037616,,63.99112848,63.99112848,63.99112848,63.99112848,63.99112848,63.99112848,63.99112848,63.99112848,24.57259334,35.50952794,29.0456186,31.95395752,29.0456186,25.94234938,29.0456186,88.26362549,29.0456186,29.0456186,24.45520834,24.45520834,21.87730888,20.8808577,18.55936053,19.97122345,20.97592193,22.08706256,22.68518587,22.68518587,22.68518587,29.76331557,22.68518587,22.68518587,20.44989459,21.50962302,21.50962302,22.71874384,24.07189786,41.39587826,30.44176578,36.10784679,36.10784679,36.10784679,19.56416667,25.37791931,22.09500659,23.62295072,23.22148966,23.025833,23.025833,21.75335812
3468,1105,104.0196143,30.65421329,1697,104.015711,30.65440143,374.590421,,40.338783,33.88255064,59.05167464,33.88255064,40.86440956,49.50534198,40.10484805,49.01183079,50.95184567,49.96301311,49.96301311,46.26915419,35.04484188,36.00869201,36.36940323,35.84914972,49.32426904,39.01983552,56.30586704,42.11948513,55.70648777,47.4832928,39.28289059,37.92728012,46.36384385,30.44075656,37.82225583,44.17257187,33.06830592,37.07796304,29.11795985,42.19416507,38.67664002,54.81811039,43.71233438,47.31668476,37.87993021,66.02328106,50.99313194,52.10014871,49.93217989,40.62936366,29.63792342,55.53296565,47.28903035,34.53330386,50.95184567,54.39796352,41.55210169,40.19450121
3469,1106,104.1364419,30.63755553,117,104.1371922,30.63929681,205.9431244,,95.4586156,32.30480383,29.72715509,18.26659065,31.86512526,22.65877897,27.21429856,28.30833325,15.84072106,19.95680344,22.54851727,22.67263755,21.9672666,27.08293143,30.17891103,29.83481883,17.52707442,23.85441595,27.64680849,24.09735366,29.61632149,19.06542196,32.51733543,17.61033843,33.1369318,28.29752854,23.63281756,35.6440023,23.85825415,20.07341402,19.0608884,20.86967622,37.69806344,21.26372604,23.38786271,17.67330746,27.42215106,26.34399358,31.90168881,20.27747686,35.85468689,35.17889669,48.98106741,19.68131797,42.07691531,24.86976232,34.57539464,16.38442537,19.06880781,20.76843161
3470,1106,104.1364419,30.63755553,616,104.1398098,30.63635551,349.0905354,,31.35282979,31.35282979,33.32302087,35.34099908,29.90671672,32.4651969,35.50073241,36.91050879,35.18392798,33.70537379,35.48079118,36.75124142,35.33404701,23.22968443,40.39914679,39.02511963,31.20785022,28.34720137,32.91509948,40.63629913,35.55965497,41.03594865,33.54120142,39.67564096,33.56303595,30.46608309,31.81584626,30.32314571,30.80210606,31.05902817,38.00995081,30.79267204,37.41358319,31.43779681,35.17969929,35.20240693,31.72548886,31.23593855,35.08937393,36.74637215,27.33994041,33.26211679,30.28255247,28.67927721,33.29075304,40.10827428,39.62560935,37.15411742,38.54777391,36.61717248
3471,1106,104.1364419,30.63755553,1834,104.1356858,30.63618962,167.8305591,,19.51906105,23.72473872,23.95678084,31.65666234,11.66389986,10.58126117,26.85288946,15.04207501,18.8809379,19.537268,16.56828188,17.71818219,19.61655886,21.87113168,25.82008602,24.71124797,22.01056513,19.84203654,15.06082292,33.64622187,11.29327127,19.82575924,34.54982203,21.39483048,32.92588625,20.12624959,14.80857874,18.99968594,19.0296067,19.01463455,19.0296067,19.02211768,26.32636221,18.25347471,16.55315103,16.9557534,16.3294598,16.95311026,16.95046794,18.4767588,22.65004734,29.44395774,27.09372255,24.33796627,27.09372255,25.64201646,19.71899519,28.72308119,22.8427226,23.92831734
3472,1107,104.0446628,30.5936807,427,104.0480615,30.59370278,325.8740239,,24.12020532,23.26517573,23.35840088,31.90788266,31.90788266,39.48089136,57.60130045,26.65737139,38.91033121,41.93553123,45.81112214,33.13973124,48.98315182,49.26599416,41.30472845,47.05132966,66.65605034,40.68128257,30.15800735,27.51711852,30.52220765,31.3086053,30.91040556,31.1082312,34.73507746,33.47065581,41.39428888,37.11510107,45.50018692,41.83086062,31.9049901,35.82673648,35.34638403,27.50636544,36.16326882,33.81782782,36.99756332,27.13967753,30.04216353,28.75359034,42.50530747,26.68971644,29.07126036,34.00424597,42.74406508,34.86103593,36.53891238,37.44738117,33.52183817,33.93625435
3473,1107,104.0446628,30.5936807,898,104.0442832,30.59070038,332.3058084,,29.30314538,30.16586406,30.23199231,19.97163456,26.95889375,18.26413603,39.41142326,28.41750662,29.99124833,28.09874939,30.79413729,37.56784016,48.1408817,23.89018293,30.06725505,19.17148895,40.10290244,27.73540279,37.29723088,19.88862694,29.98482739,29.00123419,32.35518814,32.30179735,29.41008245,22.25676112,30.20954444,17.78886112,27.90187678,34.92354602,31.70129862,21.93035582,50.47683166,18.94679934,30.69839383,22.7955654,27.6453567,19.26410483,23.47222191,36.70367689,37.8650416,37.32667374,38.12454409,18.69220172,36.16067378,28.68827123,39.61261292,26.18729076,16.46663331,27.6272909
3474,1107,104.0446628,30.5936807,1215,104.0451326,30.59689568,359.1506418,,23.80013457,27.48017663,30.10342981,21.59402606,25.37668912,25.37668912,30.42813831,37.99046946,45.68700744,50.37437573,103.850788,45.23036568,59.24134298,59.24134298,51.71769242,45.88970046,43.87104301,115.1841702,27.3060678,23.5294324,31.88513713,43.0775639,43.0775639,62.160688,51.8807462,44.51842683,88.5576925,61.69108441,59.3092803,64.27219438,41.13284127,49.03700292,31.29528414,60.70151692,24.80125005,17.23923081,20.53919477,26.97376169,22.8839347,22.8839347,22.8839347,22.76306885,22.64347304,22.64347304,22.59401154,22.61871525,22.61871525,32.20279727,25.67909256,25.67909256
3475,1108,104.083316,30.61359505,969,104.0790641,30.61458745,422.1491944,,55.87268749,57.56579924,76.2155015,63.67613546,61.23034246,65.31821345,60.23872989,55.02970789,80.90880746,53.17146342,49.43842225,68.45662612,50.65790333,76.19851756,71.85518203,45.98296823,74.09049124,53.17484604,62.05722445,62.60502986,56.86574742,51.36726073,49.72961714,69.07895908,54.73242856,51.8681604,59.7537523,87.62899259,79.84608232,72.48348647,60.06866007,62.88567309,76.24099164,62.88567309,80.83707978,60.17058653,62.71267263,61.24885037,63.32237916,69.87297011,73.67678094,107.782773,54.21178716,63.1907318,69.24844828,61.77793089,57.34856981,54.66680215,57.5350647,60.98463483
3476,1108,104.083316,30.61359505,1018,104.0847891,30.6093794,488.0924974,,58.25930451,58.98510727,57.58885023,51.97283902,65.65504218,62.04449224,70.99794704,85.75424139,67.48313363,74.46385453,81.75439782,81.22340482,68.80930197,82.36790713,63.53423104,75.0294548,69.88752548,60.75302191,75.52826547,74.68369113,88.19779556,75.10149207,66.34749027,75.48461263,67.11213583,75.22184259,66.13097197,71.63504324,70.88458977,72.07478643,63.61597393,65.81022437,66.7036413,67.10835922,81.37452303,61.95524513,83.4423307,71.97023857,57.85687106,61.30995862,55.3283737,61.16696984,60.07113469,62.0334026,72.21481974,86.6285908,58.07996223,58.68965641,87.01755172,168.9550953
3477,1109,104.0482948,30.70407439,1121,104.0440172,30.70163082,491.0915698,,76.05815901,63.50322023,63.50322023,53.01138385,75.77923923,65.13828364,65.9675243,49.24595129,45.9500884,166.7858162,110.4956032,110.4956032,110.4956032,73.20619674,68.79103701,60.82326781,69.64923118,60.93307514,60.93307514,83.0257541,140.5349484,83.0257541,71.05826573,77.22162273,73.24119014,81.65956819,98.10930362,81.65956819,71.92021511,71.92021511,69.1428564,69.1428564,69.1428564,57.62482566,83.78813513,68.3588072,102.0660417,141.152068,56.84661258,72.1151097,82.72398101,66.31968104,59.34309318,61.38644623,49.08643178,105.2339078,200.1429794,58.34751324,90.35415593,80.48238168
3478,1109,104.0482948,30.70407439,1283,104.0526383,30.70672962,509.5452933,,66.87781974,68.16377995,62.89244762,83.12823515,49.64963507,61.58163847,56.99903482,93.93851775,96.99922153,66.94755678,102.6935231,87.57302939,71.75992395,88.48832879,90.78196379,82.9041343,97.74581113,65.23761272,139.3187131,64.97153682,102.2188126,114.3617865,117.5036833,128.7774377,53.86133133,57.63402863,68.32984697,166.5709926,83.90018136,109.0702357,80.29444334,62.30852771,85.60360927,117.3992356,91.54211027,126.0112011,116.0989276,127.3863233,111.1735185,105.1813679,70.28210942,146.8959404,83.76087013,79.89386132,100.1016674,66.70411112,106.9946047,74.047683,87.38263001,82.84220253
3479,1109,104.0482948,30.70407439,1501,104.0472504,30.70550355,187.3304693,,37.93442003,36.13339607,34.49563629,35.29552784,34.8909982,35.09209724,34.99125878,35.04160546,35.01641403,34.88892207,34.76235513,27.1111433,25.35299585,21.25735822,28.29607089,28.29607089,41.24707581,33.56564194,37.01201132,34.14631339,34.14631339,31.81083441,32.57921205,32.19043864,32.19043864,32.19043864,29.87329743,30.98861296,30.42073592,30.70204875,30.70204875,30.70204875,45.10967823,36.53681548,36.53681548,36.53681548,34.58408664,35.53364354,35.05243548,35.05243548,35.05243548,37.05437854,27.86734254,25.7991465,25.7991465,23.21479138,36.16030507,28.91894037,23.49789859,51.48012897
3480,1110,104.1157328,30.68282827,54,104.115936,30.68478406,217.6304248,,33.14519426,25.29134061,28.3924426,30.60427849,30.60427849,32.44660083,39.32092995,31.8691753,30.72429527,33.73471245,30.96970872,32.29313235,31.40222284,34.00475388,32.49246682,34.00475388,25.52433717,30.21770434,24.47481836,27.15665613,21.5898737,24.18613488,26.23809542,24.32592195,24.46733424,26.6612815,28.08889591,28.05997329,29.60608504,35.73203486,35.73203486,48.36231662,28.82168716,32.81547767,25.68331517,27.92993287,29.80388129,28.015866,30.71011944,29.43500168,28.30547731,31.50113316,30.62470531,28.63948002,28.69851756,24.77892273,21.9664354,29.08741523,27.01696701,30.55628563
3481,1110,104.1157328,30.68282827,887,104.1137841,30.68257523,188.7577564,,37.76903694,39.35489901,38.53655519,39.12828731,40.60923844,42.53141259,40.60923844,36.60910566,37.43955499,40.03086973,42.05458668,42.04336396,42.04897459,30.06760721,42.04687042,43.5907809,40.14603922,35.9433037,30.33982657,40.36799544,35.83273333,34.66979199,46.97197624,47.97138236,37.80624892,32.81422567,47.1411326,40.36768429,41.02138354,49.58172883,49.54971753,47.23480469,35.04661858,49.56171691,37.39547143,47.2321384,49.56021666,38.97765111,47.23193843,34.80957606,35.72458258,46.36657434,46.79526648,40.98914533,49.5603837,41.48381413,35.67075711,41.48381421,41.48381418,41.48381418
3482,1110,104.1157328,30.68282827,1158,104.1164574,30.68081382,233.8016437,,59.62355965,86.77174405,45.41470778,59.62355965,51.55809601,55.29828092,53.36273151,54.3132675,54.07247289,53.95287447,54.01260749,53.98272447,53.99766185,53.99392672,53.99205937,53.99299303,53.99252618,53.99275962,53.9926429,53.99270126,53.99270126,56.87067009,55.39433019,56.12279284,55.75618225,55.9388869,55.84738513,55.89309859,55.87023253,55.8816632,55.87594726,55.8788051,55.87737614,55.87809061,55.87773338,55.87791199,55.87782267,55.87786733,55.877845,55.87785616,55.877845,53.95422547,54.89918992,54.42260606,54.65985916,54.54097458,54.60035218,54.60035218,73.19007977,67.44900579
3483,1111,104.0122447,30.63565466,41,104.0136726,30.6339832,230.317022,,29.82522587,29.64748316,21.98827702,31.00752727,38.60511136,25.22924997,28.84686359,33.61383564,34.83100878,34.69248175,34.61967763,24.96473554,31.7678651,35.98758381,25.16362001,26.9201714,28.04310978,21.9485871,21.97528942,23.18823806,36.59321571,32.17288778,42.01729456,28.23009037,28.73866509,25.20459865,48.27605701,40.99586053,25.59078022,34.73525029,36.28627042,37.82578828,26.28023072,26.28023072,33.50681142,21.73371636,28.50915574,28.0115297,33.45334998,26.21790606,31.63152233,27.8702951,37.47531205,35.9194778,28.39524929,31.66171949,36.68766722,28.0115297,28.4256706,26.38896496
3484,1111,104.0122447,30.63565466,1345,104.0110177,30.63872881,360.4333489,,36.19414382,36.19414382,36.4739299,43.27724693,45.99238125,38.93653582,39.83773416,47.32022694,46.33453555,46.5631599,44.15346852,44.84008833,42.62447487,37.10238951,40.46182206,43.91066179,42.97742388,38.9560187,42.77670515,40.52462995,40.86435593,42.83083202,39.24567277,46.28632781,46.28632781,46.28632781,133.7690779,68.77526798,90.84434467,68.77526798,68.77526798,50.29302543,58.09970401,53.91523778,55.92931276,54.90381056,55.41181733,55.15664425,55.28393636,55.28393636,55.28393636,80.09629976,127.8384292,80.09629976,59.24931763,93.85606192,156.3325369,131.3984867,142.7851506,139.7573941
3485,1111,104.0122447,30.63565466,1556,104.0146463,30.63701254,274.9991019,,34.7715874,34.7715874,34.7715874,34.7715874,47.03072527,31.6630096,37.84632432,37.84632432,41.65484292,39.65935971,40.63261634,40.14008937,40.38485122,40.32338135,40.29271652,40.3080431,40.29271652,40.29271652,26.90208606,29.33973201,32.26315387,32.26315387,41.19265327,36.18515574,36.18515574,36.18515574,32.51220909,34.25049425,33.358722,33.79872684,33.577283,33.68764102,33.63237147,33.65998356,33.64617186,33.65307628,33.64962372,33.65307628,33.65307628,36.90575086,35.20444144,35.20444144,35.20444144,22.78473572,37.41388238,56.96183929,46.10763385,42.79084512,44.38736504,36.6649303
3486,1112,104.0745269,30.65307435,1266,104.0769254,30.65164009,279.4454997,,62.17576013,49.43507611,62.17576013,66.80906038,65.62771563,90.74245006,64.48742301,69.47540048,60.96992721,52.50998516,47.95568956,75.7105399,75.7105399,69.05216981,50.65477336,63.47027123,56.70821865,64.07667509,64.69477807,82.64407611,86.24536868,89.44594449,83.26592769,84.89483535,54.13473358,64.22104613,73.20193965,83.14080983,101.6165453,82.23464299,57.6506475,93.93923419,84.89483535,48.27852664,59.61503994,69.53943309,79.00553397,73.97086757,41.74289622,80.0003021,70.0803761,72.89882601,76.29497931,61.26697923,81.17609907,48.0881357,80.21292747,49.45938048,81.78892674,97.19843468
3487,1112,104.0745269,30.65307435,1296,104.0757401,30.65475607,219.6636563,,16.77622196,28.20888809,100.099894,21.6358184,44.63150738,20.72298644,32.42204689,23.31565099,19.03223015,31.38052233,63.09488002,16.66134659,23.79138883,18.03582996,33.53169595,23.14504866,19.92539623,56.24389493,14.39106756,30.8042523,18.95240654,21.07647022,30.73263688,22.13158405,24.30289385,22.99474157,20.2766452,25.0249735,25.86391374,23.39612907,15.80787931,26.12451809,18.63420707,27.88396201,16.42345094,18.57402613,18.75738212,45.05921155,16.39856295,26.70081584,25.82810387,13.92234441,33.43074862,20.05228398,16.86281048,24.75267911,19.01176021,16.98629328,52.19730447,21.24769364
3488,1112,104.0745269,30.65307435,1506,104.0741366,30.65259729,64.76008361,,8.289290702,9.680400043,10.1695224,13.51514788,19.48214214,11.71539201,14.60143847,10.26864621,10.21802673,15.33791454,15.33791454,15.33791454,15.33791454,18.8013146,21.19420918,19.92617957,20.54064326,20.22874629,20.38350173,20.34459131,20.32519175,20.3348869,20.33003816,20.33246224,20.33125014,20.33185618,20.33155315,20.33170467,20.3316289,20.33166678,20.33164784,20.33165731,20.33165257,20.33165495,20.33165376,20.33165435,20.33165406,20.3316542,20.33165413,20.33165417,20.33165415,20.33165415,20.33165415,20.33165415,20.33165415,20.33165415,20.33165415,20.33165415,20.33165415,20.33165415
3489,1113,104.0314235,30.6044106,446,104.0320147,30.60709687,303.0645202,,14.98670704,29.87765238,37.1858307,46.74517021,27.33046775,15.03144348,18.5293071,23.97873127,30.4663061,18.73221708,20.64394083,16.39622702,34.04156857,22.87279398,24.59654077,18.0784138,17.71156287,17.59729472,20.68176936,19.35956123,23.99191364,18.32399589,21.5533835,43.55418254,19.52921729,25.41717584,21.24697707,32.59245027,21.67488187,36.58726602,20.72629697,29.59400378,20.27067338,18.73820992,20.15771015,57.4227512,35.19458944,18.79200125,20.20430135,19.35125517,20.53766382,23.95240994,50.35533566,27.93221384,28.09525166,25.1050092,28.92450352,18.03359128,22.84884341,23.50096441
3490,1113,104.0314235,30.6044106,545,104.0313763,30.59554599,982.4759564,,103.2173184,90.06463941,70.8192051,75.26628879,86.21361226,103.9328091,87.15397671,84.76724849,92.87476787,74.2269348,66.27570474,97.56105489,57.63574323,75.85873336,105.9908134,75.66212729,102.7425837,65.11953805,81.78390715,90.01862072,86.70676468,139.474666,122.1569468,111.1430379,75.25347751,93.0277076,98.91158546,72.9418815,85.29876867,91.74872745,77.12414834,95.64395465,94.53828114,87.85179938,82.94269381,98.80750483,97.59929118,93.54164263,85.46709891,94.2302898,106.0160102,77.28142992,79.48120097,79.91218805,78.02588668,63.90087521,84.35568688,74.77618273,85.33649934,105.3907462
3491,1114,104.0715673,30.60028405,283,104.0716706,30.60211143,202.7696612,,20.85630801,12.20686924,12.20686924,13.04684147,12.20686924,16.80024811,26.24445538,18.3294609,15.78315201,22.18756171,13.91746006,15.84309887,13.91746006,13.91746006,13.91746006,13.91746006,13.73416332,12.70619287,13.55563195,24.01219672,13.32063468,16.07865155,47.40070002,12.81292744,12.57486271,35.52169247,14.97184013,14.91067597,15.08030993,68.54185731,17.0790853,15.03689528,15.01828496,16.96404435,14.89190187,43.88601887,14.86063775,53.67432208,14.94872527,14.99316181,15.4740308,15.50104188,14.97924704,14.97785698,14.97855197,15.49113644,17.68369568,16.64285244,16.44107631,36.49853902
3492,1114,104.0715673,30.60028405,801,104.0753692,30.60061324,366.3130712,,28.42084173,20.46918209,23.31193559,24.00959593,27.64626952,23.911642,29.5375169,31.65261461,27.20076434,28.10723506,29.92572745,28.83645333,31.85138715,29.87206168,27.76267487,25.28315174,27.41636292,24.25802817,26.93178422,38.1617524,24.06436234,33.47967139,34.6122587,40.25583781,37.27131968,28.76176786,43.71169029,41.89427548,38.56866847,31.50703754,30.71654403,35.32620028,29.51710672,37.59990249,40.67007113,29.05111741,34.80638882,38.71492275,41.49270432,34.1714583,35.66192542,30.88353762,28.72522178,37.65175279,45.33655544,29.59828799,28.90756665,35.03874753,27.58266171,28.54387568
3493,1114,104.0715673,30.60028405,808,104.0685263,30.60045404,292.1550982,,28.87793214,22.26280156,22.5284837,22.8324034,31.07114781,26.8476925,25.66829417,31.1056075,27.31333138,25.92133958,27.35688792,31.24808181,30.69333716,30.23018022,29.83711641,22.4494846,28.08433521,22.98297413,21.56347214,27.22118029,70.27338663,30.6948301,27.24762574,31.84733849,38.86764056,32.9704813,24.69123325,40.04791446,31.65563141,32.89100331,27.42078158,29.83711641,32.22198615,33.57568567,41.38057174,34.69877266,42.13419377,42.22902289,37.91441113,37.81036621,36.26298068,33.32429387,28.40670773,36.08303462,32.68550773,38.13139206,35.45252877,31.92790347,35.99038988,31.75758705
3494,1114,104.0715673,30.60028405,962,104.072884,30.59762255,320.8454199,,39.0657332,26.06218613,25.10964156,26.20631904,35.87091651,30.53651055,28.76820701,32.07340539,29.44661598,27.8659472,27.28986442,29.51244999,26.41608946,26.62924523,34.0219002,26.68307275,33.9344403,25.22617552,26.25844869,33.84742891,36.72634377,35.22816658,35.96165827,35.59113372,35.77543665,35.68304721,35.7291822,35.7060998,35.71763728,35.71186761,35.71186761,35.71186761,34.0219002,34.84640609,34.84640609,34.84640609,40.74227554,37.56440377,39.08885684,38.31147141,38.69626022,38.59934021,38.55106203,38.57518601,38.56312025,38.56915218,38.56764402,38.56688998,38.56688998,31.21739221
3495,1115,104.0424803,30.71305317,235,104.0428838,30.70972262,371.1478525,,61.5457353,72.04163922,49.79181624,34.2891087,45.77755097,54.34055134,87.90343875,57.87410678,42.34967572,47.7474307,68.57821741,60.95986399,45.79716432,59.32049107,56.04312303,57.6333114,55.84426741,58.23437482,53.98514218,77.94301729,61.58097765,61.66090576,59.9148459,41.64737135,69.44554413,43.04896557,66.0634002,45.75795442,75.91660619,75.98856508,93.59945842,55.90511586,67.86703589,52.26144817,61.16414972,73.079249,63.11967495,44.24279036,58.04040567,50.32297794,65.15001039,58.4420894,60.20591163,53.08726658,65.90048182,58.43144033,106.1826969,57.46805458,56.88557521,82.76925562
3496,1115,104.0424803,30.71305317,557,104.0456126,30.71340305,302.4485886,,33.50199751,46.39836302,33.50199751,36.11326431,40.76050235,37.12396371,43.10004627,57.30604837,46.75533737,32.0239682,41.87749688,41.39324893,44.141891,46.27347722,39.99779291,36.31400508,36.30076307,25.8013014,33.06549587,38.33262201,38.97905438,49.19344514,35.58218689,52.50463744,43.26416896,49.00432828,48.40297856,48.78020918,48.59086173,58.43371659,45.64713455,47.42483449,36.47621169,47.26993389,48.30232542,47.78055361,46.98230503,47.78123616,45.23770113,44.41310058,44.82160855,51.28108336,42.92799444,45.00571891,47.63165239,50.60945226,52.64426056,53.37328034,47.75504031,44.89958429
3497,1115,104.0424803,30.71305317,1163,104.0404398,30.71284378,196.7739341,,28.22255629,28.22255629,28.22255629,28.22255629,28.22255629,28.22255629,28.22255629,25.16469495,26.60605306,26.60605306,29.93180969,28.17111501,29.02478516,28.59157941,28.59157941,17.49101636,25.48151665,24.53993635,25.48151665,27.77984952,25.55812974,26.6227183,26.07956421,26.34834235,26.21326432,26.28062977,26.21326432,26.21326432,20.21073218,22.8239404,21.43799495,22.10926906,21.76845822,22.10926906,22.10926906,23.89160751,23.89160751,27.70741184,25.65841821,26.64357923,26.14172046,26.26540433,26.26540433,25.3763997,24.54560509,16.26604277,20.15323365,22.8880828,21.43377194,22.13706759
3498,1116,104.0818796,30.69184404,431,104.0830485,30.69118929,133.4161403,,29.43604321,24.99383027,28.80348456,28.80348456,28.80348456,28.80348456,17.97747118,28.80348456,25.22574081,29.30880885,24.33569394,30.33461717,26.51139494,28.29443918,28.90563555,28.25282971,29.54382017,29.77054371,31.46057456,38.9957866,38.9957866,35.57763741,35.08569514,35.57763741,36.09002669,37.81874843,39.09261131,43.49049056,47.15409164,37.62126148,49.4133853,40.15031181,38.19468032,36.87509444,37.42582638,38.89053482,35.01565771,32.89713048,37.25679151,43.27009956,43.27009956,43.27009956,43.27009956,43.27009956,43.27009956,45.04554327,46.90411182,36.90545265,50.03105261,43.27009956
3499,1116,104.0818796,30.69184404,936,104.0801761,30.68922895,332.603298,,59.10862559,76.75460723,61.52990097,67.88784537,74.31322717,59.9998433,51.65339748,56.32040794,59.91852575,82.86310538,69.38413169,83.04596847,69.21224698,63.18585081,70.12426781,84.07526314,77.96840101,63.68999323,95.09240549,85.73707749,87.40605263,78.25959953,84.32196287,81.26958415,84.69473901,86.19353611,88.36692788,66.8922834,88.64370355,104.5739627,87.18727231,79.6036702,91.6712289,95.78974982,79.82479152,89.72811706,90.17754776,85.25639445,82.57737054,101.9659746,122.6815443,88.73071103,102.1031265,100.2171142,123.3248184,99.01033479,86.92354793,89.79220101,98.01134018,97.52350093
3500,1116,104.0818796,30.69184404,964,104.084483,30.69566169,491.1197448,,94.80059417,87.91968657,90.72641854,84.25882835,64.00836588,65.25103176,66.97087429,103.6968376,103.1351464,88.84578298,81.35223744,101.6109817,82.58611514,91.21888739,112.436537,136.0896278,97.37385969,84.96745286,121.0980193,116.0315722,136.5274966,48.43920771,123.1107149,91.41048243,90.3043967,126.2278259,127.247339,95.59077711,162.5488264,222.8610607,77.85581443,146.7245711,193.4388492,102.0508561,136.6714117,92.6883922,137.7239401,92.83710464,101.4487931,107.2256047,86.2454186,93.73259543,141.9535192,124.2252111,116.4135691,82.04320563,242.011859,140.7668058,153.2974926,135.9733367
3501,1117,104.0344558,30.65335487,380,104.0331866,30.6533746,121.6308203,,17.00469721,13.70390635,17.00469721,11.58388765,13.65812506,19.07103454,14.16065174,14.60543539,17.60032542,16.53903505,15.75075371,16.93891501,12.78455337,15.88887644,12.78455337,14.98824778,11.14175453,18.57532003,11.33279723,14.99191329,17.58517884,14.10212409,21.50643188,16.86280949,11.35557451,13.66212022,12.40251956,13.65501933,15.72247587,16.49231462,17.1043341,15.28345386,16.00990688,19.78213333,15.23029402,17.47600256,16.00990688,16.00990688,16.03922905,14.49903818,19.15563826,19.99410745,17.62056149,15.97671609,15.39089466,17.2099757,17.74553001,13.98948732,15.39089466,15.39089466
3502,1117,104.0344558,30.65335487,461,104.0386555,30.65417493,412.5509887,,32.46302862,73.52393858,37.12958898,55.52088072,30.49658233,40.30348872,36.42387638,66.25354167,42.10300664,36.94486466,49.4648979,38.67665519,114.2448892,31.73469144,50.66004181,52.20328855,29.61482671,55.31409904,62.98488377,30.95422174,54.50214897,36.47605958,60.45523307,39.76395072,44.01475409,34.26028972,46.41198623,27.439881,49.36507556,39.87069958,58.62566682,30.76187985,49.77573722,34.99490008,71.40305574,36.61093408,36.46859569,63.28907212,53.10549079,48.85472235,50.81894129,44.29315502,46.63056701,45.46480283,49.53914474,59.17065973,56.18601108,32.05432143,30.82572767,67.12694053
3503,1117,104.0344558,30.65335487,1541,104.0348343,30.65134174,226.0457242,,30.25147238,31.97503368,31.97503368,55.73730186,55.73730186,55.73730186,55.73730186,55.73730186,55.73730186,55.73730186,55.73730186,55.73730186,52.33212908,35.22790507,42.1094234,37.93774392,37.93774392,37.93774392,37.93774392,37.93774392,37.93774392,37.93774392,37.93774392,37.93774392,37.93774392,37.93774392,37.93774392,37.93774392,37.93774392,37.93774392,37.93774392,37.93774392,37.93774392,37.93774392,37.93774392,37.93774392,37.93774392,37.93774392,50.38790137,43.28535144,46.56735949,45.70106604,45.27989468,45.48950551,45.38445807,45.43692106,45.42379394,45.41067441,45.41067441,37.22609451
3504,1118,104.108349,30.67202603,1748,104.1076474,30.67360279,187.2315886,,79.61028176,12.68172566,26.39818743,19.44328035,43.48604638,21.70801027,39.41717655,52.14961075,32.87969361,23.73358165,21.91979574,22.79065829,13.01223396,29.53697279,47.97393018,11.95095246,38.08100107,34.52648532,36.21673714,41.60701969,60.54195082,15.06461058,13.34720236,19.52508187,27.73801313,32.87969361,20.64873537,24.61260319,24.61260319,21.64328456,15.48316353,19.31328708,19.18957207,21.88421165,19.06743194,30.97988202,25.62865852,72.6068638,34.35441993,56.16947658,16.75658717,25.92437381,25.92437381,53.4947396,25.92437381,26.96134876,28.08473829,74.06963945,23.12294062,57.85697158
3505,1118,104.108349,30.67202603,1772,104.1094437,30.66934232,315.3813339,,81.38873133,74.38416215,83.07605867,157.690667,157.690667,157.690667,157.690667,157.690667,157.690667,157.690667,157.690667,157.690667,157.690667,107.3131193,112.8040539,69.51262055,118.8872044,18.7509959,108.7782325,90.82982416,52.46639566,38.5307512,115.8543676,115.8543676,115.8543676,131.2569713,123.0756425,127.0347191,127.0347191,127.0347191,128.0495641,127.5401229,127.5401229,106.0992787,90.82982416,27.19455813,41.85706183,32.96908318,36.88520778,34.8173739,34.8173739,20.09509384,25.48267906,25.48267906,25.48267906,102.285838,22.00334888,23.61554765,22.78096023,22.98402751
3506,1118,104.108349,30.67202603,1820,104.1108906,30.67297768,265.3431224,,87.45795694,87.45795694,87.45795694,87.45795694,87.45795694,87.45795694,87.45795694,87.45795694,100.2579261,108.1738555,104.0655732,108.1738555,108.1738555,108.1738555,88.32276527,74.62775318,57.45775884,90.40081139,76.9575219,69.09477328,76.72572214,76.72572214,76.72572214,76.72572214,53.66490116,88.1755607,66.72190271,75.96304101,66.72190271,66.72190271,66.3357806,66.3357806,66.3357806,65.42707128,115.7860898,137.2464426,49.9251868,113.0455906,107.3298023,107.3298023,107.3298023,143.6443971,92.29325997,80.95213904,58.96513831,58.96513831,119.4044051,70.75816597,70.75816597,44.74169745
3507,1119,104.0617764,30.58492614,406,104.0617289,30.58131137,400.6480744,,49.50800005,38.32594512,40.05553533,43.4437671,43.83991088,41.68592682,43.4437671,50.83112133,45.04358313,47.01982291,44.76977965,46.75309782,45.03772265,43.4437671,45.51292592,45.4330302,41.97165782,43.72362464,43.72362464,41.98821365,41.98986996,41.98986996,41.98986996,32.70596526,40.75346553,40.95597921,40.6291005,43.4437671,46.60695614,43.75125585,56.2861685,42.31266792,39.96074301,38.90311714,43.3160153,45.28141298,45.78917728,45.53387961,45.6611716,45.59743677,39.72029159,39.74709965,39.76250872,44.09856269,50.99765321,44.34299743,45.27404282,41.31718993,42.57556813,43.87571016
3508,1119,104.0617764,30.58492614,1101,104.0614931,30.59120869,696.8194115,,54.8316914,58.09069583,58.79602926,65.5544394,64.12084332,69.39280446,70.29563318,53.71627155,74.08958548,71.01902779,47.90356234,94.07062054,92.86012254,46.97658954,72.76431853,118.43956,94.12945146,83.24833678,79.77720472,65.59253032,69.68194115,54.12189604,54.12189604,64.96554765,71.39926284,64.00169787,81.12634027,67.28787703,56.41416524,57.97881081,68.832545,64.74378289,73.83613648,107.8946186,71.26283418,72.0732483,57.48281121,98.5677753,65.51532458,72.50125898,108.1271501,64.24765992,79.93861534,140.9297686,95.91959699,79.46262338,65.51163999,58.81711328,67.61589977,71.14124882
3509,1119,104.0617764,30.58492614,1161,104.0575483,30.58488558,405.4469996,,43.57042384,37.10870844,39.2062331,39.66329344,36.10930416,36.18865782,41.03868412,41.03868412,38.61399996,42.12436359,44.72755461,37.45789218,43.44128867,36.8174966,39.49159087,40.48846598,40.03174835,37.08936588,43.39232103,39.52367177,47.8560393,47.8560393,47.8560393,47.8560393,47.8560393,47.8560393,47.8560393,47.8560393,47.8560393,47.8560393,47.8560393,47.8560393,47.8560393,47.8560393,47.8560393,47.8560393,47.8560393,47.8560393,47.8560393,47.8560393,47.8560393,47.8560393,47.8560393,47.8560393,47.8560393,47.8560393,47.8560393,47.8560393,47.8560393,47.8560393
3510,1120,104.0749288,30.6065838,46,104.0737429,30.60663216,113.8159393,,11.08355242,10.96171536,11.59609236,11.36580809,10.76839373,12.21501417,11.5409419,11.79949263,12.48975343,13.52715026,11.42125105,14.91762311,14.23935296,11.83072324,11.49467815,12.65695827,13.14665395,13.15148906,12.77373102,14.28806108,12.20371601,13.30823255,15.41828991,13.66589527,14.77724362,14.77709508,13.22800263,14.73875473,14.32760095,13.88221056,14.456502,15.70083814,13.57520485,13.20246253,12.89315754,13.976923,12.45928351,14.60594685,11.97235968,14.53194377,17.41134793,13.93532899,12.53032821,12.32171556,12.2748052,14.55927328,13.12198444,14.01816245,16.63419994,16.62613993
3511,1120,104.0749288,30.6065838,618,104.0748969,30.6108969,478.0267061,,41.76932383,40.82790372,42.75518365,31.54713367,65.43331338,82.22381793,125.4493413,88.7059867,67.93011088,68.50095214,76.48427298,88.8586648,68.13502824,87.63985241,116.8029056,96.55299096,80.04168102,83.10640215,112.9938373,51.99082,83.13507932,88.11552186,140.4813177,123.5515179,70.33635457,91.83010363,124.4021308,98.7540201,88.55383236,109.3128221,99.2090902,90.00502835,97.99233398,72.97554959,96.84514622,100.5065884,113.0928461,74.56222452,129.2826818,83.38685122,68.95651959,87.89050776,56.92048982,64.65483313,94.61971915,56.42282433,71.07877594,93.02141308,89.63000739,64.54601802
3512,1120,104.0749288,30.6065838,787,104.0751744,30.60399139,288.2770462,,22.96011872,27.40662059,26.42947452,19.00727777,17.21056992,46.06010415,24.42697231,30.38938115,18.73280445,29.94222061,21.50627745,28.01072514,22.65933114,26.78186752,50.87241992,32.22973187,29.70439689,29.48287973,22.47530842,33.4773344,23.08781683,22.67170653,27.960414,25.99134728,21.43471324,22.10431025,20.13185968,20.30252428,20.59939195,17.38354047,27.37047999,45.61746665,26.88594213,44.00836943,20.28929357,19.86215055,29.48287973,23.65350123,24.68986597,31.35339475,20.88123473,32.84168881,24.59235465,26.5251723,22.22264168,29.93646249,31.93222666,26.77035339,27.5277816,22.93474843
3513,1121,104.0440172,30.70163082,602,104.0423189,30.70385974,295.7703961,,33.73094274,24.17497688,36.87527016,29.94300973,21.50574693,32.56187847,38.31104591,24.57642068,31.38279571,44.21816553,24.0219611,21.79121875,20.03336643,26.10902293,25.32160347,30.99777077,42.00289649,36.0024827,28.03510864,24.2308647,29.76999327,36.44404196,37.29504119,49.60124654,34.1273534,33.77552501,22.77103135,24.31782702,25.04170804,26.78675285,25.59551505,23.54391213,27.64106798,27.4756604,31.20215168,49.50995297,29.74227447,26.37754152,29.95526262,26.47373013,27.70442566,31.41954372,28.90787582,57.0924089,29.56335287,45.08567787,22.83696356,24.78779315,24.06267629,25.5285695
3514,1121,104.0440172,30.70163082,1109,104.0482948,30.70407439,491.0915698,,87.95669907,111.1905441,65.76813397,183.5221091,46.05316023,56.46333166,65.91833152,63.07890419,72.45613325,58.68646145,61.69707385,69.32011905,66.02549224,67.73676825,92.16694865,54.63317835,74.01959894,61.81572207,89.70208966,65.2131926,58.4577589,79.35052295,71.81840153,58.21941771,58.5822843,77.37110071,109.894617,103.7923475,78.11176664,76.13094193,53.73646356,79.10199782,78.35699285,86.6632182,51.65608915,67.30696641,94.39446412,86.83347993,81.4714125,67.50685983,125.6524272,62.67544441,76.05256606,155.6276101,80.06074607,64.05542215,61.40776837,76.0127403,60.80583495,73.21341486
3515,1121,104.0440172,30.70163082,1633,104.0418589,30.70035883,250.2074962,,29.62983508,46.19215314,32.59639275,29.50044715,30.97124309,45.32060309,27.60910303,28.83928452,28.83928452,25.49283924,27.0630041,27.0630041,27.0630041,24.6105734,27.81037007,27.81037007,27.81037007,45.03734932,35.15941752,37.24660178,26.14650178,46.43025703,36.49211289,36.49211289,36.49211289,35.25428518,35.86252102,47.84844549,27.50372477,37.87303377,34.99178969,32.51794174,44.26275117,42.99508288,34.37965597,42.99508288,42.6389106,53.37759919,42.28859091,41.94398074,26.18450542,36.27833105,38.05973181,34.65623242,34.65623242,30.95350468,31.30310986,31.30310986,57.64780712,37.87834257
3516,1122,104.1238067,30.70835026,1299,104.1329977,30.71471837,1128.16522,,95.11463213,105.3391493,128.2714502,147.9111912,108.0307833,69.24553335,112.9210785,116.5654364,134.5946907,134.4832713,129.7933062,134.5946907,134.4832713,139.2453349,141.8879508,150.3712674,168.6100588,140.471934,165.1183247,155.8079843,157.6846006,147.9397788,138.0253115,132.0778794,130.3295561,148.1081512,147.910298,153.6471953,149.0645767,153.6468339,152.3498548,151.6802083,140.5326918,126.3133409,163.9863222,171.5667006,151.9837274,143.8298288,167.9915117,152.7857283,161.0173698,160.9934346,124.1898073,141.138223,134.4762412,153.791408,118.8401776,119.9715608,124.6919518,122.4820911
3517,1122,104.1238067,30.70835026,1314,104.1104323,30.70648699,1297.333344,,513.2307735,513.2307735,513.2307735,513.2307735,188.3225822,275.5398253,223.7317384,275.5398253,279.664673,277.5869265,278.6219262,278.1034634,278.3624534,278.2976607,278.2652756,278.2814673,278.2733713,278.2774192,278.2753952,278.2759011,278.2761541,278.2760276,278.2760909,278.2760593,278.276075,278.2760672,278.2760712,278.2760692,278.2760702,278.2760697,278.2760699,278.2760697,278.2760699,278.2760699,323.2110753,278.2760699,162.166668,204.9170036,181.0524971,192.2469787,186.4818881,187.8905003,188.6028168,188.2459848,188.4242318,188.3350661,188.3573496,188.3684934,188.3629213,188.3643143
3518,1123,104.0024588,30.66283584,668,104.000968,30.65963267,382.6730463,,73.8671832,102.5525782,77.99705402,83.0518744,85.63312924,91.00729755,85.41787598,86.7338699,100.1907612,102.5525782,86.24844984,89.10645787,80.00714144,101.6840231,85.47263286,112.0047129,98.86396191,89.67667998,78.72306957,112.550896,85.03845473,108.4964412,101.6695916,111.3183244,99.28436829,163.1932438,84.0000499,117.996352,108.8719591,79.94833758,101.3177367,69.68078576,120.478918,124.8462496,101.7232149,109.3351561,105.3510776,118.2462437,104.6265555,104.6357123,76.81732381,98.40164048,103.5806742,111.6425839,108.4742493,111.7633479,75.90209183,118.4256143,102.9565485,138.6403522
3519,1123,104.0024588,30.66283584,875,104.0023938,30.66366051,91.61178266,,20.29553339,35.46262555,24.47513303,21.80511852,12.88290694,12.51028611,12.51028611,11.95838952,13.1920967,20.74229041,17.51938473,16.6685262,14.3861469,16.74123947,16.91294449,16.52316721,16.9564225,15.55671781,19.02248984,14.14247074,23.22552236,11.87164697,15.63591728,17.72665923,14.64452659,12.65226666,17.7051219,17.70870782,8.794731135,17.42681203,22.6495365,17.7078112,17.7078112,19.23081208,18.74348844,35.53905362,18.90464814,19.00878487,20.38438841,17.74085086,16.46542274,17.35802198,13.91571382,13.00675051,29.44664443,17.58946227,17.93797143,17.70638059,25.50018693,13.45217203
3520,1123,104.0024588,30.66283584,1325,104.0043249,30.66031361,331.8277685,,64.99746874,72.39878585,79.24245218,79.24245218,79.24245218,79.24245218,79.24245218,79.24245218,90.24211268,79.24245218,76.63704677,77.91797581,115.9786375,115.9786375,115.9786375,79.63866444,94.43319894,86.40723086,90.24211268,89.25183033,88.76479492,89.00764639,88.88605474,88.94680901,88.91642153,88.93161267,88.92401645,88.9278144,88.92591535,88.9268649,88.92639012,88.92662751,88.92650882,88.92656813,88.92653847,88.9265533,88.92654589,88.9265496,88.92654774,88.92654867,88.92654821,88.92654847,88.92654847,113.7695206,99.82562401,106.3424303,104.6347417,103.8765188,103.8765188,103.8765188
3521,1124,104.0864662,30.65274298,669,104.0872745,30.65548692,313.8177829,,54.08349024,49.33379993,43.95891122,40.85873484,74.32526437,60.19014906,77.35323646,59.14890149,58.63723278,56.8991269,49.40796582,39.26130386,52.70967427,53.6217867,54.46189905,50.37877451,52.55321723,68.12526746,41.28175463,129.8556343,53.28981219,46.44374177,65.68279177,51.0375901,58.5359595,53.7054276,109.1540114,76.20533008,53.82770575,57.4870489,82.06373013,54.010011,51.35200084,54.010011,54.010011,52.30288253,51.60461083,44.02314733,40.8033957,54.23313073,47.25726613,52.37419029,37.22385563,59.41867728,57.3474121,58.25710178,73.20155629,48.27965891,83.06941312,52.06193633
3522,1124,104.0864662,30.65274298,687,104.0846885,30.65076332,277.7654698,,37.2561733,45.86952712,37.2561733,44.14815414,50.95315624,52.76811036,28.38095624,47.0014426,37.73417703,47.40624327,56.17728603,63.28833489,26.04051279,49.87310181,41.02382323,32.7854325,42.46096354,40.23966565,23.63961445,44.14815414,30.72060495,53.4021731,49.25890105,49.25890105,41.3632137,40.93984406,52.62924691,28.69313318,32.22198791,43.35694572,40.21269535,34.01209834,38.42288919,39.99822765,43.89621121,48.7783264,31.27763269,34.12818059,35.91512669,41.15043997,42.26355415,51.08330479,51.08330479,48.62021189,25.87207481,55.70783795,50.12309229,37.68677229,37.59231922,44.94182882
3523,1124,104.0864662,30.65274298,1488,104.0879327,30.65204871,160.2042889,,23.92817315,25.80471768,20.07927839,22.23379739,24.80804832,26.90206515,31.92262583,42.72114371,42.72114371,42.72114371,42.72114371,42.72114371,42.72114371,41.60399928,41.60399928,41.60399928,41.60399928,41.60399928,41.60399928,32.21985699,36.31549406,34.14529895,35.19697546,34.6631621,34.92802929,34.79509166,34.86143375,34.79509166,34.79509166,30.03830417,32.24219658,31.10125629,31.66145115,31.37885368,31.519519,31.44902906,31.48423456,31.46662196,31.4754258,31.47102327,31.47322438,31.47322438,31.47322438,39.5024274,35.03366944,37.13408784,36.58572022,36.05331265,36.05331265,34.23093473
3524,1125,104.0438871,30.58089298,161,104.047886,30.58095916,383.5351888,,41.21572178,36.42204671,36.42204671,32.62726848,32.62726848,32.62726848,32.62726848,32.62726848,32.62726848,34.99940886,32.62726848,32.62726848,33.61415007,33.61415007,40.97111809,43.37361298,35.74696905,37.94942775,36.81528753,36.81528753,39.28564353,36.29114042,36.86238424,31.01377225,38.25224341,41.66888385,39.87793246,40.7537415,41.27732974,38.43024593,40.26407702,39.3257944,39.78940502,39.55624134,42.16532862,39.6142757,41.87314336,40.10089531,40.96786166,40.52974272,40.27827499,40.17252889,40.1198638,40.1198638,40.1198638,40.60960823,39.96794769,39.65466184,39.81068843,39.77156679
3525,1125,104.0438871,30.58089298,269,104.0437776,30.57776198,347.1650289,,28.66500239,31.01226065,31.01226065,29.33788977,20.17423897,25.85335157,24.71780675,20.54456062,17.06203555,26.81961597,38.18229767,37.98706138,33.0631083,32.43410305,29.26918276,19.8537586,14.7992197,18.0998422,35.81703331,27.71418137,25.7689506,29.62474913,27.46297244,31.98449403,28.25761863,15.81017209,28.99754302,29.50205803,27.24049922,28.44250409,29.0038143,34.36376717,20.7606994,23.8282956,22.7708452,32.21118825,38.89511064,18.73754279,16.73084477,20.81833599,40.28748901,16.50437906,36.31534754,23.80560198,40.90979064,36.86708272,50.11203304,32.76029085,31.01226065,25.90783798
3526,1125,104.0438871,30.58089298,527,104.0438563,30.58467107,418.7348423,,40.82452085,39.76474761,39.76474761,35.62169657,24.3332596,26.82685034,42.84036752,29.2277904,34.47205904,35.03650046,44.99226633,53.19613347,38.53716486,34.94512738,38.80168423,34.35307008,31.13752507,30.47215839,40.19407885,40.19407885,37.30326731,39.62182716,42.13095115,36.06553476,41.76291401,33.32512261,38.33300527,44.49399174,43.63123204,43.286301,43.95938738,56.88473329,43.9666053,35.60707406,34.40428538,40.9330083,46.18035486,35.29023002,28.39660168,32.03910985,41.13084399,22.10330546,30.5305404,43.32569743,39.07407968,35.80276138,39.52745648,24.9783833,30.28138973,27.76398254
3527,1126,104.070717,30.59686374,30,104.0705271,30.5936291,358.9538853,,85.01539389,52.62342528,73.42238563,44.2545886,45.50119673,40.13149028,60.10390638,41.58436,54.84282173,60.81101116,77.37928066,74.1597697,36.92097106,46.79887685,49.54053862,46.79887685,46.79887685,71.00186742,56.89117719,48.52701563,56.18408639,56.18408639,56.18408639,56.18408639,56.18408639,56.18408639,56.18408639,56.18408639,56.18408639,56.18408639,56.18408639,56.18408639,56.18408639,56.18408639,56.18408639,56.18408639,56.18408639,56.18408639,56.18408639,56.18408639,56.18408639,78.77572819,83.97946301,77.5825283,80.65435457,79.08862501,79.8638165,79.8638165,88.20709809,54.40985209
3528,1126,104.070717,30.59686374,962,104.072884,30.59762255,224.1284404,,98.39785188,30.22310235,44.7842212,31.31925805,30.36170782,30.2620679,41.27173327,32.48497096,35.1422494,37.27945664,25.69625431,20.17155964,30.01720184,38.88493424,31.57974111,36.41692008,29.73922637,34.85366676,40.94279103,37.24338351,27.91911368,47.23672948,41.04864282,46.82552835,34.77386712,49.25054141,40.34311927,40.34311927,40.34311927,40.34311927,46.57214346,43.23442119,44.84125796,44.02318216,44.4284545,46.66789513,44.32643847,44.22488988,44.22488988,40.13350039,37.18278665,50.40047993,47.62649319,46.75910114,42.40158049,49.07937496,53.24396081,32.77536294,44.76351653,36.82406556
3529,1126,104.070717,30.59686374,1180,104.0685883,30.59774153,226.0905621,,32.24746528,26.87055891,25.47499291,32.54402333,28.06641461,25.05351361,27.04073168,25.69616491,30.84148343,24.96705594,25.38890638,32.74258225,22.59023102,26.04563275,24.46058673,26.79040604,23.05331276,24.35992588,29.13948264,24.03297993,31.62412913,27.09135922,30.07926176,30.43958716,29.45272385,37.33891079,26.07578288,27.78759667,31.68788745,30.50311887,30.6804218,30.49107972,26.42559506,31.28980389,33.66576686,36.82549331,31.15857097,27.04789068,27.33626485,29.79013219,23.1561294,33.05116246,28.48814087,31.84325486,30.67250724,32.88036452,31.38935687,35.81063619,31.16802947,24.98212696
3530,1127,104.0159345,30.69643301,584,104.020265,30.6931301,553.213835,,61.80201105,130.5091616,88.35713425,61.84999398,237.0916436,69.13458289,79.56428408,76.53575977,77.81089299,64.74544233,74.91798644,52.56535285,71.16985609,81.8453345,62.66739478,84.74765132,67.39660934,75.21665234,64.66135734,78.68361833,66.90604051,100.7114946,71.0007061,55.84884481,61.27907095,100.0788847,67.97166573,51.10957586,88.39962148,61.48929075,99.7031192,82.52361076,101.9823602,58.14802353,55.99540223,74.91798644,95.63360413,91.77741041,93.50092986,69.94099406,64.94249367,101.6107044,56.17968423,72.12099661,76.15945721,86.84170667,96.43755562,60.41162202,101.4381905,64.51174754
3531,1127,104.0159345,30.69643301,611,104.0148082,30.69564351,138.8978377,,22.32286677,16.72348548,33.55920911,28.41092135,23.9249864,23.69820928,18.73949591,19.47545144,30.53113935,27.02633361,14.32757065,38.2677716,27.2744845,25.06427146,63.29521718,25.64267773,25.94681624,34.48498039,24.15614569,29.70488411,24.95170737,17.39674707,28.45133518,21.97943805,36.29997936,12.22572655,38.51692445,21.35368892,44.03040184,39.9493115,32.05334716,24.97039779,29.20369852,26.06273648,60.24484527,36.23421853,30.18303112,20.71330861,38.36564316,20.32651283,22.98998693,26.45673099,24.75407009,26.78445079,16.61236597,27.06534321,32.78899775,31.77609844,24.15614569,29.52946156
3532,1127,104.0159345,30.69643301,692,104.0187006,30.69832771,338.0642436,,53.68860865,49.63422826,58.4642727,46.36309627,36.57494446,51.27040661,50.63930418,41.27861878,46.76493271,46.51815679,50.42947281,51.62380814,53.14547061,53.30063987,61.72601573,72.87612437,71.83152563,54.22416582,63.38704568,49.33243928,50.15865136,58.93613932,63.83031172,65.20868996,90.4855968,42.30699688,56.820288,67.78020724,48.7788087,68.37254365,101.4192731,52.23310202,98.83084619,59.22293319,51.84371787,51.71521008,51.35153067,42.55354115,44.33629424,48.63801729,66.35939351,76.06445481,27.84968597,49.39250312,82.97940523,53.75184145,56.60610591,46.22612995,51.89898836,41.32534047
3533,1127,104.0159345,30.69643301,1397,104.0147331,30.69819801,226.9515391,,24.06555348,28.41004489,34.66869338,28.41004489,23.51152635,25.72971129,24.5706572,25.13683041,32.16438126,68.65760847,44.64620441,44.64620441,21.84560269,25.04292845,29.33664419,30.53349888,31.83216392,34.76704429,31.83216392,30.25086853,29.51770732,29.51770732,29.51770732,28.27077996,52.71132521,43.08638316,43.08638316,35.87707067,26.18671605,30.7345031,40.54717324,31.14455683,30.42925664,30.78275192,24.96640308,33.62245024,111.921307,31.42405926,39.85490443,54.46836938,25.2558127,31.49472049,35.93295396,32.61579005,32.61579005,32.61579005,32.61579005,32.61579005,31.43917425,30.34449548
3534,1128,104.1028346,30.72097893,750,104.1054866,30.72778795,796.2212338,,54.16243539,68.74882786,54.16243539,63.22003621,84.5960583,58.37874627,72.21961304,115.7927318,77.51673069,274.2963102,62.0282952,116.5201806,61.98954242,69.43229169,81.37392311,71.65991104,75.33896377,156.438633,58.69389586,54.05745293,48.12081323,72.75117872,51.78674691,87.80422738,68.508775,66.93278323,74.54320866,58.90662642,78.89164519,67.28630145,150.8629706,81.31621111,75.14385332,121.0179438,71.82825852,78.4532492,74.89396879,51.99812139,89.35548916,52.02171401,65.74303765,108.6184805,54.57204077,53.9218644,64.05355177,73.28259713,125.4440456,63.62700204,75.11521074,53.37795981
3535,1128,104.1028346,30.72097893,992,104.1128505,30.72010892,963.8684522,,57.79357808,53.77229859,66.4896082,50.5984087,93.52901423,45.71708074,40.03376323,42.47155971,48.78059646,52.43164745,43.64687331,96.46340348,105.7098683,91.69995845,133.4159473,46.09360292,64.97989565,123.0061435,61.48717829,61.98510947,86.1558393,115.2799478,91.21783459,97.53833951,57.74960769,137.2869012,52.68106925,58.10325566,117.331715,37.8606266,66.49916497,42.08522047,47.58839916,80.82126774,45.24024026,83.7135447,56.6749927,81.64532772,130.9406199,57.01489366,110.3900242,59.12838323,73.88061947,52.68640188,37.67563983,40.02221947,62.43120597,90.44117535,38.77012769,61.59632713
3536,1128,104.1028346,30.72097893,1309,104.1020007,30.7191637,216.4492789,,38.44822717,38.44822717,38.44822717,38.44822717,38.44822717,58.00625838,40.9575508,40.9575508,41.55826155,41.25571961,33.15818741,60.94961646,51.2643029,48.5998381,37.7649792,48.5998381,83.78681764,48.5998381,48.5998381,30.32957784,30.32957784,30.32957784,59.39157043,18.14243083,18.14243083,14.66072256,22.76749172,30.55754526,59.23105265,43.22981437,54.74595346,25.6110897,15.04280703,18.19538597,15.4300476,18.19538597,22.90973625,36.11668153,30.92132556,70.04201385,31.1064832,38.10354054,74.56625876,49.16198133,44.91166594,41.33779332,33.65949909,33.22888717,39.05851649,29.81223927
3537,1128,104.1028346,30.72097893,1334,104.0982053,30.7212584,444.3495387,,46.59199047,44.64033039,36.90099975,37.41890852,40.91197799,31.86570397,48.91921527,39.95150698,32.21869767,41.26375767,44.24377705,69.24927876,70.78134245,38.73264744,57.67132363,37.78720487,38.04181544,76.17420663,33.81941521,38.26933826,38.04181544,41.87587276,38.04181544,46.60330195,45.71115617,37.92906554,46.54760561,39.99145848,44.04551375,44.04551375,44.04551375,50.62209935,41.22830771,47.00269362,46.19534957,53.51519395,28.38790309,41.17524683,32.67943492,52.02140941,53.73992181,58.93217976,42.26310011,42.63481715,58.93122901,53.32194464,56.06279227,53.14479533,58.06382357,30.35404818
3538,1129,104.0509942,30.64871622,402,104.0567203,30.64769724,560.1996504,,58.54545527,61.25039775,63.24834762,59.7965919,58.16059817,52.568498,70.20308913,76.98988181,76.97399776,64.46132963,67.35322181,77.00071557,66.38310538,61.88626748,54.1712632,46.53250442,67.9645979,61.18399916,71.41095961,64.54895626,55.62850519,77.61802384,69.69917225,90.86726372,58.23617503,61.39174251,55.82261237,58.40944222,78.28877102,80.11522628,60.42602971,64.92280529,60.85910951,71.22619169,69.36806178,87.30384162,70.88642325,60.65319523,60.06906498,60.11084177,85.65582197,70.34693564,69.13674122,53.81105447,50.83554624,58.96838425,55.27275922,72.37028976,66.42136654,68.51819054
3539,1129,104.0509942,30.64871622,1781,104.0536897,30.6502576,309.6744128,,36.0396946,37.08367189,33.34064706,42.60760123,38.20629625,44.29046395,39.56505622,40.3907903,42.1764073,38.07905793,45.50539018,50.63483593,31.44789523,31.44789523,31.44789523,31.44789523,42.71371211,36.22511409,39.20273885,38.4133653,38.03048063,38.4133653,38.4133653,38.53091773,38.53091773,58.57239332,46.48344209,51.83236976,46.48344209,46.48344209,30.13048341,36.56172351,33.03601589,34.70956641,33.8521199,34.27548146,34.06248524,34.16865141,34.11548573,34.14204787,34.12876163,34.13208222,34.13374276,34.13291247,34.13332761,34.13291247,28.15221935,30.85542924,30.85542924,62.63078012
3540,1129,104.0509942,30.64871622,1898,104.0470791,30.64691859,424.7857158,,126.9402728,132.4937533,117.2513801,77.67579695,86.0560345,70.32876089,61.35879755,70.54567047,68.01151354,62.22258592,60.4239148,45.94002484,62.00707655,60.10443593,59.51524573,58.62531422,86.69852376,60.39077312,54.08002444,86.13243963,45.84768152,42.94078138,71.29745596,52.22355526,51.81976629,93.10896738,65.04839267,74.89158598,55.58405703,56.77477545,79.12283322,107.8626749,91.39351664,68.55221683,83.62152163,97.88332732,108.4701736,88.63435706,78.69811202,82.47524908,64.85066547,91.65632976,75.07785129,77.99488766,84.68040979,93.95604429,60.97784005,62.18783911,52.62314442,63.2150107
3541,1130,104.1152974,30.64211152,606,104.1185063,30.64065262,347.4242163,,42.43641047,39.29695361,22.83599012,37.79266278,40.57509095,26.88715483,25.55111703,34.21962185,43.88049851,53.4118368,45.55829937,51.56819957,62.26599342,45.43488103,56.8968746,56.47782825,32.90388207,44.70243866,33.18726939,44.66882781,55.97233101,26.71176823,22.46815291,22.81932455,23.69100604,19.94780189,24.39315992,23.58835532,21.63264074,21.38287593,27.9735204,36.23545665,24.90425331,25.53707134,25.99017475,21.28595397,22.48406433,20.97530007,21.84294758,23.00822625,24.05244574,27.43825621,20.73959463,24.56902525,28.81030069,23.72846099,26.91544702,24.67525877,19.63905395,25.9307639
3542,1130,104.1152974,30.64211152,792,104.1214109,30.65013097,1064.48712,,186.0268753,98.26034954,186.0268753,97.4040502,88.70726,88.55352125,88.70726,88.70726,88.70726,118.7160357,97.8838731,185.5764471,144.609571,118.252015,89.95665803,102.8996276,118.0941027,104.1346096,111.806087,85.34863323,84.31581149,89.62355016,111.3998149,94.34928925,132.7842561,100.6034644,90.9710061,107.7456504,107.695184,107.7204113,66.55355387,166.6153753,144.609571,127.3299375,143.9113488,91.60526611,110.5428932,100.012709,83.48918588,110.1193572,156.095871,102.3271998,98.44967584,149.8886688,110.0139799,115.4958901,136.3755741,120.8246022,90.59464851,117.7312944
3543,1130,104.1152974,30.64211152,848,104.1118232,30.64369174,376.1813593,,42.67603656,32.95019206,22.23732173,25.96841598,27.41402618,39.54023047,26.68478608,25.18759256,22.70331758,25.72994731,44.25663051,37.56769782,41.27142098,22.72236398,28.39104598,32.49557033,23.96907776,37.02673666,42.77150868,25.64872904,32.316251,94.70299954,31.86477396,34.41922,35.58322051,37.65299982,30.70868239,56.09995416,28.60090588,24.769143,34.90342509,34.8395725,60.93376349,35.33601809,39.8017015,44.90228427,30.50119129,113.326602,40.16601989,27.1212195,29.50442034,52.79738376,36.41688453,18.95385435,28.51058723,23.45026655,37.84150593,28.48060764,23.67574989,44.05507136
3544,1130,104.1152974,30.64211152,939,104.109586,30.63629375,845.7654619,,60.65250324,83.78004029,68.28720298,78.75725977,70.06955346,66.32852492,71.62325342,75.37068055,70.31768274,74.20351338,80.87325891,222.2449389,62.77846728,91.22863409,71.03541937,70.65627807,89.77166573,75.52648074,74.99728045,61.60355413,100.6115048,75.07910555,65.85035226,95.86762163,102.3447282,107.970059,64.04618559,73.89735241,69.33405869,80.93449396,75.42747306,101.4918554,91.16034919,116.7467662,74.8741095,102.4786872,106.2741942,85.8887352,103.3288121,88.2218229,125.9364417,88.71665684,72.0368059,82.29069359,92.39643307,75.65953014,69.97804479,69.19387323,74.44390374,67.86231046
3545,1131,104.0568157,30.57426532,518,104.0573648,30.57797339,414.3223762,,33.16011854,49.91279045,40.25351771,59.78198615,46.85530538,63.10145127,51.00805543,43.54921326,40.00162398,42.92946911,60.41152508,39.23868607,40.60509676,33.82223479,50.13648922,32.02921604,37.40297605,62.49555394,37.20472191,34.22437651,47.65369183,33.09675786,46.5143624,44.0738723,39.04608781,37.97513442,47.65369183,41.69281773,37.34522316,48.63784416,114.7354273,57.88721426,43.17562852,43.17562852,43.17562852,42.01579026,48.74380896,48.11485659,60.02255752,49.4713285,71.19620784,64.85045888,39.36900988,52.28653497,99.10701358,49.40305451,60.79730521,52.5726278,42.76263057,43.80500894
3546,1131,104.0568157,30.57426532,689,104.0553991,30.56872554,628.8184826,,42.97572923,42.97572923,54.37341563,54.37341563,54.37341563,54.37341563,54.37341563,54.37341563,36.26636555,66.23660988,58.67668578,48.16481994,56.57244877,46.51533981,47.92012145,38.99649504,48.84027049,41.88245213,50.33508105,50.33664953,48.2469424,50.33704167,50.33704167,50.33704167,49.10513096,57.31003892,48.61302514,55.77055143,55.88253403,61.11059724,57.45549587,41.80510688,57.36725808,62.35455892,61.48585536,57.15404094,59.48198632,58.33292256,60.14088937,62.10999478,49.13177509,60.6565127,60.89401705,60.90426228,62.90733511,56.42895818,59.35360612,65.52088386,58.90355103,65.43977909
3547,1131,104.0568157,30.57426532,1066,104.065939,30.57440927,875.0489531,,87.18199903,87.18199903,60.34820366,63.00614988,72.25174842,77.86624393,81.96468946,79.15015656,72.29697172,72.41784439,116.1355293,58.55346155,141.5809542,93.87942409,66.98939354,56.67823374,56.21119248,154.6731373,55.20987445,61.38301308,77.34052432,69.90036015,75.60422954,53.60481391,92.47092654,66.49448509,56.60302835,66.27299225,63.57570598,64.49614981,99.45307754,83.04506761,71.92183176,64.80653501,89.24011986,163.2215664,65.39150665,66.18017292,84.0046995,77.63944447,66.79763001,76.27545354,82.09293379,61.95036836,71.4325676,67.72145247,75.36306773,70.29028407,101.9474508,59.04735204
3548,1132,104.1174936,30.62128941,244,104.1259875,30.61233806,1283.383759,,94.48223993,194.1252745,111.7335316,93.763197,103.8243041,117.5020736,95.222208,113.4482881,152.4812387,223.1634853,141.9410609,122.2809404,194.8416039,368.6315053,216.1849648,531.0553486,164.5656824,206.4424277,197.6971131,129.59836,206.4885601,132.6114102,233.9332421,215.3930784,103.9021334,328.8385432,244.6158323,141.5063256,308.0121022,129.4168496,182.7061407,113.7975747,148.3204344,176.118737,117.2634907,154.0060511,115.8908411,90.59179475,210.6465745,176.0069155,106.8867908,344.1476002,162.1116327,155.7364561,310.4960707,98.72182762,345.5633158,220.2708716,256.9146358,294.8267929
3549,1132,104.1174936,30.62128941,627,104.1169274,30.62064379,89.80652483,,17.66685734,13.45229498,13.45229498,11.77180856,11.57756453,11.3973028,10.85923271,13.75271844,13.14241827,12.06356304,25.35713642,16.41134464,14.12447202,17.02615672,11.84261866,12.47373,15.26816951,20.55602761,13.27212724,18.50091499,20.91653425,18.65033109,15.16432877,19.10683021,15.61852606,19.35949038,17.13725955,15.96560441,15.57040779,20.84388142,15.54010163,22.13943361,17.48768029,22.76785137,18.00924625,19.77769386,22.41426731,15.7325299,15.80946158,17.47496786,24.12712607,12.92912278,13.00854768,35.72414247,14.41388718,14.43073729,14.3311653,16.92836143,13.721103,15.88729721
3550,1132,104.1174936,30.62128941,983,104.11696,30.62233282,126.4427488,,14.83723142,15.95072784,17.19334828,13.18924725,12.76393679,16.30058713,10.74711122,17.01205163,14.87764333,22.75969478,13.04280503,17.47385396,9.774664248,20.23083981,12.30253772,13.71065951,13.58280927,18.11459505,34.39752361,14.45091844,11.94734634,26.08561007,22.87406511,29.02405287,35.13073064,20.19229088,53.23905213,16.01385737,20.64371409,21.67589979,51.33765741,23.89469269,13.1463941,18.35459257,26.61952606,24.05887398,30.34625971,29.6221624,14.23370531,18.88771351,14.76321114,19.45273058,11.24629761,29.08587193,36.6107691,16.02795407,14.4162754,14.10907077,18.57302533,20.01732171
3551,1133,104.0215097,30.70392755,1540,104.0232505,30.70150335,316.1996936,,39.87106469,43.50540405,43.46387541,46.99185291,48.88898468,47.10386608,56.34612511,43.08498989,71.14493106,71.14493106,71.14493106,71.14493106,71.14493106,63.59323447,60.3882704,61.94932773,61.15883933,61.55154563,61.35456409,61.40369118,61.42828423,61.41598526,61.42213414,61.41905953,61.4205968,61.41982817,61.42021247,61.42002032,61.42011639,61.42006834,61.42009237,61.42008037,61.42008637,61.42008335,61.42008488,61.42008411,61.42008448,61.42008431,61.42008441,61.42008435,61.42008438,61.42008438,61.42008438,61.42008438,61.42008438,61.42008438,37.66150197,46.69228085,41.69348116,42.84007844
3552,1133,104.0215097,30.70392755,1630,104.0156181,30.70091315,655.7430854,,76.2430394,88.31556706,86.21895937,59.76392677,95.38081242,92.21387138,79.35042378,93.26123881,84.47575979,139.6849176,139.6849176,139.6849176,139.6849176,139.6849176,139.6849176,139.6849176,139.6849176,139.6849176,139.6849176,139.6849176,139.6849176,139.6849176,139.6849176,139.6849176,139.6849176,139.6849176,139.6849176,139.6849176,139.6849176,139.6849176,139.6849176,139.6849176,139.6849176,139.6849176,139.6849176,149.8841338,256.5951204,161.6900759,136.4552085,66.87464894,251.1356497,203.9460136,186.4304132,194.7952642,190.5210679,190.5210679,126.5777538,152.1022922,138.1711161,138.1711161
3553,1134,104.0932651,30.71921103,630,104.0928606,30.71717785,228.6426132,,28.17675336,33.8381668,33.8381668,33.8381668,28.33436859,52.9333381,26.14095776,22.24630831,26.48796163,26.92662957,25.42926148,26.85524984,27.93766339,31.00238823,27.85493765,34.54830672,29.76902016,29.87707468,21.5474714,30.62890023,21.53866141,30.6609888,32.64986928,28.14062932,43.66649377,45.11446465,53.11265737,58.00658263,65.55190395,58.00658263,36.28714508,40.74986958,31.83729275,33.32442945,32.07976905,30.60707091,37.81531734,32.49131872,34.87768676,35.17578665,34.87768676,32.52609168,31.46407865,30.79937914,28.6072287,30.33587497,27.10582022,22.74317497,20.24879231,32.35326999
3554,1134,104.0932651,30.71921103,1279,104.0964555,30.71894934,306.871314,,52.85821677,52.85821677,52.85821677,52.85821677,52.85821677,57.78919251,55.21383077,56.47216513,55.21383077,40.31885877,43.5793582,43.5793582,43.5793582,43.5793582,43.5793582,43.5793582,43.5793582,27.96801849,34.07052368,32.30814785,31.49360835,31.8956786,31.69336833,31.79420163,31.74370491,31.76893321,31.76893321,31.76893321,36.22087641,33.84914915,34.99487372,34.41247768,34.70123226,34.55625176,34.62859027,34.5923832,34.61047726,34.60142787,34.60595197,34.60368977,34.60482084,34.60453806,34.60439668,34.60446737,34.60443202,34.60444969,34.60444528,34.60444307,34.60444417,34.60444389
3555,1135,104.0511249,30.65673632,980,104.0526638,30.65918799,309.1482962,,24.82380371,35.368661,37.91507608,19.99881161,39.0503111,40.88662257,37.76924885,26.94755124,33.95679226,37.95530427,45.89418005,60.59531031,49.24486134,28.96110433,42.03275198,35.73394979,32.84605607,33.12303174,31.84360133,33.98919996,24.75937411,33.00841917,28.34438311,46.03656117,47.01347642,67.65555418,41.64187369,39.23386132,36.65790074,45.946811,49.30719661,26.52368604,47.20822339,27.27779084,31.1746181,37.1804187,27.71939891,40.42622108,32.53241351,27.4121642,41.45005089,23.43018666,39.41914521,34.48284636,22.00343745,27.54786798,31.26218726,38.72036315,28.22658357,32.25895265
3556,1135,104.0511249,30.65673632,1099,104.0500586,30.65538228,181.5482961,,43.71731545,17.78432288,32.51611273,31.04863971,17.17671133,32.6786933,21.82216581,33.86393088,19.56807982,69.00478223,34.24413968,17.15979957,21.46383796,20.32889163,49.51317166,21.35862307,25.93547087,30.64824694,22.61283919,53.30945073,27.66450226,21.60574764,47.47509921,34.10982281,28.98332,27.15680883,46.42330859,63.35913687,40.42724943,46.6172515,44.81649368,22.51438608,23.73754961,22.08848965,20.84765123,26.25453642,30.1827671,19.02689566,16.63037827,23.33429126,23.869193,19.38429657,24.59356034,51.46250913,42.99828066,46.18896579,35.32831708,17.74857172,17.89183618,21.34972505
3557,1135,104.0511249,30.65673632,1889,104.0530059,30.65569411,214.0720687,,26.15360115,41.50769015,22.05034184,22.05034184,22.05034184,22.91924007,23.85942561,46.23956683,31.47690051,31.47690051,20.4962619,24.82661307,22.45456688,23.00404432,23.28899251,23.14564144,23.2170957,23.18131351,23.19919081,23.1947189,23.1947189,25.8933599,29.30264058,37.14021433,29.30264058,29.30264058,20.44189515,24.08310773,22.11361398,23.05637838,22.57515774,22.81323063,22.69356981,22.7532429,22.72336718,22.73829522,22.73829522,22.73829522,31.28522791,26.33566665,28.59786678,27.99664771,27.70541923,27.70541923,27.70541923,21.5268002,24.22840291,26.94231956,30.34092312,30.34092312
3558,1136,104.0845712,30.66808938,1503,104.0811962,30.66967255,367.8769472,,83.29289371,83.92629974,83.60839709,83.7670468,83.60839709,83.60839709,76.25856102,83.60839709,89.93935551,95.19187852,75.53366978,84.2644969,93.92602907,110.3630842,124.9393406,119.3114423,103.871138,111.0571916,107.3440332,108.2488488,108.2488488,108.2488488,97.55852743,97.55852743,70.49139108,50.35577984,55.18154208,103.871138,85.99720844,103.871138,130.9623743,106.5880893,109.4509926,98.83261268,98.83261268,98.83261268,69.15702402,180.1846272,74.3722348,76.0500334,72.76686868,81.24889631,90.63178853,81.24889631,109.4509926,70.82123048,116.5123469,114.4977242,93.04615997,78.36432011
3559,1136,104.0845712,30.66808938,1756,104.0854869,30.66959784,188.8031216,,22.46913183,14.79197471,36.28245042,17.4056655,27.51786388,18.12509967,17.30962405,16.5643681,16.5643681,15.82210447,18.16142252,15.14351068,15.58924857,15.58924857,13.32727917,17.86310743,17.06052304,18.30642041,20.27416071,25.03047746,19.8740128,19.8740128,18.63444106,17.14227586,17.54041904,17.54041904,17.54041904,20.83116753,13.80083731,24.64435235,18.34170649,18.34170649,18.34170649,11.9980801,15.41249972,14.66432012,16.24112874,19.83052481,19.31626963,18.82801213,35.8991851,25.39319692,22.15180569,22.15180569,22.15180569,15.99273501,20.25905329,15.19712102,23.56765734,17.57443407
3560,1136,104.0845712,30.66808938,1768,104.0834323,30.66647581,209.4900167,,15.67908649,15.39895988,15.5377607,15.1286672,22.21396348,16.28864061,12.41422321,24.53363891,24.48584611,24.48584611,24.48584611,15.8105673,15.8105673,14.63685706,14.11301165,14.54511206,14.54511206,14.54511206,17.27752715,15.8604429,15.8604429,15.8604429,15.8604429,15.8604429,15.8604429,17.0625353,17.0625353,17.0625353,22.49557226,17.0625353,17.0625353,16.06313227,16.54775776,16.30184404,16.42388044,16.3626347,16.3626347,16.3626347,13.35985935,16.91128547,31.42350251,17.49800604,17.49800604,15.06821299,16.19246506,15.61012285,15.75174592,15.8235255,15.78755412,15.79653163
3561,1137,104.0518496,30.59103671,347,104.057738,30.5910549,564.5887476,,41.92202458,51.04267934,56.63586183,52.85372846,57.63287782,55.26154136,55.88962854,56.40012463,92.70328353,75.00071924,96.87890807,66.20647843,60.04488896,85.76031609,40.4401013,64.23338654,68.43499971,41.56481577,151.6805591,57.38442849,57.1386896,170.7999573,92.80910919,199.2666168,67.30196991,52.47327448,52.54321907,55.06633963,50.3098884,54.13658704,56.49734273,65.42444714,58.3287061,51.95776099,101.5413568,49.97998749,69.36926592,61.96705766,58.89671477,143.6409535,56.39797577,58.86385105,54.15238432,72.73842761,61.2336408,59.91773948,60.37186607,53.82019042,57.12132347,113.5485749
3562,1137,104.0518496,30.59103671,536,104.0479366,30.59092737,375.3729859,,48.60945141,33.79124856,30.23138141,34.63205406,34.16795826,27.82687772,27.93079715,39.13567852,38.25998724,64.50323385,47.86337955,38.11968263,40.87227995,37.52913516,25.4011795,20.06448032,66.56860834,39.07228106,28.5093407,35.72775401,34.46094161,49.36411869,44.19763693,32.17482736,23.08014943,25.6259687,30.66255833,35.2141433,26.40077936,38.60979284,34.99592766,25.54523155,22.48490431,32.18760022,57.65114118,35.37546464,33.22973973,38.41761632,36.99102274,36.5721989,43.17388975,34.50236806,37.60694108,76.78083803,42.54522626,40.88782902,32.89539312,27.92030474,30.02983887,28.64227955
3563,1137,104.0518496,30.59103671,807,104.0521038,30.58470505,702.1567414,,118.3964529,118.3964529,70.59397287,66.83768909,62.14077354,61.22409396,71.77286746,69.23800783,72.32515791,110.7050045,68.22575625,82.57333979,79.09459128,65.94167659,66.98836986,73.4639454,71.79608123,69.7731316,54.74736969,68.58246182,64.46117163,63.77497907,66.61217222,70.06969561,58.13625274,67.56147341,66.2296315,76.56645942,122.1142159,69.83558416,74.11907599,68.43327905,138.129195,66.20444093,73.28838002,70.29798904,70.74067258,78.99263341,68.70492261,76.58314529,73.7878197,71.19461587,74.69034437,52.82683948,72.08493364,72.4980197,73.3438056,67.67775821,60.43668306,75.45564982
3564,1137,104.0518496,30.59103671,863,104.0519979,30.59381519,308.2651033,,33.88562968,28.65196749,33.88562968,28.30103594,30.28667833,29.56716799,27.05068548,58.25482267,28.47349254,43.74031871,32.05298207,60.97551494,53.87157145,28.0241003,28.44247765,29.05591548,34.82674947,40.81084865,29.95288453,38.72522733,28.39621425,28.50857967,30.91069636,30.19009744,61.65302066,30.54200178,32.51283122,28.64170977,35.17446504,36.50507802,30.18944579,36.41552953,34.18560489,30.64037942,32.89071759,30.62165743,29.39789348,33.2592458,30.31225941,30.81458413,32.2166116,30.34419634,31.52711284,35.92600751,37.30334943,35.23029752,33.36770856,33.334299,24.52495849,32.71073063
3565,1138,104.0800594,30.59987606,418,104.0785558,30.60016577,147.6764057,,12.29924952,13.41383668,13.41383668,13.49006577,14.48596895,12.22149564,12.22149564,12.22149564,23.16492638,30.46619258,30.46619258,30.46619258,30.46619258,30.46619258,28.07931658,30.39905045,29.19317364,29.78391131,29.48558394,29.48558394,20.90993355,24.46811271,22.54952132,23.4696722,13.70193455,23.23266543,17.45927949,23.17415978,20.81442325,23.02696526,21.86486411,23.02696526,23.15411646,23.15502677,17.49943241,15.55397215,15.55394647,15.55395931,15.55395289,15.5539561,15.55395449,15.55395489,15.55395509,15.55395499,15.55395509,15.55395509,16.96345192,17.76854313,17.35666648,16.48845703
3566,1138,104.0800594,30.59987606,501,104.0847688,30.59869091,470.2261944,,29.57249838,21.04443436,25.54548742,25.25080996,28.90405748,23.00800951,33.34499606,30.10934526,23.13377929,34.12932056,32.87018058,29.66957877,23.5566109,28.19477515,26.21673068,23.90136675,30.25043424,21.17341213,28.33636257,24.13135139,24.66760364,30.51215393,26.67950039,29.86616619,23.0550126,26.65849291,23.68676725,70.62094605,20.69455134,31.17521731,27.52170654,27.38627785,28.13853557,28.40292449,26.35756014,25.0292898,24.97302444,21.16017875,25.228231,25.71689024,25.91042296,27.33652483,26.79033511,26.05665931,27.11539804,24.3628827,23.1069383,29.16410547,27.42732177,31.26157525
3567,1138,104.0800594,30.59987606,1088,104.0803366,30.60209585,247.4479628,,25.68417106,25.68417106,24.35023233,26.20037253,26.20037253,18.18603606,18.95682212,28.89122161,36.48201646,37.57853808,29.50670411,28.24529674,29.60125162,21.44017969,24.48689575,28.54168242,26.81845409,22.83958568,25.64325904,30.65615111,33.77260125,37.96496247,69.86766008,30.16877284,21.10201252,38.74177702,31.80763816,37.37022196,28.97737054,21.52371286,21.14087634,33.23927859,25.76464689,27.29414526,19.62142436,19.62142436,19.62142436,19.62142436,19.62142436,19.82336948,19.62142436,19.62142436,19.62142436,19.62142436,19.62142436,19.62142436,19.62142436,57.10337603,19.62142436,19.62142436
3568,1139,104.0526151,30.68752187,398,104.0498319,30.68693798,274.3328539,,26.47006899,32.60595916,19.89120391,23.36957582,41.88287846,24.84239885,29.19728822,24.43340609,20.07313565,37.9298425,25.14394474,33.47790759,21.87371593,49.62805397,25.42735,17.22805537,20.29884011,23.9761223,20.52744681,36.01744253,20.05784766,21.7772497,22.79774409,22.23068709,33.68343363,17.35673592,23.66922167,22.57883571,22.88225843,23.36128383,21.69750877,18.33980082,35.25338052,23.87150524,35.86918671,21.57505787,29.7213582,48.17552556,30.09558734,27.10389774,22.7347669,21.03958828,38.79019144,25.06140264,21.69353705,24.73633748,24.8452396,17.57292303,21.11380597,22.53075911
3569,1139,104.0526151,30.68752187,1068,104.0566467,30.68829729,395.6206195,,71.43901746,31.01555379,41.93409136,31.55148937,41.10344099,68.07437094,97.44760519,103.8744576,147.801765,214.1705609,97.64583358,118.37791,70.81827664,95.11581854,39.56664143,66.6893406,30.2171336,47.19132638,54.02785278,49.84819806,36.10226186,42.2252911,35.38470137,30.33051296,74.17886616,37.13778957,40.83240339,39.58743851,31.6355893,48.18384766,41.38316314,40.04748603,47.30466273,27.79535968,33.99127041,30.76099849,35.19524457,37.4041313,31.28466184,44.08153217,35.67883519,32.45613535,39.425169,28.77863784,35.82078044,38.44086991,32.670606,38.06840575,36.3882021,109.5564792
3570,1139,104.0526151,30.68752187,1570,104.0515755,30.69104677,403.1586695,,127.1539233,127.1539233,127.1539233,127.1539233,127.5930734,127.3731198,127.3731198,127.3731198,101.5536707,88.85946187,75.7237153,81.76739212,78.62959154,80.16779986,80.16779986,127.6866167,98.49543061,111.207308,104.4660815,106.0735885,106.0735885,99.6957296,67.82108459,94.04133113,94.44931952,94.24488378,94.34699093,94.24488378,94.24488378,94.24488378,94.24488378,94.24488378,94.24488378,94.24488378,94.24488378,88.43084297,83.29246543,61.23929157,83.29246543,104.7921451,92.81350665,95.54387724,96.970203,96.25175634,96.60964396,96.43036812,110.7546596,129.7522154,175.9237831,89.86818639
3571,1140,104.1132559,30.70333153,549,104.1133241,30.70159823,192.2118626,,30.40480581,28.79632937,30.01464834,30.37588698,21.14477327,22.91850999,22.8823646,20.84225016,30.39367666,30.39367666,30.39367666,30.39367666,30.39367666,55.57933376,48.81571114,31.23985126,40.71224155,44.5811223,51.71941739,43.93704592,40.86268244,42.34413457,41.59022028,41.96379153,41.77617078,41.86977098,41.82291851,41.84633163,41.8346218,41.84678728,41.84701512,49.99123097,45.55800849,47.67177505,46.59092944,47.12515557,46.85651985,46.99045376,46.92339124,46.95689857,46.94013892,46.94432772,46.94642237,46.94537504,46.94589871,46.94563687,46.94563684,29.27909896,31.69294834,36.57549814
3572,1140,104.1132559,30.70333153,782,104.1118637,30.70480004,210.391956,,29.74127126,27.18795244,27.18795244,25.03838154,26.06893015,25.54326565,25.26896959,25.80387884,32.75512309,30.79102246,37.2192158,42.02003005,39.47419109,42.02003005,45.55855889,43.71780904,43.71780904,43.71780904,28.9918102,33.88863721,37.01458969,35.38270559,36.18025576,35.77703643,35.97751636,35.87699632,35.92718603,29.01958014,35.92194445,35.91932423,22.71097576,39.10611583,40.92140599,39.99317249,39.993274,39.99322326,38.65986541,39.31524252,38.98479976,39.14932387,39.0668886,39.08746486,39.09776111,39.09261232,39.09518653,39.09389937,39.09422116,39.09438207,39.09422116,38.74225277
3573,1141,104.0039299,30.65652519,1177,104.0061837,30.6556678,235.9404691,,75.16687511,75.16687511,75.16687511,75.16687511,75.16687511,75.16687511,75.16687511,75.16687511,75.16687511,75.16687511,75.16687511,75.16687511,75.16687511,75.16687511,75.16687511,75.16687511,75.16687511,75.16687511,75.16687511,75.16687511,75.16687511,75.16687511,75.16687511,75.16687511,75.16687511,75.16687511,75.16687511,75.16687511,75.16687511,75.16687511,75.16687511,75.16687511,75.16687511,75.16687511,75.16687511,75.16687511,75.16687511,75.16687511,75.16687511,75.16687511,75.16687511,75.16687511,75.16687511,75.16687511,75.16687511,75.16687511,75.16687511,75.16687511,75.16687511,75.16687511
3574,1141,104.0039299,30.65652519,1879,104.0033292,30.65809677,183.4428966,,23.50158106,23.50158106,23.50158106,39.78279685,29.54784912,33.90985508,31.57893259,32.70291193,32.41448223,32.2721669,32.343168,32.30762845,32.32538847,32.32094663,32.31872617,32.31983635,32.31872617,32.31872617,20.50914372,21.05402001,21.05402001,21.05402001,21.05402001,21.05402001,21.05402001,21.05402001,21.05402001,21.05402001,21.05402001,21.05402001,21.05402001,21.05402001,21.05402001,21.05402001,21.05402001,21.05402001,21.05402001,21.05402001,21.05402001,21.05402001,21.05402001,19.33333285,18.57431884,18.94622708,18.75842976,18.85186074,18.85186074,18.85186074,22.50066193,22.01314759
3575,1142,104.0685349,30.65841363,240,104.0704498,30.65744999,212.2909486,,48.46029858,41.76215382,45.35592967,45.90993681,57.24699738,52.36813122,60.6730772,42.96973416,50.05304396,46.57860475,23.84547317,40.35629914,46.60045213,61.31817336,65.77707713,71.05606128,53.42608429,52.1925064,44.17615115,31.25756298,85.87049606,48.75581595,35.48637215,66.29906595,39.74086558,36.64199934,59.39746747,58.45104512,39.8183787,57.46221165,27.89224142,46.95035313,53.71216771,28.83952509,41.18346346,61.88238178,34.55899164,41.31067108,29.5076222,41.70517953,42.10729559,58.78826269,55.38024746,25.05729229,44.30419797,57.98676296,51.40677678,36.49991635,27.80766823,53.72565307
3576,1142,104.0685349,30.65841363,1380,104.0685263,30.65898704,63.55659027,,7.745556025,10.98697359,14.93009625,7.639523371,8.725281387,14.36758085,9.493930497,9.493930497,9.493930497,9.493930497,9.493930497,9.493930497,9.493930497,9.493930497,9.493930497,9.493930497,5.968792826,7.329537372,6.579546369,6.752277158,6.842088776,6.752277158,6.752277158,5.792499366,6.235672846,6.005921825,6.118641345,6.06175762,6.090066656,6.06175762,5.763648824,5.493486794,5.308671113,5.399497934,5.399497934,5.399497934,10.26025673,7.075492075,8.375336535,8.375336535,8.375336535,8.375336535,5.942953895,7.46910963,8.210659986,6.850410927,10.89541547,10.01877285,10.01877285,5.580578658
3577,1142,104.0685349,30.65841363,1572,104.0679573,30.65714859,150.7319641,,30.62274666,41.38742065,35.94793108,31.77216131,46.37906588,26.86312231,39.57229322,23.04182891,36.45341165,33.22255536,26.0464834,41.74115929,21.08139358,32.39612363,32.39612363,32.39612363,39.75348504,35.90043472,32.72829136,33.78798697,33.78798697,33.78798697,33.78798697,43.41080566,33.78798697,31.86348037,22.14837024,30.14639282,32.59069494,35.46634449,47.59956761,44.11667242,42.79456394,31.99499238,41.74115929,31.99499238,23.4906957,31.99499238,62.37184721,31.99499238,29.33162545,29.97983816,29.97983816,29.97983816,29.97983816,31.32092761,38.48475679,38.13700296,28.18883484,26.11961833
3578,1143,104.0536122,30.61502957,321,104.0527944,30.61321397,215.9538968,,33.18653236,23.13791751,23.2828051,24.33283344,24.18146278,18.31411139,28.39077402,23.6751893,24.35188813,28.50353908,28.16789958,30.04575955,30.77930829,31.78389323,30.57754291,28.5821334,28.62598448,26.37604846,28.66997032,36.15131497,28.73177808,32.94910059,34.2105183,35.78522571,30.95496829,33.8014795,34.17292433,33.60060631,35.49927071,37.69377108,31.7050411,37.64813697,33.42304824,35.33791039,30.39820248,33.80882924,30.32902582,29.28188431,30.78946647,27.97783278,31.76441383,28.43837324,28.90089325,29.62123621,29.25663141,43.01156451,49.32174645,30.30931885,25.97218358,36.52068249
3579,1143,104.0536122,30.61502957,482,104.0551712,30.61414035,179.0095371,,25.97478168,37.46711242,55.36377436,28.04174419,40.45217932,47.53467159,49.64825374,45.46273958,32.19105853,40.94246084,46.43642115,44.29101949,53.49710302,31.30010255,29.91802848,29.54184896,24.45656649,28.01888407,37.98770809,30.88960257,28.38917769,37.46711242,29.02857358,48.72849403,21.25092609,33.82857394,35.08716879,27.03920281,28.61608941,37.33686753,39.98315208,36.85992376,34.74039534,20.0446138,32.22171668,32.69396281,34.1874978,26.24987102,26.54420596,34.09705469,27.30653956,29.37257673,24.44743299,26.4210871,32.17575132,26.30344219,21.46683323,55.17417239,40.56234987,29.00244525
3580,1144,104.1020303,30.61979848,176,104.1028369,30.61923815,99.16646842,,17.78327703,14.84404517,19.40213513,11.99997601,17.01617189,16.52774474,33.67917795,27.72809991,26.8420516,27.46148356,26.8420516,26.8420516,26.8420516,26.8420516,26.8420516,26.8420516,26.8420516,26.8420516,22.81145599,26.8420516,22.81145599,17.54296247,25.8695135,20.96296455,22.22909628,34.32685445,24.89534772,24.89534772,26.24994752,25.55470911,25.89766313,27.22327986,25.81106453,25.76798205,25.7895053,25.77873918,25.78412111,25.68340189,21.5059811,25.78142986,25.78142986,24.475351,20.82473975,25.24205258,26.94334236,22.46262208,23.2847619,22.5073201,22.12217418,24.92141615
3581,1144,104.1020303,30.61979848,231,104.0996958,30.6202998,230.558335,,37.57826852,40.48829298,44.32630206,127.6938471,79.49018411,108.8537713,73.97593636,55.70536953,58.1036056,62.49487104,94.8582864,79.048572,63.11863163,60.21838014,93.78644136,66.13625546,77.5710286,71.39871019,74.35699942,53.54903265,86.45937563,86.45937563,58.34868232,109.9351001,116.3565429,116.3565429,79.30031902,116.3565429,110.300333,116.3565429,110.300333,100.2528442,84.69489857,110.300333,110.300333,105.7337587,54.60592145,96.88832754,93.96339691,79.42679483,86.0857396,84.3184768,61.31528182,92.25269683,92.12337374,64.43388891,79.65547083,73.12863489,83.7476276,80.91080484
3582,1144,104.1020303,30.61979848,1272,104.101364,30.61877708,129.9732715,,19.85046328,16.44652996,16.44652996,16.44652996,16.44652996,16.44652996,31.9388244,21.71247227,31.9388244,51.9893086,39.5690298,44.93673733,42.08240831,42.08240831,37.23372233,39.50986247,38.33803835,39.50986247,39.50986247,40.78888773,42.15349346,42.15349346,59.73239712,49.42645536,54.09292224,51.65451085,51.65451085,51.65451085,25.08867439,33.77350573,28.79038754,31.08349777,29.89303073,30.4766433,30.18201602,30.32861414,30.32861414,30.32861414,37.88694554,33.68904565,35.66489312,35.14951724,34.89737484,35.02299224,34.9600707,34.99150317,34.98363976,34.97970938,34.98167445,34.98118317
3583,1145,104.0659756,30.71997839,521,104.0645697,30.71476468,593.3162441,,53.26529872,53.26529872,60.13904679,70.60953649,70.38171687,50.34622225,60.4225878,97.75462145,64.44641962,53.70896693,54.28052043,54.94375508,77.81196644,55.55106577,71.45260552,55.94390987,91.37704722,103.9386121,80.76654088,64.89337742,63.06904956,64.72132251,107.4010549,124.5041859,61.4658555,46.78945189,65.96219969,53.35400031,100.4359786,55.04996079,66.85602209,57.5027185,100.4359786,113.0126179,94.15469461,65.44430421,46.89217297,94.79016919,62.25410897,60.05098517,102.1980133,160.1953859,57.30217247,56.56616734,47.24656543,72.89892419,68.24084597,58.62594178,139.9086339,45.44549955
3584,1145,104.0659756,30.71997839,522,104.0712971,30.71726067,591.9293834,,51.89517882,52.43468947,45.50871928,40.03029018,58.03229249,47.12076058,71.68716487,61.94609826,39.55614018,50.41669827,80.22384114,41.47826336,47.43100684,44.75209899,63.53919583,37.66585559,38.79148872,52.19707974,54.83648431,42.53384791,38.76208786,58.2452966,40.97972654,70.56111855,41.45808911,45.48443501,45.05170783,53.107683,44.02780538,82.80877385,41.5875445,58.97451422,76.96244438,93.85057684,60.62434652,43.5034865,44.04080443,57.78836014,56.18841873,47.22317519,85.78111157,49.10883734,41.57942986,40.61523088,78.72952389,68.5409658,37.20226572,37.74926094,52.61594519,51.8478292
3585,1145,104.0659756,30.71997839,1684,104.0587728,30.72356968,796.2967673,,118.4573703,54.29296141,57.44826377,55.82606353,52.12124295,58.07674964,56.87834052,82.17873949,51.21663741,58.81551831,45.94019811,60.84729875,56.31961419,65.38507181,62.85404778,117.5345782,63.68497897,49.1148206,64.53817434,55.18719842,61.08746994,66.02691045,56.09918517,49.88980791,63.21209178,54.33154915,68.89524139,62.04909875,55.90028716,79.51923335,56.09003807,56.31961419,68.12784594,48.96103095,62.13876508,52.48172348,57.59666629,49.82044425,54.33412362,57.33336725,56.92351792,66.17424659,55.97399871,81.85803433,52.90682921,58.28087296,51.37398499,49.70382943,54.90083781,61.10438044
3586,1146,104.1065323,30.68604646,1224,104.1041325,30.68495539,259.7371898,,59.93935149,59.93935149,59.93935149,61.61804832,61.61804832,66.00380351,63.73556718,64.84985753,64.56764813,64.56764813,64.56764813,93.04018739,76.23207386,76.23207386,76.23207386,58.44086771,66.16130147,62.06190299,62.06190299,56.84218135,59.33747294,58.06303037,58.69333429,58.69333429,58.69333429,97.06441695,66.00380351,66.00380351,66.00380351,75.81517975,66.00380351,60.61937655,66.00380351,89.05275079,75.81517975,81.9025299,78.74137964,80.29085225,80.29085225,80.29085225,81.30903333,81.05207478,80.92420356,80.92420356,80.92420356,47.46466413,52.9365519,56.17454835,54.50750452,56.17454835
3587,1146,104.1065323,30.68604646,1284,104.1072861,30.68493691,142.6018232,,31.78740331,42.60303432,64.57441051,42.60303432,42.60303432,37.47201194,39.87313115,38.63530111,38.63530111,38.63530111,31.95227573,34.97742378,34.97742378,47.24232178,40.19508205,43.43470684,41.75214664,43.43470684,43.43470684,46.84157309,46.84157309,46.84157309,33.55337016,36.53854545,37.88683126,35.28292533,52.11843284,42.07922652,46.56386064,44.2081002,45.35541147,45.35541147,47.75780578,64.71007103,50.42893551,50.42893551,45.23053423,47.68848709,46.427001,47.04928982,46.73607406,46.73607406,44.38127795,42.25239206,31.72846499,45.16421379,45.16421379,50.49507181,45.16421379,31.22667661
3588,1146,104.1065323,30.68604646,1390,104.1050395,30.68844735,302.0751983,,73.08270927,67.05883126,69.94130437,68.4697443,69.19770164,68.83179835,69.01426501,69.01426501,75.81128139,72.25327292,73.98952745,72.25327292,72.25327292,55.76772892,55.76772892,55.76772892,55.76772892,55.76772892,55.76772892,55.76772892,55.76772892,55.76772892,55.76772892,55.76772892,55.76772892,55.76772892,109.8455267,73.97759958,88.41225316,80.55338621,84.30005534,82.38414499,83.33108919,82.85491153,83.09231816,82.97344503,83.03283905,83.00313141,83.01798257,83.0105563,83.01426927,83.01241274,75.17078666,115.076266,90.93831756,91.69230303,91.69230303,91.69230303,91.69230303,84.56226391
3589,1147,104.0430807,30.6403278,1280,104.0459409,30.6447893,565.3584255,,123.725856,110.4935034,140.5587246,99.6876897,116.6466902,107.5024604,116.6466902,111.8880545,83.07307477,200.521215,165.9204074,164.578733,167.2841368,153.6068175,92.5131969,141.9969999,150.5275061,141.9969999,108.1163523,136.3678614,136.3678614,124.9986385,115.3792705,104.5973618,115.3792705,115.3792705,142.3279952,142.3279952,142.3279952,149.1055188,132.1617099,178.2499494,137.8922989,168.7637091,137.8922989,118.6758211,137.8922989,143.8367726,120.752912,95.40423432,107.4031837,207.6826869,137.1489442,137.1489442,137.1489442,102.404545,116.6236147,90.94237408,135.4280639,226.6470303
3590,1147,104.0430807,30.6403278,1664,104.0450327,30.63930565,218.695071,,21.74868109,21.74868109,21.74868109,21.74868109,21.74868109,21.74868109,21.74868109,21.74868109,21.74868109,21.74868109,21.74868109,21.74868109,21.74868109,21.74868109,21.74868109,21.74868109,21.74868109,21.74868109,21.74868109,29.93544698,19.70719038,29.93544698,39.43083082,34.03323872,36.53374736,34.03323872,34.03323872,22.1463363,30.68208323,30.68208323,30.68208323,20.828102,30.68208323,44.35505665,30.68208323,26.15622112,30.68208323,43.25836569,35.90069565,35.90069565,35.90069565,30.73598499,26.87038415,26.87038415,24.81646196,26.87038415,31.84235614,47.6431017,35.94987468,37.58005993
3591,1147,104.0430807,30.6403278,1801,104.0418597,30.64092887,134.646908,,27.79949476,24.87611496,31.50146995,31.50146995,31.50146995,32.31525792,32.31525792,32.31525792,36.14682094,36.14682094,36.14682094,24.09189209,40.61973762,32.91876868,28.83145688,32.91876868,14.21492284,19.06504892,14.73340027,20.07158877,16.65734944,18.93472144,26.00476764,28.9563243,20.71490892,55.20829941,39.73187449,32.17227005,26.9293816,27.23195892,14.24276794,27.541413,21.59148636,23.13741617,29.64702561,41.25352075,48.47288688,19.78485179,24.82394343,27.04960205,22.93669727,32.90014947,27.7185915,29.69242688,31.7646703,29.69242688,18.27786081,18.08689809,41.42981785,15.43722512
3592,1148,104.1134892,30.63265318,606,104.1185063,30.64065262,1008.555635,,106.6314328,106.6314328,159.1583687,103.885559,112.4584159,92.44558335,79.01632831,99.82205236,103.0890544,93.0899841,103.4952142,101.609698,97.19459521,128.6273853,150.9688269,104.3628623,98.58268493,100.8555635,89.3260808,119.2136355,110.640119,117.2697024,87.2264333,115.0912557,90.86086802,110.1354991,80.6446263,87.56829149,201.711127,89.16017074,180.8939644,134.9739883,75.34969257,76.24728255,104.1836524,115.6305824,75.61213663,79.91416702,104.7472134,191.5989597,94.18418381,79.564652,79.14551032,198.9479609,87.3208342,95.14675802,177.1122091,137.1838899,92.14498307,74.2811413
3593,1148,104.1134892,30.63265318,939,104.109586,30.63629375,550.2045592,,65.62351452,44.65428306,65.51498611,71.44225115,44.09475541,41.59026589,44.92597711,40.17720919,50.51825071,36.20354939,46.38726963,64.34285875,75.17026236,48.48803949,60.54292273,50.20878107,83.81113174,53.2456025,60.35763574,62.61548198,59.66073533,51.20071968,50.82069052,47.26589502,43.34215346,54.81110794,42.41405596,40.40257854,38.99087427,47.77792864,43.37379007,58.18361264,68.14199655,67.07113629,94.32078158,72.34832677,40.58886092,51.85173856,66.18212359,36.58995837,66.28970593,43.85798867,60.28619451,62.09205057,65.92252415,47.56304088,39.21544374,60.51129572,51.25193155,60.46203947
3594,1148,104.1134892,30.63265318,1408,104.1214847,30.62452531,1182.658842,,107.1087253,157.1059716,157.1059716,168.2834716,220.7629838,245.7472918,202.7415158,153.9808981,152.1920226,120.6111,206.4634764,120.6111,100.5923646,133.0491197,154.3530573,106.6615072,126.9022901,126.9022901,129.6769403,161.0682912,134.3082597,154.901262,148.4213288,142.4617725,172.2550977,167.1274517,181.1732694,162.2962579,136.8994158,148.5199476,186.8722092,94.08998522,134.4142646,178.270803,140.7461762,160.0590914,147.5761467,214.6674873,137.5629025,169.4555953,166.3113997,111.6008344,142.25777,113.9912137,121.2983428,117.5403266,113.0829172,96.54357894,125.2687556,160.231198
3595,1148,104.1134892,30.63265318,1623,104.1088753,30.6298657,539.4160236,,51.37295463,50.77102497,51.37295463,50.46511655,68.01743205,64.72992283,57.03076901,51.50922241,61.04549788,73.61773003,57.28479777,65.56437856,59.35578339,54.2213155,69.9688397,140.2092191,140.2092191,140.2092191,140.2092191,103.844796,119.3178301,111.0448998,111.0448998,111.0448998,106.697675,108.8278913,107.7522558,108.2874025,107.7522558,107.7522558,104.9674424,106.3416205,105.6500632,105.9947138,105.8221079,105.9083405,105.8652067,105.8652067,105.8652067,85.35814,94.51206966,92.04432816,90.85815978,91.44739767,91.15182645,91.29937284,91.26244147,91.24398703,91.2532133,91.25090659
3596,1149,104.0393534,30.60919966,175,104.038784,30.60794039,149.8594526,,20.47415671,11.19088739,18.99626864,23.17912049,25.48389369,24.69080226,25.04614807,25.04614807,31.66044773,24.68138907,33.79380945,25.68254826,29.56131668,26.21089948,25.72656127,28.41311544,22.55069383,24.5356221,21.21137917,23.6741869,24.94094293,24.2883271,25.41236234,29.62591728,27.69595017,27.37325431,26.96939834,27.16982567,27.06924101,27.11944008,27.09431728,31.57556563,27.10059362,27.10373288,27.10216316,31.26529593,27.10255557,27.10275178,27.10255533,26.64892815,28.7730149,26.21023625,22.63611311,24.30153285,24.30153285,25.9892748,23.86261833,23.86261833,23.86261833,24.33807651
3597,1149,104.0393534,30.60919966,662,104.0403974,30.60929237,100.6051159,,14.2589928,51.01104468,22.2879026,31.02170597,25.93936739,28.25380144,27.04716301,27.63731812,27.48737801,27.41301643,27.45014686,27.43156907,27.44085483,27.43853279,27.43737193,27.43795236,27.43766214,27.43780725,27.43766214,18.66899058,22.57970182,22.57970182,22.57970182,22.57970182,40.24204636,28.9279886,33.6597042,31.1149843,32.33735868,31.71439731,32.02284856,31.86787657,31.94517462,31.90647878,31.92581497,31.91614395,31.92097873,31.91856114,31.91976989,31.91916552,31.9194677,31.91939217,31.91935439,31.91937326,31.91936381,31.91936854,31.91936736,31.91936677,31.91936707,31.91936699
3598,1150,104.1082206,30.5804885,528,104.1084768,30.57090281,1062.645007,,240.5988695,60.50049659,73.69173176,59.12707921,81.82934813,60.10246701,43.29962677,43.29962677,43.29962677,43.29962677,43.29962677,43.29962677,43.29962677,43.29962677,60.24444134,43.29962677,43.29962677,43.29962677,43.29962677,43.29962677,43.29962677,43.29962677,43.29962677,43.29962677,43.29962677,43.29962677,43.29962677,43.29962677,43.29962677,57.46184041,43.29962677,43.29962677,43.29962677,43.29962677,43.29962677,43.29962677,43.29962677,43.29962677,43.29962677,43.29962677,43.29962677,43.29962677,43.29962677,43.29962677,43.29962677,43.29962677,46.48741458,43.29962677,43.29962677,43.29962677
3599,1150,104.1082206,30.5804885,755,104.1074639,30.58994089,1050.099938,,87.29363029,88.65629378,122.8885746,103.4652009,146.6676926,85.72244392,117.2886493,120.1385522,123.7433642,80.22692957,107.740927,76.49324226,187.1465236,129.4043639,126.4158209,97.52621159,100.3143913,146.3129086,142.4087814,124.6823719,83.01641014,122.4198932,125.1697857,124.8236889,70.91542025,89.34380566,123.5199071,130.3572337,466.7110836,111.1921622,115.8730966,108.8626546,84.22195408,98.83293534,99.54864455,71.93976621,83.93435818,78.66999887,98.56634399,107.8345,85.72846155,100.4079622,84.05469209,115.1350428,108.7042394,126.9070966,79.6032802,71.86443613,109.2177634,109.2285062
3600,1151,104.0096791,30.72093684,942,104.0068158,30.72585148,609.8074011,,72.60462254,62.67082128,73.014001,71.16066917,65.18343047,55.57738339,68.43225199,132.7042013,60.64382994,83.5988821,70.81634335,80.97774415,131.2589922,76.07550579,70.36239243,107.8774764,95.65606292,112.9418209,115.6565897,109.9485798,123.4705649,120.9535341,65.9725897,134.3011123,174.230686,112.2918999,65.62949608,163.0178201,145.384546,173.6400736,190.8962299,188.7083076,191.5625344,125.0174626,172.4593945,185.6932312,257.7659464,148.33153,163.828854,226.9050795,117.0570083,108.995949,115.3906252,122.1650887,104.3255024,170.7081372,97.19121833,100.0899686,82.80270227,105.146401
3601,1151,104.0096791,30.72093684,1510,104.0140284,30.71606518,681.8958421,,63.8446042,92.8100201,62.02969126,50.71952545,60.31511134,55.10269431,60.31511134,60.31511134,61.04631723,61.04631723,61.04631723,61.04631723,61.04631723,61.04631723,61.04631723,61.04631723,69.79304715,81.46543247,91.55524593,55.10269431,55.10269431,55.10269431,30.58972002,55.10269431,55.10269431,81.01732777,65.59318722,72.49391012,72.49391012,97.12196187,177.4572312,147.0933774,91.25743612,73.79905808,58.44821504,58.44821504,52.5658465,55.35118448,50.13257382,103.1439089,81.82750105,85.85805997,85.85805997,85.85805997,179.4462742,116.1451736,116.1451736,82.50010607,63.96938193,46.75857203
3602,1151,104.0096791,30.72093684,1666,104.0079121,30.72021768,187.0332182,,31.56185558,31.56185558,31.56185558,31.56185558,31.56185558,31.56185558,31.56185558,31.56185558,31.56185558,31.56185558,54.29996657,39.92013352,46.01272795,44.32164029,43.52186926,43.91811402,43.71909381,43.81837794,43.76867957,43.78109359,43.78730325,43.78419818,43.78575066,43.78497442,43.78536254,43.78516847,43.7852655,43.78516847,43.78516847,21.47749874,28.81880073,26.71903117,26.71903117,26.71903117,26.71903117,24.55130667,25.58934292,25.05957983,25.32169084,25.18995351,25.25565039,25.23919407,25.23097394,25.23508333,25.23302847,25.23405586,25.233799,25.23367058,25.23373479,25.23373479
3603,1152,104.0717722,30.72101788,340,104.0782592,30.72025506,626.8812743,,68.12898377,41.86962129,68.12898377,42.59065983,60.31463485,44.95562923,44.95562923,44.95562923,69.1201405,69.1201405,69.1201405,70.74522218,69.1201405,103.6167396,49.43642032,70.81922345,69.1201405,69.1201405,69.1201405,135.9501559,91.49078056,41.56118946,107.2950517,98.76466466,102.8532892,98.76466466,85.48381013,72.44855819,60.69856341,63.93123477,50.11338092,69.10250332,75.66714459,66.66979579,66.66979579,66.66979579,66.66979579,66.66979579,48.27321043,66.66979579,81.96510609,67.63554208,81.6684893,73.99254385,87.47180572,68.8040423,66.66979579,112.0978855,116.0294389,113.0247699
3604,1152,104.0717722,30.72101788,459,104.0726375,30.72578859,535.196487,,93.07764991,30.34184808,61.79305174,68.68831919,31.82010492,96.21509879,28.43848492,29.93330947,34.40088119,35.61381429,53.81761352,23.49643114,48.68496155,88.46222926,31.07592505,29.93330947,28.72824085,35.51170628,40.47704524,28.75682617,65.95489442,38.95485955,45.6025409,35.05228659,63.79825673,37.48457886,29.30353389,48.28840484,162.7286616,69.3060199,52.8918914,58.99588732,32.87896507,39.74827623,115.631349,43.46550632,75.34609762,38.53414706,40.79126366,27.96382225,60.46735871,29.5961191,38.00211742,46.05216261,71.71572384,35.70180395,56.38357639,33.60536081,41.56865918,30.71918612
3605,1152,104.0717722,30.72101788,522,104.0712971,30.71726067,418.892414,,56.25413713,35.27515065,35.16888987,38.73320267,44.74815105,62.31457398,41.93219278,38.25016336,54.36988812,52.82005921,56.77224246,41.0134337,42.96958465,62.31457398,52.70139208,49.93419505,58.37939281,69.81540233,53.79355614,49.93419505,58.2244282,111.7046437,49.93419505,49.93419505,36.51362446,49.93419505,57.12169282,73.74145185,108.8817827,58.60152943,76.35507293,36.56674807,24.84370165,44.54985791,44.54985791,98.56292094,44.54985791,47.32713774,44.6879607,68.3905982,47.32713774,44.54985791,56.13110962,54.34279965,55.71475456,48.50458758,55.0369595,48.10247816,44.64878432,44.82361729
3606,1153,104.0400981,30.67403805,847,104.0418638,30.6770055,369.8359877,,53.00197276,46.48776382,61.63933128,48.32702562,50.05299082,58.29572367,92.35210789,68.18999005,45.28603931,36.86567825,36.05713083,37.19021105,44.23287561,63.82596144,53.39228987,69.70730658,142.3967439,68.01581383,58.52349695,58.52349695,75.73433195,59.97340341,58.52349695,62.2153998,101.1709389,52.67693593,46.52954015,65.5060052,90.57207862,64.01007479,53.20317905,49.20212697,66.98916004,85.62119329,132.2592273,70.63180667,49.60542309,136.5548262,50.2246403,86.79332175,50.86569458,65.91136414,51.3397001,128.3286319,54.23256846,48.94888073,50.91432335,103.7461992,50.14725257,54.0491024
3607,1153,104.0400981,30.67403805,1851,104.0460036,30.6710722,654.3082649,,138.6613542,120.3838034,125.2098208,206.6236626,121.313807,127.8183587,145.1618204,167.9507846,198.3587161,144.7146824,83.0867638,128.7473047,160.5117379,150.8008805,137.3475075,163.766611,128.666159,98.20469489,154.7132843,141.8981779,105.6282401,115.8593522,144.8059274,116.1493961,123.9741976,96.2742406,86.5996233,106.104043,118.0377939,113.0644682,83.69831613,80.39282436,83.69831613,91.7784284,206.6236626,101.5853263,141.3088454,130.9655939,96.37928616,118.6654788,205.5931206,111.5914609,94.34618505,68.22620575,116.8987471,153.6202014,123.4174272,232.4516205,207.7169095,113.3097505
3608,1154,104.1170879,30.66668851,1424,104.1133659,30.66546935,381.3283241,,40.36110156,56.49308505,31.39581399,54.15313478,26.65596052,34.9419527,34.9419527,34.9419527,30.88869742,41.59945354,30.17103224,26.01608275,30.05543441,27.43369238,27.87374552,31.98094273,33.007501,31.98094273,32.4861141,37.40550318,42.04538949,34.16094478,33.77077409,27.19726531,30.97432235,29.71389538,33.03927718,33.09902271,33.1589847,47.62469963,27.48312246,33.78462593,32.92043086,44.24047589,32.0993445,33.75693361,32.81312828,27.30274397,31.22324412,30.4724077,28.84669087,34.31954917,26.86461774,34.73199157,38.36729924,31.50991507,31.64003381,31.61119425,31.58240721,30.80288631
3609,1154,104.1170879,30.66668851,1677,104.1179911,30.66457956,249.2360129,,24.4648847,38.57064574,91.09133466,52.14672845,80.47082031,25.38188533,37.15319447,35.78263794,34.50960179,24.18462659,42.72617364,30.26137087,38.81796988,36.25512677,35.09655307,35.66643374,35.37919868,35.52223558,35.45057284,35.4684614,35.4684614,35.4684614,26.94443383,30.62436401,28.66678411,29.61325795,29.13233561,29.37082823,29.25109581,29.31083975,29.2809373,29.29588089,29.29588089,37.18360817,50.88372287,65.97423871,45.79751491,39.18120727,41.63571445,40.55365634,40.55365634,40.55365634,36.92385376,50.83567402,30.44964863,36.99998542,35.32478923,29.08426731,31.90220965,29.71025319
3610,1154,104.1170879,30.66668851,1720,104.1197624,30.66763544,276.8923422,,36.50213361,44.80055874,30.79750047,41.57716087,96.77790601,87.05785432,36.85073685,60.78124585,49.24962608,59.33407333,89.6682847,130.7294993,105.5625873,95.16109135,82.10975551,33.81317612,99.18531661,99.68124319,83.06770266,56.55673373,116.4500505,42.87365299,131.1595305,34.13741205,56.76608382,88.80288926,49.93140598,54.50608272,51.0064841,58.52127781,51.61011113,69.22308555,37.81534264,67.35219135,107.1841325,75.51609333,73.83795792,50.34406222,51.47052143,76.09255205,79.70248654,70.36323047,42.9660531,97.72670901,33.04350603,42.78164944,41.3829759,41.3829759,41.3829759,40.6966035
3611,1155,104.0479108,30.57775318,133,104.0520549,30.57791347,397.789706,,38.13696249,73.81664647,44.46571148,36.85785742,32.00095959,33.12996973,53.10418819,43.95719341,43.06761141,63.1754618,51.21870362,56.57220788,43.52645203,38.18781178,42.87553717,46.79878894,50.69131825,101.2044482,48.98604564,47.55815038,41.56873561,43.58233655,41.26924904,44.37863077,44.78779033,44.58227178,54.31262736,29.62847466,55.99385891,44.64629342,47.41864045,44.64949933,45.67009581,44.84330574,45.25292463,45.04718403,45.04718403,45.04718403,44.65057643,45.04718403,34.71619252,53.6345671,48.73197009,28.8718335,56.60248781,51.327704,50.31286564,32.10858613,46.78604765,64.55490346
3612,1155,104.0479108,30.57775318,161,104.047886,30.58095916,355.3244599,,34.64233055,40.52274727,35.93168696,76.29232935,35.1098277,36.5824992,36.5824992,30.22738692,33.31166812,33.31166812,38.18412106,38.87987252,35.88102978,33.19640283,30.32946245,38.68451781,25.50684059,34.06572718,37.26313024,37.25945219,34.85471541,35.4801611,31.16121938,32.73622663,33.83296599,36.13469084,34.38623805,40.95083858,50.96287074,36.22422812,38.79989538,38.40288122,38.52624955,38.03038501,38.2767114,38.15315063,38.74911858,36.51288456,35.35216806,38.19167759,38.22787033,38.19457024,33.31166812,49.69572866,50.76063713,38.1942689,38.19425384,37.45191244,38.19425008,36.84619013
3613,1155,104.0479108,30.57775318,269,104.0437776,30.57776198,396.3515444,,44.45064049,56.50952712,39.60362377,36.78168572,49.63010643,82.47777803,39.00275497,35.36302876,37.45810413,41.08520295,42.34022433,39.85657988,36.47717664,29.88721717,37.1418367,42.32228356,34.84409182,33.17472275,33.81281473,50.49574782,37.33188718,35.96821284,36.63736512,36.29970543,36.46775368,50.7781338,34.87407337,29.06039837,35.12284455,43.08229936,42.76904507,45.97848206,43.7762258,44.16008219,47.93837572,45.91683218,44.16022973,42.52599633,32.33079063,43.56471699,42.677933,42.677933,42.677933,42.677933,42.677933,42.677933,37.38512384,38.90567307,32.31858573,44.07306749
3614,1156,104.129552,30.604747,609,104.1246492,30.60216894,550.0465466,,32.79780651,55.04287888,55.04287888,55.04287888,55.31194323,52.23510582,43.21151266,55.04287888,60.42623033,55.04287888,45.99692376,48.13046549,47.03951463,62.48556541,249.6009539,69.92117118,185.0623895,69.92117118,85.56599412,149.4466089,49.89922473,49.89922473,49.73420991,36.61552455,56.25476045,45.41668733,35.45510417,56.29474251,37.1513615,56.27474438,56.27474438,61.163477,51.03524659,52.08030425,48.71260929,61.163477,73.2620136,52.02255373,71.41253464,47.03485909,47.03485909,169.2450913,48.41485496,48.27714509,47.63835367,42.92713835,43.18795131,57.42390241,53.19456193,35.79424692
3615,1156,104.129552,30.604747,763,104.1354405,30.60123549,685.6646955,,62.80897974,76.34204858,68.7574625,70.79520756,56.94101278,70.99883711,64.70230416,73.85484088,60.44057061,88.15688942,82.65861545,73.36172836,60.41098639,73.58452538,90.22846123,72.28090494,53.15993332,55.59443477,46.35479632,67.55817936,69.92614458,62.35283622,81.66725902,56.94101278,78.11369949,90.63866233,79.56141511,65.99981026,83.11087218,75.5437767,56.09983872,84.11988597,51.05259367,55.56940351,63.53649688,125.1403247,62.06670616,57.33781426,55.42798437,95.48908719,128.1172787,73.35491542,81.40698251,70.56583487,59.55109539,82.9015249,164.5595269,50.42682132,85.55954606,58.25803408
3616,1156,104.129552,30.604747,822,104.1341692,30.60786785,561.7326431,,31.03971627,59.12615017,31.03971627,47.61473596,23.61047887,61.26666351,47.4091552,49.8710107,54.43316701,49.09584783,37.72831185,49.73224753,49.1729487,27.58850635,61.30301251,70.64130523,64.66504166,59.87916476,62.76585886,57.64735276,24.73685034,55.48477499,23.70041037,48.81683802,57.94376834,58.86886558,24.05278044,62.58457202,58.63151263,59.89376963,55.47025586,59.7610214,55.68984551,49.85243983,53.38536207,50.54014408,53.41727978,52.51484109,53.69167236,53.33944113,54.23576816,56.48574605,57.28903076,55.957917,55.7610264,56.302557,26.17783191,24.95049371,64.27134179,61.40164791
3617,1157,104.0422872,30.68440161,352,104.0402926,30.68684125,331.0817861,,31.71806585,56.23801498,46.42568082,40.67899078,38.77881017,33.05716446,43.71250965,63.61010967,69.41726441,38.72072868,39.42318953,43.24868458,66.64355954,52.41976602,59.78815375,51.42225583,37.1930571,47.58561498,36.57364429,44.66812355,45.60820523,66.0188649,52.79431138,87.49632848,57.99359402,55.80776594,40.70214332,32.35703319,82.105242,48.98196288,89.80905286,53.36840732,39.33644983,65.13084317,75.84782738,36.22779422,43.92731315,53.83443676,62.4355385,44.3578128,87.31827326,38.14617029,43.59070538,45.47768891,48.8815214,43.61556463,94.79542128,49.61265526,39.37357721,41.82085719
3618,1157,104.0422872,30.68440161,879,104.0416006,30.68304127,164.488574,,21.71068254,22.99646083,21.30067865,29.83168093,21.62643657,23.2523115,34.13019403,41.62803982,28.16451208,31.33115695,24.44412245,29.82590184,32.21756618,58.62959073,48.01288107,19.43324925,17.47640531,20.03921714,29.43867096,26.79451884,18.22027281,31.75114565,26.20171975,23.6774756,31.12121227,25.66235607,27.16325075,32.97213107,28.44638269,29.68380192,20.48992617,31.06814619,38.32743472,29.31479537,24.23824075,23.93770051,22.96673044,27.04951045,53.24105693,24.66900328,53.34764562,20.63271311,28.64129946,23.19462853,15.85432039,22.37893529,19.89993899,53.83262422,34.37787323,21.48422191
3619,1157,104.0422872,30.68440161,1381,104.0432434,30.68324646,157.4163516,,15.37853096,15.37853096,15.37853096,15.37853096,15.37853096,15.37853096,15.37853096,15.37853096,15.37853096,15.37853096,34.00193194,19.86674376,20.0246949,19.7112649,19.60895729,18.58029068,19.50770622,17.97261021,17.40342006,22.03148938,18.39267866,18.39267866,18.39267866,15.19299908,16.64042346,16.64042346,16.64042346,16.96703191,16.44989451,20.96943074,17.38340079,17.38340079,17.38340079,17.12081165,17.68861071,17.68861071,40.62357461,24.64577834,30.67901151,27.33342935,28.90975044,28.49886743,28.29777483,28.39796515,28.34778146,28.37285111,28.36031074,21.65778751,15.78548373,17.51773928
3620,1157,104.0422872,30.68440161,1681,104.0427153,30.68486415,65.64691401,,9.124667584,9.124667584,9.124667584,9.124667584,9.124667584,9.124667584,9.124667584,9.124667584,9.124667584,9.124667584,9.124667584,9.124667584,31.09590664,19.41099716,16.34080487,17.74407436,17.01355342,17.371137,17.19048586,17.23529548,17.257788,17.2465344,17.25215937,17.24934643,17.25075278,17.25004957,17.25040118,17.25022537,17.25031327,17.25026933,17.2502913,17.25028031,17.2502858,17.25028305,17.25028443,17.25028375,17.25028409,17.25028391,17.250284,17.25028396,17.25028399,17.25028397,17.25028397,17.25028397,17.25028397,17.25028397,17.25028397,17.25028397,17.25028397,17.25028397
3621,1158,104.1164574,30.68081382,486,104.1187875,30.6815065,236.0345599,,34.88831998,79.41349679,28.82050025,28.46647959,35.91830259,83.7166912,32.33965426,24.90034918,45.43980832,59.21424499,24.26051151,51.32071534,53.54711132,29.5453552,28.61024968,44.31418074,24.73004702,33.06320683,23.40838611,46.00704408,29.05558108,34.78804753,32.52773087,37.19520314,33.53210174,17.16614981,24.20867281,34.32074382,23.60345599,32.76899086,23.28012098,23.04024988,30.23930305,34.47157873,24.62969321,43.92962268,28.31235038,22.96552475,73.1470085,45.10582851,21.71125942,31.29740021,31.9445269,23.68386417,32.30891314,42.23982181,38.01898951,32.35416679,40.27129932,21.26969751
3622,1158,104.1164574,30.68081382,675,104.1138323,30.68001049,266.7629033,,38.98564758,30.48718895,29.0573813,24.0086613,43.16163829,32.38396398,50.51131897,33.17258901,43.38914693,62.36015921,31.95828459,61.95783561,46.6187598,49.33154581,34.20037222,39.78836523,33.02021271,33.02021271,35.92318399,36.148549,34.0951403,28.1214188,53.80092167,33.58472775,41.27563546,102.1645162,41.06969859,37.66064517,37.4299842,30.3426999,56.16061122,63.91656918,34.33415285,57.16347928,37.52574868,41.33485446,76.21797237,39.52043012,36.10325007,39.52043012,43.01663838,35.73012843,43.90155209,42.33709561,42.33709561,41.11442673,42.33709561,44.66727683,34.36822681,32.11861043
3623,1158,104.1164574,30.68081382,1110,104.1157328,30.68282827,233.8016437,,28.96608085,26.94352927,27.75812209,48.46559984,81.84952197,29.91521412,50.35010471,32.33589089,46.37387974,45.85282491,37.22900105,44.75193047,47.24912121,37.2427397,38.6275801,63.47555938,28.16011098,30.60058835,28.58677726,50.00114361,26.6931769,31.28943931,81.876062,30.09217307,30.44748797,31.83017261,32.82973138,32.77407017,33.73166741,81.71707935,76.1323945,38.25845079,25.53142317,87.28594698,27.97615436,32.82413008,73.19007977,32.20826795,33.7946595,33.06113833,32.38556517,35.39880113,35.47082697,33.64078669,101.8168448,30.89130583,41.19180673,37.00938407,39.13301437,33.07308578
3624,1159,104.0015131,30.64226997,1001,104.0043975,30.64251888,277.7837356,,43.23749312,38.65156687,37.31423314,74.81457216,32.84142687,30.03067412,28.79831384,28.43460744,33.04035621,33.04763543,39.56998476,33.74650557,32.60939505,64.51751278,51.94916614,36.51617181,48.31021489,28.0738084,32.69913997,43.93767347,43.79655978,39.06333782,37.83183285,68.49461974,28.81214257,35.29487465,28.77956751,26.07617857,28.81906191,29.76377342,31.03682063,58.27630817,85.83875092,36.65319908,39.55259519,58.48078644,59.5250862,33.51278312,33.08199498,86.20874553,31.81404395,42.55410418,33.81919264,35.47747931,54.05521341,53.64099723,62.22355678,37.31423314,27.739846,55.03262687
3625,1159,104.0015131,30.64226997,1628,103.9995359,30.6447123,330.4178154,,34.23926414,42.9682409,42.9682409,42.9682409,47.48519503,45.11393686,42.01845051,66.13605199,44.16612403,43.57158005,44.65105614,48.75016949,46.78836237,120.1519329,44.97834136,43.85579626,42.78791854,29.66344477,45.26271444,39.96989702,39.96989702,39.96989702,39.96989702,39.96989702,44.63430152,44.63430152,60.77758357,60.77758357,60.77758357,64.47176886,60.77758357,44.88694851,51.63738882,51.63738882,51.63738882,56.02060293,42.03194825,48.95078747,48.95078747,48.95078747,48.95078747,43.71569774,39.49216917,31.16604721,38.78817833,38.78817833,49.35701807,38.78817833,34.84875397,42.78791854
3626,1160,104.1254851,30.65031228,293,104.1369623,30.6514217,1106.600826,,127.4039728,130.1032976,134.9313661,116.3708756,112.8547313,136.9343636,117.2876659,171.6214528,127.1830026,160.6356038,143.5877724,120.5208821,193.857079,148.0952778,164.3918696,123.9117566,118.5643742,135.3180358,140.1499727,135.502142,147.7725404,160.8726214,151.8863879,178.9019459,191.591032,108.5018854,110.353545,135.2720874,126.5289177,151.2438487,140.1448369,120.5374576,142.0236354,140.6695965,148.2015296,169.5028474,122.7171709,132.5711472,124.5335579,146.9704222,172.2708313,206.3235032,266.1756997,185.0760963,249.5851502,188.3893992,245.9112947,181.95097,156.1239571,194.7455166
3627,1160,104.1254851,30.65031228,1826,104.1220643,30.64481196,692.1381772,,91.83442137,97.46942058,112.6190932,116.9811004,116.9811004,116.9811004,116.9811004,103.6048831,106.6537159,106.6537159,106.6537159,91.9445549,98.75441914,96.95910259,96.08570242,96.52042671,96.30257398,96.4113773,96.35694493,96.37054725,96.37734985,96.37394841,96.3756491,96.37479875,96.37522392,96.37501133,96.37511765,96.37506449,96.37509107,96.3750778,96.37508443,96.37508111,96.37508275,96.37508193,96.37508234,96.37508212,96.37508223,96.3750822,96.37508223,96.3750822,96.3750822,96.3750822,96.3750822,96.3750822,96.3750822,96.3750822,96.3750822,96.3750822,96.3750822,98.29181215
3628,1160,104.1254851,30.65031228,1850,104.1229471,30.65199995,306.8026256,,25.67087628,25.67087628,25.67087628,25.78861296,55.45553734,38.82970731,39.92130549,39.36794086,30.98147131,33.54561738,32.21259795,42.56221396,28.68803772,29.41383361,29.41383361,29.41383361,26.32871161,31.55684149,26.32871161,26.32871161,26.40739874,26.48655761,39.46618767,29.42689482,38.91788063,21.61427499,55.08675572,35.43816424,36.43175763,33.77643585,37.48267371,51.53138969,28.24781208,49.0158041,34.64521494,34.64521494,34.64521494,33.3430778,29.35520139,26.21933418,24.62629771,50.66465377,34.51529538,34.51529538,29.41383361,34.51529538,36.30203623,48.54898691,36.30203623,30.82449756
3629,1161,104.0575483,30.58488558,347,104.057738,30.5910549,683.9834798,,88.00117349,58.88205608,68.92164192,64.77949356,51.22253697,289.6871209,136.796696,73.61257182,60.42553441,50.30784881,80.56267209,83.41261949,93.27047452,58.16552427,73.39316028,68.30348203,67.53300571,62.56924718,49.39499553,165.3810802,69.30428637,99.72660457,77.66002503,70.77385946,67.23114068,79.31225682,61.97908555,64.6283603,87.12394612,62.75077796,62.75077796,51.13895176,60.29237334,73.55759604,68.90878342,93.18223377,158.8606792,170.6009604,69.07490631,77.01457659,70.66987984,88.57340026,70.04469772,83.00024248,76.72550052,78.99712952,55.17849921,58.53134517,90.81136595,83.57973476
3630,1161,104.0575483,30.58488558,807,104.0521038,30.58470505,522.4413971,,56.14295611,49.96192818,50.51944943,51.10839754,46.52888129,46.63113297,51.71738853,48.26661324,49.75632353,54.27962567,48.26661324,48.26661324,55.97655813,49.19238962,50.88714907,55.420899,48.5208392,53.40621948,55.91346056,50.92848713,47.53818911,48.51458127,49.59900373,48.44273096,46.23503206,53.40293011,45.5488766,60.35880591,55.58957616,54.72079023,57.55751863,53.39121431,52.89260032,53.34905306,50.53757628,51.57886612,55.21825137,57.04307327,53.83214742,53.14725783,57.72077971,55.59202043,55.57352876,54.29387043,59.50705794,56.66110839,57.62293481,47.26448827,50.63541052,52.29879199
3631,1161,104.0575483,30.58488558,989,104.0574511,30.58122199,406.1391091,,32.47909943,37.17205406,28.83827994,41.28284591,28.23678626,33.65793722,38.80824931,26.72944777,37.99638235,43.93991864,45.52467439,36.55251982,26.4873332,36.88034511,37.17993116,33.89723631,44.23905576,31.57885082,44.9048155,65.95943425,58.95567713,46.0594855,54.20206831,35.9238524,51.5732202,43.08744969,21.7089947,40.69869987,36.75929083,41.17627204,41.36070135,44.48200071,42.7280597,41.7260457,35.71907474,41.28199441,46.42510951,45.45243876,47.7420667,32.83160463,44.94401256,31.9934528,23.46871256,32.68481653,26.50654084,34.40237159,45.68422496,45.09079348,36.98399982,44.47229421
3632,1161,104.0575483,30.58488558,1119,104.0617764,30.58492614,405.4469996,,45.47069154,33.8002902,45.47069154,38.39954045,37.06943996,39.6848613,34.87716126,36.46743782,41.11575207,43.81267165,34.62892523,47.31310206,45.57718028,31.28851444,42.33819285,56.41001734,42.47439041,39.19466162,44.24734213,39.52367177,40.65763784,42.49282069,35.17130599,37.80044864,40.77120666,41.06008963,39.84374519,49.42243337,41.94279306,39.84374519,40.05047561,37.78515884,37.71599996,37.71599996,37.71599996,37.44302112,37.19934243,45.18913927,38.56299071,40.37646469,40.19605753,39.6767706,40.23878033,43.33522587,57.57827213,44.87413371,38.11819452,39.23680641,39.68126503,40.88541172
3633,1162,104.1065063,30.60564708,407,104.1027248,30.6056882,362.5421336,,69.47575486,46.61751513,54.5517944,55.31280302,63.67887853,80.15261092,67.44969927,56.39072927,56.06930044,72.35768155,60.34220832,69.51540245,46.25463724,53.97835661,51.56154789,51.56154789,51.56154789,51.56154789,51.56154789,80.07065527,66.30745205,74.54459864,85.25759486,79.5420019,99.50330475,90.08812293,94.56193313,98.69599165,96.58474573,96.68536261,92.563949,73.94627088,101.5682242,77.34232183,78.50536427,106.1098928,78.21133669,77.94858864,91.05709404,78.09434142,96.8572676,57.58022121,75.59933712,78.46971858,77.00778955,77.7318809,77.54958446,77.45875651,77.50414387,77.49279203
3634,1162,104.1065063,30.60564708,1297,104.1066353,30.60300882,292.6555522,,46.90492454,34.42872553,32.21895988,32.21895988,32.21895988,34.31791492,33.23533085,33.23533085,26.3389997,33.23533085,33.23533085,41.64268727,36.96701712,38.0346566,38.59194095,38.31127229,38.45109445,38.38105603,38.41604332,38.40729051,38.40291561,38.40510294,38.40400924,38.40455607,38.40428266,38.40441937,38.40435101,38.40438519,38.40436811,38.40437665,38.40437665,38.40437665,49.23177514,43.14921632,45.9902515,44.52445945,45.24548698,44.8820776,45.06304963,44.97238155,45.01766994,45.00633928,44.99501435,44.99501435,32.71925428,37.88759367,36.44825059,35.76882488,36.10534168,36.02062024
3635,1163,104.0404398,30.71284378,21,104.040111,30.71551717,297.9644774,,35.13118293,37.25364423,35.13118293,36.13211347,37.57170293,42.73594098,37.57170293,36.80467039,40.28815469,38.88254168,45.32417402,42.65804615,43.95071421,43.29473339,43.29473339,51.50886524,40.63151965,50.03718338,48.39122339,47.51592995,62.15386493,42.89169393,39.87628694,39.89791684,39.69337525,39.79538322,45.01351736,44.23029193,56.6651938,42.41740556,57.20917966,54.85410988,58.09218081,55.66539277,57.20917966,56.03511068,50.03579407,56.03511068,61.29554964,49.50794393,45.58096822,49.50794393,49.50794393,43.26876486,41.68029325,39.77805648,38.84482582,38.84482582,42.18966052,45.53581938
3636,1163,104.0404398,30.71284378,167,104.040772,30.70958471,362.6073537,,52.49543458,52.00742922,61.76907603,46.70434609,56.07029147,74.57575661,52.00742922,54.77146043,55.16105951,47.4721954,59.00792698,59.33574879,58.27550434,54.00551678,54.00551678,54.0002807,45.67053785,46.73221265,85.5523631,69.29722486,54.90584536,60.75097025,55.32031141,56.44533092,53.74725572,56.42626928,55.40395664,49.63446667,61.38180908,55.28187546,93.91269592,61.38180908,61.38180908,41.63912196,53.72319012,57.10280965,55.24254543,55.01051712,54.07555778,45.24736476,53.79147427,57.29642128,57.29642128,84.54575604,50.98170175,50.72745363,62.05967486,65.43290593,56.80532956,59.33574879
3637,1163,104.0404398,30.71284378,1115,104.0424803,30.71305317,196.7739341,,32.63011325,30.18691034,21.79649732,23.67699729,17.15220733,29.11886532,33.51984998,31.20643889,31.48091456,20.50321745,33.16376882,32.74551726,30.74884661,30.56043735,27.5251742,25.13609315,25.40595469,28.36719075,30.19763394,34.8308774,30.01636283,32.69117395,28.79588064,29.12921769,18.61724475,28.55316439,32.3748883,31.7365464,34.96476618,38.01714649,38.01714649,33.30969417,35.98151938,31.98084661,32.86283442,35.06035687,33.30969417,32.1597804,30.77166925,30.94585863,33.30969417,33.33663649,32.59992367,28.14563044,29.15482732,30.97898671,42.58941332,34.7248119,30.15940508,26.1880282
3638,1163,104.0404398,30.71284378,1591,104.0362054,30.71200494,416.0111819,,70.86625813,70.86625813,70.86625813,70.86625813,70.86625813,70.86625813,70.86625813,74.75741706,73.74510899,73.24916675,73.49630124,73.37252589,73.43436141,73.37252589,46.29490741,56.77023729,51.00022684,55.46815759,53.14044417,43.72672277,55.46815759,72.34977077,62.79414066,67.23413041,64.93833083,66.06629191,65.49745545,65.78064396,65.63874426,65.70961749,65.67416177,65.69188484,65.68302211,65.68745319,65.68745319,65.68745319,94.48834415,47.54413507,63.2583001,54.28691454,54.28691454,42.42606954,54.28691454,61.48444286,157.6463426,70.88222977,82.19115472,89.31613875,89.31613875,98.20591835
3639,1164,104.1118347,30.71478063,410,104.1122596,30.71737887,290.8233659,,32.38033353,32.38033353,37.59296651,34.72517802,32.36365123,33.84582276,23.71379654,34.14755764,43.26298005,30.10572207,34.9220853,31.47344408,31.47344408,30.97526974,38.44421484,39.0172963,36.25849757,35.25626325,35.75035756,35.62554019,57.4623555,47.26700304,59.1505151,26.77657589,42.75067853,35.58477417,42.79144893,33.09686356,32.28954755,35.58416825,71.87396684,35.58413795,36.04007288,35.58413038,62.41216794,42.66357446,34.38305804,45.1926957,53.41653659,33.62839777,34.29545907,38.21036924,26.37189212,33.91167663,43.32265312,39.21213922,33.88797523,55.39492684,38.28022367,33.88679102
3640,1164,104.1118347,30.71478063,859,104.1071146,30.71525519,455.0400788,,41.49827191,60.00528512,68.97449615,37.20236829,59.09611413,67.72689545,70.62235102,59.46077255,55.39618351,51.84000898,67.34442148,53.05730473,41.26308019,53.53412692,73.34482645,72.13090098,54.46863786,52.75827001,64.91985273,60.15217689,70.6096674,53.31633145,61.48530824,57.81260614,31.74698224,45.10309151,61.58195998,59.98811819,36.89514152,57.63146174,52.81496884,42.00369958,60.51034609,147.1387082,61.60759263,61.78762032,52.19790602,59.67738738,39.69654968,78.13088792,51.13873935,53.35974865,49.76640861,54.87154613,56.47150648,72.52214373,53.08596113,55.90936122,72.16494642,53.53412692
3641,1164,104.1118347,30.71478063,985,104.12515,30.71284665,1292.936406,,134.7198571,182.0681033,134.7198571,98.55413621,148.8668783,165.49586,182.0799737,171.4851372,155.6625961,239.2070782,156.2460914,120.0250403,175.360589,188.0634772,184.7112702,197.0710161,154.9694187,107.7447005,159.3661651,117.9865922,131.0370572,136.807331,161.933877,132.9935225,133.6881923,152.3279546,135.9301851,140.2301977,148.3768217,96.28818911,96.36793088,146.3425953,182.0421137,145.5033021,212.2951453,175.561379,143.4382453,147.4229039,129.0000063,104.4797096,153.6162067,107.5952626,141.4046905,155.9102658,205.8026998,264.6208824,154.9095493,159.7221983,178.5070398,188.0966199
3642,1164,104.1118347,30.71478063,999,104.1116379,30.71228749,276.9563468,,58.82258693,84.89484995,60.0628222,43.63426033,30.0314111,36.25610358,58.45309831,37.73818503,61.85129333,73.23504661,72.86549443,53.60445422,34.57952076,75.64816756,32.85149418,78.75535928,101.7390662,75.34328832,50.1026557,32.97826401,44.28021532,39.72282265,28.28840403,86.19966987,44.51084145,45.57910164,44.27366112,32.88874462,63.50591392,31.0041829,30.75315302,57.72787378,71.21734632,50.74009407,32.83346372,31.02073284,29.08950688,89.82368004,115.0434056,63.10397775,107.2089084,26.77823228,26.77823228,28.05278823,56.7576574,61.54585484,57.52170281,102.4359091,68.76157576,25.11442943
3643,1165,104.0597716,30.63202286,424,104.0598002,30.62746869,504.7456495,,105.6444383,58.75777973,91.54077271,65.1284709,55.79583433,65.88413119,80.1654855,70.15769646,116.8542983,69.48697278,90.76345346,110.7978255,81.41058863,60.16835557,78.32260078,141.0779766,77.52066289,97.57030635,85.01883336,96.09965651,89.80647472,80.25990893,75.5320093,120.5362745,109.4629119,98.54858738,62.94022647,94.99320662,86.61031164,79.8133677,73.35403903,100.6137507,101.9012374,102.8185582,84.12427492,153.0176285,140.2071249,87.12048196,91.81057707,100.8091172,81.2753378,135.0992073,63.86939677,113.8642928,93.77155414,94.06821421,89.51154375,116.7291866,81.08363847,120.5971427
3644,1165,104.0597716,30.63202286,1725,104.0574161,30.63195061,225.8890994,,35.62763452,38.1963719,47.99667206,38.29079495,39.96890885,40.27407797,39.66832965,48.73634678,47.76509591,60.23709317,43.87773874,62.79542532,43.87773874,40.86435969,40.86435969,40.86435969,50.04312356,40.86435969,42.63175664,44.55894564,45.8141272,49.71533016,58.92759115,55.39514699,49.37466654,55.39514699,52.21192667,69.41957691,40.05915063,53.50004986,61.14291412,49.88961705,49.88961705,49.88961705,42.06210817,57.06671985,57.1526637,89.73249742,56.603301,45.17781988,50.24927444,38.08902847,46.38027137,60.33641236,51.46840239,50.19757764,60.42893104,37.56123593,36.7133525,49.23516192
3645,1165,104.0597716,30.63202286,1755,104.0641712,30.63209389,421.7383005,,89.94862788,82.96491157,98.21614332,62.76150583,69.49994464,62.16908554,77.85937855,77.06892801,68.87258538,65.23127312,59.868213,67.32850917,75.535218,50.24016816,60.70823955,77.15596236,59.80009162,54.12684071,50.08209201,72.06920324,71.93262231,113.642057,138.6536878,87.17270133,93.41072443,94.84877439,92.0156292,69.45369999,147.6084051,100.2812339,119.4269601,100.2812339,85.80151917,66.29947082,74.97569787,82.06799361,91.68223924,146.2676187,100.2150417,96.70432368,83.88165093,82.48199589,81.12828378,74.75011453,127.9430799,94.49737852,87.31892922,82.42442355,62.18121017,88.52815637
3646,1166,104.0773122,30.65990178,1629,104.078706,30.65916798,156.3548186,,49.64739554,42.94724631,39.81448962,39.44480357,31.458215,52.802753,46.59580687,39.94061256,23.4899258,45.36519225,50.20087821,25.54662695,42.00577216,33.75576294,28.21440336,44.364717,51.3652332,33.97649981,44.1472429,26.65138953,29.78187021,26.85483526,87.94958546,38.89512934,30.18109099,54.6836801,40.82108076,34.9613259,29.31652849,34.02784968,29.41867668,44.07317035,35.54079539,40.70394038,30.21349152,52.97669148,56.93845995,40.30835222,44.87632608,26.80368319,48.10917495,29.51122057,37.12299073,39.10810352,38.16117607,32.64949808,18.09895006,28.01933696,43.74694405,19.75008235
3647,1166,104.0773122,30.65990178,1762,104.0746648,30.66106452,284.508718,,36.33099798,44.8437559,40.35938031,27.41728372,35.21039902,38.13003437,36.80502923,33.803016,47.33593922,37.04272639,41.73722024,41.67575872,26.89279705,31.98224465,42.1494397,41.41894681,40.02206648,38.4493445,29.84357182,35.31832361,32.93348504,42.62786694,28.43650992,37.34663208,32.06735707,44.67305802,49.03636632,35.80602639,32.25200042,73.50942955,28.02274651,38.60168536,41.73722024,41.57205012,33.73621162,30.33261751,37.55615227,55.21462991,25.13793964,41.0130026,19.18036301,45.06360587,36.82393269,36.95362783,30.43778261,26.8474806,31.4502984,37.2177102,35.1044688,33.21831519
3648,1167,104.0318858,30.59596115,446,104.0320147,30.60709687,1234.234482,,60.1367149,63.52936996,51.6206115,59.03335875,58.82258453,62.69709511,73.69175114,55.49673848,75.11450904,57.55118526,65.74467278,55.74711466,63.70242488,62.65654502,59.61418786,56.04259998,62.94357436,53.01146313,325.5123909,77.00596421,102.7735729,80.4449753,56.60183612,67.69798073,79.76038272,43.5697601,49.21626202,57.11110714,61.00005677,59.87303072,68.26570594,58.38179925,67.067836,83.46732878,62.93546934,56.85987856,58.63619803,50.79444567,64.06565145,70.11747361,55.79962136,70.18335078,61.33900445,61.73077681,53.560718,56.57781157,67.2200323,66.22811351,52.27346041,65.26330016
3649,1167,104.0318858,30.59596115,545,104.0313763,30.59554599,67.1048322,,3.892887253,4.147929614,4.186511205,4.121382241,4.71351368,3.564950658,4.027388311,4.346664688,3.970305862,4.299053807,4.589018301,4.101193677,4.443274118,4.135587605,4.082423252,3.904105878,3.528550465,3.915715467,3.81605908,3.689700818,3.667798254,3.900566385,3.630218795,3.952439633,4.303925749,3.969251209,3.488342326,3.611022361,3.780553927,4.356109663,4.139821398,3.864723039,3.992857671,3.599433979,3.929578635,3.91175551,3.925766516,3.868333001,3.907438672,3.777380899,4.047369984,3.770964229,4.203177284,4.233207729,4.243411135,5.14793119,4.702823207,4.385538639,4.948835315,4.247514654
3650,1167,104.0318858,30.59596115,842,104.0318859,30.59257463,375.3284333,,25.58711354,27.01464232,24.30184101,23.70495368,29.5744429,25.80040449,35.06952441,18.10023255,32.14549627,28.3563979,25.31884497,17.23446888,22.01818077,16.00926967,16.97465276,28.90467447,18.5093474,21.06340554,17.45713643,27.10269673,33.12398022,15.86826025,34.40124789,15.84035592,34.4008238,34.40061175,28.84060533,27.86547796,32.58609333,28.41752689,29.46320017,34.40068132,16.82144239,29.6963156,15.81254956,30.51385048,33.93509485,34.40068241,32.65039936,27.35612939,34.40068243,29.52328536,15.83107627,34.10759379,34.40068243,32.9952377,34.40068243,30.22779329,17.1361111,17.1361111
3651,1167,104.0318858,30.59596115,1031,104.0400367,30.60236365,1055.552618,,43.25050563,43.54456942,42.17524334,44.94369515,42.61033219,42.8478189,63.33315708,43.39125806,44.66634646,54.09237615,41.56779681,42.98630571,43.49057997,42.85299605,51.68100464,43.24424133,70.24010027,39.03430329,47.02957209,39.13480355,45.37300806,82.72836194,92.29575833,83.96838857,92.64206738,42.41533011,43.87345273,43.5642352,43.37887471,43.26774181,39.28314361,49.96041842,40.84546139,42.30043887,45.00357572,45.46218761,48.0859149,41.38069721,43.84362284,44.63074828,49.47187158,46.88450863,43.89064594,78.86341434,44.31474548,43.88992175,40.50081988,38.87457212,44.11410988,42.96686369
3652,1168,104.1224601,30.60779753,892,104.1173704,30.60707617,494.4236049,,83.40791835,47.00506103,101.9527434,73.49999907,94.14479221,59.2535326,51.03402348,66.41511111,66.38414835,63.3120152,46.38240984,60.84869432,69.37776005,62.69487715,38.89129594,82.15038357,82.40393415,67.87130515,60.1326006,53.01340216,160.7155736,74.08636744,58.82105015,93.92743945,69.63712745,58.16748293,51.70442927,54.83639837,43.38928711,65.11920651,63.53093316,55.34592592,66.7332839,81.544249,62.87265905,63.5687492,75.98399051,52.7720239,56.83029941,70.49207832,84.75833227,242.1666636,34.69639333,50.77586814,99.56075076,46.81703048,52.21817799,58.59835317,64.96076561,61.69583978
3653,1168,104.1224601,30.60779753,934,104.1244253,30.60617433,260.4852653,,38.35365869,38.35365869,46.01498041,42.19107885,46.13220746,42.89154114,43.43539712,40.16046917,41.94953759,41.70080956,42.32625309,27.02440793,43.78797981,44.58495292,38.68992079,47.81983453,34.58185882,42.01106359,43.47171315,43.09711078,41.34458882,42.20266367,36.86474516,37.87346345,54.52017181,37.78063946,63.64798339,32.923859,41.53869934,35.05050135,42.67335404,37.91982043,67.57183823,43.39328433,38.79395822,36.92886408,31.05122368,33.67436772,37.92707604,36.14829251,31.46801863,35.41471818,58.06482694,47.36095733,35.53196894,35.51677659,33.50579208,31.41530838,35.65577776,42.82927404
3654,1168,104.1224601,30.60779753,1186,104.1258146,30.60938695,366.6556595,,62.1718589,60.86974287,64.77670787,61.93189489,67.16287482,61.35579539,64.92311606,43.27738932,43.27738932,43.27738932,43.27738932,43.27738932,43.27738932,43.27738932,43.27738932,87.99735828,58.02023623,69.93167545,63.42151948,64.93271633,65.71564679,65.32183565,65.51814944,65.41984528,65.46896047,65.44439366,65.45667476,65.45053364,65.45360404,65.4520688,65.45283641,65.45245259,65.4526445,65.45254856,65.45259653,65.45257254,65.45259653,65.45259653,65.99801871,65.72417607,65.86081276,65.82660035,65.80950747,65.8180528,65.81377985,65.81591624,65.81538214,65.81511508,65.81524861,65.81521524
3655,1169,104.01322,30.69418719,611,104.0148082,30.69564351,221.7950418,,22.61932438,51.34804826,32.19605445,40.59977036,34.37531382,31.45099559,30.01737408,33.95303262,28.51650537,30.41760573,27.37584516,28.61871507,40.02316544,28.24748174,27.11534417,38.38760339,35.93439021,32.65693867,22.33460561,29.17644886,39.39780347,33.73458935,23.51876732,31.18992775,29.60007972,53.60005484,41.05203859,31.81124105,25.94515517,33.6903861,47.66938212,34.53556014,22.97732807,30.88828435,36.02084889,35.02026976,33.6903861,31.68500597,50.21774531,28.1024954,47.24628109,46.2876609,36.29373411,32.55707036,32.55707036,40.76757879,39.92310752,79.6470973,63.47075918,29.9610563
3656,1169,104.01322,30.69418719,991,104.0121158,30.69204887,259.5193221,,31.38643537,30.23526083,39.69281188,34.86080446,30.66530283,25.01391056,42.59125311,26.07263887,26.46655976,33.42646009,28.90685518,32.78138805,26.20671976,26.9241948,36.24536384,38.13345141,38.21143393,30.7325513,26.95008345,39.75615147,43.69829558,36.52803744,27.4180355,29.88706205,36.14930763,46.83055436,35.80757541,33.56891925,47.48511103,31.77787618,34.17156297,34.22232819,48.14168118,33.80951362,40.98672209,42.84785616,30.10535638,35.50514823,49.18286781,34.75081886,23.77276233,38.92789832,47.66681426,65.56277611,26.40671452,37.96741316,31.75087713,33.20371602,29.19592374,34.30610378
3657,1169,104.01322,30.69418719,1040,104.0115999,30.69535576,202.1136228,,30.74071351,24.51512945,20.3669431,23.87560433,34.60913723,25.77127658,20.77893504,32.37742502,30.94014353,17.61765235,24.87552281,20.71779733,20.21136228,20.700115,21.98214629,32.41020232,23.85603417,20.96856029,22.04875885,24.05319147,23.89520664,21.81736258,18.22820147,35.493124,18.25869616,21.01903829,18.0101248,22.5965541,21.54814537,27.7184397,22.77336595,21.45284645,18.16298158,46.94251884,36.5965079,22.95296663,18.74073515,20.9383897,20.65115541,48.4660778,20.68540276,29.28004193,21.57476774,23.28881251,40.08865246,23.39578913,33.31107453,22.52659573,22.30219286,25.71056686
3658,1169,104.01322,30.69418719,1061,104.0180424,30.69090113,588.2107767,,112.3144201,82.57689439,68.49774295,73.00353531,110.2895206,63.32412668,56.67604673,53.95054258,91.3232904,108.4537156,41.52076071,71.22773949,55.22694327,70.55916018,112.5505814,49.13129457,63.44379891,95.71870458,81.61579101,71.37838638,144.7549958,100.7401901,98.14872751,116.6699061,101.5837189,90.96911295,91.13671222,58.08876209,82.68637917,92.46981642,91.64087525,73.57602225,121.2553189,80.78431268,91.20856263,52.14056746,93.03861143,129.9913319,79.63741242,90.0131263,68.44327227,93.25518447,167.3959523,68.22032204,114.8506466,75.78498524,97.49911004,63.66683091,75.74733371,74.9085889
3659,1170,104.0910147,30.68363489,852,104.0882401,30.6850032,306.0025953,,62.98182315,49.84657661,51.84043967,48.28090619,32.77269175,49.67798616,48.00040711,44.33035586,51.47707211,70.95712355,66.16272331,43.26398991,59.18653287,55.91925599,48.46804149,64.04705483,57.14443387,106.4356853,62.94910532,54.02252601,37.3426896,63.12947525,51.00043255,80.37277469,58.13241916,108.5329402,40.31507202,53.84209888,67.66642157,60.21410566,75.15853216,52.20897361,69.72211032,54.35572416,78.1283222,51.00043255,92.5722137,59.22630877,61.5806465,76.50064883,110.6033477,44.36010778,66.36200862,109.61287,67.44547,77.94405731,67.94465522,51.02996378,55.84838241,60.08095496
3660,1170,104.0910147,30.68363489,1020,104.0927207,30.68269427,193.8310893,,28.63715136,24.10334789,26.63327945,53.47064532,37.41511643,30.99575442,33.87339425,29.13536207,32.45543821,37.59654749,25.282316,34.57839056,40.04544743,34.43052244,31.76594483,38.39295304,32.97126777,38.69456127,37.22975191,35.1090275,42.03565792,41.53523342,38.09601026,41.28946281,30.47126295,34.75924889,44.25741573,26.8898621,60.67755839,47.63084788,43.0735754,41.1433916,39.24588985,36.34332924,50.02092627,40.33479315,34.37398628,39.4232724,35.84547541,42.74376242,33.12303424,37.57630164,56.96260584,35.7842011,46.00825855,27.36438908,34.48724489,50.71776535,48.34586062,36.40653503
3661,1170,104.0910147,30.68363489,1329,104.0929173,30.68648862,365.0273145,,59.36073776,57.22801664,58.75253347,75.03773489,51.53326793,56.78903769,57.25918659,59.93606988,59.93606988,58.92817633,66.07659747,60.93191648,60.93191648,60.93191648,60.93191648,60.93191648,60.93191648,60.93191648,60.93191648,60.93191648,60.93191648,60.93191648,60.93191648,60.93191648,60.93191648,78.68852289,68.68109751,73.34502318,70.93648217,70.93648217,70.93648217,60.1418001,85.88877988,41.19430508,85.88877988,85.88877988,101.8680878,93.19846328,97.3406172,93.19846328,95.22451683,102.6639322,86.59626571,93.94804877,90.12247456,91.99550783,91.51998831,91.28406722,91.40187553,91.37239497
3662,1171,103.9992384,30.63572543,72,103.998373,30.6369159,155.8463457,,31.60827293,33.9616734,28.77163305,33.19803814,44.26405085,33.39564551,36.55028303,58.90255586,60.98335267,38.7374116,32.24407152,38.7374116,33.9616734,36.7618332,36.56616411,54.24486067,26.73773684,47.54634276,23.89127798,30.33232174,35.78104876,32.69503756,27.76314283,55.41203403,43.32408066,42.90989251,24.35803956,27.01887043,36.52648727,76.16020514,55.96477252,61.6534994,46.65670225,60.73578831,42.95917646,52.13134059,44.79415924,44.12346628,47.95272175,51.43588841,47.69714532,56.35829679,47.7893394,43.08380206,55.15909989,40.07477461,29.89592421,51.70938659,53.38219263,47.64729041
3663,1171,103.9992384,30.63572543,170,103.9954272,30.63381597,422.1405494,,85.43673804,150.7644819,40.0405571,51.86709822,70.68399897,77.43724728,35.60420097,107.0215477,91.99188728,40.3640366,52.58498193,157.7549458,72.57430649,232.9051307,67.55773529,54.09635139,61.43902883,64.03056166,53.9132938,63.30886768,47.21661118,36.11182522,56.90006782,51.13029459,114.2636074,55.12839097,68.24516031,43.10494754,97.9191996,85.05817039,117.7237025,187.618022,164.0708208,25.98343198,124.7852416,120.1348599,35.05665462,112.5708132,27.56836241,27.89913938,147.0683205,96.76976047,103.6457615,119.1130047,97.51081026,98.68220635,89.08006904,53.8902829,159.9690503,140.9310026
3664,1171,103.9992384,30.63572543,1622,104.0003855,30.63414755,206.5600204,,31.77846468,32.73781456,40.45055704,40.41391703,36.15637309,42.92844555,22.77537744,51.14278359,37.37760241,38.89883557,35.02116516,38.93277871,46.32011958,64.94463523,38.63712611,38.63712611,38.63712611,29.23785348,37.93959558,54.08116898,40.97058256,46.62169739,43.61384595,43.67788978,43.67788978,43.67788978,46.08000455,80.39092686,48.76170973,51.46131996,54.47736802,35.15915241,43.93595707,39.36790977,50.66271506,99.81423805,75.87919117,75.87919117,75.87919117,75.87919117,38.13415761,34.58679411,30.93244898,37.08808346,37.27398864,37.18080367,45.20462453,43.48632008,30.81282073,47.26900433
3665,1172,104.1061061,30.65160594,42,104.110012,30.64971387,429.010321,,74.74178933,53.80211403,47.96388682,69.66338095,51.02765932,81.82448506,66.75554237,48.99086933,73.95180155,60.95459914,74.97267746,46.63155663,82.52717627,59.96520448,68.99942617,67.37728745,67.31889415,61.9012888,86.507945,71.83428631,63.14133915,58.69196575,54.61663811,61.31084258,59.6499706,61.40903203,74.19233733,91.5415757,87.25633647,51.53031501,81.07281657,56.57278958,96.61358433,48.54176497,60.15725094,68.55025103,69.65889233,64.56677072,70.90313704,89.61917732,53.52621441,70.7886354,56.75759249,64.85338987,88.14162589,73.7850288,63.02110264,93.50779951,86.43504813,64.48589376
3666,1172,104.1061061,30.65160594,597,104.103721,30.64768079,491.4043861,,58.34616722,74.97671205,70.7622316,58.92760439,77.23026641,73.37097747,50.04401103,68.43542708,67.52121336,72.87121015,83.97416723,66.68818947,60.79229519,65.23067072,90.52186061,76.71022439,69.87293963,76.84122641,110.7968135,188.1974245,83.44602783,117.8061569,88.3791402,146.2029578,66.98431617,90.56599609,132.5844811,120.4805306,88.32660862,138.2074836,87.62039574,64.21255136,194.4017352,54.99655305,54.00519201,62.32727388,55.19674852,74.74883618,100.2233371,60.4884936,51.12878006,63.30976754,63.21281535,57.75330063,54.83743924,79.97023268,76.27174341,70.64919289,71.54269738,79.03451036
3667,1172,104.1061061,30.65160594,1754,104.1082528,30.65517353,445.697783,,89.47093043,78.79970159,71.03102887,62.65585496,59.0729432,87.13408948,84.55926318,90.673682,104.4798524,81.40139893,69.76139212,208.8301977,71.2720497,130.980573,97.80898981,110.7877346,109.448296,109.6477462,88.53837015,84.83069588,89.34956625,112.8235473,115.0187827,96.74060404,89.47093043,120.3384014,140.2908824,235.6426196,122.3262022,129.1357762,136.1294133,127.4571743,109.976007,152.8106685,142.2504404,166.6261718,162.5802287,150.6584055,137.6869582,129.7449071,109.7477441,117.1176656,160.9743686,188.3337898,170.8841276,151.1551596,141.1335476,128.5382557,175.6418482,141.0560017
3668,1172,104.1061061,30.65160594,1788,104.1003679,30.65428692,624.9805001,,70.28285202,113.757041,93.66223603,69.76996819,98.03615688,78.01175037,80.99917807,70.47548317,86.88230063,80.58487824,61.05643963,122.1839302,77.65588055,94.21099279,87.29116587,75.27900579,73.56589369,64.11130842,74.08501847,76.42759567,78.0709283,74.56083892,85.36319025,61.81125825,86.96581228,89.51975334,96.38622157,84.07326073,94.66046548,79.94349774,91.60951956,68.41663163,104.2237313,102.0762102,78.08085264,89.01799408,80.08767681,125.6944023,79.03734661,86.59368373,100.4432947,93.78429101,117.0619043,98.70818976,104.2277548,100.1240216,80.94985524,89.21549435,80.39997405,75.13791746
3669,1173,104.0427743,30.62252235,1017,104.0431223,30.62203953,63.05385226,,7.943792411,13.27865519,10.16087145,8.81529585,14.04447753,11.79188925,9.453154321,7.363953549,13.06439529,11.39479782,11.6144758,14.02180289,13.66110329,9.250223125,11.18885364,13.85164718,13.79901934,19.45939718,14.62118313,11.47883025,9.897538875,14.09899802,7.982318914,8.132203071,13.2206517,11.77506773,11.79188925,9.999729883,12.37023805,12.90960388,15.07430226,7.853116608,9.530115558,11.26671872,12.46648246,19.97599309,8.256062201,7.356495625,17.13161269,12.72222585,10.63535225,8.590117999,7.957072942,15.93250001,12.62580117,15.4461379,13.75573292,10.22720727,18.60605477,12.62245792
3670,1173,104.0427743,30.62252235,1080,104.0430122,30.62295491,53.08455433,,10.96725369,10.96725369,10.96725369,10.96725369,10.96725369,10.96725369,10.96725369,10.96725369,9.998921941,9.187711326,8.381771736,7.880593632,9.92750107,9.322165638,9.046361921,9.182193181,9.113771474,9.147854389,9.130781126,9.135427269,9.135427269,9.275314811,8.63771556,8.978314829,8.836835004,9.47583422,9.2746371,9.269412881,9.158357615,10.54854069,10.22746236,14.5881218,10.17979246,10.15612377,10.16794434,10.16203062,10.16498662,10.16350841,10.16424746,10.16387792,10.16387792,9.979341806,9.400450481,8.608687953,9.523187135,9.433460166,9.45573302,9.466908936,16.47451686,10.1709354
3671,1174,104.0964881,30.61680828,162,104.101336,30.61698017,465.079489,,51.67549878,51.67549878,51.67549878,90.20938364,62.70734683,61.10533432,52.76111851,80.37859627,60.66254204,71.96072322,53.40625711,75.58853997,63.35136823,58.49266827,69.31068193,67.04687415,69.31068193,69.05854925,67.57966339,72.32337626,78.74361719,54.85865532,61.78177714,80.96161317,70.57054417,83.52447964,51.83548484,62.28743156,68.1758871,112.5192312,101.3694951,67.37570062,60.02680664,67.37570062,56.08998862,73.83841942,108.217942,64.28964961,87.33887117,91.86755338,95.53701343,60.09641638,64.89481242,110.0900489,73.2852528,112.5570528,65.61088388,183.9874902,47.03051012,51.51649724
3672,1174,104.0964881,30.61680828,1081,104.0963785,30.61839644,176.3278725,,26.01558775,26.01558775,27.16606309,29.62110784,26.03337011,24.29006407,26.44918088,29.02958876,23.23379026,41.25777517,26.31213849,23.20345894,32.93283222,25.04064462,24.69962416,32.22235234,20.94984624,22.15638188,48.92334035,23.99925675,22.10494513,27.65927412,23.20951887,32.09202937,66.00835435,26.80282932,17.36349235,25.59598149,29.36532032,39.94261585,35.56192387,23.16716573,22.25347383,16.81537327,16.80795254,28.9854037,43.71765434,20.78974916,21.10073156,26.79811466,17.7065646,29.99907094,18.21464393,44.70284092,22.37111334,20.60975133,26.06136297,18.61525927,19.92249011,33.82488495
3673,1174,104.0964881,30.61680828,1257,104.0968473,30.61335413,384.3641556,,31.80944736,31.86805528,42.25567883,71.60211954,42.40176589,39.95700145,47.90295114,40.07852166,52.3637071,33.2622827,64.83250818,57.99696655,43.49582586,50.39464482,45.30815194,56.76762913,66.58859289,34.11516174,50.51064143,36.88490755,42.40964213,75.95851564,50.46356529,49.89342405,62.10551886,36.80082341,35.97452272,33.63965057,36.08112021,39.14316719,39.29402321,37.1632308,41.2678485,34.20793474,39.71900854,31.77292675,43.26913751,30.84509497,38.90471303,52.85662603,40.71068533,50.64827819,45.4896012,43.42189205,31.993317,37.90988932,40.04124316,93.81091255,49.24238292,38.30871983
3674,1175,104.0328362,30.69206439,530,104.0350245,30.69048312,273.2144727,,114.0373451,23.11024675,35.158967,33.29452316,31.24765758,26.08326831,44.35499895,31.43156033,35.66897921,39.39541128,29.38355879,30.84372444,31.63176315,58.54595844,77.0997168,75.65939244,27.92453976,34.61250797,36.09438905,24.42140538,23.9279603,26.99340245,24.3664231,104.0817039,27.21749157,31.34891161,25.57556008,32.80213779,34.00422132,27.1751919,34.93153075,112.4082402,127.7366366,78.68576814,37.0460302,25.2413713,30.61438324,30.15935919,35.95537418,31.65774125,39.99073396,35.25348035,38.22676318,27.02817283,26.35660719,24.80635818,21.81474027,23.27356388,66.45757444,20.65243258
3675,1175,104.0328362,30.69206439,1303,104.0290806,30.69429393,436.4114861,,117.5372581,102.7223549,91.2240784,96.63237418,93.85037516,95.22105911,94.53074871,94.87464827,94.78843899,94.7453931,94.78843899,94.78843899,102.3505765,165.3769842,102.3505765,102.3505765,68.35033839,91.79941112,91.79941112,91.79941112,96.1886541,93.94279145,95.0524585,94.4943673,94.77259132,94.63327484,94.70288185,94.66806555,94.70288185,94.70288185,188.1534551,125.9909862,125.9909862,103.5998775,87.96648096,85.69534638,87.50104984,87.040518,96.86074907,54.03547205,96.86074907,111.7213404,85.1534607,85.1534607,68.20005859,75.73965092,73.70267282,72.72472617,73.21043376,73.21043376
3676,1175,104.0328362,30.69206439,1531,104.0323026,30.69123331,105.3428476,,22.60710887,50.90392636,50.90392636,50.90392636,37.42443271,43.13564944,40.07759592,41.55043156,41.17216639,40.98560483,41.07867379,41.03208653,41.05536695,41.04954437,41.0466337,41.04808898,41.04736133,41.04772515,41.04754324,41.04758872,41.04761145,41.04760009,41.04760577,41.04760293,41.04760435,41.04760364,41.04760399,41.04760382,41.04760391,41.04760386,41.04760388,41.04760387,41.04760388,41.04760387,41.04760387,41.04760387,41.04760387,41.04760387,41.04760387,41.04760387,41.04760387,41.04760387,41.04760387,41.04760387,41.04760387,41.04760387,41.04760387,41.04760387,41.04760387,41.04760387
3677,1176,104.0690207,30.67976462,288,104.0695938,30.68181648,233.941464,,20.96736773,27.27591289,20.96736773,25.82962492,28.8791863,27.99831351,25.16251181,33.37055059,28.01072961,26.89268559,28.26138491,39.26290305,28.51857847,20.71806323,29.34457388,26.65155919,30.13199536,32.93375379,22.48836503,29.81200957,34.95032138,28.69469405,35.89603142,35.03127025,20.1561054,31.01986263,29.31265679,20.97607149,36.80360978,17.86191454,25.8340267,31.87695952,30.71814968,18.94689022,32.32972247,33.3716525,25.91351601,36.08609315,33.01624059,27.82563668,30.01727655,26.50477641,27.88706193,30.18599535,32.07321881,34.3458666,18.42864924,30.2628275,26.44236328,28.23296247
3678,1176,104.0690207,30.67976462,774,104.0734583,30.67845521,449.1910293,,85.74700871,51.62291159,76.09824496,54.44739749,54.89096081,62.09332935,47.63144935,48.2095994,45.14482707,45.62888559,42.09599829,37.30306126,46.36810625,49.4198382,70.3518579,82.73899575,67.09907492,56.03769276,58.09895949,68.61758297,60.5650826,58.59013426,54.81653239,37.78242303,42.33213889,53.01926903,52.33293545,43.79384443,46.18930893,54.41686053,37.73833618,43.54814288,29.42834769,56.73991949,34.92630033,66.38745285,64.73529646,43.53697669,58.99822474,81.36290342,37.75721794,63.33241667,27.88082251,42.44324686,48.73415003,52.073669,46.59162272,42.07057445,58.80318929,55.62463852
3679,1176,104.0690207,30.67976462,785,104.0679123,30.67806439,216.2887441,,37.43459033,39.93022968,33.80489778,31.39675318,65.70797289,32.68847518,22.42302315,33.57755338,30.90861311,30.09027039,37.91515832,26.21681747,29.62014185,30.250174,19.81270938,32.60937789,32.05743508,23.45299635,27.17764324,33.92764613,28.62645143,33.24700069,18.80771688,29.63987357,23.98273548,24.23151905,40.05347113,29.28789012,20.39658098,31.25273138,56.7521486,24.33248371,28.26063893,31.85550176,21.18746881,29.89019112,35.22458624,27.45313279,30.06330034,25.13361778,25.73434768,24.52407807,31.75600005,45.00806236,26.01659356,32.56770215,24.29452352,61.79678403,48.63733257,31.30307274
3680,1176,104.0690207,30.67976462,1235,104.064995,30.682564,494.9364364,,87.66401826,87.66401826,87.66401826,42.98603549,99.67950607,82.61690127,63.56981752,109.1437164,115.2007222,102.0097998,95.88006303,72.78477006,90.44523711,72.38068399,39.77167793,59.44190729,74.32895231,58.17349905,43.9943499,74.78577843,68.37187917,123.7341091,70.90215563,73.62690789,47.6409404,117.0677511,60.29682474,48.77555902,42.12224991,53.92769888,60.29682474,66.06143113,64.45078224,64.45078224,64.45078224,57.35314928,75.39229216,73.89408693,59.27945911,53.34644225,92.31974979,52.8715481,63.03435746,99.91240213,75.41163093,101.8154955,62.73842152,123.9492989,60.97779504,55.97186925
3681,1177,104.0061837,30.6556678,1141,104.0039299,30.65652519,235.9404691,,30.22724871,30.22724871,26.25612639,51.16781258,32.32061221,68.77616913,40.61617161,27.74110874,24.86107053,31.67579764,36.8497045,30.87185827,41.57624776,41.68007487,37.33563467,41.56910674,41.56767884,41.56767884,36.06733286,27.07924619,27.07924619,28.91525749,27.07924619,27.07924619,31.9743652,54.62287388,22.1821915,27.07924619,29.87288472,33.89128367,27.07924619,27.17309588,23.27731056,27.07924619,27.07924619,27.07924619,22.3098532,27.07924619,22.21221088,27.07924619,24.33537453,24.86613385,27.96139707,33.48982509,24.12670537,20.26228976,20.76649877,34.24942293,28.3522344,28.31285629
3682,1177,104.0061837,30.6556678,1395,104.0118326,30.65796024,597.9198269,,82.10034386,90.74349737,74.81574663,99.55728089,79.82242161,80.17755168,93.6044085,77.671794,86.15805404,93.66187493,91.26335333,89.34626533,91.76885715,66.12938178,66.12938178,66.12938178,66.12938178,66.12938178,66.12938178,66.12938178,66.12938178,66.12938178,66.12938178,66.12938178,66.12938178,66.12938178,66.12938178,66.12938178,66.12938178,66.12938178,66.12938178,66.12938178,66.12938178,66.12938178,66.12938178,116.984314,84.49504914,98.12017672,90.79931988,94.31790231,92.52517168,92.96693475,93.189402,93.07803544,93.13368543,93.10585212,93.11280891,93.11628769,93.11454825,93.11498311
3683,1177,104.0061837,30.6556678,1535,104.0055646,30.66356549,877.3222695,,92.86259893,101.4152348,97.24015302,113.7919997,60.94279151,93.39384744,98.13260568,91.74006303,75.55885575,86.98054325,86.4865361,89.84256399,80.05982687,86.95925579,75.89605628,76.1698438,74.96107999,87.56787283,105.0758943,103.7114767,99.98326251,81.54114037,98.79374931,88.50046011,82.70299101,76.95106247,78.49516916,73.42327571,84.28287237,97.39826709,99.36884124,58.34152577,76.58487319,58.15162569,77.31192414,51.60719232,75.28868105,84.68967207,94.55119703,81.19791743,92.50827688,90.52336401,91.49363181,79.54876231,80.28757241,76.75785975,94.09765667,97.8911533,87.915384,113.665833
3684,1177,104.0061837,30.6556678,1896,104.0063237,30.65464674,113.957383,,13.75512418,11.07064785,11.42549219,13.7564054,18.45024296,15.90873791,12.62782851,12.42509441,15.57267609,12.36924358,16.75501649,20.48672054,18.52789398,14.77389996,14.33175821,13.26228164,21.58934274,19.44526976,13.60582608,19.03275855,17.32327204,16.92610949,20.25075667,14.64730421,20.00491266,18.8186504,17.50888222,16.45826983,16.08810113,19.48914864,18.94356497,13.83825424,15.18377345,18.3692498,18.34187386,17.0645202,17.84906113,25.01503529,13.0727473,14.3946168,23.38954254,17.16512882,19.34111686,20.63095694,16.27962614,13.15736301,19.24588122,19.62902291,15.25080219,17.83680777
3685,1178,104.1093624,30.67625125,1062,104.1083185,30.67849451,267.9780642,,46.45526634,32.96313318,46.45526634,52.59382569,37.01100372,38.935366,34.90228716,31.54401192,34.57574927,57.51396169,28.84068852,81.75601959,52.71699624,43.65253534,59.83976191,45.21306975,42.59254001,45.93909672,51.81448975,104.407038,40.61983289,40.73890669,32.70177075,33.84986074,52.71699624,32.21518984,58.70513375,57.35559044,88.10237727,59.18533933,72.43930003,52.06667091,45.29206719,55.44373742,77.02363522,110.8874748,39.94704063,30.52914655,70.76193384,74.35229527,51.36048081,37.62593096,49.2563619,67.93810078,98.44092154,70.58934372,38.3448287,54.64434266,53.59561284,63.39897246
3686,1178,104.1093624,30.67625125,1530,104.1068519,30.67543362,257.0011816,,43.13306544,27.01161984,49.03909471,49.15696225,47.50727876,50.26332771,47.93804424,30.89162784,30.89162784,30.89162784,30.89162784,20.86142624,30.89162784,37.50828055,33.87992385,35.60189529,35.60189529,35.60189529,89.53589555,64.94085571,57.0985236,60.76771288,58.87600708,59.80690497,59.33780524,59.57143163,59.45438895,59.51285274,59.48360646,59.49822601,59.49091534,59.49457047,59.49274285,59.49365662,59.49319973,59.49319973,59.49319973,29.94188523,39.83534111,34.18723485,39.83534111,60.0781983,47.90613039,53.30614239,50.46208207,51.8451375,51.49231453,51.31769776,51.40485785,51.38304007
3687,1178,104.1093624,30.67625125,1820,104.1108906,30.67297768,391.2296547,,102.4310369,81.81392721,87.86976201,74.74890611,109.4116831,118.5544408,62.78276778,75.04405141,70.42133785,74.91631686,73.54708913,81.41195127,71.4031309,83.83492601,96.30268423,138.7612568,99.46516645,62.80609841,98.80544854,75.07605314,86.93992327,86.88628975,89.88762709,123.7633354,138.0810546,120.3783553,91.65466963,107.5134929,105.6980681,89.51864982,106.4972973,101.6180921,106.4972973,104.0004989,120.5500791,85.0156996,110.4648437,109.2509443,110.4648437,108.0634341,108.8188444,108.8188444,115.6635997,78.30030615,72.47479025,102.0599099,110.3926916,120.20712,97.35668824,62.43026405
3688,1179,104.0258455,30.58528944,91,104.0292501,30.58423404,346.78701,,59.33618042,44.54712707,65.36299665,50.85267764,28.18133716,58.40623326,51.16529656,26.65659863,62.73533849,62.73533849,33.41407122,73.43724918,30.80332853,52.49929504,45.56325679,42.53605574,56.49019167,43.90738228,38.5914447,28.74918218,35.82304838,33.4327133,33.98638574,34.45112025,31.01998529,32.64064412,31.80493719,30.47188763,106.7036954,24.31426896,89.94475764,23.58833262,28.1433996,23.70442853,28.58461903,61.34807057,85.12044789,80.3219913,62.26599681,77.78400224,72.77136736,75.51007477,26.57183191,33.07838117,29.05444622,29.46010291,27.94478424,58.61188901,29.56008491,69.30927056
3689,1179,104.0258455,30.58528944,217,104.0201993,30.58034411,770.4082018,,83.41261734,82.76767442,59.38906909,76.50950418,69.47568954,89.75629536,87.02445957,78.19932875,100.6704002,125.4963587,71.16021877,60.5561032,127.2233728,66.70557386,70.87230477,71.24106668,71.77406581,95.36284906,83.22489202,62.3251579,59.04139492,93.83415507,71.44171734,69.33673816,95.63688022,182.9465387,67.10548092,80.13702335,64.80068987,66.5899046,89.13131846,73.0244741,63.32122207,86.94261838,105.9539022,66.03498873,66.12085997,81.72054361,67.48101038,61.49599837,109.1917136,73.28408549,92.70650227,90.57705834,65.38998547,48.23425263,57.12604586,59.68461658,63.32122207,119.6607178
3690,1179,104.0258455,30.58528944,730,104.0280169,30.58735258,309.2503307,,46.55381323,49.26111462,44.12858626,23.00209071,49.9238202,49.13203434,45.86204698,33.60909254,33.46575807,35.77589686,45.04252962,49.88653579,37.7550213,50.37561948,38.7572216,49.04410531,43.03306261,35.33354744,22.00199981,23.70407077,36.00443475,36.78402846,44.80085274,49.981098,43.31911247,45.25614596,60.01623669,65.36014818,40.7354991,47.07404611,35.39908396,31.99141352,24.38775883,33.4928156,44.96369913,37.81593718,38.25777287,47.57697395,39.06319967,37.01749594,43.19306268,29.22050369,33.79186616,33.43246818,28.84199975,39.20074615,37.73902341,59.42888918,34.13463715,24.74002646
3691,1180,104.0685883,30.59774153,654,104.0684365,30.59321293,502.1111475,,53.99044597,56.44340768,57.02208615,67.90383663,70.06202058,50.59762438,39.29565502,58.02889666,96.40534032,54.77576155,51.71960318,95.38786971,48.77496306,64.09929543,55.44785678,49.42173974,49.42173974,52.27299396,101.6457431,48.24555509,78.77813565,54.57494465,82.16364232,85.9738469,67.19703089,76.21644964,60.0531605,47.75693873,65.93643001,59.12710709,74.2849369,60.92349616,65.37116022,55.70416428,73.23160559,81.99163189,60.11973827,42.03721235,60.2533377,58.68831594,44.68727147,93.51959288,59.60758882,85.35222693,38.45957726,78.22286901,65.9708077,111.4426715,54.48681631,50.46812836
3692,1180,104.0685883,30.59774153,808,104.0685263,30.60045404,300.6841826,,29.72098545,32.8267796,27.15208338,46.41077422,30.32109404,33.02709557,38.65939491,27.67562946,28.5121311,26.93364164,33.91529161,35.18298128,28.75067881,31.11271063,27.2775235,51.22064941,22.6693834,33.10284579,22.19298939,32.20744828,38.01450597,39.65066144,29.1611815,28.87851643,38.15520118,54.44985198,22.02686454,41.26288656,45.18331187,48.25243941,37.68365735,47.01251063,22.1566484,55.29824048,45.73143462,48.85128503,45.30249132,36.77379957,21.36440245,44.19075467,26.53095729,34.73143499,39.82571955,20.02128076,46.81933639,41.00238854,44.25441772,43.96284981,48.58633509,36.8887356
3693,1180,104.0685883,30.59774153,1126,104.070717,30.59686374,226.0905621,,41.10737493,27.54189941,34.0721143,29.6175037,29.61076939,27.65516326,37.08091224,30.92540375,31.14761152,32.33482323,27.08572458,38.85088418,27.38647455,29.83463088,31.85620444,27.35821932,29.73585199,34.18831182,34.38443013,32.34788963,27.70340448,37.0447475,37.98183827,35.25396962,35.23250964,37.16557185,37.85702435,31.56791301,31.85620444,31.74438469,31.80019627,36.22278699,28.9859695,34.2545439,39.54846867,40.40392512,39.51460494,32.90251737,39.46831246,33.98438512,36.41736125,98.06337633,32.59520264,48.00227198,33.20177701,49.66141468,41.93552881,36.59663849,39.88953533,35.65060095
3694,1181,104.0436286,30.6964945,503,104.0455286,30.69339601,388.6469014,,53.40186431,72.68201792,54.69620192,55.89063297,54.67126714,70.07323096,64.69959977,51.25014084,69.86910587,47.18815666,52.08483369,54.02041873,56.06326451,68.38361901,73.63836027,74.81972433,48.4127628,69.95644225,47.53552135,89.60569001,86.10023662,63.80770022,96.45007118,80.40970374,97.61364037,70.90179959,70.16107872,62.6826438,70.66307298,53.49118643,58.0551388,61.90835598,96.99333414,68.00140195,72.02722497,64.18022225,77.8374879,75.27979949,78.49250183,62.96709474,92.86253394,63.88716187,60.481074,64.47598364,54.68398612,73.87163913,36.72254186,49.55592132,44.0901947,71.97164841
3695,1181,104.0436286,30.6964945,1558,104.0472725,30.69684411,351.1385161,,40.53454239,24.7862482,29.42330307,19.95195176,20.81391863,23.45662152,26.16098216,18.40920376,42.01408086,49.90273508,49.7676637,61.41369999,29.90432783,91.86763503,28.00218546,36.70191525,23.18915218,34.12530122,55.68716555,18.26072456,38.30601994,28.65714842,23.5049955,26.65468968,21.46177688,22.5329529,22.16744687,21.81360928,23.02547647,44.84064895,102.3561666,32.0430585,22.7029213,70.81785199,21.40363457,16.76523419,20.24501374,146.307715,17.76667123,23.80600109,20.15570541,28.26380454,30.36743377,18.51481008,86.80505806,85.15634674,41.01553076,42.87156301,20.6131049,18.20156455
3696,1181,104.0436286,30.6964945,1693,104.041902,30.69606019,172.2389552,,14.52131707,14.52131707,14.52131707,14.52131707,25.72864061,8.986380271,14.39768356,13.34898253,13.85351492,13.85351492,34.25747175,19.72881576,25.0381858,25.0381858,33.3814395,22.79022279,20.91265561,20.70317992,20.80739056,20.70317992,15.68779858,17.84988093,15.68779858,15.93473148,14.64132795,16.18956237,16.18956237,16.18956237,17.66553387,17.66553387,20.60000793,20.60000793,54.63085804,29.91846749,38.66314817,33.73330098,36.03037523,36.03037523,36.03037523,41.61478112,31.96186798,23.57643493,24.60556503,24.08000927,24.33995049,24.20928214,24.24181752,24.25811803,24.24996503,24.25200277
3697,1182,104.0771725,30.70831924,353,104.0757464,30.71118555,345.7876087,,26.90081883,26.47177866,26.47177866,24.8594187,28.13187325,27.35225667,27.60320176,27.70610708,29.0764471,32.69966551,29.33122194,30.11690937,30.10731118,30.74364465,27.90744105,27.69865388,31.81687901,29.00362049,29.70701647,30.34049232,29.11895652,24.60148995,27.91471834,28.68697431,28.48530896,34.69924436,32.05584699,32.24266069,35.41494712,37.14078741,31.08203224,36.16079568,32.59798079,30.19612835,31.1956243,34.17921221,30.89879966,32.30192387,30.77150004,32.0009098,31.61916901,33.19561044,29.60662907,31.15008799,28.89366479,28.71151052,25.08484416,29.21006002,27.76584516,25.2150478
3698,1182,104.0771725,30.70831924,567,104.0729586,30.70871824,405.9579217,,132.2577844,132.2577844,42.9154098,44.27141253,73.16388076,84.59904591,58.27986336,54.39634682,50.9052922,67.65965362,56.51750635,143.2792665,53.72972493,107.7764394,29.05464251,55.85464865,52.52256286,64.64202809,47.55255482,47.80286629,54.73589956,50.68607578,96.78467007,50.2426922,202.9789609,44.55635726,47.22598937,88.78788081,140.0749379,88.03906736,80.15256956,73.07242591,60.99534717,98.96942558,45.84936527,115.9879776,52.03868039,75.33239784,54.17617411,48.63389411,45.17615203,45.99365911,184.9934833,46.20267989,42.24721494,42.76367281,32.91550716,46.20267989,55.88119665,93.68259732
3699,1182,104.0771725,30.70831924,957,104.0778861,30.70836235,68.50174549,,13.8542856,12.77752766,12.88421668,9.70890881,15.83346926,12.81463189,13.64538851,12.92639738,12.25880449,12.54489797,10.72066777,14.09178764,10.12064092,10.83983665,7.935841794,7.779378037,12.88602397,12.44438774,11.05485975,11.05857775,10.56129695,8.776024333,9.820061076,11.85132321,12.46939591,11.85607133,12.88344336,14.81843236,15.48156095,14.85580023,9.167519843,9.728058531,12.17808809,10.53873008,11.95183928,12.7265734,11.78591707,16.77593767,13.32256794,11.63237188,12.96952657,12.34059802,10.12064092,12.20823187,10.12064092,9.898566382,6.927142802,11.42577377,10.34676385,8.971579218
3700,1182,104.0771725,30.70831924,1366,104.0787152,30.69703746,1259.065087,,232.6416243,213.7404922,150.2228908,135.4176105,322.0344095,200.6700305,175.5134294,158.6686457,165.8786574,193.495595,175.2871794,183.4331976,190.080768,190.6470794,161.3276339,139.5046935,223.557796,186.2216234,209.0819034,195.3721687,196.771622,159.2260297,229.4601574,189.6003896,258.4396757,151.904296,185.2575332,249.4864572,188.5511229,274.0269624,153.1942311,168.7739097,152.1688433,184.9446051,145.2185603,135.6771477,159.8624846,237.8295224,213.9717221,49.00145203,49.00145203,49.00145203,90.65268626,63.61592019,74.76510207,68.74137347,70.15443677,70.8829801,70.51682675,70.60800999
3701,1183,104.0640514,30.63742297,1592,104.0640898,30.63580183,179.7084974,,28.15053994,30.2010946,22.18116311,14.79758899,51.75604725,21.52197574,30.00698472,49.38554127,22.98225899,28.16911134,48.82645967,67.04151198,31.31416218,28.61558087,37.61340643,30.03484636,29.52186529,20.44077696,18.18554014,17.49190473,38.41369167,15.01045454,25.89096911,24.27581954,19.02236374,21.33038545,18.69799395,27.71408153,18.37927814,35.03342548,42.00977861,23.89475866,30.36230208,14.68673305,20.84695781,25.3706114,30.56459483,34.87604262,15.01045454,34.30278848,29.95141623,26.90023246,24.65000518,35.20819541,17.87156328,29.05466724,18.31239035,22.56148529,20.21607783,17.34451986
3702,1183,104.0640514,30.63742297,1733,104.0601611,30.63830872,385.5342511,,47.85942427,47.85942427,47.85942427,76.58681629,50.561869,41.12365345,49.48033169,54.58892051,79.99557948,57.95086864,67.21178227,50.37834134,88.96944256,52.3744643,52.3744643,52.3744643,44.98941018,48.4018589,46.63329035,48.4018589,62.85884529,48.4018589,50.50601406,40.70156317,52.80143003,54.20441107,55.68398411,80.81067272,57.89044021,67.4567827,57.89044021,59.53558408,48.87053887,61.27696706,54.37505598,57.62006451,54.37505598,54.37505598,47.85942427,54.37505598,57.92063866,61.96086178,47.36939604,47.36939604,44.13110664,51.83653796,89.54343897,36.62066765,43.64538692,43.64538692
3703,1183,104.0640514,30.63742297,1813,104.0639621,30.63984577,268.654657,,37.80227886,18.14174841,37.05581476,26.19153155,43.12850681,27.34862474,44.72401226,31.17346544,52.71714023,19.00111523,50.75727299,34.94694725,20.8246612,25.37021624,48.27737597,35.47246526,28.95678938,33.35908185,22.280769,19.98716621,29.82290364,33.37900829,20.65838587,22.17401831,18.68901962,49.98226177,21.49237256,18.01036807,33.08403986,20.53807803,45.69244559,23.90289758,36.07758378,35.51009031,20.24399299,44.37424156,26.0465771,64.36983462,25.13126168,23.62119644,40.44142861,36.90696633,24.26502081,27.27726008,27.66875205,21.86488542,21.95034898,33.93532509,41.25391423,41.31543463
3704,1184,104.0792781,30.66658936,227,104.0781096,30.66468753,238.6672197,,30.79577028,35.14118572,38.50046262,41.0446811,42.32522123,40.29083193,40.29083193,40.29083193,40.1887503,41.20872858,39.23296762,40.99979676,42.32522123,26.89208109,33.11987437,33.70193973,34.07471761,25.34519147,34.07471761,30.25359123,33.20098713,35.12810219,38.2718036,33.30774513,53.14651489,34.15485155,36.69230802,37.69807638,43.61431426,122.7431416,36.5065658,34.99210551,34.83251314,34.43695354,34.63360394,34.43695354,40.6402203,34.16310103,41.38231842,33.29584997,45.54074156,33.17382204,40.02138759,38.76020246,39.05645632,39.83106345,40.58499289,40.93048491,40.57200745,40.56876239
3705,1184,104.0792781,30.66658936,713,104.0810256,30.66585121,186.3356176,,24.37087097,21.9457434,36.21097022,26.76986592,32.5319216,31.24883028,33.76197412,29.56730461,31.29742878,33.57538552,31.52417732,28.44416495,36.41367794,32.37640241,29.09709623,27.39303002,29.91992494,33.86210113,28.11715093,32.62253176,27.53649144,27.95034264,26.2508199,26.63099611,26.23819837,25.99752345,30.35985493,25.99578246,26.34939949,24.50539859,28.72281222,26.39116817,30.37908739,29.3217008,26.08199381,27.68784121,25.99520106,25.82839974,29.89341459,26.96102601,33.10686884,36.60617863,29.15380518,31.89021975,30.42502246,37.68585524,33.19153831,29.10230904,31.41533415,26.95962926
3706,1184,104.0792781,30.66658936,904,104.0802769,30.66813158,195.8858017,,45.68025173,26.71170023,45.68025173,56.6416776,36.84739141,26.55078638,31.55207544,35.65561783,28.03931953,54.34981781,35.93319165,34.56808265,35.93319165,20.20598528,32.03323948,29.10996434,26.34578653,34.34361459,21.83247325,31.59705803,44.07430538,33.12690011,60.53123486,26.9541858,45.39842615,29.94432637,32.98357746,32.65058596,28.64292795,29.26569316,31.20304806,25.83109473,25.00669809,22.50373713,44.82132752,22.97032202,38.25617828,55.74615701,30.07202073,33.78864448,39.86933632,38.74664209,34.25622624,34.86718844,27.8364034,37.31158128,30.59387792,56.56595342,28.58977936,28.43611678
3707,1184,104.0792781,30.66658936,1710,104.07744,30.66741927,198.6725851,,31.76996364,39.0831315,39.0831315,39.0831315,39.0831315,35.34866424,30.56501309,32.26562284,30.89508883,30.89508883,32.07270432,31.47288477,31.47288477,25.68119592,25.68119592,24.68408305,25.17276925,25.17276925,25.17276925,31.73178918,36.48506584,33.94282591,35.16806219,34.54458321,34.85353464,34.69837123,34.77577986,34.73703242,34.75639534,34.75639534,34.75639534,77.32122231,25.86695502,38.76538246,31.02912392,34.46849669,32.65850714,33.53909995,33.09294651,33.53909995,33.53909995,37.71766942,40.22334236,38.9302293,39.56622319,39.24564977,39.32530513,39.36525418,39.34526953,39.35026379
3708,1185,104.0551395,30.61637622,599,104.0550603,30.61846945,232.116189,,44.27507668,44.67461038,38.60857603,42.35267513,39.83580629,45.12613396,36.05334804,34.68784731,56.6884422,47.8074052,54.56802006,44.29373147,40.87580687,56.52434818,50.51494864,47.35019937,84.12264568,71.72689102,42.41717159,47.79513521,53.87609803,47.13175438,57.89503099,59.46453369,51.42266341,51.22564171,75.45086053,45.83560188,59.22170662,44.68546954,45.11977756,51.64513476,63.12049764,71.54266099,36.12182769,54.58584304,57.9193515,66.16886835,55.02660359,45.66220111,39.41595662,42.85221951,75.79304131,62.98630253,54.31971488,49.49367901,44.99483049,56.37182014,39.15737022,39.72378921
3709,1185,104.0551395,30.61637622,671,104.0578935,30.61635561,264.0017055,,40.10152489,36.27772504,34.02205619,42.10149388,60.07624145,38.10674912,38.41279507,53.19437349,37.37541755,41.23580634,31.12174229,36.24544556,76.64565644,39.58651051,40.80455698,45.0810976,40.55579673,41.20311778,55.61608954,40.78996308,47.79913529,57.51323085,51.15382728,40.58583636,42.73966076,40.69694487,45.06154826,46.77483309,45.53291712,43.05396076,44.00308366,85.16184048,51.4251082,41.59326651,41.57556353,46.58014654,40.27626245,44.77325955,44.57387497,49.54124803,53.39360336,48.96897243,47.88320675,42.5547026,43.1709489,48.70851942,41.41550618,42.31463828,44.82264042,43.72048921
3710,1186,104.1258146,30.60938695,582,104.128296,30.61145132,330.0351497,,59.05201486,59.05201486,37.69436989,39.86555885,58.07070083,36.67057219,45.68692431,40.04920917,31.59911008,51.54561991,39.25528212,52.57197075,51.08652194,84.6933378,46.83617942,54.1041229,50.3621281,34.04374037,52.04898592,78.94528498,50.34434487,55.51993173,118.8126539,53.61520422,52.72975626,53.16879404,45.52208961,64.13638537,53.00330078,53.03081142,66.00702994,59.60501032,50.99255532,52.74759501,59.1843855,58.74544074,58.5765004,50.61255237,47.52506156,53.30917563,53.45403982,51.88325497,62.56956612,48.47438148,47.63821703,55.35532372,46.26060503,52.89702095,59.85524126,50.67685001
3711,1186,104.1258146,30.60938695,955,104.1276807,30.60790258,243.0296828,,35.3259835,35.3259835,39.18224406,42.88759108,42.88759108,38.37310781,42.88759108,39.7383887,42.7044226,34.37747969,32.68643305,37.17076402,38.7877798,38.7877798,38.7877798,48.56097269,40.55188218,84.66840565,42.45832493,44.94985865,45.0468931,45.341322,32.41006899,27.9225593,47.27741353,34.26358896,47.53884652,47.33409909,47.53053153,22.37613448,40.91543902,47.52741417,47.52793369,47.52767392,26.64690939,27.2981859,42.0784889,42.0784889,45.10244319,24.89066453,47.68967876,50.8455627,41.02027384,34.08728018,47.67106988,47.67191539,41.55784233,48.32994433,46.09154827,44.16243816
3712,1186,104.1258146,30.60938695,1168,104.1224601,30.60779753,366.6556595,,52.08485249,49.84744616,55.48480425,41.57355509,57.07025979,47.60404823,55.50827614,52.34476037,53.69330336,51.69557602,53.09263667,43.41974915,55.1144522,57.70909857,53.93096524,67.49989129,57.00233735,54.37929886,51.58974103,47.70889789,51.37906821,56.58994102,47.20677274,58.2973086,52.31385786,47.63408612,38.99439806,44.28855388,49.61170285,48.80833369,52.47938744,53.2209207,53.30554032,57.8204151,54.07153222,52.75282625,43.70729716,50.28671773,53.81187188,53.07268947,44.29397229,69.39561983,50.7677067,40.50733283,54.3287017,48.92159253,47.52592733,44.21977803,49.54836348,53.98223795
3713,1187,104.0336123,30.68105059,1444,104.0280154,30.68462845,666.8420956,,153.1569397,142.2596471,131.3415434,132.614538,137.231224,125.5491311,137.6437164,164.1457466,132.9279173,143.1169661,160.7841838,166.8324775,187.9461853,162.1052608,112.5076295,107.8450828,90.8469837,95.1258897,144.3678764,130.4476222,177.461929,143.3771112,152.4944003,130.8543199,112.6351991,169.1578304,104.1390523,130.2163565,153.4291861,171.606917,127.6931672,134.0978868,132.4921483,112.655335,130.0651765,154.4807943,123.5165072,96.28201382,112.5924342,137.0767763,128.5048669,132.3621571,133.3010953,133.2989926,116.5826731,117.7875219,116.4413037,143.8615463,159.2698853,151.9707666
3714,1187,104.0336123,30.68105059,1594,104.0343495,30.68190113,117.7829497,,30.23305661,29.96598014,30.50493661,24.47437916,20.2879722,20.68383507,20.48399125,20.48399125,13.33391883,15.36299344,15.36299344,21.77245797,40.9679825,40.9679825,49.68968191,40.9679825,20.19136281,20.19136281,20.14340232,24.76021132,32.86966038,32.0014052,32.0014052,21.46929716,27.92658303,25.08985911,31.4865311,29.65165167,28.01885148,39.40693484,25.28938085,23.04449016,18.72046883,20.6586416,19.64185843,20.13742328,19.88655402,20.01120243,19.94868351,19.97989406,19.96427658,19.96817866,19.97013028,19.96915442,19.96964234,19.96964234,34.89865176,19.69889054,23.8883729,45.34958491
3715,1187,104.0336123,30.68105059,1609,104.0387343,30.67848323,567.1874378,,87.40128191,68.81814272,68.81814272,56.66627501,56.57730053,57.43670256,55.96733055,58.1580076,74.33600045,63.44040582,113.7082214,97.40883758,47.48545991,73.68433434,78.96240035,55.60444829,85.89148199,95.47047463,63.46532479,62.37906649,95.02616759,52.05544362,68.11925858,73.5242975,78.93063363,72.06118163,104.3547586,73.13305072,48.77574861,62.4426537,96.41980416,74.87521249,60.78455513,103.8241411,59.37840134,70.16751808,59.66904664,59.60711314,62.74647199,89.95043066,52.11523165,62.56349095,65.08313142,55.35035988,53.12351593,65.01060577,53.18767325,73.29055191,56.61390321,53.92274936
3716,1187,104.0336123,30.68105059,1769,104.0310763,30.67761252,451.9024524,,104.9579889,67.25603793,72.16341381,79.64988145,143.9689229,143.9689229,143.9689229,136.7099856,130.1479063,76.55759194,130.1479063,130.1479063,159.4949832,109.9222182,119.1830644,91.1399904,144.6087848,111.8109161,71.98446144,141.927924,141.927924,117.3032053,82.02599137,99.95998947,99.95998947,99.95998947,101.0465111,92.10750622,85.39888864,69.62263174,91.39600161,86.53451216,91.39600161,102.4786664,92.96279021,77.83965687,72.95286227,145.9057245,98.74651464,98.74651464,76.91956637,86.47701415,94.45838123,104.0628249,216.9131772,104.0628249,98.34854378,98.34854378,98.34854378,104.9862111
3717,1188,104.1096861,30.68729676,657,104.1111145,30.6886652,204.2516645,,79.06516045,62.31406714,75.63147349,59.41866604,53.96741227,56.30214335,32.41018147,51.12208522,68.00517847,75.96136283,52.33494606,43.00035042,45.24959952,43.16864926,52.31749138,55.06621051,54.17865934,59.31381838,54.17865934,40.99385884,29.57768989,40.11073323,40.10759958,43.40914567,50.14590739,51.28140532,47.74714235,60.60214223,53.46932119,53.28082778,85.00647309,55.46682696,44.20677309,59.06033356,79.63602804,57.96207977,78.78278488,51.53583926,39.807749,51.96508779,48.20888328,41.74909821,48.43115378,31.423333,44.47415276,44.39583349,50.62347623,49.71432865,42.21347641,39.04279605
3718,1188,104.1096861,30.68729676,702,104.1090332,30.68661379,98.18900417,,35.3480415,16.27418643,18.45693531,19.92508043,20.37351095,17.94316827,25.49969671,21.43929735,22.58660799,17.0506079,17.79189204,18.19824209,20.73198915,20.35395863,16.28629288,29.45670125,27.12125947,19.74947943,36.4412799,23.5207152,24.80080869,23.17904361,15.76278328,20.32303107,17.21645253,18.07616155,23.33204059,28.79677515,20.94698756,32.0929041,19.07654889,34.7685654,18.88866697,30.73742739,22.58660799,27.5082035,18.21477179,27.4761302,23.1032951,29.95596737,16.1998357,28.39200121,18.26143008,17.45366819,22.47888172,16.44796224,17.34873203,19.78435158,19.42200082,17.09404425
3719,1188,104.1096861,30.68729676,1344,104.1128606,30.68484116,408.0733968,,132.0507172,132.0507172,132.0507172,132.0507172,132.0507172,132.0507172,132.0507172,117.5251383,117.5251383,117.5251383,113.0049407,115.2207238,114.102076,114.4725373,114.4725373,208.3779047,147.7684052,147.7684052,147.7684052,103.3036668,89.79381504,96.07614002,92.82880761,94.42456248,93.61988558,94.02050235,93.8197663,93.9200271,93.86986993,93.89494184,93.88240421,93.88867261,93.88553831,93.88710543,93.88632186,93.88671362,93.88651777,93.88661569,93.88656673,93.88659121,93.88657897,93.88658203,93.88658353,93.88658281,93.88658317,93.88658299,93.88658305,93.88658305,93.88658305,93.88658305
3720,1189,104.0196137,30.63832934,87,104.0184715,30.63982391,198.5438166,,30.09506273,30.09506273,28.41979085,27.43791707,22.87224767,27.07415681,26.41594696,26.29271015,27.35914793,25.42490848,26.3565887,25.88236695,25.88236695,22.82317784,25.88594462,32.68968919,27.62464524,28.36188883,30.9418935,28.36337175,22.23196702,29.26335073,28.36337175,28.18365964,30.59422287,30.22231458,30.22231458,30.22231458,26.39917783,30.22231458,31.05769195,31.06889815,30.22231458,30.22231458,30.22231458,30.22231458,23.29458837,22.81748571,24.84851185,20.30201285,26.37482435,28.89855403,26.71991551,31.95636789,25.6645508,31.95636933,35.8574117,29.81780942,29.63494127,35.45901659
3721,1189,104.0196137,30.63832934,605,104.0209969,30.63933628,173.2781747,,18.93175809,17.82289797,20.18774851,21.34958205,17.65892226,21.06844117,23.76386396,21.90698609,23.47324286,25.25511858,23.05678909,21.86858647,22.74572211,18.12059343,19.61639714,21.62223324,24.81310378,21.22758149,19.77929942,19.43306632,21.60698045,23.55152638,19.86853268,18.76094523,20.53017361,20.40471964,19.82887442,24.25220773,20.66137772,21.68644246,21.96483905,20.31375233,20.57053352,22.68368832,31.50512267,23.22773911,24.08499726,19.0764963,24.08499726,24.08499726,22.7122772,21.36306263,23.24725822,28.76870541,25.06233142,22.04245332,22.68368832,22.56063034,24.95205716,18.47502227
3722,1189,104.0196137,30.63832934,1845,104.0180527,30.63718421,196.181938,,34.70540427,34.70540427,34.70540427,34.70540427,37.07375206,34.70540427,31.0441748,24.86813299,28.08170882,30.89704602,75.67017609,34.33978817,34.33978817,21.73092236,32.49639464,32.49639464,32.49639464,32.49639464,23.04257673,24.84990389,25.86422437,25.86422437,25.86422437,31.25022021,28.3032677,28.3032677,28.3032677,25.11873065,26.61608251,25.84573778,26.22525431,26.034113,26.1293341,26.08163664,26.1293341,26.10546358,62.50044042,25.49656956,36.21820394,29.92605834,29.92605834,29.4272907,29.4272907,29.4272907,26.9049515,26.9049515,24.52274225,20.98826083,24.52274225,34.45146228
3723,1190,104.0842695,30.62916042,769,104.0821153,30.62726348,294.6685619,,48.00030873,28.47039245,36.70611844,38.62746738,54.940362,46.90376519,37.55068399,59.93258886,42.31379429,34.89496128,31.76068332,57.65254472,31.66587531,50.81709331,33.95668447,57.48072733,45.67521304,31.66587531,32.79155557,49.22537461,37.172381,30.17942597,43.29823767,36.32900078,50.15635096,37.57285087,38.11281999,62.49230179,32.40754042,25.87333714,36.57954562,40.38604655,51.87319427,37.48434003,35.6573722,42.63478816,73.96677438,56.48598631,31.80830053,32.74095132,42.60268365,23.7051804,66.49920123,48.43866771,52.71089803,45.60158293,46.57768706,54.84230252,54.40034989,34.83766249
3724,1190,104.0842695,30.62916042,1746,104.0872468,30.62967908,291.0831249,,24.25692708,37.59279819,28.24526279,28.24526279,28.24526279,28.24526279,45.53608907,17.61175209,49.23181816,83.83193997,41.38622629,56.33866934,47.71854507,36.10333332,78.59244374,37.83029782,53.01345276,88.67976722,39.99615457,28.01869651,66.74517514,34.6222219,26.39544709,31.28057462,31.28057462,87.32493747,42.8296696,42.8296696,42.8296696,69.3973013,40.14939654,74.74317045,28.98753111,22.65728107,60.57221096,52.59218317,46.47003324,86.96259333,25.55851828,43.30162189,29.27092876,37.11567591,37.11567591,68.04540582,21.29876524,49.19714787,57.26225408,31.99692365,93.22947061,47.64261194
3725,1191,104.0514275,30.61130347,912,104.0470481,30.60795889,560.0473473,,20.22237162,30.56862205,20.22237162,21.68702528,22.37703052,36.09973949,22.61548458,23.78260631,30.3868945,35.75562758,23.61777177,21.26762078,25.92311733,20.38594995,23.49164521,23.69177967,28.91257816,24.0163246,21.74941155,26.8126343,21.71427518,22.57117772,20.56966962,22.13487006,23.57306356,22.46429471,22.57433674,21.04562057,21.17270097,26.65129478,26.54602305,22.67908268,48.72919517,21.16714383,24.87052365,48.72919517,24.00917476,24.29121024,25.71236028,54.07699018,20.14156294,42.86987987,22.43513112,20.89295803,37.96931168,26.06555204,23.60855328,35.8962098,24.46066667,38.30596169
3726,1191,104.0514275,30.61130347,954,104.046579,30.61154818,465.5672047,,42.1513219,36.99871825,48.97127646,37.7062303,42.06536626,38.48546353,37.59224199,34.82081587,36.18397964,37.46182246,35.29747849,37.66386375,42.73436861,36.62679058,41.12986348,36.31726841,38.12074155,47.40161029,62.03438885,52.43092607,67.64294812,41.48618656,43.74660847,46.38492446,47.85956416,37.28680616,58.19590059,50.63570806,37.25917607,27.85179783,35.00505298,50.4072763,72.97715254,31.76040487,45.53224496,56.81498091,40.26795898,33.2630501,89.54809991,31.29863561,37.1265947,30.97408097,39.03824388,47.87323442,48.02412427,39.64617237,47.82834716,39.5603919,36.0180932,41.95174009
3727,1191,104.0514275,30.61130347,968,104.0550112,30.61128466,343.5423865,,37.05995879,43.27495255,38.16744959,48.19857923,31.67100106,35.04375701,37.07316099,35.82194327,36.13198237,25.95152979,30.03527705,38.64851848,33.49363822,33.94903103,51.53135798,32.00071392,26.49427145,33.5818053,61.67947707,34.961204,72.60778425,35.35472836,37.38648134,33.58886732,36.13346687,34.0707104,34.96730474,21.43473119,34.33655994,39.58136044,21.03320734,94.77031352,35.23344356,26.31710885,31.13677219,21.15824971,27.98434525,29.76938573,23.83554381,20.43065112,29.42897303,15.33481204,30.88985555,63.75013358,29.94086062,21.13203915,38.52511771,36.71931984,25.09444006,34.43394686
3728,1192,104.0707151,30.61665206,106,104.0708672,30.61744157,88.70577189,,19.77342284,18.40580858,21.57707965,21.57707965,22.48878724,27.52937748,23.74280883,24.94849834,30.70584412,29.56859063,18.89590407,23.8314014,30.41340751,31.85444178,31.65707844,22.17644297,31.70618964,35.68053394,31.71849126,29.50030289,29.03097989,23.6548725,23.48093962,25.90124599,28.13575144,30.22151027,29.03097989,28.94327301,30.22152663,28.94327301,31.41056889,29.03097989,17.54619664,30.12648857,25.14494321,31.30791949,31.41056843,31.30791949,28.85609446,31.4105684,31.4105684,28.85609446,31.4105684,31.4105684,31.72259391,31.30791949,29.03097989,17.54619664,30.12648857,32.04088082
3729,1192,104.0707151,30.61665206,1228,104.0695448,30.61657893,112.4717457,,19.75113583,21.31199392,19.75113583,15.97704585,23.38039177,22.33693593,22.24765965,13.59696806,16.51971785,13.75022474,22.46768295,20.09753232,14.32785235,24.97445086,27.80417404,22.19837086,23.78951363,23.40615912,20.35090854,25.12945133,15.57301094,15.57301094,15.57301094,15.57301094,15.57301094,15.57301094,15.57301094,15.57301094,15.57301094,15.57301094,15.57301094,27.08349729,19.77525199,22.8594656,21.20580214,22.00160486,21.59637487,22.00160486,22.00160486,23.27001635,22.61804155,22.77758604,22.85820534,22.81782448,22.83799706,22.82790632,22.83042816,22.8316893,22.83105871,22.83121636
3730,1193,104.0483609,30.69380317,503,104.0455286,30.69339601,275.0018723,,36.17506239,43.10546211,40.94979278,35.99132164,58.06491145,45.02588927,45.55166346,43.0350006,52.48340092,43.17517402,46.86422439,38.71694958,36.26398316,32.72749555,58.92897264,37.21246948,38.39524948,37.20518578,37.20154499,37.32908924,37.20291021,39.16940614,39.71066319,53.67968383,44.02475777,50.1692605,50.1692605,66.00044935,58.69605178,33.24110222,51.74603404,47.36874355,51.74603404,47.36874355,60.48921019,51.74603404,46.91975072,48.76880494,36.5653459,48.14622445,28.44846955,47.44441247,37.18335175,45.46268252,30.46174585,45.00030638,36.82033437,37.13976048,54.39597474,34.18531562
3731,1193,104.0483609,30.69380317,1558,104.0472725,30.69684411,352.7862801,,40.83699705,40.83699705,40.83699705,40.83699705,46.64942547,54.39103248,62.56308416,37.95668286,43.53146901,50.00120505,52.48060365,38.77956056,38.77956056,32.15267363,62.56308416,48.56713607,48.56713607,48.56713607,53.64437628,59.90710417,59.90710417,36.04628028,49.7076559,42.47594008,77.44089075,76.27811462,76.04973703,76.50786797,57.42414204,42.07389615,49.65502094,43.73760167,73.20061143,60.25051314,71.6182674,51.99715899,57.46744834,65.17155142,57.76148304,43.05188503,70.45939575,53.81485629,50.09982676,46.35148206,47.56668945,35.77551009,53.52326465,48.10722001,36.74148336,84.66870722
3732,1194,104.0755086,30.68312123,301,104.0753424,30.68266948,52.53905504,,14.16783507,11.06085369,13.51004272,11.8956351,9.687098496,10.4866259,9.915627688,10.4866259,11.8956351,11.09329021,11.58594782,11.35127371,11.49354185,9.623435138,9.885397117,9.972674302,11.21386945,13.35895926,11.75516458,11.75516458,11.28523855,11.86764537,8.161406608,10.70102394,9.568664323,10.85066178,10.48778226,13.38258949,12.27500713,12.61287679,12.61282203,12.7126636,12.96732542,12.66676951,12.1687798,9.068037978,12.09065999,10.27013247,10.54675804,10.0073351,8.817743503,9.271566048,8.985301575,9.631602706,8.744701126,9.654648494,12.38468577,11.18854459,12.30406785,11.18854459
3733,1194,104.0755086,30.68312123,817,104.0700717,30.68477421,552.08201,,74.16027,74.16027,74.16027,93.52918758,93.52918758,93.52918758,94.7930955,94.7930955,126.861398,96.95098712,67.89052898,84.92057265,75.45659364,75.45659364,60.08551267,75.42676417,176.6662432,89.32562858,167.0164064,76.29540253,93.91243317,76.51569725,65.30652474,76.57096984,76.5986361,76.58480047,76.59171766,76.5882589,80.22180569,76.58998824,91.30912262,205.9580555,103.6233178,107.2871922,161.1482624,73.17616884,92.2806842,114.0054629,66.54559941,66.54559941,66.54559941,71.26432579,104.4218163,84.71414131,84.71414131,122.1820842,85.6678981,70.16752819,72.74872753,64.81969243
3734,1195,104.0222988,30.64833345,1379,104.0243652,30.64894136,209.1566914,,32.20471332,46.97636919,31.53776289,43.27379822,41.67697909,28.10878541,40.0868193,34.65887637,31.76735139,39.64272927,34.41334959,47.23245722,31.2433232,37.57774618,42.15334298,46.33625163,43.35310033,42.05585522,44.49022402,47.46207318,48.38348699,39.13883842,36.61089573,36.61089573,36.61089573,43.69230692,39.83936979,41.67697909,40.73746199,41.20186534,40.96834762,41.08477467,41.08477467,41.08477467,70.59038333,51.93975178,59.84563693,55.6131273,57.65180401,56.61411839,57.12824942,56.99884322,56.93435972,56.96658325,56.95046693,56.95852395,56.95650946,56.95550231,56.95600586,56.95587997
3735,1195,104.0222988,30.64833345,1457,104.0204302,30.64710515,224.9339936,,33.68162399,55.65377161,43.67257763,46.47129853,34.8472244,30.32817891,27.73158825,27.21890343,26.72483092,32.42832813,29.00424901,39.16033862,29.02374111,29.02374111,30.44219462,65.83433959,65.83433959,65.83433959,65.83433959,65.83433959,65.83433959,65.83433959,65.83433959,65.83433959,65.83433959,65.83433959,65.83433959,65.83433959,65.83433959,65.83433959,65.83433959,65.83433959,65.83433959,65.83433959,65.83433959,65.83433959,65.83433959,44.98679872,53.44966185,48.85444205,51.04884961,50.48197168,50.20322787,50.34221393,50.27262482,50.30739532,50.29869817,50.29435074,50.29652436,50.29435074
3736,1195,104.0222988,30.64833345,1466,104.0222798,30.65034092,222.4971754,,34.6598802,48.3494868,36.86949742,36.86949742,36.86949742,36.86949742,36.86949742,36.86949742,36.86949742,36.86949742,34.7312664,65.12112451,28.01554259,39.17691482,39.17691482,60.03135783,47.41224356,52.98075124,50.04206291,51.46949457,51.46949457,74.85886275,60.99893816,67.22192041,63.95941836,67.22192041,66.82503367,89.87263186,66.43280591,66.43280591,66.43280591,59.18644076,62.60061948,60.8456736,61.71067217,60.8456736,61.27512029,46.15446908,68.85299413,46.15446908,37.42943138,85.66736165,94.23409782,94.23409782,156.0369802,117.5046207,88.79333005,66.47218518,71.35766873,30.63058629
3737,1195,104.0222988,30.64833345,1775,104.0238047,30.64667783,233.4363503,,73.00519064,73.00519064,73.00519064,73.00519064,70.68539952,47.30042369,68.50849409,55.96254346,55.96254346,55.10628597,74.04148556,55.10628597,43.76931568,46.14253184,47.42833784,46.77660037,47.10021465,46.93784973,47.10021465,83.75789316,61.34093876,46.36528889,54.21747491,49.98488393,52.01521771,50.97984371,52.01521771,52.92632859,53.86992699,81.58940399,39.87524845,53.56945728,45.71891798,49.33382417,47.45763267,49.33382417,51.74000491,54.39293599,80.80489049,80.80489049,80.80489049,44.23004532,83.30813988,127.3289183,78.90806207,82.55116514,78.90806207,30.5589404,44.05613951,44.05613951
3738,1196,104.0715214,30.67202107,158,104.0733448,30.67124245,194.8399982,,21.64888869,24.71978832,33.52085991,18.48555181,25.27654031,34.21580456,25.78764682,23.48517835,27.4261581,23.72347216,25.59941582,20.93802966,23.33219105,23.57727709,19.73063273,40.78046474,20.53950201,26.58167668,20.18486312,26.63214024,17.06627721,17.31911095,29.45612571,31.79258894,21.56568773,22.26742837,45.69537417,34.21580456,28.39773253,24.917371,18.19517493,22.30992346,29.72135566,22.53933141,53.95569181,28.72334126,34.21580456,20.26260934,34.21580456,35.47023987,20.47953266,38.25949056,17.31911095,22.69300427,45.99501597,25.04240667,17.9277698,25.64621549,25.97866643,28.34036337
3739,1196,104.0715214,30.67202107,946,104.0707136,30.67059491,175.9906607,,29.70735048,26.64842812,30.73699835,23.78103391,35.39476975,20.87533372,35.27161467,34.01698677,18.80018927,30.57015095,36.24225423,29.37711183,27.0986475,31.67831893,35.1303301,32.49058351,30.12201483,28.03391055,25.96583519,27.47951453,26.36198524,23.96846325,27.88584413,22.98028214,28.36864382,28.16893865,19.76806173,26.97461963,42.66440259,16.7610153,30.905677,34.81133948,21.35017282,36.72848571,31.0467718,29.50747368,32.1281125,31.28079219,26.86159435,25.77369758,18.52533271,29.51528206,28.28421333,23.57456292,20.67100746,20.67100746,28.22121953,35.29617708,22.66784896,23.12286053
3740,1196,104.0715214,30.67202107,1698,104.0726142,30.67363721,207.4714213,,23.1107406,20.13199775,27.12402866,26.52671019,28.72681218,25.95513283,25.0426527,40.98200915,28.02615822,28.02615822,27.17224617,33.54328368,21.26700218,26.86680276,23.90070773,28.12112638,29.29008301,26.80894173,37.67450778,22.37893983,20.23425985,26.99628132,23.69597451,23.2316366,24.80561663,26.02428978,28.78216249,26.85472779,26.20691637,27.53537757,26.85472779,25.07768719,37.49483517,34.83458831,33.3883378,36.41180337,34.32431602,29.52162517,34.32431602,34.36040889,34.39657775,37.91355922,24.85514531,24.89657056,24.93813411,47.81671682,27.7699935,21.55547234,24.917335,27.66285617
3741,1196,104.0715214,30.67202107,1778,104.0698106,30.6728792,189.4880062,,55.34273213,27.17756264,27.17756264,27.17756264,27.17756264,27.17756264,27.17756264,27.17756264,27.17756264,27.17756264,20.0045989,23.04583859,21.41779662,21.80285489,22.00062318,21.90129258,21.95084551,21.92604105,21.93843626,21.93533614,21.93378642,21.93456125,21.93456125,21.93456125,25.11006708,23.41514107,23.41514107,23.41514107,18.41179008,23.41514107,36.28493736,28.46284124,31.90140059,30.08418469,30.96615521,30.51879921,30.74084976,30.62942206,30.68503474,30.65720318,30.67111266,30.65720318,15.93824351,20.97294926,18.11222816,19.4378978,19.08861448,18.75166226,18.75166226,17.42897642
3742,1197,104.0385742,30.60321236,334,104.0364277,30.60445821,247.8195303,,15.76237295,13.53794096,19.19634877,14.6254149,15.10838796,21.64100204,14.80133238,14.4244189,12.35665248,20.58016861,13.20725846,12.70869386,22.22043111,24.12031927,15.83933083,16.36973044,29.32293538,12.60989836,14.16111602,28.65699003,13.03836769,28.12811872,13.82642866,13.78903105,27.93479011,27.96682678,12.27166863,16.17679618,13.06223,27.95891434,12.34810116,35.08019149,40.07414499,37.46587878,38.6168065,13.50208565,37.46588314,27.09301192,27.09301211,13.73595549,22.80256381,22.40997166,15.55623904,12.36521565,23.07471769,23.07471769,25.67339019,24.01410615,24.14462845,35.19330608
3743,1197,104.0385742,30.60321236,473,104.0410529,30.60553353,350.2059925,,72.87523543,26.15194274,71.43011745,35.51384713,49.440846,48.52738926,36.67611849,122.007249,31.62725802,38.23808638,31.9478384,41.48455562,37.92702058,33.8909025,28.68581509,29.09627447,32.4749651,30.77366047,54.97419651,38.7920484,31.6620078,47.01628092,54.10908039,57.39339482,31.97094062,42.76116133,42.73398454,31.9943538,40.57092753,37.57799025,75.93280172,54.64449299,57.06155483,46.80999121,51.20945903,58.76157957,54.73909241,53.64857757,39.22045646,42.58063292,41.55149375,32.6987602,41.31744478,44.47060222,39.23819421,40.74112607,43.18864752,43.18212276,43.18538489,34.56997894
3744,1197,104.0385742,30.60321236,1031,104.0400367,30.60236365,168.8362632,,10.24112127,10.76247096,12.0897175,11.87129976,17.54142994,12.59117895,14.74373675,11.24533853,11.20904652,18.55910069,10.49759149,10.57981806,16.22992116,13.31944224,12.22958848,14.57579251,14.42654309,11.73946012,19.41886733,19.29557294,13.69328184,21.97435096,15.67532037,14.67230096,16.05840284,14.19779251,15.50879039,15.96560409,14.25417004,17.46582033,15.10259163,15.18577258,16.05840284,20.8869604,15.41362335,21.28933617,13.25168345,15.93908779,14.25319325,15.10115726,14.25240398,14.25112655,13.50403132,14.61027463,15.51864774,17.45811238,14.48538774,16.62324465,13.91293337,12.80949521
3745,1198,104.1288734,30.62014553,244,104.1259875,30.61233806,908.4289056,,66.06755677,127.9067899,66.06755677,77.91369956,53.43699445,61.43963613,114.5278956,230.3059197,98.93893538,94.18967653,124.8222924,56.33667632,139.2129433,98.11032181,105.8284777,88.6272103,152.1090261,54.89457088,106.6747829,56.97463519,54.36980981,180.3332815,73.40839641,188.0859273,169.9763025,75.5857641,107.4592791,53.78855362,247.7533379,138.7208509,110.298282,155.9162842,117.4270758,69.507844,127.9978106,111.2361925,203.4428653,136.7391244,127.7062438,170.7751467,156.6944649,77.31309835,49.25216958,114.5813977,58.50347156,97.33166846,130.9447071,102.9219216,176.5367914,219.8550629
3746,1198,104.1288734,30.62014553,843,104.1333581,30.61806707,487.6965485,,86.27555649,86.27555649,54.02177153,56.63572821,54.69494002,58.91636156,60.57645456,65.80613098,43.837892,70.93767978,52.40918133,69.87890844,60.23010548,52.1303746,57.34092916,65.30686917,66.02214234,65.78763746,63.38294493,84.61241323,42.87442185,54.56273539,58.62128797,54.33721472,63.58072312,60.23010548,53.4055536,54.35508021,58.69512961,70.08812673,53.20325984,49.38699225,71.80808076,132.0080883,67.12917298,64.68017751,75.03023823,43.78323129,78.9082056,54.69494002,63.15494873,81.85116898,50.9269782,35.94078965,50.65149873,52.19979781,48.53372701,54.35627166,65.02620647,64.13543652
3747,1198,104.1288734,30.62014553,1408,104.1214847,30.62452531,858.5732829,,225.6104977,151.8106001,131.6381524,116.1978879,100.6796032,75.3869224,108.6037884,117.8819153,88.56343319,107.6956034,312.2084665,97.96715748,172.9712856,162.8946757,153.927481,173.8393599,116.6363705,116.6363705,110.7836494,118.1651924,154.781316,158.5683885,153.5832953,216.144323,145.6159409,108.5601943,138.4344544,162.6770431,98.1226609,103.9819619,152.4470441,143.9524067,145.2083673,140.6216478,146.4864369,154.0809481,185.2833897,148.4802475,170.9233448,99.3846887,135.7342957,113.9939238,85.97674043,125.3928079,139.324652,153.7743193,75.3869224,171.3684576,137.6776757,150.9579399
3748,1198,104.1288734,30.62014553,1455,104.1321073,30.62839123,964.9894002,,91.45442979,131.4745384,107.7436105,90.29792511,96.84708312,85.56556258,90.85746352,80.62106848,76.59932661,127.5912529,80.63978275,131.4472048,91.22798951,116.3806312,102.0419601,198.7960996,87.60831812,85.6182832,128.1904738,71.64449259,101.2643198,106.3186485,134.9882315,97.52612491,90.07679794,81.50057104,80.90559643,148.5657238,120.8334553,55.31786371,88.79135695,174.5709468,79.10580474,95.38610216,78.38361554,87.70416159,97.5969052,96.41524623,106.7737997,95.47598305,76.54306856,88.33467463,99.50877329,121.2552126,84.524619,100.0565046,74.2639575,103.6075706,101.9229076,88.68317533
3749,1199,104.0667701,30.67849467,785,104.0679123,30.67806439,119.3578063,,23.22638393,18.98474681,14.25561856,17.52398461,21.4208121,22.4967593,12.10389022,16.63845509,28.69369634,16.28634628,16.28634628,16.46840381,18.56295033,15.45640657,15.40100726,15.42865719,14.76591418,14.54368918,19.36167935,14.46761288,16.86705015,23.30090484,19.0277825,10.17013261,19.33596462,11.41269861,17.90367095,17.90367095,17.88769979,17.4619258,16.02118205,21.83513194,15.75151132,21.43082806,15.07677553,15.07677553,19.29736988,18.40206007,15.54025688,20.96039525,19.01274791,21.08898663,17.65236984,25.77392219,23.24732747,21.42192452,14.27535225,21.99427235,13.71345009,16.47893011
3750,1199,104.0667701,30.67849467,1586,104.06481,30.67529443,401.3222458,,50.87183397,72.60100929,48.9472643,83.99767935,83.99767935,83.99767935,85.65771253,84.81957447,85.02756751,85.13194708,85.07972528,85.10582814,85.10582814,114.6634988,112.7617627,114.6634988,114.6634988,127.0118756,120.5222177,122.0816549,122.8766052,122.4778402,122.6768986,122.5772886,122.6270734,122.5772886,99.17175519,83.27147463,66.88704097,83.27147463,98.38339019,120.1963465,142.1075493,130.2367865,135.9134605,133.014585,134.4483988,133.7276487,134.0870551,133.7276487,133.7276487,110.5525101,101.7369512,105.9616927,103.8063548,104.8729508,104.6042522,104.4704186,104.5372926,104.520566
3751,1200,104.0968239,30.68454342,84,104.0946566,30.68181985,366.3525489,,38.50417078,40.07198408,37.55772534,32.8798592,34.81396857,32.75066243,90.7062707,36.95461577,32.27907427,41.1095521,37.10479083,35.80408854,38.65384455,46.44960742,40.35883817,37.29130563,38.06260248,36.56139349,37.44659784,31.21583849,40.59843549,33.33845238,39.26666695,38.04430315,34.5253711,37.94007219,37.64612301,34.70370116,42.36700506,38.02602142,34.14400697,35.43759541,44.42298871,37.53573334,30.22948341,31.35685155,40.12786539,32.54458177,37.35115197,50.03297329,43.93567818,26.77906956,31.40164705,34.94618908,35.91202658,34.80700801,39.74892031,47.8329241,45.1667526,33.87506446
3752,1200,104.0968239,30.68454342,275,104.099622,30.68819597,485.4980327,,56.27150411,49.25210175,39.18818201,50.93131377,57.15477167,44.75261196,54.38544818,79.71689476,60.9766107,53.98769421,52.39885495,45.79062461,48.66244782,49.98237903,72.69849223,48.10439224,50.73031689,48.23715505,54.69177659,46.17174466,47.42073807,47.92120719,53.40169322,53.77824362,52.14585175,48.54980327,56.46669858,50.48130107,53.23642908,53.37587167,51.26208278,44.76529745,53.99051402,56.0115236,54.36369884,50.55599349,46.70121357,55.88962963,45.18206595,37.13441043,46.74805531,56.15664261,42.00362438,53.8018928,49.24351147,48.29046559,53.41359313,34.71286828,52.53134575,42.82756476
3753,1200,104.0968239,30.68454342,1329,104.0929173,30.68648862,431.8556487,,56.29985695,68.05980206,51.30958202,63.11286883,42.10373285,59.89137729,74.03239692,67.3410483,65.9073152,63.89097269,60.54387954,69.77527452,66.67398007,84.83930889,46.13294764,63.32710124,46.54731543,56.07503464,50.31327946,47.76283672,53.68371324,112.522099,50.15097856,87.0327825,62.43696126,53.95519261,61.01571175,59.65772584,82.2582188,63.01541603,73.12701483,63.19838761,55.36610881,55.22843109,96.56399598,60.08954213,63.75203611,60.08954213,67.88997097,64.36119142,61.18112382,68.82923455,67.98274218,55.92375307,67.15681794,68.06831591,61.50248575,79.99263226,55.48466579,67.30217902
3754,1201,104.0476212,30.66415736,1270,104.0495264,30.66355098,194.5120161,,37.85098692,22.07228551,38.58089576,35.95600811,46.28614547,32.86424945,37.85098692,44.6014814,47.21557238,44.31919354,42.2682047,44.17938536,45.7675332,63.27499317,63.27499317,63.27499317,63.27499317,63.27499317,63.27499317,63.27499317,63.27499317,63.27499317,63.27499317,63.27499317,63.27499317,63.27499317,63.27499317,63.27499317,63.27499317,57.55424036,60.27919005,58.88520738,59.57404533,59.22762356,59.40032937,59.31385075,59.35705856,59.33544681,59.34625074,59.34084829,59.34354939,59.34287408,59.34253643,59.34270525,59.34262087,59.34266306,59.3426525,59.34264722,59.34264983,59.34264853
3755,1201,104.0476212,30.66415736,1595,104.049146,30.6673649,384.3382001,,73.72739894,73.72739894,73.72739894,88.74514708,79.97789135,134.0065395,145.6439495,97.43785355,129.1591618,129.1591618,129.1591618,105.0184076,113.5275914,123.5372786,101.7365824,101.7365824,101.7365824,120.4309254,72.29876004,83.68654359,95.39448573,89.1577943,95.39448573,103.8199797,118.6635952,113.8779852,116.2215473,115.5421729,115.5421729,115.5421729,66.04379572,119.1489791,122.988224,155.7125827,90.82828363,150.3932087,150.3932087,127.2291973,59.29789374,110.248408,71.73648842,57.53087403,128.1127334,83.97305211,124.0912574,56.24461465,59.12895386,118.2579077,62.51283978,62.51283978
3756,1201,104.0476212,30.66415736,1727,104.0447227,30.66539556,309.7643485,,53.16087828,38.28846883,38.29942717,38.29942717,38.29942717,39.94334624,41.73471761,83.01377083,58.13759033,70.50484643,78.02810409,54.51160322,41.17989862,54.75376372,47.05281243,42.00194556,56.09414762,62.42579238,56.09414762,34.48922643,53.91547082,77.02505671,56.75072034,38.60882821,58.82980591,31.98331705,24.72620077,85.91307046,49.17978631,55.20552746,59.00273305,57.04100535,126.7217789,29.71096771,49.59903579,49.59903579,39.48604265,32.79857808,29.73737746,38.67577993,38.67577993,38.67577993,25.5534293,35.19771655,36.51446151,33.97263228,37.86593055,35.5143839,29.69778042,38.93685945
3757,1202,104.0888813,30.64903065,116,104.0894982,30.65024457,146.9511223,,15.82710938,20.15992532,19.77510352,44.58067754,18.93816243,23.06551405,20.08795192,16.86395305,36.73778058,20.99301747,20.99301747,18.56619518,26.03678322,68.70442082,15.65880538,19.64350115,17.58528666,15.80945955,20.0387894,16.64415425,17.09286075,16.66422472,16.67427812,21.03475309,17.44268312,16.67050667,18.73021457,19.53325794,14.53362748,16.67113513,18.25450254,17.51735233,19.739703,23.51217957,23.51217957,13.68313069,23.51217957,20.90411551,20.87638354,18.35693916,20.50480776,23.51217957,19.26789129,34.13058324,21.14510278,32.126966,40.26058145,21.95120499,29.47209138,24.95396416
3758,1202,104.0888813,30.64903065,1037,104.0909857,30.64806866,228.0972339,,27.212926,27.67477272,32.29695347,44.05311384,26.23482562,32.88985482,51.0453818,29.17051659,20.00852929,38.97864123,26.04069901,33.7431731,34.04906877,62.49239285,24.01023515,32.74775841,23.02365149,25.87657696,34.50210261,39.10238295,31.38153027,25.1886516,46.70933117,34.67428201,34.07261585,32.39250659,32.71514112,33.9178043,42.67297918,44.38648876,49.83378542,51.89852795,22.21325632,57.69204044,50.37730319,83.66885436,34.17898198,51.16199639,33.76439318,39.10238295,50.92403361,47.78758732,37.1561105,44.14785172,43.38969839,28.78473697,53.90481678,58.23759163,49.5863552,68.31531132
3759,1202,104.0888813,30.64903065,1479,104.0879033,30.64936446,100.7554867,,17.0825629,17.95642337,17.50859624,17.50859624,17.50859624,13.9507597,15.43488307,17.27236915,13.02404855,13.02404855,13.02404855,13.02404855,12.22307505,11.62563308,13.09457589,13.09457589,13.09457589,30.73896204,26.96801131,26.96801131,26.96801131,26.96801131,26.96801131,14.08620397,24.67481307,24.67481307,24.67481307,7.783685668,11.83424966,11.83424966,11.83424966,39.85931342,18.25005042,18.25005042,18.25005042,10.10361427,16.94952113,17.78038001,16.19284608,17.78038001,17.78038001,25.01515532,34.21884454,25.01515532,23.40127433,13.81789532,36.45424644,21.98301528,21.98301528,21.98301528
3760,1203,104.0651384,30.60060628,203,104.0612128,30.60054761,376.4096772,,116.8167964,68.69834413,20.60950324,26.31213278,33.17196666,25.41162378,35.54627643,24.20857236,31.10347753,28.44956863,25.91673187,40.46725198,33.17196666,39.11878862,37.19327094,22.06962277,28.51074201,28.02636686,27.93968738,25.4474148,25.88490617,30.20226236,22.52825998,23.14389134,23.75240733,30.65149746,25.86020683,20.11989366,28.34884598,27.5359529,25.16387814,22.55638515,44.41897414,23.77845734,26.70098203,25.90139862,24.56236253,33.51046531,29.98078805,25.64972247,21.04153475,22.65253825,24.81822047,25.06960525,30.73893772,29.25260819,28.32909069,35.34977838,21.19788561,24.72764303
3761,1203,104.0651384,30.60060628,808,104.0685263,30.60045404,325.2346725,,16.17188979,22.14198427,20.29193797,25.45314828,20.91801405,26.9469464,19.64504733,21.28808765,23.60970904,24.58169036,20.34482747,19.67806422,21.70240632,21.94648212,21.50311884,17.16781262,21.52090471,20.22960912,22.71279963,19.69461431,21.83732958,22.65316127,20.55143868,19.89540902,15.27520967,26.34071588,14.65387761,22.13961116,32.47835842,21.02055334,22.65785817,19.13145132,19.07195769,16.70249388,20.95030598,21.73598059,19.57729871,19.87369968,20.9961624,20.04871269,21.17533587,72.72328081,20.41993119,20.99605166,16.71441572,37.63045798,18.16671561,22.89099058,27.21137092,21.76659292
3762,1203,104.0651384,30.60060628,884,104.06559,30.5913448,1027.354652,,56.76863772,74.56606345,56.76863772,87.72478053,84.34382548,83.11183702,78.99157631,67.49045159,79.09619231,82.37797226,82.23405775,85.96467763,98.61508935,78.3575582,80.8999653,66.63922067,62.54910995,47.75308905,58.79931236,55.16820924,51.65470317,59.43715142,78.10520558,54.63038031,105.2650551,95.88920876,59.70099673,62.2639183,80.90786935,81.06462957,54.59006269,58.6129437,52.79766948,42.58464879,47.23469664,86.31217613,78.37831517,86.31217613,85.96110975,71.56033694,85.61288767,80.71972167,72.42743416,69.81551198,105.4826966,56.29340559,75.03249529,58.09125781,54.07129747,73.82189116
3763,1203,104.0651384,30.60060628,1239,104.0650829,30.60485238,470.6226902,,21.73962812,26.93547988,24.151699,25.9653898,23.49035265,22.00313876,24.84597934,26.36765497,28.46269105,29.36294081,35.29670177,23.58026005,24.19481163,24.84225344,22.05325981,23.81225137,31.52077553,26.98911485,27.18646054,27.38671349,25.5831134,26.45420754,25.5831134,25.5831134,25.37375223,25.5831134,26.84904219,28.93666413,28.246777,25.13711698,23.50936658,27.50888537,21.04648056,116.8442541,25.86628526,20.58616871,24.32507803,21.20452672,26.8161077,23.87516906,23.4497119,24.65451826,25.00222502,26.2917704,30.54889442,25.88209112,26.86074807,25.09987681,25.95047574,31.38012886
3764,1204,104.0746665,30.6189463,474,104.0747506,30.61768468,140.0576135,,18.00740745,10.60373099,12.28463307,15.29225243,15.23860698,19.71100112,22.71204543,19.9488589,20.80063567,15.05096742,15.95593065,16.0002351,16.04478627,13.14752043,16.42369409,18.29047431,16.42369409,18.29047431,14.85147006,17.12079486,12.20841183,15.05096742,12.91184145,14.43169685,13.14180908,14.80060886,13.14180908,12.57375084,13.25698708,13.37420182,25.43932435,14.92473829,14.36488344,28.40605119,16.50433416,16.50433416,16.50433416,16.50433416,14.14326532,17.91145324,14.37512213,13.46348221,13.46348221,13.92838145,13.46348221,13.46348221,24.2407408,25.11618474,20.20871377,23.02316934
3765,1204,104.0746665,30.6189463,645,104.0770091,30.6189983,224.6265588,,21.40694912,15.52618775,19.11533827,26.97927569,21.71081828,26.57397703,31.7899012,31.51629536,23.55021803,25.1917636,22.14146792,24.69244759,23.02222382,23.73163937,27.27337645,35.87830567,19.94218524,22.10493917,21.29442032,23.76069378,48.64093905,22.18026821,18.65195737,37.72887769,30.5153061,19.80219439,18.10668692,17.80983618,19.18735421,21.14477821,24.57338861,25.88388194,23.70989516,20.87751149,22.5597883,24.19494687,30.92373276,19.94218524,30.0615469,26.96963508,18.98809772,21.42742229,44.43162702,24.80538686,19.74929352,71.56244351,25.91467365,23.83331679,27.94380501,30.35853906
3766,1204,104.0746665,30.6189463,997,104.0743822,30.6227454,421.9323369,,46.593755,67.67460071,41.44492259,47.79813392,53.39038358,42.15420203,76.4392156,68.42146004,46.39805767,37.64452076,35.67719114,52.70087786,40.99747403,33.30233305,56.46678115,41.21199569,29.40864304,43.92977389,35.45511953,54.59602672,39.71127877,63.18454296,34.3655297,30.72737181,33.4694766,77.89520066,44.4139302,96.90312044,36.53289074,46.6056685,85.07176773,41.90224587,47.18069963,54.58962849,29.76886649,25.49654071,40.63417924,51.89399361,42.65732964,42.47344041,50.83522131,41.52990876,39.5748947,68.69220635,57.17527275,43.82809105,78.70240481,73.27839345,80.44102657,42.92184526
3767,1204,104.0746665,30.6189463,1060,104.071513,30.61882626,302.557852,,30.94341668,59.65929475,29.84132239,62.71832631,25.90269363,31.46485124,53.61156359,28.81503352,40.69271234,56.28983293,30.76859512,44.90551719,31.84819495,41.38853453,50.89758258,32.44910428,39.5117872,33.16712141,31.17962597,35.90796486,38.35240377,36.44868714,32.08271774,37.83850059,37.36990852,46.54736185,39.44025107,44.00841484,36.98500058,37.55890577,20.66808856,30.31191839,69.04648287,43.05171017,50.30985068,74.26420002,46.8332793,43.91968819,30.94341668,33.77389976,33.61753911,26.12010233,31.96502618,21.78416534,32.10636012,36.58130201,32.33991292,41.89262566,34.50501374,48.19505607
3768,1205,104.0271056,30.71034592,1348,104.0345205,30.71425947,832.0641513,,81.637909,82.88026593,72.50158681,74.51320758,81.78385209,113.54149,89.84795368,78.48290684,85.66532729,122.1974312,125.0701856,106.3685529,77.72769237,96.91710936,70.17408504,90.35273527,96.44014632,65.11806401,75.32517044,90.52018358,72.44089346,77.80340116,94.96384336,168.5983646,83.85343236,88.02899102,74.42551059,82.67058726,161.6239719,96.62680467,113.1774916,104.2493368,81.7564608,221.337262,88.57182368,96.62680467,71.2118876,94.57833385,72.5285943,88.4110919,104.0408601,86.31122157,97.25425145,74.08320556,68.59765522,67.08691925,121.3543935,88.67218754,62.23194484,66.87296002
3769,1205,104.0271056,30.71034592,1522,104.0306416,30.70598336,590.29758,,52.89536498,54.91140279,51.02211976,54.91140279,58.70362674,54.48900738,39.30464774,54.07306076,54.07306076,55.05366031,54.55895476,71.67188155,52.69860603,48.16025582,56.61195572,52.04521752,54.2326192,54.2326192,54.2326192,65.70586136,65.70586136,65.70586136,63.43496382,63.43496382,45.24637235,63.43496382,63.43496382,66.27041438,63.43496382,64.82169664,53.57322574,66.33937424,63.24616929,66.33937424,70.60037502,68.40358222,69.48461978,68.93986336,69.21116964,68.93986336,68.93986336,51.94185855,46.2411813,48.92602433,47.54573062,47.54573062,44.06576025,71.39097271,54.96821749,150.7142757
3770,1205,104.0271056,30.71034592,1669,104.0201392,30.70653513,789.598833,,103.7429124,90.54785253,73.41311464,82.61099421,75.95339476,114.3885633,93.35158617,78.271385,105.8398436,84.09928399,106.6625065,78.49266506,107.2437736,72.97109403,125.380533,125.5545848,132.2118976,90.32179116,92.06658458,99.56412605,83.1561911,78.30732228,107.0642485,90.45523624,63.8776584,112.7252795,141.7733565,285.6839999,109.5819506,136.268255,100.5502582,69.24618267,92.89398035,86.80885017,88.82986871,84.87774855,102.6193429,79.40099997,81.9573993,79.80224028,59.94423869,110.8208888,120.7030063,119.3348362,113.5243771,61.22898867,64.77529356,70.01368963,67.29269991,89.67052993
3771,1206,104.0683075,30.68501094,209,104.0675126,30.68327023,207.4071355,,44.84478605,39.61091182,24.97209658,43.94305175,39.61091182,40.46968498,36.60125921,37.50518315,64.36773171,34.09432364,45.94865771,39.14367957,33.88319832,28.25396518,35.54845567,27.65428473,44.31250373,29.46395348,29.39628692,28.66279032,28.82879103,28.78711085,28.87059209,27.85741169,33.17822955,27.85984785,34.81275903,21.7053979,35.34528472,55.72131999,29.74177017,47.25849037,30.41408097,28.31127675,31.59375266,28.30331177,29.09725516,28.30132124,28.20250527,27.42581481,28.30057486,28.86999989,28.30066815,29.46274242,31.82555683,32.11654182,33.25336088,45.62112144,34.56785592,33.57193903
3772,1206,104.0683075,30.68501094,287,104.0671143,30.68639269,191.0871895,,25.66842844,26.77575928,26.77575928,32.13299567,31.08044649,32.58968254,30.48362845,27.45249946,30.15675647,33.67499813,22.30770595,27.56939664,26.03782387,26.03782387,23.75188199,26.03269185,25.05300937,25.02642591,26.24373418,25.27062821,23.82867126,26.33835297,25.60771363,24.33451347,24.95488442,25.93422535,24.78582829,23.79084521,24.27814676,24.03202596,24.26808202,24.94758977,25.6268659,26.62555685,27.46620059,30.45270345,30.55414671,28.59746402,27.59358739,26.13246303,26.90804115,22.32391876,25.35386528,24.15029365,25.20275831,24.23948988,22.70342846,32.22079074,23.30923786,20.50413956
3773,1206,104.0683075,30.68501094,817,104.0700717,30.68477421,171.0153683,,27.76348707,29.52783338,26.19809897,24.62621304,25.92232951,31.78943162,21.12025132,28.04807863,34.26653019,21.04804533,20.53651313,26.53686749,43.43247449,28.50256138,21.50760964,21.50760964,21.50760964,23.43122078,27.14529656,20.51424633,21.98769021,26.88451205,28.70187999,22.2660154,31.51819075,20.94807943,20.0866338,23.14493706,23.05825191,39.29714845,27.42339982,22.49654053,16.37381186,21.12759476,21.12972502,22.66737412,30.6296182,27.85770705,23.33473568,23.33514595,23.33494082,17.59015217,61.56553259,25.56708164,31.62612975,26.14247668,18.91414212,25.08782909,22.534968,65.8454894
3774,1207,104.0511427,30.64230117,728,104.0503621,30.64027361,236.8384633,,40.50444028,42.47165469,45.51850346,50.05587875,53.96319417,41.1672007,38.13425873,39.61061407,47.83273312,29.65629453,35.59993603,49.62854877,38.14847731,47.14940837,37.39554684,46.93312666,32.76781199,47.63231664,38.42546926,42.67359699,43.41787233,46.80430747,49.33183036,45.88081442,47.28013686,38.6211403,27.54825421,32.95780703,23.39145317,34.03666538,43.12376644,41.93893103,39.98210869,51.98893097,37.0256512,29.86404441,47.67670837,51.98893097,40.2415796,51.98893097,38.66750421,46.71882016,34.87192098,43.50094224,41.28902992,44.29186846,36.3589965,50.06987647,29.1992626,53.79296327
3775,1207,104.0511427,30.64230117,1280,104.0459409,30.6447893,569.6720827,,81.61305562,73.90340532,74.95000448,106.8135155,112.9391672,89.83564758,59.61684586,55.42755399,141.9798114,87.94251705,89.75140034,75.95627769,100.6846025,82.10462145,69.31371348,60.39135884,84.22256664,84.04997941,166.192828,93.75999112,84.11265651,93.44778642,102.8716337,102.1913728,93.94169652,107.1365699,61.98504526,82.58333549,77.82996196,60.08260248,92.85728642,89.55543658,92.79726234,92.79726234,92.79726234,86.59336374,81.16699858,70.59619613,45.53329258,87.5616742,135.4570342,102.5409749,116.5238351,172.3377729,65.73139416,104.1025126,95.70490989,95.70490989,95.70490989,125.4323852
3776,1207,104.0511427,30.64230117,1895,104.0528196,30.64164579,176.3519447,,32.72510314,36.6975145,35.27038894,48.27885939,40.85373236,20.81531151,46.17214552,46.17214552,47.73436097,46.17214552,46.14417936,46.11624703,31.12093142,31.17186583,31.17186583,31.17186583,35.15645599,40.30901593,45.67388496,19.59466052,36.48660925,28.68992257,28.68992257,28.68992257,28.68992257,26.84427065,53.57527434,25.70311745,25.87773102,25.79012867,25.83385558,25.81197361,25.81197361,25.81197361,20.04315709,22.56469163,21.02208612,21.02208612,21.02208612,21.66781573,31.62475721,29.80596248,29.80596248,29.80596248,29.80596248,29.80596248,24.23156492,24.23156492,26.38995847,28.97046289
3777,1208,104.1044176,30.64089419,1072,104.1010221,30.64333997,423.5021802,,38.30672987,50.99022905,177.2799824,55.70361157,78.42751625,177.2799824,118.6465252,42.85615878,143.8309291,49.05430659,85.31661157,206.0280877,43.31272298,68.98678049,44.97368285,44.3199956,36.12814807,66.46389265,60.79433166,89.5511218,56.34522386,49.50025483,65.08464669,45.24058898,54.41200347,177.6242154,88.511341,54.74354933,68.67602922,98.04552082,56.72959437,73.741613,86.93416101,112.9339147,70.07543351,77.50366697,128.1183066,141.8239859,68.3359618,50.37944151,53.76751817,68.36806497,58.94102507,102.7825516,49.66149344,50.53948669,63.05954628,66.86876529,128.1183066,77.9850562
3778,1208,104.1044176,30.64089419,1728,104.1070034,30.63859978,355.0584151,,57.90985556,32.87765833,33.25785675,53.68257203,34.98750806,42.63543343,31.02452171,36.18941943,39.06340127,28.78852014,38.49616892,46.58348404,37.94517413,48.30270361,50.90781127,28.73458886,48.61963843,61.94880264,25.36131536,40.77225819,36.4681967,46.22822041,35.89417025,41.97734957,40.38579129,40.8373896,36.6249368,79.21303231,54.496282,45.26487013,34.66875407,52.66034921,59.33544001,42.67814005,46.49094046,51.05183402,42.37161196,34.75973607,44.38230189,41.83994417,45.46887424,39.53968852,79.42483189,73.73001172,26.96646191,99.08606933,37.83286283,36.18429708,45.46094704,38.68036654
3779,1208,104.1044176,30.64089419,1852,104.1027836,30.63833514,323.9710536,,23.71323198,23.6684117,28.53129148,25.74604399,45.88103041,21.96413923,24.2557184,26.2482174,30.80006495,29.12099358,30.37887891,25.28659992,21.95380316,27.27614318,25.43468224,43.10744203,23.60922658,20.40762542,23.32591586,32.21811583,40.88679379,34.75255641,35.82303883,53.37738183,25.82497924,41.65342118,22.49798983,28.75178923,30.48143203,23.87853335,32.39710536,19.77610501,28.38470021,21.66326061,56.78168418,31.59266256,27.46379418,30.91280027,26.48665692,21.39992281,31.19079471,22.5153628,29.66834974,21.05227063,41.20146631,28.82978365,27.0539502,28.59444175,36.37097067,64.45403664
3780,1208,104.1044176,30.64089419,1876,104.1079039,30.64564358,623.444819,,46.08626999,55.54823903,46.52047264,39.43476265,47.70881038,51.24203992,71.53470433,56.83399049,59.97064391,51.158611,75.1234114,48.86214837,54.95932289,43.9217485,61.45083415,56.48987946,58.95368189,49.12816557,42.23761653,64.1757599,55.41047644,76.60072861,67.0278372,72.77565981,56.35337784,72.14549789,69.92711332,63.97833729,70.54399681,65.93100656,103.2519022,79.18111051,69.55236598,83.62373621,60.92973171,55.2512373,36.63207342,54.21259296,62.45725194,46.71942857,45.29568816,60.72983934,51.68724973,47.07711271,61.18869543,51.09385952,56.16268623,57.37335076,62.23145468,52.82406608
3781,1209,104.0468563,30.60374601,417,104.051983,30.60576544,540.0478393,,57.51988821,53.85518619,62.26332174,59.27354334,56.28422394,55.7388825,53.19212644,64.93561194,65.02248232,71.08490755,61.58940511,65.02248232,48.30241544,76.36183117,61.63174299,79.71802306,57.77629187,68.25648526,43.59130541,62.61424224,63.90048386,64.00566984,54.45860564,62.82669968,71.87743179,31.40827498,62.24670934,61.65421105,62.5470956,57.06125974,64.42989963,78.3175592,55.63578755,68.21656917,63.02016925,94.83766934,58.84075879,62.08933242,62.08933242,68.53721109,50.64665716,53.63233714,67.27239521,63.39818514,59.59148572,57.81924822,43.10803152,84.04202688,66.88665899,59.09338059
3782,1209,104.0468563,30.60374601,912,104.0470481,30.60795889,467.2752251,,55.06352898,54.35188402,55.79405673,32.88338786,56.49675266,35.06508321,46.68241872,53.2507379,46.98857012,29.83269005,43.89278044,28.07924279,31.57956529,78.88350811,45.93012451,34.3304247,95.21834774,38.90020663,69.3411987,34.75600848,28.72266608,128.4115122,56.30764219,34.82796709,19.66817383,44.62907774,73.99666322,30.12398108,27.3685896,28.16713828,63.71934888,59.97115188,25.7373135,90.92923299,64.69964655,22.13263352,40.02580687,87.61410471,124.6067267,47.02138616,26.69387514,40.13338448,21.3747244,38.71555375,78.97609438,74.5982621,40.40995866,92.9387188,42.45276493,27.42618565
3783,1209,104.0468563,30.60374601,1221,104.0463133,30.6009013,319.5457936,,21.2833461,21.2833461,21.2833461,21.2833461,21.2833461,21.2833461,21.2833461,21.2833461,21.2833461,21.2833461,21.2833461,21.2833461,21.2833461,21.2833461,21.2833461,26.65967224,23.67005879,25.07607318,24.35278872,24.52966977,24.61907736,24.57429224,24.57429224,24.57429224,24.29492834,24.43381179,24.36417215,24.39894228,24.38154482,24.38154482,24.38154482,23.19283986,23.77234171,23.47901555,23.62476817,23.55166637,23.58816063,23.56989937,23.57902647,23.57446204,23.57674403,23.57617349,23.57588823,23.57603086,23.57595954,23.57603086,37.04878766,28.8153724,32.41746687,31.43507367
3784,1210,104.0910757,30.61650609,92,104.0925349,30.60819686,931.4646503,,196.0978211,227.5976974,364.4861675,159.0066105,152.9428844,147.7212661,164.9150529,124.6569792,186.8118519,147.0733658,158.9228787,201.700616,140.5002545,261.9744329,278.1861087,201.5257331,207.2470055,181.5851665,218.9041463,352.976078,170.6345057,250.2442344,278.6653248,126.2960443,241.8225534,120.9476192,120.2967799,108.8724916,121.715889,163.9742172,121.715889,128.3958931,267.1930471,248.3905734,181.257986,164.7799873,264.3841846,163.3750422,168.9306167,178.1286981,271.8869791,123.0558804,109.9433686,178.397202,144.8497944,242.2884929,91.6194738,163.8740497,282.5791635,127.0179069
3785,1210,104.0910757,30.61650609,1081,104.0963785,30.61839644,549.7765404,,64.39898739,103.9857555,89.65778235,91.20716799,84.46069185,101.5261323,133.2791613,118.8706033,162.8967527,96.181209,150.8277723,97.01938948,115.4723189,116.4232674,124.5896476,90.78878649,120.9777228,81.78493989,154.3232394,144.8191862,121.1046226,147.2615733,118.5147033,88.95260878,120.023987,95.61331137,97.78634118,88.10409425,100.9450295,92.70236747,147.4261114,143.1236448,98.96802462,161.507055,126.7090618,188.0470827,92.05560676,92.05560676,92.05560676,161.5669833,131.3988744,198.9141252,193.5643565,143.1606181,88.75316347,84.40066292,83.47513899,97.59346871,90.27117653,94.39724381
3786,1210,104.0910757,30.61650609,1337,104.085047,30.6139843,641.9236199,,105.8843084,104.7444774,104.7444774,103.6289252,104.1837151,104.1837151,104.1837151,145.341197,132.2772579,126.5880961,126.5880961,126.5880961,103.8617992,108.7424169,111.3588751,110.0350945,110.0350945,110.0350945,73.83147066,118.508976,118.508976,190.1995911,121.6276332,121.6276332,121.6276332,121.6276332,288.865629,161.3774463,161.3774463,161.3774463,161.3774463,161.3774463,161.3774463,161.3774463,161.3774463,161.3774463,161.3774463,161.3774463,161.3774463,161.3774463,161.3774463,173.7537618,220.0880983,135.9367666,116.4193971,120.6749364,119.5821491,119.0431439,119.3120378,119.0431439
3787,1210,104.0910757,30.61650609,1512,104.0904021,30.62313887,737.9344877,,151.227561,151.227561,173.1788889,126.3225942,189.3038591,172.1847138,212.8657176,143.4042729,148.7923914,174.7739576,116.5159717,202.0200879,146.3671711,143.0182587,162.9793961,152.3477652,117.2876007,217.7511603,175.4794672,175.4794672,175.4794672,175.4794672,175.4794672,152.1296582,152.1296582,151.371177,152.1296582,152.1296582,159.5534027,152.1296582,152.1296582,122.9890813,134.1699069,134.1699069,134.1699069,151.371177,143.9872171,143.9872171,143.9872171,123.1315947,209.17828,209.0137023,158.4431902,170.2925741,127.9244377,178.4925525,229.0141514,187.5221757,142.4976942,169.207908
3788,1211,104.0517543,30.71381514,37,104.0557493,30.71706744,525.6174909,,55.4904096,48.64326394,52.07441249,49.40529941,50.23600798,49.39455212,35.85113617,54.9722381,62.63046644,45.95961406,51.21036447,51.11155999,56.35809284,33.05192956,49.55625406,55.2473859,61.73647528,53.22708769,61.03945056,49.92672737,52.27135269,52.78167273,52.35571963,75.38736921,58.34727503,57.33966571,56.66043096,53.07158024,31.93625261,36.43269251,68.18821504,31.93625261,56.59689833,161.0402525,59.44155919,31.93625261,31.93625261,31.93625261,31.93625261,69.82372573,72.68462103,31.93625261,102.2823226,39.79438417,39.79438417,50.72983826,44.73340348,130.4981357,46.71794997,45.18024936
3789,1211,104.0517543,30.71381514,1588,104.0479146,30.71351714,369.1700553,,36.54479007,46.49605362,63.89481726,46.36538343,46.23544567,32.29677276,34.22349011,20.58887992,28.87587613,24.91119398,44.30040664,25.62774609,24.85296305,49.85042007,39.31988755,27.40231338,27.63019125,43.68158419,25.40322776,44.10438714,41.66182442,34.1745994,35.30433823,36.51132415,20.74960498,29.16099175,41.77094392,24.27419542,26.55981336,30.0681493,28.58090751,43.01010353,33.47637781,40.39550757,22.83526115,22.90413096,34.88220995,34.2676115,25.26639162,34.20147199,36.840255,29.04309876,31.42491899,29.11308213,83.67338086,37.08871254,29.59938083,29.10511249,27.41644557,29.72350459
3790,1212,104.0875146,30.70296586,576,104.0896026,30.70302465,200.0700202,,29.73790556,33.8146513,29.73790556,30.64902437,33.8146513,45.18519904,33.8146513,22.29882578,31.31530751,24.78286702,27.58831468,30.13606999,24.45677666,28.01174809,29.26366979,17.48184643,30.18342892,39.56976021,31.79920851,29.08762736,24.8122148,28.87746365,37.1263955,22.40286385,20.63759521,27.07714559,25.23879361,30.30354249,27.66431903,20.87687167,28.10282839,28.10282839,28.10282839,25.47498304,30.22300856,28.94273712,30.05224225,30.28283827,37.77545835,28.43872062,24.581982,26.58165423,24.63101987,20.60807075,34.78778374,27.95286181,29.86377649,22.02605727,39.44425371,39.39475631
3791,1212,104.0875146,30.70296586,1218,104.0866428,30.70587452,333.0035313,,51.34101553,51.34101553,37.91711268,37.91711268,37.91711268,37.91711268,46.5558335,41.79474885,41.79474885,37.66889906,40.08848419,38.84104638,39.45490775,39.03735301,36.6329324,39.03040245,39.02692809,39.02866519,39.02866519,46.5558335,41.48140874,54.00057264,54.00057264,54.00057264,54.00057264,54.00057264,54.00057264,54.00057264,54.00057264,39.43462871,45.58223242,42.2861627,43.87237741,43.06466862,43.46477091,43.26379475,43.36404997,43.31386435,43.33894262,43.32639986,43.33267034,43.33110254,43.33031869,43.33071062,43.33051466,43.33061264,43.33058815,43.3305759,43.33058202,43.33058049
3792,1213,104.0457739,30.63083865,506,104.0456035,30.63050946,39.97393983,,4.695995833,3.726760207,4.52460282,4.023800172,5.090232964,4.185854322,4.705892197,4.320858231,4.84436657,5.48214032,5.937609497,5.733660189,5.787111932,3.875142464,2.56582599,3.838285565,3.834211756,3.733943523,4.376708741,4.907751613,3.641219171,3.647540059,4.238768288,4.494727227,3.832388373,4.737652128,4.308568365,3.730072146,3.858936761,3.537641031,3.685177552,3.524233063,3.300600536,4.895957637,5.630559932,4.005739273,4.533668156,3.843904732,4.160390775,4.254881874,5.078668335,4.501288189,4.955004721,4.305345801,3.770767073,3.75407435,3.921149411,3.980744719,4.199968208,4.363748683
3793,1213,104.0457739,30.63083865,1580,104.0474315,30.63343808,328.9953959,,25.66377953,26.00183151,28.92973682,17.8640034,26.03040495,28.55312018,26.30501777,25.78249633,25.28032925,28.47075541,23.33760444,28.59448154,29.38916688,21.3402419,26.43713003,28.13262293,32.49337243,21.16860456,27.96183466,26.67530237,26.50813396,31.33289485,29.32852064,24.75200471,21.88439441,23.39753902,31.55550867,30.72330545,27.07162115,27.42898159,27.79590296,23.26882957,30.00337999,21.35948468,27.71568078,28.98164988,26.55568218,27.93357135,22.26284634,29.94648357,32.27202794,36.53624962,22.15871703,20.4615622,25.72882169,26.21723439,26.72454908,29.11821574,29.11821574,28.66888775
3794,1213,104.0457739,30.63083865,1817,104.047209,30.63016364,156.5678457,,23.55059518,25.27552666,22.0460591,17.42331513,21.4313401,19.52578214,24.19074011,21.88909687,19.57098071,26.21601137,22.41130197,23.48517686,23.48517686,23.48517686,25.16268949,24.00188409,24.54183938,18.78814148,21.69948968,19.67344658,18.69466814,16.43277681,18.69466814,19.05813168,20.87571276,19.43600843,20.13015159,39.32401707,18.71018239,20.42189292,19.58798417,26.96862414,28.39517605,20.83712549,24.0360019,22.32254434,24.0360019,23.14760758,39.41568143,22.0173533,25.10664786,25.10664786,25.10664786,25.10664786,26.52443504,19.04203529,19.40255575,19.40255575,19.63917228,17.61388264
3795,1214,104.0688632,30.6551454,331,104.0677955,30.65381329,179.6202945,,52.57179351,76.52462251,35.82454627,48.93032468,40.12793814,46.57621083,37.96851754,37.4859745,44.85316023,55.45738081,37.07758373,61.29223319,34.71431753,35.47568565,31.23831209,25.68552374,47.37238536,42.31891755,30.93938087,34.39537554,32.53499674,47.26849855,24.70422389,42.09850652,34.99096646,37.70455162,38.33792846,30.78077547,47.37238536,29.32576237,28.86754733,34.85892508,32.17079901,61.64280841,37.41922895,38.26231125,35.82454627,45.28242718,42.13649013,45.53753945,22.80892629,36.22594175,37.98138386,65.71474189,25.32977852,29.66206698,34.33449878,31.38995438,29.86987729,27.65753038
3796,1214,104.0688632,30.6551454,1524,104.0712373,30.65325114,309.5487818,,85.2294925,62.84073015,57.73966914,61.51915854,62.73754339,75.89391247,65.24447392,97.55090345,64.4147754,78.14695754,60.07415711,77.25307553,67.60620514,74.54017488,78.47007126,61.0951543,97.75224688,79.59825818,96.06686332,76.06659485,62.81711468,68.05347264,62.25562092,92.99379261,91.84414408,63.31679628,60.03370314,73.59662835,84.35848709,50.08429728,94.97519444,77.20847215,66.92946634,88.44250909,76.58938931,80.99641052,92.35157024,110.5531364,91.59251623,61.31365142,109.9712778,67.53791603,91.49225078,43.87305569,73.39466178,84.42239504,64.22914204,74.7903097,68.01885746,69.21587668
3797,1215,104.0451326,30.59689568,947,104.0481868,30.59674836,293.2852593,,28.04786807,27.70593309,26.63847191,29.83053516,45.50978162,38.46364056,31.66293441,50.1580491,31.97860475,42.00250111,38.97958159,34.39175679,28.46534082,33.78420959,27.3432892,24.87468971,28.42064424,49.45325215,29.62338836,23.31172622,68.85827829,29.88290118,60.76701775,36.50222761,85.49205939,30.08360043,36.78839489,26.6063066,38.67497925,38.34142291,33.80498419,34.34023391,32.22259207,39.55025192,26.59899449,26.59879136,21.83716512,29.82325813,21.55848767,24.94733412,23.48891954,25.87811111,34.50414815,24.86736644,32.63761773,35.27780283,32.90622047,31.77808679,32.01433503,31.47107582
3798,1215,104.0451326,30.59689568,1107,104.0446628,30.5936807,359.1506418,,16.26342529,32.60276879,16.26342529,35.16615531,35.16615531,42.8303871,42.59521681,30.71317287,42.57877854,42.55378018,42.56627569,40.60270259,52.02987165,25.73019523,36.85414323,42.5621748,50.55492905,42.56212599,40.31023253,30.3270284,33.63898213,34.50568276,34.96895418,34.91125028,38.28204904,36.888511,45.62126566,40.90510869,46.78357074,46.10241792,35.16296738,39.48518279,46.80063635,24.53400969,39.85608013,37.27113448,34.48679703,29.91104504,33.10991832,39.66872916,46.80177007,40.34205389,41.20437901,37.47658871,46.80177464,38.42086975,42.81265929,41.27131957,36.94491985,37.40165413
3799,1215,104.0451326,30.59689568,1221,104.0463133,30.6009013,458.1481365,,35.11710343,51.94750524,35.3554832,36.34493811,35.84338349,34.53377913,56.77567268,55.34675474,36.26901136,30.79987472,30.79987472,30.79987472,35.24844078,42.23644792,38.601965,27.58082427,36.31293024,29.87922629,41.9704381,49.71615046,49.71615046,35.33654615,49.71615046,41.31079002,59.65039029,34.03494204,48.72476489,40.07613392,43.2895877,43.2895877,43.2895877,61.38196098,105.4560928,105.5010634,105.4560928,105.4560928,27.71988725,45.18721346,45.18721346,45.18721346,45.18721346,40.00808469,40.00808469,41.58419896,43.2895877,82.46666457,23.23004636,30.2352574,30.2352574,45.8466516
3800,1216,104.1360359,30.59511501,14,104.1323295,30.59740351,436.5838356,,53.91772927,47.77209143,70.63828351,77.04420628,67.98018201,52.19433153,52.56527786,63.9943733,74.57659825,110.4055459,48.36935744,52.39006027,48.36935744,65.89944688,67.13088342,49.23877845,45.77772257,59.64712744,56.84274171,58.34082436,53.2780274,40.30004636,57.88956936,52.25941174,47.43566826,46.73047993,61.06660741,84.9568545,45.97299622,40.50777856,71.11772888,47.05694036,58.13940105,52.25941174,39.02425346,48.34146277,68.63326673,55.48115308,59.42161846,70.47990171,57.78315471,168.0964501,50.14291484,60.96593515,65.53308444,57.51130505,52.30288879,71.60372702,70.21003609,67.62431587
3801,1216,104.1360359,30.59511501,107,104.1400423,30.59261383,473.6901755,,41.51467901,43.70283526,39.53519239,68.65075007,37.28416795,37.28416795,41.59230809,50.11857845,39.73864566,30.52418792,48.86202383,46.65621428,42.6321158,42.23092204,50.60191786,47.76707652,50.67710644,88.58621464,60.388723,34.55490642,34.24266329,40.19312395,40.65040839,36.68405784,48.19132992,40.69891723,45.39355719,51.80086974,51.80086974,33.02681663,49.65471058,58.23396581,64.59411484,48.34600983,44.8544499,57.76107404,55.11311708,64.59411484,60.32846574,45.45001684,41.46084687,39.24705712,64.59411484,52.49721802,52.49721802,52.49721802,53.62530289,64.59411484,42.15784009,46.42335659
3802,1216,104.1360359,30.59511501,362,104.1396892,30.59845534,509.629512,,73.5459994,60.75808232,56.53825095,47.53021355,58.09736091,60.92706495,48.09085828,55.7649314,61.15554144,50.12749298,54.11994818,52.72029434,54.11994818,50.41850141,43.11789056,55.91292788,56.36056169,41.69696007,57.47701263,46.52577118,60.9371832,50.58158213,61.60732852,56.10600132,60.66444829,54.3363318,40.41115073,49.407529,70.83653449,63.99998522,68.09246089,66.29326985,69.85878127,44.01790411,44.74795715,51.39121129,61.2576375,69.85878127,50.7655297,61.79618642,41.72857262,73.09427264,76.08213095,66.95425848,47.77776675,51.03383152,61.05378513,54.44113481,51.63225826,60.95236688
3803,1216,104.1360359,30.59511501,636,104.113379,30.58869562,2285.848059,,270.0579985,251.6529973,253.5917723,271.1384848,266.3123952,248.361761,232.1312556,274.3017671,208.4689955,196.6320911,214.857781,274.3017671,236.8072809,374.0478642,283.5160383,237.6621809,257.8024127,258.6735721,259.6555701,259.6555701,232.7879211,276.3281737,257.0324025,271.1524444,263.9036869,243.715475,244.3305526,265.6792977,265.6792977,222.8801358,279.4245505,302.1684093,298.3770666,195.2789039,216.4504618,232.980149,239.6181493,294.1933843,237.9234385,237.085041,302.5387137,256.7141374,279.3059996,304.6575021,310.3838949,294.0510275,273.8453581,311.7065535,307.0542169,246.2559505
3804,1217,104.0270254,30.68807602,449,104.0295217,30.68599766,332.0120067,,50.64589933,63.57676724,57.43600308,45.16032332,45.59096849,56.72874895,55.43799741,53.70974439,43.19412787,53.77418199,50.53882554,38.57178618,70.30842495,41.45352223,67.06372418,53.21652823,58.87897656,40.01930437,56.91634401,48.32519775,59.39096766,48.58712293,44.10491602,40.01187066,37.06818326,62.90753811,89.86791159,64.00231454,52.5381637,43.78180308,45.18877974,54.2881101,49.10276853,47.5647704,41.95011377,46.9643703,46.06917784,52.79982296,50.40248163,52.12627305,52.69515537,37.06819097,56.91634401,52.80897898,47.70160532,59.18266429,44.33864636,44.14564078,40.07894567,69.89726457
3805,1217,104.0270254,30.68807602,1546,104.0240807,30.69024439,370.5602899,,63.82856668,80.72720385,63.82856668,68.44037846,44.44254448,73.77052777,46.05352279,87.04842047,67.03603234,67.03603234,90.74945875,67.03603234,67.03603234,67.03603234,67.03603234,115.3993982,115.3993982,115.3993982,136.4723318,62.51251376,45.52959193,47.59247391,52.47903397,49.91644691,51.16567432,51.16567432,51.16567432,62.99962426,56.46931768,62.99962426,62.99962426,83.5065442,62.99962426,60.00076659,67.58794395,72.89710621,112.9326598,76.15701485,98.45144234,78.01269261,66.95192189,70.95835339,89.23190927,51.25906027,49.40803865,57.45945629,61.19344237,58.25401937,61.19344237,82.34673109
3806,1217,104.0270254,30.68807602,1600,104.0253277,30.68653923,235.4939053,,34.11581727,52.98612869,52.98612869,55.77487231,41.88626774,27.88743615,33.48254578,59.0100737,104.2350073,55.89745443,40.71940726,41.45613981,34.00179382,64.22561054,42.47385066,33.73761463,42.38890295,37.57167721,42.38890295,72.77064885,55.5313139,56.67597054,57.86880949,43.03441924,48.03275122,45.39641548,46.67738797,46.67738797,46.67738797,49.12621202,46.67738797,47.87050295,46.07489452,59.56286131,59.70268022,57.0510134,58.34673497,56.51853727,104.6639579,69.74408162,67.93093422,52.25134417,69.2467493,40.27449212,69.49000484,45.01476421,59.28517896,46.3266699,42.17801289,34.18459916
3807,1218,104.0866428,30.70587452,943,104.0886043,30.70813837,313.4265779,,38.29193485,41.94556433,37.11630528,37.11630528,37.11630528,37.11630528,37.11630528,37.11630528,37.11630528,37.11630528,37.99110035,37.54860833,37.76855834,37.71332962,33.23521886,37.69954766,37.69266046,37.69610374,37.69610374,49.05807306,40.5876144,47.4090622,47.4090622,47.4090622,48.84570045,48.11666015,48.47843955,48.29687236,48.38748563,41.1191684,44.45821803,42.72355187,43.57362751,43.14440284,43.35795292,43.25091427,43.30436745,43.27762436,43.29099179,43.28430704,43.28764915,43.28681357,43.28639579,43.28660468,43.28650024,43.28655247,43.2865394,43.28653287,43.28653613,42.72650126
3808,1218,104.0866428,30.70587452,1212,104.0875146,30.70296586,333.0035313,,49.49680895,56.28228698,49.49680895,51.01330692,56.28228698,75.20782388,56.28228698,37.11494467,52.12229186,41.24946968,45.91895479,50.15952773,40.7067135,46.62373214,48.70747436,35.38930517,50.2383536,65.86129131,52.92771358,48.41446318,41.29831716,48.06465937,61.79446973,37.28810926,34.34993446,45.19557823,42.00832984,50.43827481,46.04545907,34.74819457,46.77532938,46.77532938,46.77532938,42.40145177,50.30423132,48.17330281,50.02000191,50.17614815,62.87479261,47.33440014,39.96042376,44.24343397,42.01446423,39.99375188,57.90200262,46.99690478,49.70631291,36.66093923,65.6523939,65.57000871
3809,1219,103.9988935,30.6724723,797,103.998596,30.67045434,225.4638964,,29.58158781,35.34763319,27.99300924,31.12625008,24.82171337,44.47506997,29.30216704,79.57549285,38.21122135,28.39248018,29.4261037,47.60528018,32.71214215,27.45219933,35.36688571,37.57731607,44.40208025,47.09884104,37.06961114,40.00838088,32.90109554,31.41948492,34.56857015,44.43449052,44.43449052,58.04553234,44.43449052,29.89851835,41.75794351,44.67908405,30.10133764,31.17810604,35.70396014,44.2648624,36.9500771,40.89017768,60.05361997,24.48476703,35.63277296,40.05280173,37.60125205,42.8321914,47.32769837,58.7929613,44.81269991,32.97795945,50.41428739,43.43015868,36.2647047,35.67388318
3810,1219,103.9988935,30.6724723,874,103.9960912,30.67274279,270.1366188,,51.83858357,41.55947982,43.16704371,53.33593206,40.40824768,47.20834115,48.36262716,30.77505784,49.97388631,40.56274568,47.82746694,64.61739719,35.10800822,34.85633791,34.37581575,45.35523486,37.04760175,49.97816674,38.98739475,38.55269882,56.75018622,63.81179972,37.94395962,42.50991631,49.82027806,40.57960537,40.26050979,39.28993781,36.42291489,43.03061184,50.45353192,42.25317502,44.20417399,40.21330784,38.89967311,34.55752364,40.99773415,72.03643168,54.12755997,40.33492415,41.55580602,32.40424793,38.67791221,39.23445853,54.20801715,81.04098564,47.90600136,44.71226794,56.10529776,36.42291489
3811,1219,103.9988935,30.6724723,1739,104.0014678,30.67222384,248.1534678,,36.49315703,49.10778656,38.01499932,51.98227254,33.76602261,49.5585845,56.30372798,47.35083837,29.79828166,39.30526328,39.49974137,39.35473498,36.4633667,37.58846356,47.07360864,29.21839686,40.84563938,43.79178844,39.7929837,30.51067227,39.05366051,41.02652051,38.25920703,20.03032476,26.43054687,30.2012334,69.61188189,50.71064242,42.43954794,37.64125636,22.81870968,37.64125636,38.04197946,38.04197946,38.04197946,71.46819873,49.65368137,71.46819873,58.59650075,74.44604034,48.63988116,35.59173243,41.10517565,41.10517565,41.10517565,81.3988596,76.61685112,63.47086921,58.16096902,59.00610859
3812,1220,104.1229835,30.65335278,570,104.123888,30.65480711,183.0073139,,27.28059338,30.57198747,31.9560063,29.23785489,31.54165554,32.20988372,33.93461085,33.04976103,33.00593751,25.73540352,35.64434609,31.20920559,31.84017704,26.4611027,27.40827166,32.39067503,36.10478322,32.61516485,32.55472909,39.5225222,34.82563195,23.65624165,31.37268238,28.42832061,30.24451401,31.73537235,41.9157267,26.58165544,35.62828283,40.37750745,27.07505466,38.28539162,36.08359636,36.21584067,45.65494513,40.94208161,43.54676756,40.79420076,32.61516485,34.79716545,34.79716525,35.62828283,32.39904932,33.39263889,33.61716151,33.58681307,28.89910994,27.9748863,33.59629106,38.27186141
3813,1220,104.1229835,30.65335278,862,104.120455,30.65309272,243.9825856,,107.5515071,40.75811175,42.60326474,40.05186084,38.94202209,27.57730952,44.64230283,34.07710216,41.87997569,40.15256266,36.76974602,46.22827938,46.10694531,54.55511231,47.30721587,37.37605567,62.00028056,62.31920827,41.62736058,57.4076672,55.86879743,56.01640996,53.63891958,61.40709256,75.71873346,45.86617797,42.53449434,81.32752853,35.20390013,48.33110647,67.56440832,58.36128293,63.53253585,55.94505148,49.57689415,44.66121905,67.30554086,49.57689415,38.02326009,49.57689415,43.26784769,31.44405638,49.37742805,66.79371165,42.20239318,54.95522505,52.83231929,65.54756031,45.92621192,45.93610253
3814,1220,104.1229835,30.65335278,1850,104.1229471,30.65199995,149.972783,,38.84187186,38.84187186,38.84187186,36.81150127,34.83238831,34.83238831,34.83238831,31.38965226,31.38965226,31.38965226,25.89458124,28.37855552,28.37855552,41.10929078,57.43638498,41.10929078,36.31627928,38.90718367,47.25619421,56.43575109,51.77142645,51.77142645,34.49853155,38.22315177,30.85154393,42.84936657,30.85154393,30.85154393,30.85154393,38.12194308,30.85154393,21.59608075,25.40715383,25.40715383,25.40715383,35.82288277,38.53493888,63.51788456,41.69127558,40.29119543,24.1027687,26.79414485,26.79414485,26.79414485,17.08550692,36.89535437,36.38971144,35.89774061,46.67740795,46.67740795
3815,1221,104.0463133,30.6009013,653,104.0485173,30.60075701,211.9033815,,15.10349131,17.78210194,15.15098656,15.34450716,17.13344079,14.98580048,18.3047912,18.1956392,15.3298603,14.17940843,14.17940843,14.17940843,15.12970181,16.38780179,15.7652087,14.6702341,16.22744466,15.09477464,17.63106658,19.05418534,19.09479989,16.32001173,19.07447099,17.59006299,25.99155616,15.9691294,18.8206533,17.27802962,17.89015449,17.89015449,17.89015449,19.05939221,21.39110949,21.9394274,20.75628103,20.71369067,14.09182703,20.00486469,17.88892854,17.88694744,17.88793793,16.94877993,16.94866877,17.24810803,17.55822875,22.17792399,15.54066052,19.92511668,17.46187444,21.02391428
3816,1221,104.0463133,30.6009013,1031,104.0400367,30.60236365,623.1866319,,37.80070556,39.72504426,44.62400547,43.81781006,48.75522927,46.47493526,46.93455805,41.50734274,41.37338635,41.86883748,38.74735535,39.05085944,56.22736528,49.16300676,45.14027917,53.80028477,46.1145298,43.33118059,39.74263729,46.27305345,42.53027251,51.43734326,45.55272842,40.88597533,39.05085944,40.24164798,41.46898105,58.93017796,46.70251106,56.75347002,38.21928237,49.67096401,37.63640479,38.18675532,56.8927779,66.70382186,48.91290424,42.40967627,34.8906979,49.95007355,36.60420745,45.56728431,41.08922848,40.3049068,43.87931041,44.89166008,33.38499814,43.06088052,29.92293264,61.82922725
3817,1221,104.0463133,30.6009013,1209,104.0468563,30.60374601,319.5457936,,39.75915405,37.75814629,40.9966093,36.34644098,35.92644775,26.5366749,43.20619181,43.11712357,25.29664336,21.48207016,23.79244792,21.48207016,44.53025253,47.1461007,40.72087989,100.909198,51.95196129,35.14352924,50.78873541,28.73330634,34.67565507,41.2317153,32.22310524,26.52544098,37.50743841,35.48944028,48.67552287,48.58985668,26.97797258,42.71156648,34.93894782,41.01122485,32.91964265,47.60130442,72.65462256,34.20311765,60.38660666,31.5168454,31.5168454,36.20752697,26.97463005,31.25991459,27.90454474,29.51545496,35.21525072,41.28103553,37.51189751,40.93825114,29.03128977,31.91025956
3818,1221,104.0463133,30.6009013,1215,104.0451326,30.59689568,458.1481365,,30.51495451,41.58950598,30.51495451,44.85947302,44.85947302,39.56421689,49.4614507,39.17905547,34.11237418,32.15074642,34.11237418,41.72886253,44.46641091,32.82255306,29.69096834,38.85736625,41.37556078,48.80887668,46.27542552,36.41582244,42.91134466,44.01694558,42.47210193,38.03079745,48.8342422,40.84313448,42.08410731,41.5623677,38.67961372,55.16164854,40.98186064,49.38123627,48.50980269,45.42314417,44.21637032,43.57551629,26.38933266,41.47527136,34.11237418,40.9779684,36.6926205,40.42483557,51.59456994,38.8459264,50.48979463,49.01132792,51.99783123,49.64133307,47.12854221,47.71117227
3819,1222,104.0716805,30.60578435,447,104.0716305,30.6042902,165.6644771,,17.03977479,14.58171437,17.08859936,17.40020766,26.89479673,19.4001231,21.68698609,15.90909283,21.45295387,20.73505841,17.21810516,16.72909166,18.10265951,18.75692678,19.23845541,19.10747673,22.81021645,18.53228565,20.47917991,20.51035959,23.19087949,36.81432824,24.29733946,20.70313888,23.42237084,31.98644827,22.61202341,20.85287124,21.6968483,26.92515203,23.91307609,26.27278051,25.14654044,27.20146488,27.69087023,27.44398585,23.29656709,27.50529331,25.45348762,22.25343722,27.52835428,22.59061051,22.59061051,19.20747561,17.97715501,22.14327169,21.28071784,21.1112254,19.04043742,27.52579067
3820,1222,104.0716805,30.60578435,829,104.0685052,30.6057055,304.5300069,,34.06194484,30.72145787,36.42957769,45.66998645,45.71521605,35.81974351,36.42219352,42.38474906,45.53719729,42.2862206,49.43891882,47.71743307,39.32649667,40.81183899,39.41191221,39.57046674,44.96136808,45.43340343,46.23638457,132.0853042,53.12347393,47.59658575,48.23544077,55.09085552,49.58610135,51.52426697,41.58051297,48.92246764,56.05685903,78.53209347,54.00532142,44.56536686,46.25772257,46.25772257,48.83712649,46.25772257,50.6743562,46.25772257,55.36909216,50.58940719,43.64994398,49.48354885,36.30659942,50.59912649,49.48094996,50.59890556,39.11893041,50.59882271,41.77207182,135.3466697
3821,1222,104.0716805,30.60578435,913,104.0716051,30.60650411,80.09770767,,8.580301212,8.937963829,8.564373421,8.851155572,11.76645744,9.296671067,9.623353139,9.096090301,9.857126294,8.149846249,10.15323055,8.58189725,9.110639735,9.110639735,9.110639735,10.74936617,11.50339419,10.63619756,13.44362478,11.48239911,13.44362478,12.05544432,11.40765731,14.93103617,14.66069142,12.98394361,10.59903856,10.59898426,10.59901141,14.75251128,10.86275184,11.72161576,11.56181827,12.70272016,12.06571549,13.60042831,10.20714151,15.58658095,12.79980014,10.59900236,12.31889414,10.67859574,10.59900236,13.34961795,11.81634937,12.53627548,12.34819314,13.79673434,12.30205108,16.43426887
3822,1223,104.0606193,30.69159939,851,104.063768,30.69164587,301.6235329,,35.67530236,27.33748032,30.64472395,32.47496439,60.32470658,32.22091153,62.64488761,43.34709455,36.49591525,50.09664214,35.83645935,66.4802889,35.29767472,64.25116677,35.68503769,77.22935409,51.66588667,43.54992187,49.24465843,51.70689135,52.45626659,71.43715253,138.324168,77.42208331,61.81279231,36.50579928,62.22605836,42.58214582,51.70689135,39.73087151,41.60324592,31.11302918,47.88730842,76.13284617,31.71507027,97.38517654,50.15931718,32.20597923,54.14804164,41.38686345,42.349638,46.66954377,51.2102837,38.389207,32.38642076,37.64049788,60.54896201,76.19962936,43.46276392,41.31632698
3823,1223,104.0606193,30.69159939,1561,104.060594,30.68831577,363.934158,,53.20458757,42.53775873,71.01154302,58.80444205,58.80444205,66.4551341,76.3943422,94.59660425,75.51371578,62.78736271,48.83461545,54.93894238,51.70723988,53.27412595,53.27412595,64.47652406,58.34244589,61.25630457,59.76387916,60.13012608,60.31493803,60.22239025,60.26862861,60.24550058,60.25706238,60.25706238,60.25706238,120.1984375,60.25706238,48.5245544,52.33673644,52.33673644,52.33673644,52.33673644,152.3445313,77.90860071,103.094791,77.90860071,77.90860071,37.57637577,50.69963116,50.69963116,50.78151042,50.69963116,50.69963116,35.09365095,91.40671877,91.40671877,91.40671877,98.90510582
3824,1224,104.1041325,30.68495539,1146,104.1065323,30.68604646,259.7371898,,60.26773337,66.15947289,79.58469818,66.95096273,126.3586329,63.39572215,79.5790539,64.38725728,67.67919538,65.99219826,60.78824989,62.90749803,62.90749803,61.58422943,57.94853155,59.71108894,58.81660857,59.71108894,59.71108894,110.0063392,94.4498872,61.39626232,62.40626586,55.74091704,56.58419869,123.0334057,101.0869063,86.18008141,80.17611003,74.46919927,72.37259159,76.27255739,78.57802008,97.57084,77.92115694,80.30952887,79.24185452,78.35681266,77.41563683,77.88338149,77.64880479,89.05275079,71.83368836,86.57906327,66.46121304,121.2605901,70.5701044,84.90198701,80.5155468,63.82620364
3825,1224,104.1041325,30.68495539,1386,104.1037829,30.68476117,39.81267684,,11.30774253,12.30262975,10.04618948,7.772539947,8.726066157,7.772539947,9.418990357,9.940226207,7.772539947,9.896968976,9.896968976,12.57242427,9.837037517,8.858979746,9.901598385,7.962535368,9.246815266,9.512886813,7.896729291,11.55851908,11.55851908,11.55851908,11.55851908,11.55851908,11.55851908,11.55851908,11.55851908,11.55851908,11.55851908,11.55851908,11.55851908,11.55851908,11.55851908,11.55851908,11.55851908,11.55851908,11.55851908,11.55851908,11.55851908,11.55851908,11.55851908,11.55851908,11.55851908,11.55851908,11.55851908,11.55851908,11.55851908,11.55851908,11.55851908,11.55851908
3826,1225,104.0172991,30.67702217,984,104.0192148,30.68133741,512.2641865,,86.57986251,93.58006112,98.2237588,64.48080669,104.7813109,66.57585095,58.61093077,82.79636658,106.1891212,71.20274407,81.45543602,76.7330543,113.3865393,72.08408098,66.9383329,79.85695024,92.8263962,106.9073085,78.47451368,205.6674057,89.08942374,73.05015137,92.98240698,85.7670811,98.54242369,87.79581392,79.94874586,105.1797189,100.9111393,153.679256,74.40866313,112.6772548,83.59476011,76.31926933,128.3631836,83.44574984,106.6770124,96.17476252,127.5470563,116.104145,96.38420235,149.9309814,154.3222654,165.7663884,140.2988981,150.2363398,81.41947335,89.48569697,90.72299545,112.1286012
3827,1225,104.0172991,30.67702217,1869,104.0192811,30.67648682,198.9224164,,47.37727678,54.85179821,41.69552833,31.24890323,31.95184379,30.47322124,32.6995753,45.78776848,35.16140911,35.10395584,35.04669001,31.6517436,35.5689089,37.05669853,45.61278338,42.42421203,42.42421203,42.42421203,37.53744983,33.66019737,41.48418242,62.00179212,54.04684521,35.53948879,41.15636201,42.37400586,42.37400586,44.66449267,47.21674938,59.92641833,47.32075105,47.42521186,33.93936962,41.66722453,39.06112905,44.64592887,41.66722453,43.10517852,43.10517852,43.10517852,60.48316715,27.86461864,42.62623209,47.5827707,24.90854605,46.80527445,62.27136513,35.19020634,41.87840345,53.84366158
3828,1225,104.0172991,30.67702217,1897,104.0156394,30.67735996,163.3458078,,25.73500692,27.35092596,27.35092596,31.9589624,27.35092596,25.13012428,24.44631138,23.79872696,23.14723203,29.3289231,22.53045625,29.3289231,29.3289231,32.48866895,34.38859112,33.4116425,34.38859112,34.38859112,56.00427696,50.26024855,50.26024855,48.33245819,46.54709036,36.75280676,41.07414957,38.79350686,39.90126603,38.79350686,38.79350686,37.57475451,38.17440571,37.87220662,38.02270572,37.94730694,38.02270572,38.02270572,40.04196844,39.00622142,39.51730939,39.51730939,39.51730939,41.68458076,41.68458076,41.68458076,39.8674514,39.8674514,37.07723254,45.98591657,35.74741083,78.66821513
3829,1226,104.0702965,30.63603177,1291,104.0703953,30.63932221,364.8012134,,62.83657264,73.64935948,70.3264288,67.29040314,95.26415103,122.3556865,96.4074985,71.89512964,55.83692042,42.28444438,58.43311983,57.60019159,57.60019159,35.62254163,49.04890264,47.80546322,44.55857292,38.06621357,41.72468207,40.74568527,40.27321493,40.74568527,40.50807247,62.53735087,32.39477968,66.55157273,30.54149694,43.74374284,30.72010218,41.25500634,44.3377572,39.03421174,44.40271728,44.467868,45.00631831,45.00631831,45.33778026,45.33778026,48.4011438,46.81940707,35.06767338,55.23803862,35.65477923,120.4848044,40.55432944,32.91439519,60.46428951,54.41034531,57.27779465,54.41034531
3830,1226,104.0702965,30.63603177,1614,104.0735924,30.6360679,315.8952014,,47.82712395,43.32880934,66.45983533,40.19434372,46.19232902,65.25048422,53.62852776,67.5474966,65.85254087,67.70482904,53.62770133,71.69405492,72.15880235,66.58623043,55.16846738,52.75775527,76.03208284,50.03309092,84.60153399,31.81042588,49.12409179,43.18815804,54.72679139,56.21179313,51.33134993,65.10040644,69.79779687,59.51449064,65.20256826,60.33496772,76.33874168,56.1717556,57.14687061,51.78609859,59.85382763,60.81404947,52.93138214,73.22003311,49.03065261,73.90208842,62.58793203,60.2502106,43.74513733,55.94662412,60.2342545,46.97774205,42.98615928,47.41391391,48.89424968,47.65731692
3831,1226,104.0702965,30.63603177,1637,104.0668253,30.63590393,332.9671468,,41.08200897,43.97935407,38.54282085,37.31627657,20.12899628,99.06460566,53.07815773,67.91397895,99.61344007,159.8242305,158.7657919,50.22409476,38.83418126,39.53870462,26.42208071,40.26926299,31.90812054,40.26926299,37.01539049,34.24804939,43.29976142,51.16324451,41.62089335,45.90137911,43.65646253,44.75078452,44.19685067,44.47209275,44.19685067,44.19685067,40.12803491,40.22421908,40.22421908,40.22421908,27.18099158,34.76959328,38.11388644,31.96484609,55.62328206,34.39545849,29.67033981,50.36477851,33.67083507,50.36477851,50.36477851,66.22550986,61.39214999,57.21631162,57.21631162,48.68731635
3832,1227,104.0457184,30.62164438,581,104.0454455,30.61929188,262.0354496,,46.46934082,49.64882203,34.80913722,50.04390549,41.12151781,50.58056936,56.69036169,42.3967469,58.73770975,24.40692415,50.35556684,61.93877994,53.49684038,64.75933307,39.46977484,40.57323091,43.47131883,52.51421527,44.1839634,52.42102564,48.62513498,42.79058405,47.02530501,47.34392063,32.97067405,34.30282249,52.06960175,45.91332965,38.76688844,57.34514399,69.02397207,53.35563453,44.08072984,50.99068208,53.11529384,53.97543874,92.48309986,43.85530537,45.06342128,72.00974187,43.8016201,33.81102575,59.70427966,52.40708992,96.95042328,43.94460782,30.92877438,45.96202102,37.79357446,48.87707868
3833,1227,104.0457184,30.62164438,1877,104.0472428,30.62601943,506.4234417,,63.91321262,95.95391527,89.19395255,86.09796411,95.95391527,84.40390695,95.95391527,71.51260172,82.79402317,209.5545276,209.5545276,209.5545276,209.5545276,209.5545276,209.5545276,209.5545276,209.5545276,209.5545276,209.5545276,209.5545276,209.5545276,209.5545276,209.5545276,209.5545276,209.5545276,209.5545276,209.5545276,209.5545276,209.5545276,209.5545276,82.86929046,118.7703186,97.62379599,107.1638143,102.1715945,104.6081773,103.3755302,103.988201,103.6809605,103.8343535,103.7576004,103.776778,103.7863695,103.7815735,103.7839714,103.7827725,103.7830722,103.7832221,103.7831472,103.7831659
3834,1228,104.0695448,30.61657893,456,104.0695764,30.61879884,246.0498051,,42.22305133,40.59070105,48.66919222,35.6809385,56.39340689,55.49025324,53.85639512,39.61952133,40.78173565,24.36136684,59.56821105,50.73191858,26.29539901,60.15479106,53.49447198,35.17789112,46.20839036,61.4753285,39.16489159,43.36740751,47.21250873,41.93038099,37.0102771,44.01387818,70.67388021,41.69354193,39.336182,36.20351355,52.10466461,47.24156258,38.12755244,46.66908843,94.73575384,66.35050924,67.03194692,51.54874676,76.14148699,41.50237677,45.4066675,55.01734772,27.98670769,49.20996102,29.78410553,32.51759539,71.72302011,43.56291632,41.44251827,30.73488197,63.06519274,68.43769415
3835,1228,104.0695448,30.61657893,1192,104.0707151,30.61665206,112.4717457,,19.01200227,18.97748906,21.12053647,19.67117172,16.27186676,21.77429955,18.42959875,19.29873989,18.32464422,18.06461549,15.02088826,30.21628989,17.11892686,17.58197725,16.01518854,18.76338835,18.54142116,19.0525426,25.10997113,19.40794653,19.24704652,22.19272187,17.82571064,14.11205174,35.67385767,19.76304469,17.37667655,20.93038431,18.28441827,17.54071991,20.47741824,16.63763938,22.24715849,19.46379431,16.10120264,18.54100307,18.37314961,21.63640556,25.11451382,27.78032827,19.27532521,27.89216004,19.09151806,26.11347334,24.5480415,17.46945462,17.37506658,22.24715849,22.53608262,23.07331853
3836,1228,104.0695448,30.61657893,1347,104.06964,30.61440644,240.9484857,,42.40154915,53.62686544,39.19041635,33.54271263,45.82567426,42.74892488,43.47480348,23.31759539,31.77342669,38.49472849,40.96848448,37.98895833,37.98895833,49.00647167,69.02503037,76.76234943,58.32992202,42.96494737,50.50448609,73.5097075,40.06533711,64.01583384,38.21209465,32.21595352,81.44737545,47.45156174,47.45156174,45.4977471,43.69846592,23.53906509,69.17181408,35.12510826,44.71209013,44.71209013,44.71209013,44.71209013,32.12646476,46.05740966,40.91578059,40.91578059,40.91578059,52.89113101,46.13907173,58.95765835,36.85897515,41.04485246,33.12849963,30.08374157,29.8850835,38.02067527
3837,1229,104.027045,30.69251558,125,104.0229801,30.69537616,502.0930578,,48.85229752,58.06917374,53.39837542,60.11757232,75.23558827,80.37954455,70.09345645,63.33339201,76.05870011,73.92781219,67.85041322,66.94574104,91.04058801,54.71161583,51.06031096,103.8813223,73.47703285,69.92398484,63.42228099,91.7142499,59.85215259,135.5651256,44.76866893,74.69152926,82.96201988,58.24495193,59.65462073,81.05538153,99.26965721,119.1126859,134.8906722,118.5268858,97.94725714,106.9811102,51.42347107,75.31395867,81.93721705,65.37197136,77.95899602,73.17955498,115.8676287,100.0019368,78.59702177,90.09520289,51.00268081,74.38415671,81.35941521,93.53350624,81.91246259,60.00116209
3838,1229,104.027045,30.69251558,765,104.028725,30.69153993,193.8731916,,24.17818094,24.17818094,34.7235567,35.54890441,31.43889594,46.45214574,24.57547499,32.90246269,48.71432986,49.67569322,30.17046786,36.44613524,33.55497547,48.91174935,30.08377111,36.11831761,32.12628261,58.5994184,49.30647953,54.23026338,21.81073406,46.22142316,36.41444294,32.4624879,85.28841016,38.41450236,39.88248513,45.81685929,58.89818479,48.40107419,24.70596424,23.03443861,40.99521232,35.76904496,35.33891087,59.17811821,47.72263178,47.27813648,42.92395386,42.17181207,40.75582422,19.63272826,31.9059881,28.39477176,40.40193863,34.26891111,27.89542325,49.67569322,29.32535671,40.16940948
3839,1229,104.027045,30.69251558,1303,104.0290806,30.69429393,277.2412394,,23.42883713,38.24017095,55.20290165,39.85441662,47.86899098,49.64632604,51.56073234,60.52975846,49.47055573,63.63879673,48.29363524,95.05413922,70.78499729,28.07506222,38.13788544,44.80331266,54.29202876,65.83565052,50.2172811,66.91709432,72.95822089,61.79990476,50.05358384,69.07048179,97.16939129,52.88416706,85.4266872,73.02939963,78.29450017,83.45874988,79.78165163,63.25786025,36.22753038,65.51871742,116.3249956,50.24600953,51.11746283,50.4453282,45.84303959,50.64623452,62.48578874,79.63312198,54.30187496,46.42178892,63.97874755,56.65163222,60.00411595,69.65293131,34.47559454,51.3762077
3840,1229,104.027045,30.69251558,1546,104.0240807,30.69024439,379.4436216,,67.29049447,47.52947243,47.52947243,47.52947243,56.44615859,52.11519008,52.11519008,52.11519008,64.6200964,73.42973474,64.6200964,64.6200964,39.82498652,51.39620961,44.82352872,61.71673364,51.93082354,68.64306722,38.91729452,38.91729452,38.91729452,79.35252503,42.43874292,46.66087234,33.03499487,46.66087234,51.50656545,57.47533117,82.78769926,44.49501752,53.33321768,43.2962611,66.55283984,52.20370844,64.99985903,45.4385709,52.43750625,45.30670109,49.41804176,74.56315708,46.72737872,56.28004276,53.73911164,54.98023534,54.98023534,57.20312637,75.26154478,52.84321229,43.45695773,55.19179951
3841,1230,104.0773157,30.70282784,22,104.0773952,30.69705062,640.3378561,,108.9078558,66.19429381,101.2540094,77.0846441,182.9536732,101.5513781,73.94438755,88.76173716,84.36290144,82.17995718,103.8035025,108.1880221,114.9542694,137.2220615,125.9537639,97.7812177,98.22885205,114.4921662,114.481209,104.308429,121.4801677,112.0448586,109.4529869,115.2015844,114.4848897,85.45750814,114.4848683,114.4848576,64.45152698,119.2927426,105.930811,213.445952,62.24706432,73.64908249,59.45109689,60.40747194,93.88130371,67.59264056,110.2036892,114.4848611,85.71701595,68.4322471,62.72412902,98.3558947,72.07554817,65.67901896,77.61670983,109.5490484,105.0212429,105.0212429
3842,1230,104.0773157,30.70282784,558,104.075652,30.7050887,296.9386811,,34.0078235,45.3919003,38.94277785,36.64024857,54.53975775,40.0366761,32.50823879,39.11767056,54.15981011,26.09387922,45.97760223,29.24703836,31.89792621,43.85993934,50.70658163,38.04196626,39.72423827,38.16647136,48.96835785,45.57012741,29.39986942,66.16140373,62.51340655,36.91226699,40.4092186,49.81263989,46.75688363,30.42058201,32.87481041,44.30236927,52.09450546,42.68493541,38.2051198,32.23053021,51.57921602,39.2285964,37.6379057,53.18304736,27.88641527,33.54537401,50.33720792,25.94609835,40.30166416,52.14532936,31.394398,49.71996521,22.64786551,40.29955397,33.22907218,34.76355291
3843,1230,104.0773157,30.70282784,1394,104.07187,30.70269426,521.7516803,,108.8873072,108.8873072,108.8873072,108.8873072,103.3862186,98.23776407,98.41423908,98.32592242,98.37006095,116.8629329,69.73908599,113.1509668,70.48052717,70.61300936,70.61300936,70.61300936,70.61300936,70.61300936,70.61300936,85.96366357,109.842459,176.3667652,84.89518866,119.8918754,119.8918754,119.8918754,119.8918754,119.8918754,119.8918754,119.8918754,119.8918754,90.15869037,119.8918754,191.6638826,121.0183763,118.5051135,122.1662471,66.37123848,86.01287002,74.92619493,80.08766632,78.7317596,78.07087861,78.7317596,90.25176248,105.7207907,105.7207907,105.7207907,96.32338713,100.8035447
3844,1231,104.0523759,30.63574192,1625,104.0497648,30.63697586,285.1681367,,37.73023125,26.06699853,27.07292437,46.92456896,31.44273483,31.04876667,42.64688498,27.13835742,28.39063308,37.01701775,36.00607787,28.78668888,44.06031297,31.98147327,26.74084351,39.56089758,38.80082994,27.14450799,37.95213649,30.55372893,40.1645263,32.26716386,33.34534851,34.49807759,31.33715788,28.5351054,28.59624769,33.5591626,49.83520836,25.90801999,40.60770962,35.68414117,47.10742082,30.76739137,27.94751249,33.45807579,42.13154413,36.66447472,31.99808703,34.94015537,40.92778574,33.0275161,24.73747692,26.38522919,60.83056802,38.62322393,24.34155998,25.03915347,34.37294504,40.23648962
3845,1231,104.0523759,30.63574192,1881,104.0510434,30.63190331,444.1879317,,79.85875777,96.40250515,73.43407284,76.14650258,75.85752154,88.83758634,75.71174325,84.19357563,82.31091293,86.43657049,90.81362354,55.14057083,97.90909183,74.5837945,84.38398702,107.5067733,124.657332,108.4700269,45.04440998,82.37355076,92.30903733,69.25407337,105.5496075,74.45811005,122.6285701,79.38326052,92.19236403,78.00373435,78.38610559,77.06393032,92.48076812,69.22409325,78.6062913,97.20830116,71.83632319,86.59259317,97.62677772,134.8119015,111.8837202,109.3118738,125.2774022,107.5913577,125.2982476,115.8257411,102.909583,90.89105084,114.6665065,118.6098591,74.72320346,147.6070666
3846,1231,104.0523759,30.63574192,1886,104.0537561,30.63563816,132.7687755,,15.60710504,15.28273675,15.44321783,14.93648724,18.63421411,13.45124555,17.28635052,32.58869943,12.81414455,14.31040694,14.31040694,14.31040694,16.14755378,15.36873286,15.36873286,15.36873286,15.36873286,15.36873286,15.73555858,14.16200272,12.19305081,14.16200272,14.16200272,25.97649955,16.74142178,16.74142178,16.74142178,16.74142178,16.74142178,16.74142178,16.538671,18.13918754,17.3806397,17.3806397,17.3806397,16.41090444,17.3806397,17.3806397,38.8591538,17.3806397,15.48073172,15.91567423,16.37576332,16.37576332,16.65392306,16.51367193,24.82948529,18.45434717,18.45434717,18.45434717
3847,1232,104.0744083,30.67271422,158,104.0733448,30.67124245,192.3210884,,46.54493568,34.10620287,34.10620287,27.61140252,31.32832209,31.06476358,35.5054317,34.23267828,25.3146588,39.78403734,36.2056733,38.39311932,33.82748125,45.54973146,34.30334856,38.88274725,31.07057225,30.23388289,37.83365673,29.35266214,28.89330906,30.90874635,53.67100141,37.42464423,32.96932944,36.21739763,27.69423673,36.35209372,36.41981816,34.33169842,33.77345943,37.97507975,36.40286341,36.40286341,42.38913786,35.41528542,35.26430824,36.40286341,34.7335745,28.25942523,34.8355179,37.73056775,27.91757735,30.4878224,49.63124862,24.71865609,24.76486985,24.78804159,24.53244052,22.49734909
3848,1232,104.0744083,30.67271422,1271,104.0778208,30.67124474,365.2373645,,57.06421029,56.19036377,56.19036377,56.19036377,56.19036377,56.19036377,81.16385878,66.40679355,66.40679355,69.56902181,45.57554635,80.09266063,58.09371925,61.40991495,61.40991495,61.40991495,61.40991495,61.40991495,61.40991495,61.40991495,61.40991495,61.40991495,61.40991495,61.40991495,61.40991495,61.40991495,61.40991495,61.40991495,61.40991495,61.40991495,61.40991495,61.40991495,91.30934113,51.97053408,95.97478191,76.66790159,76.66790159,76.66790159,76.66790159,76.66790159,76.66790159,76.66790159,76.66790159,71.5177869,59.49567929,67.01603018,64.9631676,63.98318794,64.9631676,81.36475942
3849,1232,104.0744083,30.67271422,1644,104.0753428,30.67410729,178.4685047,,26.73314634,47.94676246,47.94676246,47.94676246,47.94676246,45.03410865,47.94676246,46.44481569,41.6298024,32.28575964,33.7263316,33.7263316,33.7263316,40.35719956,36.57419071,46.22205877,55.62654692,47.29133877,47.29133877,47.29133877,47.29133877,47.29133877,47.29133877,47.29133877,47.29133877,47.29133877,43.53030797,35.20474613,40.32342785,37.59063579,38.90910625,38.23850914,38.90910625,38.57089313,79.31933542,24.42914893,47.88720125,40.57810213,58.40787427,40.57810213,36.19642912,56.85722274,47.35773588,51.67452684,51.67452684,51.67452684,53.54055141,53.54055141,53.54055141,53.54055141
3850,1232,104.0744083,30.67271422,1698,104.0726142,30.67363721,200.0120628,,38.6082266,38.6082266,38.6082266,38.6082266,38.6082266,38.6082266,38.6082266,38.6082266,38.6082266,38.6082266,42.02588091,42.02588091,45.93578476,44.89165406,44.38718866,44.63799612,44.51223911,44.5750289,44.54361189,44.55146198,44.55538809,44.55342495,44.55440649,44.55391571,44.5541611,44.55403839,44.55409976,44.55403839,44.55403839,32.65503066,37.68763199,34.99130489,36.28945271,35.62855802,35.95596871,35.79151462,35.87355319,35.83248694,35.8530083,35.84274469,35.84787576,35.84659286,35.84595144,35.84627214,35.8461118,35.84619196,35.84617192,35.84616191,35.8461669,35.84616565
3851,1233,104.0232414,30.62280846,644,104.0318082,30.61918283,914.1837157,,107.9036517,107.9036517,72.49033869,100.0322607,119.0257279,90.66284784,107.4632286,89.06796689,64.18452221,91.3598076,79.83774092,105.5955522,92.51751124,108.6517457,59.56672175,79.69613844,79.43028263,91.73690248,125.1354136,114.6961055,99.72913262,112.3528714,107.8152785,112.3708537,107.8152785,111.6401213,94.40795687,111.6047211,111.5870294,90.35171933,103.411198,92.44554428,103.628289,111.5343967,111.5928339,111.5929721,80.66326903,70.02258248,111.5929203,111.5929289,108.4369482,111.5929257,73.46119144,74.17869368,116.4172602,119.8383751,79.09224753,130.8573112,88.24065742,63.04715281
3852,1233,104.0232414,30.62280846,798,104.0191596,30.62797015,693.0624025,,74.25668598,57.13796906,56.11525778,90.84861228,99.18931848,72.06219007,77.77421673,70.53073213,68.55198984,87.51273887,80.74513427,76.53190018,93.26105451,80.08906487,71.18472608,83.06658176,69.93762156,113.3366161,89.9187091,92.58186109,100.6045946,82.90390052,94.50823632,84.32709307,82.62887257,85.00935772,91.71081674,109.8524841,57.62181637,92.68539574,55.7672027,85.7923249,80.93221753,76.82169611,89.91079816,92.39762616,97.53405799,80.4846661,74.8133328,92.66572513,78.14657111,83.46890378,80.24123072,55.8796114,68.29507885,108.3796523,58.77561011,80.25037918,86.70121983,62.06528978
3853,1233,104.0232414,30.62280846,1901,104.0256858,30.62647154,468.7319331,,58.59149164,58.59149164,58.59149164,58.59149164,58.59149164,58.59149164,58.59149164,50.52200477,44.40618314,41.03185311,44.40618314,46.16785114,131.3178957,55.55341429,51.54440501,53.47387472,53.47387472,53.47387472,78.03167441,88.40523689,101.9598163,126.3996224,105.4646849,114.98705,105.4646849,77.22814458,57.65723094,60.91822957,162.2533615,60.91822957,55.21711254,57.92773633,57.92773633,57.92773633,80.73851479,51.44618778,62.84673963,56.57786954,56.57786954,56.57786954,48.24688947,50.09083367,51.06669065,50.09083367,50.09083367,41.43486701,43.30573317,44.30598457,43.800149,44.30598457
3854,1234,104.1304402,30.61020532,322,104.1322269,30.61329977,383.3429916,,60.13223398,44.09056772,44.09056772,46.19363246,46.19363246,46.93995816,50.97865858,57.33720155,47.55324405,44.68542158,44.83058267,44.75788443,44.79420405,44.78511862,44.78057729,44.78284784,44.78171254,55.31201482,49.38939128,50.64401017,51.3208403,50.98017888,52.59936591,51.77711657,52.14071712,55.11326697,45.96156944,52.81258306,56.75262932,51.13298726,54.15530491,51.89850379,67.69199641,56.88557985,55.14293606,54.08207062,31.65217362,45.95010333,51.54031073,46.1859026,61.2441466,68.27630277,74.90012319,39.59927603,56.27053088,55.73083371,59.76062877,59.76062877,59.76062877,55.20139079
3855,1234,104.1304402,30.61020532,582,104.128296,30.61145132,247.6208231,,23.15415489,40.70479284,32.03719544,31.33339062,32.77334423,34.76735426,34.49158302,27.5701535,31.86541423,34.5135218,37.18185456,31.2510066,31.85321461,36.07222916,36.07222916,35.30435498,36.07222916,30.6164071,36.38510054,27.72737055,26.21482027,26.34004619,26.34004619,42.16816287,29.8088936,29.38796582,34.3299729,31.17089841,31.22819898,43.06449097,28.66350364,35.83898271,35.83898271,37.40884502,43.69779231,34.91259647,41.62110884,39.97466203,47.42576282,33.1799614,53.53963887,48.09900881,104.8747015,40.38210479,41.06418257,41.12733394,40.42788949,49.94033407,49.52416462,40.39354124
3856,1234,104.1304402,30.61020532,715,104.1328426,30.60870213,284.2427263,,33.02658897,30.42439489,36.1155464,33.68802682,32.00689641,32.92541283,37.62684524,37.02001896,32.31873383,24.83674307,29.15310013,38.0635021,46.7983158,42.12562545,40.85197741,44.04753353,46.90949786,85.98939619,44.53133967,35.77880471,39.12664365,39.10325144,45.83533324,46.19746342,45.81653277,53.46953351,49.59199776,28.03489903,41.32090913,37.91328749,39.83244164,38.45538183,50.39528391,52.12897657,32.90269501,48.22971632,52.27452438,32.90269501,52.57765407,53.55117963,45.12037928,38.03991876,43.94900196,38.71149362,43.66686445,44.2202807,51.03610048,56.98044445,47.84447994,47.61302959
3857,1234,104.1304402,30.61020532,955,104.1276807,30.60790258,367.5642411,,50.43763171,43.33726861,42.06075232,42.14112318,46.51076513,41.48060401,50.56934781,47.70549862,44.00990913,36.97898281,43.71909475,43.57512408,43.64699069,43.62900182,43.62001295,43.62450692,43.62225982,43.62225982,43.62225982,43.54607047,43.54607047,43.54607047,38.20213046,44.63821396,45.20508996,44.91986357,45.20508996,46.2695644,51.09001035,42.99003962,47.25825957,43.96117169,53.67862848,51.95934298,49.00856548,53.68105083,52.82360351,53.68105083,46.49442263,61.35539109,52.85877236,54.02795264,49.19075346,52.54299589,52.88828113,52.71507311,52.75826866,53.21305366,53.21305366,52.77178179
3858,1235,104.064995,30.682564,512,104.0601849,30.68391526,484.4924959,,40.76758049,63.18476775,40.76758049,41.77659845,31.25758038,45.62911668,40.89502896,77.21375734,45.03028362,47.46048939,46.98109051,41.57742515,27.42410354,72.64097538,37.30851305,53.55151935,52.85372683,30.65330378,41.62704022,63.77232122,67.3425863,34.84861109,68.19835719,57.20944601,41.29849216,42.74933787,62.58993965,44.49420881,43.50914837,55.77783771,37.91680403,47.25555459,30.70727087,37.91680403,33.28574399,40.99113949,34.77912234,33.7038258,66.30935992,37.54947223,63.43600601,52.06486523,66.55561117,33.93332656,54.54802143,44.40924214,37.95806279,76.04023914,40.70943171,52.12710655
3859,1235,104.064995,30.682564,1176,104.0690207,30.67976462,494.9364364,,47.6409404,140.851476,62.42701912,52.85412175,55.07793419,70.53725934,58.56273364,82.00130307,65.99152485,71.74917468,52.24041129,59.79097889,75.25960596,66.67057703,86.7276395,78.14785838,88.57188918,78.22410018,99.23230529,90.17060582,97.63129704,76.76371728,54.0749976,78.23364088,50.42748598,83.45532417,67.71576897,84.31093871,91.8438748,90.04528976,47.23051481,68.47698582,53.82994474,69.78216075,80.58666536,106.4803489,79.86423895,93.61319639,87.23481866,87.5563229,62.8188554,56.09669173,89.31183815,84.84624624,80.46131732,85.74452219,64.05956959,51.72049843,78.4514631,84.84624624
3860,1236,104.1032213,30.68891742,98,104.1011692,30.69006594,234.1682854,,27.68492044,35.56986614,26.3645294,31.09447724,50.68171308,99.17715617,39.39279567,28.57646873,29.84846127,29.33894991,27.8219745,97.26990316,27.25968723,26.71967757,26.1803052,32.20037538,28.87995298,30.4499125,29.64416096,25.50698419,29.9412705,29.42428717,28.71273254,29.9412705,37.46692566,93.66731416,30.40598115,28.66283509,33.60820575,34.48720979,31.45544132,78.23719976,33.21535963,33.21535963,33.97162311,37.71838154,34.7631269,24.36433027,33.00358385,26.74793741,28.72251542,28.94937594,19.83543123,24.43495152,50.98180782,36.9739398,21.61553404,30.32849627,35.47009091,28.12363061
3861,1236,104.1032213,30.68891742,612,104.1034118,30.68722884,188.032783,,51.47665542,51.47665542,63.41152401,42.44000118,63.15515649,62.10257053,56.56696534,41.52871281,36.55064896,44.40747992,44.40747992,44.40747992,44.97794145,63.26336624,59.11947762,63.26336624,57.61004415,63.26336624,57.61004415,54.52734331,55.71341719,37.6065566,50.70546957,50.70546957,34.53663361,49.05203035,44.79192846,57.85624092,74.10545233,45.45457266,42.30737618,45.39860437,47.39117254,45.38463385,45.37765181,45.38114256,45.37939711,42.21941906,34.64711549,45.38026983,33.0607091,40.17317619,37.92257808,39.01544777,48.87494721,39.01544777,45.81509434,50.18854634,47.9022039,40.5340131
3862,1237,104.05724,30.65083815,854,104.0549607,30.6517935,242.7171832,,48.95136468,37.13611586,33.4622062,26.96101109,29.94967813,32.99068509,35.95810121,26.08304058,29.19093072,37.55509424,31.26232056,27.4990357,33.5210432,32.08010498,33.16060188,28.69562757,33.62855136,31.39336023,36.98547554,29.82190647,53.55149291,47.35945038,55.4782133,47.48814454,39.59736523,26.58902577,31.96762901,36.16111804,44.24211947,34.88151136,33.47823217,32.94625918,30.91938639,34.65751072,32.00666152,38.34128281,34.78604069,28.93702399,36.18144346,34.04483076,33.98040565,21.81727489,40.08173668,38.23990632,40.54672202,31.75944969,27.8922187,41.21612545,33.03279176,28.25487015
3863,1237,104.05724,30.65083815,1340,104.0581861,30.65264309,219.6289768,,45.83561255,45.83561255,45.83561255,45.83561255,45.83561255,31.43794499,47.91904948,41.39603751,41.39603751,39.85203208,40.60936397,39.85203208,39.85203208,31.49116067,28.50139473,29.92177928,29.19432081,29.55357414,29.37284902,29.55357414,31.72173787,30.1184837,30.70541035,29.28386357,34.42660303,34.42660303,57.85348656,34.42660303,25.30125813,29.16683615,27.0968779,28.09377984,27.58632542,27.83774022,27.71146259,27.77445787,27.71146259,27.71146259,25.95178281,26.80277173,26.37041359,26.47719012,26.53090332,26.53090332,26.53090332,31.00644378,32.85308794,32.85308794,37.12039045,38.39729582
3864,1237,104.05724,30.65083815,1809,104.0583406,30.65032194,119.9866129,,19.74636829,19.74636829,19.74636829,31.07566953,19.74636829,17.92331147,18.79072567,17.92331147,17.23211994,22.81435598,22.81435598,57.21215979,28.48033888,29.41783018,32.60013634,30.4191413,27.16678028,28.70111671,28.70111671,30.85370046,24.09772979,16.36181085,30.4191413,22.03835747,25.55927849,34.55614452,14.11607211,24.89635772,18.01675939,20.9051086,20.9051086,20.9051086,25.26033956,25.26033956,34.97585477,25.26033956,25.26033956,24.13138583,18.7339693,23.09902708,37.7250486,25.17201669,11.42729647,14.76758313,31.76116224,20.16111115,21.61109726,23.28581167,16.80746329,16.80746329
3865,1238,104.0889082,30.65955812,357,104.0901728,30.66338933,441.5596409,,63.77591604,75.49052204,81.33795194,102.1087676,72.50874104,47.81595042,41.89812091,81.3102152,67.98874831,73.08573367,90.51186945,49.6754596,62.41942567,46.31069795,106.1512325,68.50445361,77.92228957,47.70036631,79.44101485,90.64089564,41.03290416,57.20610732,59.02765344,52.89899192,65.91808863,61.85271234,74.74677306,64.61848403,52.32820909,47.38046817,88.9709724,67.14317665,78.79131139,69.2642574,101.8983787,50.84055566,40.14178554,92.41945972,86.12463583,97.44764489,85.59463809,68.76797436,87.34146743,75.00393782,89.17894571,101.5728247,70.64954254,87.34146743,73.18186749,88.80529091
3866,1238,104.0889082,30.65955812,588,104.0864107,30.65596472,464.6200432,,64.17773259,76.72624567,60.49302552,64.0855232,81.15469873,76.96160226,114.0431015,85.556632,87.80221289,80.15809051,97.24605555,90.99664906,87.96575378,83.93657099,105.0593346,91.40066424,91.40066424,110.0415892,107.7726904,123.6696603,60.1666243,98.75318999,94.6772918,107.6621321,104.6703477,71.63306876,109.8496233,74.75450974,66.46220485,114.9235974,150.6875816,66.34138445,76.72624567,114.9554147,114.9585974,112.635162,114.9578017,51.46560479,126.7147183,116.7631522,116.1550277,129.9131771,172.4363047,137.3825194,125.8801239,131.8980507,126.7145574,76.99112338,85.44434536,96.04010144
3867,1238,104.0889082,30.65955812,1384,104.0881928,30.66001727,85.36926859,,11.60828581,11.36152928,11.61194081,12.4126464,19.82770109,19.82770109,19.82770109,18.91257643,17.9462404,17.9462404,17.9462404,18.07819805,17.9462404,17.6119981,17.28997845,20.42055594,17.66260729,18.94171753,18.94171753,19.20808543,18.94171753,19.07397157,14.06541725,25.2945981,15.32814798,15.32814798,15.32814798,15.32814798,15.32814798,15.32814798,17.48673496,24.29481161,20.35293821,18.76820561,19.52847447,19.14079358,19.33269067,19.23626355,19.28435657,19.28435657,19.28435657,19.42864993,19.57511891,20.52282918,21.56697312,25.19093172,24.1753681,23.69768612,23.93414393,23.69768612
3868,1238,104.0889082,30.65955812,1620,104.0893045,30.65943908,40.1955532,,6.199828257,6.098760839,6.528700876,6.163353825,8.641623859,7.772819597,7.435413578,7.351316969,8.022268022,7.843034771,8.334283169,6.561877986,7.474093198,6.230527084,8.169597263,7.654523967,8.121545546,8.780748514,9.158480476,7.77978449,8.204336869,7.943494501,6.183931262,7.992280869,8.29724722,6.495238546,7.217156684,7.217156684,16.07822128,16.07822128,16.07822128,16.07822128,16.07822128,16.07822128,16.07822128,16.07822128,16.07822128,16.07822128,16.07822128,16.07822128,16.07822128,16.07822128,16.07822128,16.07822128,16.07822128,16.07822128,16.07822128,16.07822128,16.07822128,16.07822128
3869,1239,104.0650829,30.60485238,437,104.0649681,30.60794349,342.7623639,,17.41015182,81.44848251,18.83165983,21.82041574,17.54257194,15.81980141,18.96431112,18.04540085,30.96796847,19.25030437,51.20101701,51.95555832,18.63964517,24.41842698,18.59050109,17.11909698,16.88022586,19.81179304,23.6116439,19.48333437,33.53110082,18.00721649,45.93985518,48.39828441,20.09681612,42.1861371,50.40011784,20.11319495,18.63260868,16.15110615,15.74410858,21.76695529,27.31476503,57.10302739,23.48879144,14.57414776,17.74183336,17.75459727,39.59487222,17.2098258,25.78776406,20.65179096,17.90401204,39.59895077,19.38809461,20.39577703,20.20872109,18.94296147,16.68620027,22.17330656
3870,1239,104.0650829,30.60485238,856,104.0610669,30.60531623,388.4226488,,45.40004986,45.40004986,39.74303115,46.5186497,93.84708293,170.5270165,73.55899862,86.68177717,66.39778466,32.44365512,166.4668495,136.4216132,90.99706304,32.44365512,32.44365512,111.8657229,31.63623384,32.44365512,32.44365512,53.85927918,80.82783443,67.22699691,30.89786572,30.98887942,32.44365512,35.57658585,26.68552549,45.47387108,42.26132333,49.23185847,39.16044348,76.30676866,41.61671237,64.70987334,54.35652228,81.23872393,119.0060881,36.61932153,36.66216964,64.21683287,133.1734796,63.11539317,61.11545173,29.14687933,54.9798769,71.49796936,65.85501739,180.4285852,62.56472195,181.6001994
3871,1239,104.0650829,30.60485238,920,104.0684345,30.60474509,321.5269798,,57.23100753,57.37284398,46.90674105,52.93431984,56.22898705,77.42455701,51.44431677,44.67281731,43.87228531,50.20599257,47.06069974,78.20926536,82.97470446,37.92611496,42.94980064,31.23621865,59.51142043,55.59544319,75.90145097,66.52282341,40.33091036,50.98872308,39.49543068,49.78482268,42.2444207,40.55516192,40.32438129,65.39531793,50.49060533,38.08600364,48.53237431,40.61393429,47.63757736,47.88436169,41.76871091,49.78482268,84.48884141,78.47438151,85.48723244,58.87574401,37.15556321,86.54184129,70.57909313,46.7675607,49.78482268,141.1581863,26.81460526,130.055857,37.84941237,45.03808157
3872,1239,104.0650829,30.60485238,1203,104.0651384,30.60060628,470.6226902,,91.34609434,68.62751128,42.89219455,47.94119085,27.4371123,54.99509294,61.80007449,46.10181455,25.98530191,48.29438265,49.05513383,59.20225531,43.24573298,41.40375574,41.24751515,30.51141534,24.32507803,32.61096777,22.45515818,30.06640079,26.89272515,31.98406633,32.48040421,27.68368766,36.75746811,120.1589847,26.0012536,30.17762815,41.4431528,22.96757819,30.5268772,28.26877116,35.67165955,27.2687526,23.9299673,57.95484409,22.6200492,40.68424383,38.40811688,32.42154145,34.40334119,49.84988131,23.2087902,26.95690827,42.81321464,24.5898648,22.52980964,37.84605401,25.68979052,32.61578322
3873,1240,104.1041129,30.61840661,176,104.1028369,30.61923815,153.1367922,,13.28415547,17.33624063,17.33624063,36.59020698,36.59020698,36.59020698,36.59020698,36.59020698,24.61127018,29.42842271,24.61127018,24.61127018,21.5348614,34.56379009,21.8766846,21.8766846,21.86583845,22.51896663,26.40921925,26.5044448,30.09785906,28.18708745,31.78088692,29.93714102,55.96877684,38.47121088,33.43868491,30.81782975,25.28864458,33.81816492,40.70832209,36.94473752,37.00208026,36.97338666,33.0186295,29.58747346,54.0482796,46.3270968,32.28990674,27.98641393,27.73997499,25.4720467,37.6487779,27.57422241,32.76626757,46.91850655,27.55793719,27.55793719,31.67464196,34.56379009
3874,1240,104.1041129,30.61840661,465,104.1059759,30.62083666,323.1423428,,52.04977334,51.99161717,61.14651427,30.99411459,62.54367925,53.85705713,49.71420658,77.21100224,62.54367925,40.5806663,56.746948,42.37932365,52.08861646,51.76028628,46.16319183,46.16319183,49.1540465,57.11845011,48.57254422,48.57254422,87.46710031,53.21648829,40.2878765,54.48770183,62.43179433,66.28560878,51.00383343,40.96170543,52.45396746,48.57254422,60.74738559,46.04138921,45.70972236,56.36203653,72.31157321,51.32260738,71.232296,44.82899553,50.91082862,76.03349242,50.45198603,37.8005665,44.57135763,46.20903412,46.92878488,38.35095937,73.97853317,73.34201029,72.08697967,63.91826561
3875,1240,104.1041129,30.61840661,779,104.1025775,30.61697272,216.5947757,,32.42167121,32.42167121,29.67051722,26.20978798,32.6456434,33.78428044,35.31836451,37.26361732,27.66674841,41.03901013,32.66420316,41.69738997,42.41565871,48.88659514,34.31204368,41.69738997,43.43962075,27.31142531,36.35157075,37.8515142,36.82366907,34.34983227,44.42969758,27.16868267,28.79930536,44.42969758,34.65516411,30.73881179,42.13678425,44.42969758,42.37723872,47.64202805,25.03985846,27.48793863,43.25887337,38.31652052,39.68148562,33.37933187,30.81980998,35.42936127,33.81678954,42.96094725,35.08396817,33.21581225,23.24116818,44.50994386,47.50530895,34.53238231,27.79825998,29.47981824
3876,1241,104.0008267,30.68310339,124,103.9980009,30.68452005,312.9263622,,44.97145325,23.27551454,21.91702148,34.82333552,25.77883075,35.67806505,38.82371868,36.93557062,24.67765397,42.27941092,36.22298726,23.29958436,38.3012292,36.35547237,38.75693476,25.89735411,38.47017316,40.30536329,44.83721011,33.32943503,60.45804494,32.6847651,43.16225686,35.20994653,19.90344353,34.24768851,35.7441006,50.51726027,23.9815839,33.32943503,33.88711875,34.81257429,35.81173627,54.86371286,39.58927815,35.09644346,52.05398092,40.71812905,37.81375901,44.09138567,31.73337758,38.84603117,38.2200137,35.32841721,33.37881197,33.3048013,42.67177666,33.3048013,48.55753896,30.89218201
3877,1241,104.0008267,30.68310339,970,104.0021305,30.68485942,231.2503812,,17.09448403,27.56627061,29.13815508,25.25586231,23.74805816,27.42701644,31.58399137,25.65489591,28.1488207,26.60659563,28.20295782,26.13096299,31.59397997,28.38072861,34.04913588,26.26187294,28.41301612,23.00786842,23.78575349,24.96255989,25.41665556,20.98302136,26.01566789,22.27428421,34.8326934,27.18371828,26.30336089,23.92245323,23.91672604,29.19009019,30.49455576,29.78538005,32.39304951,26.41813161,38.78111982,66.60010979,32.33015038,38.18813634,53.36547258,37.3319001,28.36662587,29.36512777,30.69100018,29.36512777,23.96262045,23.71798782,23.71798782,18.68689949,25.21034925,22.39411896
3878,1241,104.0008267,30.68310339,1377,104.0032686,30.68195435,266.3361724,,20.61957464,20.61957464,25.42139339,33.1386021,42.28490499,27.02777225,27.3165305,27.3165305,41.5969727,41.5969727,41.5969727,29.73054948,27.08503448,28.34620017,28.34620017,35.68772533,27.12334429,31.71367875,31.71367875,27.20028995,22.56024049,23.8115121,38.04802463,35.07842271,35.07842271,35.07842271,35.07842271,32.0359812,29.47917665,23.97025552,28.4344668,31.5992069,29.72133356,27.00873861,31.13020197,31.13020197,31.13020197,34.24322217,25.7744683,27.84925952,27.84925952,48.60888318,33.61087472,42.37835229,23.15966717,30.18290306,30.18290306,44.59582422,44.59582422,81.25510344
3879,1241,104.0008267,30.68310339,1477,103.9994992,30.68075283,289.8960949,,36.04925532,37.07374571,33.16106034,50.90858252,31.43451631,36.70431214,35.02100475,36.70431214,33.36044566,33.23649496,31.38724637,53.33693057,46.24634896,46.24634896,49.7557064,26.7424969,29.44676137,31.75976694,27.44778923,42.94756961,35.37715056,37.77831463,31.44635606,40.52916278,43.39401005,28.28254584,40.21679929,40.21679929,40.21679929,40.21679929,40.21679929,39.34499309,34.55715039,38.51018235,36.42673444,37.43949566,36.92617219,36.92617219,36.27637425,35.6490501,30.30272769,30.30272769,33.95377751,24.61381938,38.60515198,32.92195399,41.82869506,44.69490114,38.62896761,35.88398654
3880,1242,104.1188763,30.68269678,54,104.115936,30.68478406,364.468426,,40.49649178,60.464808,59.46010574,54.62521706,55.52335715,76.57160365,63.2918564,65.09155122,59.57312004,65.72037561,66.11774074,67.28451304,67.29195487,43.69979462,67.60934604,67.93306374,70.35315462,49.38844417,32.370551,30.33725627,48.95844528,48.59579013,58.24448316,65.24997535,45.24435633,38.62323102,69.687705,52.69423027,63.48739652,60.55240397,70.94328736,66.21787335,33.81665808,52.78809509,43.44656734,62.93793275,63.46173872,55.1110815,63.32997154,50.71056872,51.75370211,64.71449241,62.9222205,56.01222342,56.61645452,57.18800036,36.80466574,64.29169459,54.09735785,56.33034661
3881,1242,104.1188763,30.68269678,486,104.1187875,30.6815065,132.1916283,,20.77894823,15.49849378,17.34608831,16.39447646,29.99305852,31.83209778,28.15916342,31.69077881,20.42445759,31.41187207,26.7353855,50.62658105,20.7103142,26.43832566,19.79860214,12.53001216,22.79711913,19.0532783,25.8284864,19.38451576,18.95975545,29.99305852,20.46288038,20.14348622,23.44285034,20.29381074,19.66487033,17.82359033,20.69086356,38.49462988,14.61727844,16.38175084,27.1007894,20.99073115,16.86057969,44.26882436,25.17935777,33.27901132,19.44391673,21.80480467,25.24614652,19.63782099,52.58451512,24.89707798,17.75650321,23.96222869,21.22928752,21.21351539,17.99205527,25.44865572
3882,1243,104.0256179,30.66082813,1260,104.0215958,30.66356652,490.5255466,,220.736496,117.1015894,48.46912995,68.56057852,56.79022247,58.86306559,58.86306559,58.86306559,58.86306559,58.86306559,58.86306559,58.86306559,58.86306559,58.86306559,62.84313053,60.78801954,61.79849406,61.28909216,61.54273902,61.47913068,61.4473758,61.46324913,61.4473758,61.4473758,55.88265721,58.533055,57.17715837,57.17715837,49.15411458,43.10558098,36.00187498,39.23477803,37.54886792,38.37331452,37.95661485,38.16382726,38.05993902,38.11181235,38.08585802,38.09883076,38.09234329,38.09396495,38.09477584,38.09437039,38.09457311,38.09457311,46.40977576,40.90869423,40.90869423,40.90869423
3883,1243,104.0256179,30.66082813,1427,104.0314734,30.66097788,561.2759955,,66.41000514,75.336719,100.8406031,53.8107479,86.07427407,82.81121245,67.8506912,60.31622638,61.79185272,78.71803589,72.29315148,63.34149166,76.39295213,70.98103924,86.44250626,79.00659174,91.48871335,86.14562885,112.8823231,91.3778896,111.0216255,79.76683282,111.1743375,86.81390263,71.82204683,65.4443266,121.356972,121.356972,121.356972,121.356972,121.356972,121.356972,121.356972,121.356972,121.356972,121.356972,121.356972,121.356972,121.356972,121.356972,121.356972,121.356972,121.356972,121.356972,121.356972,121.356972,121.356972,121.356972,121.356972,121.356972
3884,1244,104.0830681,30.62309815,1011,104.0824791,30.61850486,512.1917406,,88.25960587,84.66355365,91.69111114,120.9402093,127.3773777,126.3402115,115.7033253,63.89597083,74.37601547,75.37344786,81.0158799,74.71495061,58.21279451,73.39536176,78.30647538,80.39148984,76.67561666,76.57923334,75.57346781,75.52514327,70.94675429,78.45849961,79.61011053,67.62110751,77.02061926,73.60839386,74.83526959,69.36430979,74.05569796,69.81033917,81.07525057,76.21870067,72.30615022,73.38822035,76.76851246,76.47048704,73.80586125,80.27323391,76.0737738,77.76262712,79.24276834,67.55688381,55.24759501,52.63402332,46.87744718,57.40594594,42.65515262,51.18610177,55.06889795,50.40583466
3885,1244,104.0830681,30.62309815,1246,104.0813033,30.62306332,169.2053212,,22.22121865,19.85783721,20.08552374,17.05475939,17.29280784,21.86912188,18.61672238,18.94678558,22.17739647,24.72310032,32.70146764,15.04666504,15.63900273,16.26539803,18.5996689,22.58460855,21.46475758,17.94752965,21.18744892,17.2073208,21.93120275,16.56394715,22.40511839,22.26618326,19.80940346,20.11466669,25.464163,22.37836724,27.22409637,19.12524824,20.3771937,18.95661275,21.80452561,19.85028752,19.44888749,21.37907406,18.03642186,21.11923772,17.77211251,20.81705845,26.03158788,19.66550949,17.68183327,17.83716417,17.52918435,17.68183327,21.73556312,15.4702008,17.54180436,15.90787786
3886,1244,104.0830681,30.62309815,1512,104.0904021,30.62313887,702.9666312,,56.27901865,41.93338645,77.72756199,77.56873172,62.79602661,52.05212901,60.81826153,62.07718411,41.99136956,56.74170117,51.6114182,48.36794295,54.61407871,75.46759063,45.69663908,43.61987714,63.76803133,43.22254265,39.01757435,42.20144312,38.14711897,59.15106831,174.5296464,51.93801688,136.5474751,60.45992869,43.31501707,90.70537177,58.77491408,64.68191367,79.83217263,53.42744276,50.90204235,42.9900318,56.01947697,90.70537177,94.1940399,301.2714134,83.91312095,55.35390454,123.6891433,70.32108016,49.26696701,46.74001842,41.08246546,40.26539176,39.94759072,131.4638895,74.7615915,55.41056962
3887,1244,104.0830681,30.62309815,1802,104.082953,30.62339951,35.17514746,,3.719673594,4.030885643,4.664823854,4.278660764,3.630982964,3.974763732,3.806290614,3.190355596,4.776771992,4.451443663,4.804801019,4.792073069,4.569437288,3.860196545,3.725699281,3.870435435,3.985998277,4.489780972,3.951069429,3.896760027,4.420085238,4.084736047,4.432290194,4.190299828,5.047554792,3.584728404,4.063880965,4.655534223,4.410118219,3.899323506,4.21366952,4.158163967,4.204908612,4.287791109,4.70649038,4.527458233,4.349842121,4.427752076,4.225850646,3.630430496,4.32710775,4.215553089,3.445321121,3.884372112,2.877406298,4.02298429,3.112225581,3.388728495,3.415523422,3.461658059
3888,1245,104.0578993,30.60270356,45,104.0579082,30.60063219,229.5704148,,19.61228441,20.60083843,18.89621503,45.16139308,15.71951485,16.79783523,58.4066073,17.2705249,17.12561202,15.34732578,14.91793309,15.88633522,17.75013096,44.07751964,15.23241089,15.6843996,15.68532983,16.62466167,22.39711364,20.20668688,21.79178624,21.79178624,19.81902862,15.77803538,19.76485977,19.24222336,19.93856437,19.584206,34.34017285,28.40046369,18.6769151,28.36796888,18.86880122,24.02481085,14.57589935,24.02481085,22.09768699,26.80803732,19.36622128,17.75410297,19.07567209,13.6153788,16.9037701,14.93140909,14.67294262,22.30643707,19.28712936,19.28712936,19.28712936,14.32328411
3889,1245,104.0578993,30.60270356,870,104.0552507,30.60277225,254.0327086,,27.19466549,33.27247534,36.19463394,26.6623251,28.39916793,32.77841401,28.66826806,21.31291369,25.65267184,32.89632198,24.51790217,24.51790217,53.06679407,26.63926815,26.74211777,26.74211777,26.67204523,24.600343,25.14714255,24.11384973,24.11384973,24.11384973,22.64008048,28.84914041,23.03571161,26.0856026,23.94809168,22.69439798,29.05757819,29.05746097,29.06169244,22.71463293,20.87940071,26.58481834,26.38526329,26.58481834,24.45234628,24.31594675,27.05673819,24.45568875,27.21137228,73.75143153,23.59474968,29.06306403,23.59474968,21.34230457,23.76914233,22.13658701,29.06306412,27.67073377
3890,1245,104.0578993,30.60270356,933,104.0578707,30.60543778,303.0450021,,106.500257,64.81420795,86.73726207,83.86151001,85.23140684,69.26742905,78.99161761,27.87442236,74.78745553,40.42471543,51.2911146,47.79680208,64.68154194,70.60249347,64.47766002,65.04884202,31.99302075,30.38891386,50.66387033,43.81373524,89.97624805,33.71626513,49.20576065,42.14242424,90.01336696,31.20687493,55.34756521,51.46047205,45.96163187,42.93435685,45.5257287,27.97338481,42.88091742,34.91078424,95.45917565,68.61396274,39.02895527,42.32636305,49.14243277,32.20891629,68.18512547,54.36687744,54.88710899,55.68715584,67.09858587,38.54138247,37.42579786,30.85687639,30.84302929,42.61570342
3891,1246,104.0813033,30.62306332,257,104.0802516,30.61899568,461.9462637,,56.3970004,64.1097359,57.89964776,64.5076241,62.63678152,117.1131373,45.68699311,67.87781834,50.43234418,116.1587811,72.5411799,60.18676264,56.97178997,72.99224065,53.2096607,57.34505342,53.38704813,79.71271656,71.39169529,68.15600612,58.17101099,63.8850055,55.04365906,44.28779093,78.11617402,54.64424588,72.30463258,77.58973015,65.78348692,68.57758966,57.10874139,65.9269197,53.13119966,56.66121122,60.55554117,70.76623614,49.24110914,73.704717,56.0879106,59.74873831,60.58311655,68.15600612,86.31521881,87.12542498,50.71430391,54.8847046,57.74328296,49.65433837,66.31395189,67.41918442
3892,1246,104.0813033,30.62306332,731,104.0775283,30.62293972,362.0874831,,36.59600765,36.17107011,35.94722748,34.52801933,32.88935928,35.62458178,37.83787922,37.70108284,43.43240114,38.82227394,31.7769005,39.85065543,33.36642335,34.45413936,38.97238531,33.57720175,33.62589009,41.35288773,31.82700904,36.05227144,40.77404766,35.3879446,35.54232963,34.26773758,33.59574585,37.03167441,35.23648241,37.09094616,34.31592543,33.1261738,36.2636933,37.19327621,39.66572656,37.11735011,36.85414087,36.44768312,35.13517356,35.5889829,38.2583001,41.48919077,35.51095082,37.25296007,30.94397482,29.66326131,24.89124005,27.52935458,20.78971195,24.24016623,21.93546385,23.70418967
3893,1246,104.0813033,30.62306332,1244,104.0830681,30.62309815,169.2053212,,19.89876687,19.34483701,18.70916272,21.87214206,16.10414161,19.66777719,15.70452224,18.69480787,18.05586289,18.1593311,19.30098721,20.64878496,13.59685617,18.16518359,18.39505649,18.25969162,19.36069209,20.36687065,18.35897288,17.87761665,23.09289135,19.59792548,23.23185188,20.63490534,24.28058421,22.77155725,19.3098868,21.83294467,23.40387956,16.92053212,20.35237614,19.43371998,20.06313781,20.75431538,25.36089472,23.26290458,21.41086665,22.20292359,20.19803779,15.26699337,21.31426145,19.03559864,18.34756495,18.68525019,16.25072996,19.35202545,19.74976422,20.88562355,18.1923093,16.65184103
3894,1246,104.0813033,30.62306332,1593,104.0815607,30.62637189,367.5149852,,42.92842137,40.57137667,61.25249753,50.82153445,52.08873806,51.44733428,48.91142132,70.97480939,39.40005797,41.67099045,37.74761617,36.28118684,48.19868658,45.96597383,33.55875578,46.54543348,40.86410384,44.67309843,42.9455713,44.49279551,51.33341462,40.93607508,60.65963077,51.26696721,49.00199803,50.78901907,41.91300781,56.19389109,40.13677169,42.967028,35.98514814,53.39200754,40.36777869,34.32046554,44.57035841,36.31438097,66.16845171,94.2558117,38.85620989,48.94157633,53.39200754,51.69732885,63.66958358,40.86022071,40.50991876,45.00183492,44.34817699,51.38841143,55.668469,45.99926803
3895,1247,104.0433067,30.69163822,503,104.0455286,30.69339601,288.5198866,,67.66590174,48.61177496,54.02713091,50.54362977,37.0513053,54.73895082,74.45674493,58.84824882,75.26605737,57.81103478,36.12770754,39.19515441,39.19515441,46.57720142,43.10585891,44.57419438,69.7095028,86.91812483,49.0517871,49.32110244,48.71746565,51.99857781,51.77179274,53.06112857,46.14195336,56.6033565,37.02929026,40.46772435,49.72694634,47.76874236,59.18356648,50.01560192,48.7639245,75.0846934,46.16316111,70.65793141,82.98308321,62.82411547,69.40201169,51.33550096,67.88703214,46.89262265,49.59339181,48.31264785,48.85567224,53.23961493,49.8163833,59.52272732,45.9724283,58.02634591
3896,1247,104.0433067,30.69163822,741,104.0403035,30.69333808,343.855049,,66.37416495,68.01528442,68.01528442,71.04035446,69.34891745,54.29290247,70.68540622,54.77337064,92.1497402,111.5205564,72.86398683,82.80121581,70.17574299,69.71343211,70.23422277,69.97285845,68.5790384,70.85548418,75.39228922,70.06248271,67.11965326,68.55852674,74.94197954,68.55803852,60.20517284,64.30535981,50.32025107,75.71120345,63.15704982,66.28143169,87.79277847,79.18697517,78.05204702,69.66441086,83.05683458,105.102864,90.79791027,79.14725332,81.76782901,62.20493349,70.06857601,77.36738603,78.89599595,87.88181777,79.91859837,90.86964288,60.82939442,83.07907224,102.3324293,93.75443068
3897,1247,104.0433067,30.69163822,823,104.0450692,30.68972023,271.4517207,,47.90324483,42.59999759,45.93307612,60.47191798,30.82732475,30.34863958,47.26168351,59.36975665,53.99039749,38.93331452,41.2767136,38.54935679,45.77171871,36.84864987,61.46076695,55.26255578,62.04610759,46.98202858,55.5242156,67.39490997,45.10274743,52.98670304,56.53792969,39.80554764,43.45641777,46.53458069,55.76183706,50.37248425,54.74557338,64.15051607,80.31996117,49.40476211,60.79167618,57.23140231,48.73946107,71.16566887,64.5635754,62.24370666,43.29483141,64.82429151,52.99491293,63.53876427,68.09938638,53.94476052,36.02677215,50.09008305,54.1774744,51.43295761,48.5377249,55.32773925
3898,1247,104.0433067,30.69163822,1492,104.0396273,30.6876936,561.5491197,,110.6955144,106.0360257,85.20871785,85.750873,66.50653023,71.5022385,91.08963668,92.97277751,89.70167863,95.13302734,72.42550223,73.3119431,99.87411009,79.74662055,90.68416871,105.0364655,111.9963158,92.7480768,107.1995447,98.97560984,210.5809199,210.5809199,210.5809199,210.5809199,210.5809199,210.5809199,210.5809199,210.5809199,210.5809199,210.5809199,210.5809199,210.5809199,210.5809199,210.5809199,210.5809199,210.5809199,210.5809199,210.5809199,210.5809199,210.5809199,210.5809199,210.5809199,210.5809199,210.5809199,210.5809199,210.5809199,210.5809199,210.5809199,210.5809199,210.5809199
3899,1248,104.091716,30.70476829,513,104.0927861,30.7069879,266.4956245,,51.12171837,40.56593016,51.12171837,40.56593016,77.99871937,41.08711984,52.81014209,49.09847739,28.01121893,28.59565568,38.58113598,23.37111445,36.40926938,35.93199431,33.90050347,50.86873002,36.06566465,36.25448269,36.5218843,31.10843866,31.45522125,44.90097885,48.5687327,37.75709746,27.22944886,37.14943846,44.21125568,40.51239897,40.85202388,57.75575268,47.56509489,43.80749992,44.31336019,36.1576978,53.32168942,38.03307228,40.17521977,37.04186286,45.46844778,35.0496572,32.801597,29.49399168,40.65187492,42.54475602,30.9988292,40.69498402,37.83060916,33.42802259,34.08114558,33.42802259
3900,1248,104.091716,30.70476829,531,104.090725,30.70306401,211.3874654,,32.38276066,32.38276066,32.38276066,22.69932514,36.56431834,37.52208939,24.78810669,33.52631103,33.5615429,27.67254093,27.91361304,40.48058863,21.02195789,36.10154078,36.10217843,27.5722781,29.2128551,40.34459283,39.3576891,36.00846597,29.93628162,33.22812357,25.74407562,32.2962192,35.00561402,35.43269434,31.69986464,33.70309153,66.17346743,34.82814075,30.56204319,22.26758963,31.57655085,28.15892231,21.68076568,23.20106328,21.2568401,38.78174929,36.8855438,37.35364308,35.80099385,29.4959254,38.33123881,21.0510339,26.65481175,38.97540975,37.61362409,34.54015689,41.37070215,27.5722781
3901,1248,104.091716,30.70476829,639,104.0931812,30.70381237,175.8291427,,25.70497112,24.61114256,21.13864276,33.20576597,23.28220372,28.01515482,21.55300834,21.55300834,21.20552475,22.43964244,18.67605647,20.38598756,18.69970203,20.35648541,23.50191512,20.42545704,20.01533324,20.26362269,21.20330497,21.56448125,18.60341082,22.62006839,21.19664843,27.13761688,26.52426021,28.99167544,24.13669833,28.88401429,24.92066589,26.56150634,39.74787527,28.21626659,24.05643378,21.07315568,27.96178526,27.0940573,24.31206659,25.60100763,21.27903902,22.27717046,21.39422486,19.83865745,22.934236,25.99527366,22.22949653,57.54408307,22.09130466,22.11421719,22.92385382,23.36492091
3902,1248,104.091716,30.70476829,1324,104.0901336,30.7062799,225.8981921,,34.38619415,34.38619415,32.18814532,51.79831156,51.79831156,51.79831156,51.79831156,51.79831156,43.37245288,40.11015988,41.67756523,40.87884343,41.27434057,41.17475057,41.12513557,41.14992812,41.13752812,41.14992812,41.14992812,41.14992812,41.14992812,32.14361627,41.14992812,41.14992812,48.23448942,44.41144948,46.24409047,45.30924617,45.7718955,45.53939583,45.65534966,45.59729901,45.62630589,45.61179784,45.6190507,45.61542398,45.61723728,45.6163306,45.61678393,45.61655728,45.61667061,45.61664228,45.6166281,45.61663519,45.61663164,45.61663519,66.38640747,54.07575472,59.60203637,56.70456944
3903,1249,104.0270208,30.63699331,819,104.0275948,30.63737767,69.5747415,,9.773040611,12.68840271,14.66160407,8.704398589,18.34938237,7.57276098,10.04555091,23.1915805,7.970376115,11.04604496,8.955985794,10.43621123,10.28620408,9.58183127,10.0489095,8.872892134,8.81933343,11.18789813,8.7168404,11.47812429,9.601114304,10.45604971,8.92550053,14.91580947,11.44974199,9.012920813,10.20749511,10.89680705,9.972561768,7.700655044,10.8067933,8.345118328,11.48062961,9.464890305,11.09803443,10.25417352,10.28424751,9.873481549,6.746977882,10.65489942,10.43621123,9.785071319,12.93745193,7.762818751,10.10465232,10.15072216,14.73347467,10.27244662,12.25308578,11.53527496
3904,1249,104.0270208,30.63699331,987,104.0248174,30.63544404,272.1732689,,33.45739695,26.63771005,33.16806861,41.51795627,49.56949922,31.91608365,38.44719716,26.3747986,34.74552369,30.31164016,32.4131915,38.88189556,30.30829154,34.78664265,33.41827313,41.96247401,41.14025618,23.69585896,105.3573944,38.92050717,39.66897846,27.14193263,55.83041413,38.1007298,35.0249783,44.29583038,48.89950184,45.41477488,22.29405616,46.85349758,34.6533605,44.21919977,38.16787077,28.31860601,37.14971632,26.48172346,28.0751796,38.76651901,40.64955995,52.53746746,46.1364929,43.04552523,44.08655874,39.73792802,33.2319667,20.75897814,29.49661042,40.07459174,29.74015639,37.10750873
3905,1249,104.0270208,30.63699331,1315,104.028974,30.63497769,291.4508707,,40.66756335,43.62674156,50.14208528,33.95544125,49.96300641,34.17664933,42.05303144,60.82452954,60.82452954,52.84246313,38.0843243,43.71763061,41.36091986,112.8196919,112.8196919,112.8196919,112.8196919,112.8196919,112.8196919,112.8196919,112.8196919,53.66870253,53.66870253,53.66870253,51.94173933,52.79110111,52.36297615,52.79110111,55.51445156,58.53406608,80.55455927,60.41591944,60.41591944,60.41591944,60.41591944,60.41591944,60.41591944,41.51229019,67.54655374,62.82773261,62.82773261,64.07469524,44.64779296,52.62561176,48.3095544,50.20206385,50.20206385,50.20206385,50.20206385,69.94820897
3906,1250,104.1037953,30.63314518,745,104.1058444,30.63216341,224.5111459,,29.87948707,46.37443341,31.20618244,19.49915863,24.37517342,26.79619147,28.99516144,29.03856738,33.05685584,37.93120038,26.58684623,33.23313075,36.40721285,35.29432861,21.92049933,32.2008018,25.02291409,28.61026992,22.38892314,37.16046553,34.83793643,25.59747032,15.84784559,29.0733858,29.84271232,37.65093751,75.89109157,37.24608872,38.06468408,25.24042578,31.40829503,25.57721915,24.58792211,26.48231079,28.63561117,49.10328829,28.96918012,30.27116574,19.93603598,22.00290722,34.57300916,25.64213595,38.21466313,33.71178833,30.34693837,45.15307962,46.71908238,31.94625001,34.78795375,39.39031984
3907,1250,104.1037953,30.63314518,1372,104.100512,30.63473368,360.5712309,,44.95989619,42.64311535,43.12479838,42.88260427,42.88260427,42.88260427,41.6043728,40.68345328,39.80242028,33.89181283,36.1407823,43.89032735,51.34716896,32.6144832,35.98216026,47.20205205,37.0080237,25.15613239,37.67162114,30.60010446,58.90216364,25.85769783,39.87884581,42.91602323,58.20880858,46.45396227,35.78103486,35.89096123,35.89096123,35.89096123,35.89096123,30.39944804,35.89096123,35.89096123,39.03929117,37.39898482,35.66089097,53.74118984,42.87279879,47.69568571,47.69568571,61.08500853,39.53471365,38.389839,50.90417377,43.77007987,42.19749328,27.82543261,40.73398842,51.95194407
3908,1250,104.1037953,30.63314518,1458,104.1024174,30.63033867,337.9165302,,26.16127976,26.16127976,26.16127976,52.12080157,44.39779229,46.07952685,30.07415349,37.08839966,37.08839966,55.99537439,55.99537439,56.02761122,56.05988519,50.37265046,45.30724427,45.73306424,42.29831393,52.36760692,56.05988519,56.05988519,60.82497544,60.82497544,95.78736289,58.06680233,52.43532365,55.54792277,52.98342808,93.21835316,71.98221945,71.98221945,39.67708769,69.44811656,69.44811656,69.44811656,76.18994834,55.04522664,63.91415984,55.04522664,55.04522664,43.49819459,55.54792277,76.38929411,48.36976178,59.23308624,59.23308624,59.23308624,62.08609933,65.2278557,63.64109384,62.12969912
3909,1250,104.1037953,30.63314518,1728,104.1070034,30.63859978,678.214597,,81.11536708,113.5615139,63.08972995,81.11536708,73.98704695,73.98704695,73.98704695,73.98704695,73.98704695,73.98704695,73.98704695,73.98704695,73.59676109,67.4467555,70.21056935,68.8009172,69.49859596,69.14799679,69.49859596,111.487331,69.55427898,69.6100513,47.04378708,56.14423798,51.19271496,56.14423798,56.14423798,61.03931373,56.14423798,56.14423798,54.92851629,73.27923614,305.1965687,105.4674967,105.4674967,105.4674967,61.70781505,60.98848999,60.28574196,58.48077962,56.32231947,56.84685796,57.11280817,57.11280817,60.47238512,64.25190919,100.1670789,139.0219245,116.4386313,116.4386313
3910,1251,103.9992457,30.60127686,44,103.9967302,30.59844508,395.8115907,,42.28881812,43.40799593,43.40799593,44.58802242,44.58802242,49.72017519,52.41044159,50.63687728,46.31618755,43.89439281,50.84676103,45.17030061,54.83543884,50.95071727,40.58401642,40.49151518,40.49151518,40.79035224,58.10078396,44.37751696,46.38081569,65.86695193,66.96369074,52.71673544,53.1326936,49.37742733,61.68492323,35.10740318,56.53686457,60.1232796,58.16007047,58.63875418,41.20977781,41.20977781,46.41438849,40.20470425,55.08718014,44.85587806,104.31345,53.97430782,48.31412975,38.51139801,60.37803926,66.89773364,38.51139801,38.51139801,42.85478877,63.56528147,41.48243745,44.69466305
3911,1251,103.9992457,30.60127686,146,103.9938473,30.60135673,517.6338569,,51.51297539,51.51297539,62.21283836,62.21283836,68.51036341,66.81682285,55.66324913,61.09776672,70.02695055,69.84388796,69.85206946,67.64070505,79.72434765,70.67008807,61.87864649,61.97887002,72.6976028,53.34474242,43.06968917,67.45635782,50.70699006,88.45641857,37.67146667,69.63018807,45.27409827,60.21113081,46.82115289,39.25185645,58.13072581,51.72420069,52.73479649,52.78869738,59.91903167,52.77521183,61.09776672,58.3527448,45.01163973,59.87411005,49.07128071,58.60005927,95.56317358,40.33510573,54.4310793,48.61257091,38.1861042,58.12680902,68.00605712,59.63142031,65.73649244,63.45793372
3912,1251,103.9992457,30.60127686,754,104.0009258,30.60599487,547.1455093,,60.59523425,60.49984899,80.84649668,77.50431925,86.0141412,80.10359469,81.31983387,83.51595648,72.63886293,82.46554208,75.62441752,73.81274416,82.91537519,79.07890935,74.91343181,80.72638662,71.12173321,71.48163184,73.86707834,55.69435909,77.82792291,71.6914953,79.87984581,74.64950253,51.06218622,126.2643483,87.93409971,80.41955753,53.09228662,30.49108101,76.3705525,94.26771158,73.93237532,81.63651218,63.10689094,71.08350175,68.32417486,74.18128479,68.15653403,36.2081587,77.41484745,49.65690336,72.18907435,38.98513278,66.15361322,72.69317785,83.20327993,82.10033344,78.27577936,50.39805118
3913,1252,104.0893772,30.60548711,681,104.0926227,30.60533263,311.6035031,,42.2076046,42.6935342,41.73261202,42.72063261,38.35120038,44.16427603,38.09793774,40.94060625,49.02138141,52.0822998,42.38435558,51.56587371,41.203769,43.28731035,50.4344553,43.28731035,47.53273776,50.47345832,47.83678512,44.25138506,38.76954699,41.17436175,47.4723915,50.87404132,86.73499573,31.68849184,41.17436175,44.2416893,47.80281013,38.46956828,38.51579781,39.82624655,47.1899536,45.97428734,51.93391718,49.20055312,54.45498112,40.19405411,36.09306986,49.41729565,44.717587,57.82333047,46.83810485,57.89794122,48.14474726,55.98366119,32.51514815,60.04135297,47.98000903,55.39617833
3914,1252,104.0893772,30.60548711,747,104.0862848,30.60562673,296.8561054,,60.89356008,68.94722448,34.48473635,34.63281145,39.32592381,35.37406142,40.04161037,54.80420407,44.77494453,24.96920513,40.82834687,45.00474957,46.45902329,41.18234988,46.92990715,50.00517284,34.6412311,45.03777156,45.03777156,45.86617938,47.3305803,51.23269415,51.87697902,51.55282366,51.71439337,38.06525305,39.51373827,51.65368621,51.66379417,35.5043847,54.80420407,34.21607192,38.08947992,40.31811288,38.08947992,53.97383735,33.87264594,28.12320999,38.82586665,39.1997058,45.91544487,51.62714877,52.12778632,93.6670045,53.52330447,39.43475939,39.50765174,48.57645361,88.61376281,39.03861112
3915,1252,104.0893772,30.60548711,1053,104.089617,30.60737573,210.5720139,,22.06868268,34.55540741,22.06868268,22.06868268,65.53826367,22.06868268,24.74622144,32.77542876,26.75306521,31.61873827,28.96119389,28.64203715,25.82825383,34.56197189,26.81615742,33.72066353,26.81615742,31.94710867,31.94710867,31.94710867,31.94710867,29.7369243,31.94710867,31.70690485,34.01275379,29.61168945,33.44379044,26.93526094,37.96623956,28.36138295,31.06800205,31.94069874,27.01840504,27.26014684,27.01840504,52.35215815,24.51282943,27.56579091,27.56579091,32.86977778,28.05029602,23.25929685,33.77909766,23.98921677,23.9765709,28.61500786,29.66963797,43.81845376,30.99707296,91.77472761
3916,1253,104.0407784,30.70588248,313,104.0388274,30.70856721,351.3492495,,57.92719307,93.92504687,58.13526649,58.3331575,71.27899699,71.40880757,74.60592051,59.52269639,66.24957646,76.72956081,71.32653939,43.20195705,93.17549158,65.24687609,73.00763626,80.006787,110.5644491,99.90097135,76.04352496,81.08059604,101.878221,112.7963542,100.0546313,81.96981494,68.25713938,146.2262772,96.22752061,82.89460259,138.7774465,64.14083662,118.5433269,179.4123827,134.4087733,124.7972958,144.3489071,161.784073,119.2558443,121.0389759,114.5531138,79.15252179,95.55927388,133.4706963,127.655909,152.3924456,112.2654406,81.25421614,79.86470707,59.29018586,219.9751823,160.3114446
3917,1253,104.0407784,30.70588248,1513,104.0375073,30.70419899,364.6226101,,36.01916807,66.85779609,79.31367954,42.18451193,57.26119838,48.68847909,69.49788995,52.1480691,43.66132648,36.08636141,40.25478343,42.13937067,42.89677766,41.55572288,32.17258324,48.97915658,45.63544678,54.7694602,54.36618762,65.74163921,75.43916071,38.63550835,61.5685458,53.68676468,44.64766654,58.14579829,74.92574381,48.1408825,63.94919623,52.69300878,50.62528801,53.80559913,43.98277204,36.96540119,59.98776635,56.84667465,60.60209586,58.02402464,48.05276618,59.25117415,48.34774941,37.93761261,58.95096091,43.32149823,51.39551278,52.52475577,44.37097678,44.1118088,44.24101323,51.58993452
3918,1254,104.0793448,30.68519776,648,104.0810477,30.68827702,378.2537959,,97.73064585,77.2603498,65.80313695,74.97391137,81.93839279,75.26250026,67.16220297,121.5815773,75.65075918,83.58733437,83.79776401,73.40774476,102.3844861,70.07403398,80.42902523,109.3745916,99.00099354,74.81943216,124.8006414,77.83908247,102.6417335,81.37731069,92.00768008,98.10617185,70.13977674,78.61331656,69.12252108,92.34364968,101.8103675,77.11970595,95.5588537,85.18316045,90.70028856,118.7540987,58.69455454,58.44264658,98.43713245,67.87357833,99.39515805,86.18440919,119.9747723,115.3994632,75.51092415,135.1576839,92.84411352,81.45844456,86.59546361,131.8851007,123.7921514,91.14549299
3919,1254,104.0793448,30.68519776,1076,104.0809578,30.68481948,160.0988055,,36.24878615,44.33505383,36.13515359,48.28110574,28.40939987,67.80655292,52.87666971,19.96037056,28.11491219,19.90865975,23.10042885,29.3161597,50.78023787,28.0748969,24.79115854,25.61518106,42.79869057,21.30376836,32.88762909,43.95467682,26.19798635,29.72437854,33.12389079,27.10136519,35.57751233,35.79849067,28.80578259,26.57901419,35.40268426,21.56771473,24.07213544,23.65344869,35.65086802,40.87629077,29.91465569,31.07038813,30.11262799,31.66789559,33.44423791,20.22300701,47.96302632,20.13469694,39.47641779,18.29700634,30.65721807,34.40929551,33.41192463,37.13632086,19.00595877,21.24161056
3920,1254,104.0793448,30.68519776,1374,104.0762716,30.6863729,321.8918562,,40.73148268,40.73148268,46.86797502,55.18146106,83.74422275,64.98003827,100.6865522,83.00275481,83.00275481,100.3299292,105.1075449,110.3629221,121.2145065,74.71377707,63.25385821,75.2474469,101.9481538,48.20343936,49.78320103,28.57732879,48.55968574,41.26551475,71.82710842,35.87649171,54.27684695,32.21155476,54.27684695,79.91797809,78.54942191,77.2269483,82.77219159,44.39887672,55.65471545,49.39366585,31.23478928,93.83082448,43.44182502,40.4393026,43.44182502,43.53021815,63.17503721,51.60645602,47.2777198,47.2777198,47.2777198,24.85384841,64.89210037,69.89207975,64.77421366,30.94287536
3921,1255,104.0244625,30.65338115,143,104.022186,30.65402171,229.3955227,,20.19129295,22.17402061,39.01530149,23.93692411,24.40858764,32.18018049,28.02116904,27.75212276,43.35575378,39.84674942,30.32401035,38.77107426,36.93308952,27.54786855,31.94676525,43.79369069,38.97847144,30.64281565,13.53809642,26.96882282,20.07350223,21.08999333,24.17517218,28.97627655,24.15867036,22.58818057,24.57809172,32.09160163,33.33775763,16.81922366,39.72429148,37.26642066,45.49993839,103.2279852,50.66404182,14.3123723,45.45819532,26.63948006,39.7508487,51.39982665,28.19886425,37.40991537,45.70137696,34.47088355,26.28816359,55.67352013,34.92347963,56.03019657,26.24996445,29.72965974
3922,1255,104.0244625,30.65338115,1646,104.0295853,30.65343078,490.8955597,,79.42579842,46.04325951,56.39033345,50.23165428,51.52256603,46.07478602,52.23322212,43.21653912,59.95670958,49.11879335,43.46078118,43.72349115,40.89444002,51.16456326,66.34346372,63.2657762,48.02239171,52.84497428,36.89402954,55.15188634,59.19765172,41.9519054,36.06579622,48.16517385,47.17629511,42.77513176,55.05370763,65.33175656,45.41046719,49.92158234,58.86822168,66.47645274,48.21893629,57.1300867,47.62123457,52.97037137,34.02870376,44.82495916,50.14133604,56.88848373,56.98884279,59.01237805,64.75720099,51.58702295,47.7112315,36.43760856,45.82257601,47.90847889,76.10055567,40.27402039
3923,1255,104.0244625,30.65338115,1829,104.0243492,30.65209681,142.7582269,,30.4100365,28.75130724,26.8897118,20.764833,25.25452663,30.23115393,25.25452663,19.88122309,28.08358562,26.59402933,27.31851784,26.95140567,26.95140567,15.50315586,19.68371962,17.34509069,18.44055475,17.87605564,18.15391796,18.15391796,18.15391796,22.27213941,22.27213941,23.21534125,24.24196306,25.35836925,24.7876021,25.06973741,24.92787147,24.99860317,24.99860317,24.99860317,33.67821867,28.6964562,28.6964562,28.6964562,22.74024853,22.74024853,22.44234135,22.74024853,23.79303782,33.21798078,18.62063829,19.81733741,19.81733741,19.81733741,24.4728389,24.4728389,24.4728389,27.8175706
3924,1256,104.0683074,30.66609783,292,104.0697966,30.66615043,142.7871993,,31.60044574,33.48755163,20.63012378,17.65681125,19.2762719,18.90178038,28.24362184,22.25255054,23.07930935,23.13600888,22.34930076,13.77491516,18.79866824,17.61898603,20.37122527,15.56499372,36.98085737,18.41645372,24.06619722,20.36584459,25.01595159,25.91767652,18.6199789,19.2477011,27.03662945,26.84250222,26.84250222,21.29386568,21.5527848,29.69148982,27.30591859,17.96339998,21.03463601,23.3121958,25.07482524,20.05986019,20.05986019,19.96248223,22.95221213,19.15654351,23.25835701,26.03630305,36.80433776,25.0756216,25.0756216,22.89683374,24.43901351,24.43901351,13.89280858,31.82872554
3925,1256,104.0683074,30.66609783,489,104.0683242,30.66585244,27.24439479,,3.540331307,2.886823289,3.870298766,2.924724427,2.999382913,2.744771117,3.075205056,3.667906554,3.602288944,3.526148526,4.670467678,3.841246263,3.39572376,5.803539719,5.010280585,3.335764688,3.434682819,3.451995468,3.927906337,6.44820082,5.464056894,7.30122739,3.009352735,3.963470439,3.430221078,5.148547047,5.148547047,4.058755276,5.148547047,3.181827129,3.829996274,3.02482101,2.901054609,3.592667445,4.241289567,3.181827129,2.845642782,2.833422961,3.084271108,5.206323919,3.280810211,3.739935986,4.738155616,5.926273187,3.6924168,3.521980563,4.728162519,4.728162519,2.70192345,3.502850759
3926,1256,104.0683074,30.66609783,1321,104.0681003,30.66950393,378.0199534,,43.62844345,39.34292663,41.58729926,50.09705749,44.24160703,35.10417452,56.46771088,33.94904784,68.7805258,57.81831545,47.04016012,61.37733145,60.7178509,35.83979849,54.8247381,37.81480523,50.30949472,28.23711007,31.46804308,59.02576621,58.53212182,31.92928717,67.03802129,49.21143136,46.3885657,29.89467047,45.35350157,44.45218305,53.37474052,37.68236878,47.81700043,44.00950949,56.3274765,47.22516479,47.91802226,54.16819909,43.97001073,105.4939405,44.47293569,49.60650665,62.47307571,53.96715791,47.79181149,62.81825496,55.52060966,61.57791096,112.4687465,50.29090289,47.77947367,67.77250161
3927,1257,104.0968473,30.61335413,270,104.0957775,30.60819498,580.9071547,,129.0609725,142.6789502,103.7849011,95.54612253,116.737323,133.3560773,168.5655018,127.1058915,147.6882597,194.0503557,184.7952067,177.2259116,156.3238522,199.9616661,192.5099293,212.6710939,145.5993016,152.859662,107.797204,141.6207059,150.9333745,132.1196778,156.9430212,75.40621721,142.7485158,130.7041098,187.8815124,176.6271754,134.9784267,83.31736083,203.6120819,190.5481327,215.8416492,132.970655,160.7429483,179.5077903,96.6261406,196.1206782,140.4581478,218.9807075,90.23800461,188.5722053,286.4747612,111.8844206,136.4610608,156.3338403,231.0790892,93.1042974,109.1877084,75.49695873
3928,1257,104.0968473,30.61335413,707,104.0991022,30.61345907,216.4567285,,59.92559389,70.53861442,52.08851755,70.32890096,49.31925459,46.52204314,71.49029565,49.95155273,53.13028789,65.34542747,69.20463789,57.40288933,24.4949068,62.43944091,31.03447797,52.00740085,37.49972197,47.22692258,48.10149522,46.38358468,30.98347096,36.5842358,30.98376702,30.98391505,41.86269808,30.98391505,29.22470259,32.78727444,45.22976416,51.32943556,25.71763111,43.96300269,23.36564386,44.19154382,53.756236,18.75813575,34.2524933,46.38358468,29.63071472,29.76649145,36.98944094,34.82655743,34.22741826,40.23636261,29.3169384,46.38358468,28.29450795,33.78226398,34.26755596,29.79901425
3929,1257,104.0968473,30.61335413,1174,104.0964881,30.61680828,384.3641556,,44.61784636,42.7071284,55.02308451,49.41824858,48.67651126,57.31135222,64.96295588,33.35850916,49.29501105,47.41442468,52.35663092,67.75397213,74.39306237,43.96539735,70.03002775,52.80219902,64.27323637,73.5234304,61.77281072,58.59044291,44.67822663,81.97339811,61.99421865,43.58144756,39.97514124,42.83934861,49.63349588,65.8909981,56.7870435,41.73518115,40.27433148,54.44383317,54.14184863,40.78735328,72.46366622,61.70394471,39.7427753,37.82107271,51.81296547,54.92593125,49.82498314,66.3038794,34.46353574,40.42561236,52.03621988,44.0589742,53.97353364,34.47212158,43.49468651,52.53767291
3930,1258,104.0039401,30.69501619,865,104.0029919,30.69292611,248.8159216,,28.48131376,28.48131376,28.95702536,32.42488028,23.20562999,28.75561213,31.50307097,31.96208092,32.00633589,34.18844724,34.3853097,40.43960803,38.29761305,35.81158692,51.47915619,31.80132489,27.06155039,25.78898228,26.83187173,29.6880322,36.93762135,30.6339712,34.43818984,27.99179118,44.7309522,23.83865117,24.57441201,26.54036497,56.6922353,24.21062597,39.63439459,24.57441201,34.85359213,39.21301579,50.40322528,34.98973898,35.68674573,28.16784018,25.09068117,29.05682994,29.94108026,22.79229816,33.47898872,27.624898,33.68040237,27.64621351,37.79482353,30.83698486,53.00220815,35.40317942
3931,1258,104.0039401,30.69501619,893,104.0075071,30.69289184,414.9188463,,55.2883842,52.04556957,58.96215185,45.85442354,41.89923834,45.76310805,47.73076734,45.67913904,45.67913904,48.55612667,63.42708478,56.47288645,49.02760984,40.37048234,45.74909178,69.2466454,64.80294346,62.76083389,50.63416429,58.69186038,77.79728368,54.95782357,55.0274198,79.24179558,59.13113267,59.0909273,62.136693,72.8637974,102.7780629,72.39294896,50.38265132,99.91356834,78.2045993,68.44022207,60.98841156,85.77485586,71.21372332,73.52130499,76.20958401,61.52572366,62.96660713,41.14897649,55.0168636,45.42446569,50.20866712,42.97924507,44.39283295,69.90832355,55.44572556,56.65137218
3932,1258,104.0039401,30.69501619,1657,104.0049356,30.69715369,255.3728071,,34.66599191,34.66599191,31.92899186,29.59255704,25.83873259,26.15482519,25.99581806,26.15482519,26.45588793,26.30449515,26.37997433,26.37997433,26.37997433,29.84876966,29.84876966,34.17628645,23.21570974,27.64938663,25.23931656,27.52521274,27.52521274,27.52521274,27.52521274,27.52521274,29.23186345,28.35287912,28.35287912,28.35287912,26.98655887,28.35287912,28.35287912,37.14513558,32.15888432,34.47263578,33.27558803,33.86353655,33.56698791,33.71461014,33.56698791,33.56698791,20.45254962,25.41785869,25.41785869,29.97854692,25.41785869,19.70722627,19.81340745,19.81340745,19.81340745,19.81340745
3933,1259,104.07673,30.67884784,1009,104.0758934,30.67758218,161.5537713,,17.90026855,19.82705375,16.65860585,21.09869261,20.56311998,20.14074313,16.63597187,20.77944498,22.13486495,17.02744232,18.93285295,18.8217986,13.9081764,17.89518697,17.26223824,23.68052022,18.51029843,17.93197051,17.38045803,19.98603356,32.49126127,20.17670691,17.75858249,17.63295331,17.1561527,16.05134066,17.16881407,14.03120812,22.4336963,14.36033523,19.2500977,21.25053453,25.72000339,23.48291696,22.20145546,15.21202058,22.49153374,19.51656298,19.51656298,17.36100229,19.51656298,18.78127804,15.2849823,19.51656298,18.13230169,20.97092224,14.78001466,19.91758824,19.34882983,30.15670397
3934,1259,104.07673,30.67884784,1083,104.0744869,30.67978055,238.4485683,,32.07029312,22.92162472,35.18093631,27.84048149,38.63832764,26.14071183,28.15628851,46.56861733,29.17421627,59.69505187,32.48056173,23.63151675,24.04523378,41.40264531,64.71941952,31.64079786,26.06984575,31.30615776,93.30596151,25.47225062,37.03484697,32.59803213,39.68019319,43.17258236,23.91127704,27.60176353,24.65823615,21.88278067,52.57133789,25.17345589,66.03191122,37.1286698,28.66159753,30.04952786,41.20108002,28.03216086,34.13745862,23.92460552,29.07416921,32.47471044,42.28644561,19.80195723,26.96238228,38.52849398,26.52754714,31.93507611,40.90936518,41.40264531,31.99458986,49.73434797
3935,1259,104.07673,30.67884784,1410,104.0783637,30.68119666,303.7401244,,27.65930307,30.04023208,32.85321326,34.54863974,32.71540939,31.15283327,28.06633593,19.03332372,32.62855495,28.6904414,25.22991343,19.50525237,21.81112596,19.01677301,34.155516,42.54725478,22.86386718,33.93217837,28.18570558,25.45900926,30.39277341,57.13726703,25.00299805,37.36211097,60.86072992,54.67322239,59.69778604,61.77765242,58.57845255,58.57845255,43.69973371,28.1911556,34.84837121,20.67040544,23.90086225,39.66618311,27.72475781,29.63318287,29.77844357,34.78677989,26.15943655,43.01898757,28.65882518,44.7224723,24.83735259,36.41341299,31.7559859,25.94221703,28.55619885,23.16661966
3936,1259,104.07673,30.67884784,1730,104.0822831,30.6759215,623.0297404,,83.92542808,68.51323832,79.41055701,83.37944481,74.02333549,50.23308097,63.0513103,61.95875871,65.72251065,69.9731026,55.19869727,90.21594014,84.63800247,67.14716217,71.61261384,59.49355611,82.67023491,69.74833166,84.56961734,65.26402712,73.43474958,96.33101213,72.21871875,57.18783951,68.24260848,88.90345106,94.55763345,84.72935488,80.92963639,76.09953853,69.62846924,99.11836778,68.07001716,68.07001716,68.07001716,49.45770817,111.3105243,74.47394793,64.08305901,62.35246012,62.35246012,60.82754402,59.33616575,80.14471391,62.3896263,81.09684637,63.71895072,69.62666802,69.41298462,90.95324677
3937,1260,104.0215958,30.66356652,129,104.0192612,30.66338368,224.5953135,,28.00149363,59.74456617,40.52847762,17.01897482,13.89683502,13.37540329,13.37540329,53.78335668,45.76659218,14.43540599,36.64092727,14.24207826,75.56477837,19.73741312,42.78005971,111.780156,24.02222728,122.5065346,57.83570305,28.14924671,23.43917758,23.46506515,23.45211422,25.58088864,23.45211422,17.73120896,20.1943071,20.1943071,75.21331429,37.43255225,16.48405971,43.8234758,17.19237626,17.77017865,17.37907,53.36918341,17.4263787,17.45012977,17.43824615,41.11236246,17.5388965,17.44195804,17.44232932,17.44214368,17.44223649,64.68345029,21.2494909,17.80932001,18.73072885,60.94546194
3938,1260,104.0215958,30.66356652,1243,104.0256179,30.66082813,490.5255466,,248.7171786,248.7171786,106.5260959,70.14466605,82.56654437,90.32695487,76.14885588,76.31705983,78.18005391,82.96658783,69.02509321,70.63567871,79.27685602,60.4067948,85.15452527,84.9497038,86.73542585,75.86170744,95.28194072,92.46516247,105.5839742,87.02994451,105.662945,82.90572619,86.9540567,69.52330582,118.3111139,115.5310414,66.88984726,112.2626807,109.1741557,109.1741557,97.16049341,109.5976396,125.1665896,110.0244217,114.1652623,126.1802049,55.79437497,103.7234636,108.1710241,123.7052167,145.9414849,132.6076571,132.6076571,40.22532956,99.85252857,97.40165294,98.61186474,97.40165294
3939,1260,104.0215958,30.66356652,1571,104.0210888,30.6647771,142.6925323,,21.38160734,21.38160734,21.38160734,28.03236651,28.03236651,31.9808944,37.22413886,44.28388933,30.85243942,24.75629476,28.92416195,26.67842723,27.75594307,27.20652056,27.20652056,23.78208872,30.36796549,34.36074356,49.39356887,23.70891306,23.70891306,22.6296527,49.87311809,44.47559448,62.26583228,51.88819356,51.88819356,51.88819356,24.67306034,24.67306034,16.35965338,21.57467939,42.10599314,19.16765359,33.96318124,29.86587885,31.57949485,25.4934549,26.05689721,25.77209685,45.32586321,34.78734421,26.91841658,30.35114424,30.35114424,30.35114424,24.2880906,32.40966033,28.03661642,29.01537959
3940,1261,104.076704,30.64358527,1548,104.0803326,30.6422981,375.8547106,,41.68246554,108.2461567,33.82692395,43.04592656,39.56365375,36.81842063,47.89652949,49.76377191,49.09568063,37.9811076,37.9811076,42.26347706,47.63423674,40.58861887,43.46536968,37.56807843,47.88711216,50.77211851,43.50729769,63.45026767,42.66699119,42.66699119,42.66699119,35.57608129,43.10878401,28.04304576,40.24768792,80.06372533,37.74273245,51.30149604,51.30149604,51.30149604,91.26994659,36.55729708,32.31871715,30.96285945,45.50707259,30.96285945,36.85184634,29.6078109,85.09917976,43.09162287,36.10612297,39.64092651,36.10612297,29.55607161,71.21457675,38.83688169,43.02311473,71.59137345
3941,1261,104.076704,30.64358527,1786,104.0774485,30.64502758,175.0510587,,30.77820812,40.01167056,34.79275701,40.01167056,40.01167056,44.20126932,42.00225355,51.65441076,39.06098005,47.74119783,26.31247646,27.92542738,38.82035799,77.48161615,45.83154991,45.83154991,45.83154991,21.28999363,49.84504723,44.17176247,52.45287373,48.38263427,54.60864916,58.78580329,56.62028853,57.68272872,57.14657097,57.68272872,57.41339814,62.08707501,44.37914164,44.37914164,44.37914164,32.73682137,34.86494115,33.7673844,34.86494115,30.51737585,31.92420523,27.94606702,67.76170014,59.96991069,36.93926209,55.44139101,48.19761463,55.44139101,57.24606918,85.54531375,41.59629118,37.06963596
3942,1261,104.076704,30.64358527,1872,104.0760703,30.64193675,192.5309698,,36.76984039,46.96407621,21.5922583,37.16415503,45.71975536,36.65640325,25.86236908,36.16233867,34.91745548,29.7472743,44.50803506,33.00530911,28.34811825,45.20292335,45.20292335,45.20292335,53.72957297,37.06478563,43.8678159,43.8678159,57.23893696,34.65557456,36.80238007,34.65557456,34.65557456,31.26818757,32.87485335,48.72488515,22.91277657,29.7472743,29.7472743,29.7472743,29.7472743,29.7472743,29.7472743,29.7472743,26.65813428,26.65813428,23.6556823,26.83877991,29.49410601,29.49410601,34.31245006,31.72134972,32.96606379,32.96606379,52.11364596,34.36916485,27.07466763,29.6201492
3943,1262,104.1004776,30.60140334,296,104.1007347,30.59778697,401.5531654,,38.24315861,38.24315861,19.70263649,19.41042491,55.1752441,66.41308094,47.39643919,164.2717495,54.22323314,33.62573574,34.37408483,46.18502861,35.16084381,36.14234379,41.48038437,60.23297481,53.73945708,33.19167384,44.2753873,44.37732603,32.8669013,32.77614637,32.59022812,41.20842062,47.86726475,33.12762502,33.33771886,31.02127458,31.9160764,41.3026113,30.63018107,33.54040361,32.45784778,38.48069375,48.3879965,51.56687499,48.26682456,35.6715952,35.75983662,47.35762147,50.31060542,51.26210622,33.73608858,32.74736277,53.34285592,32.37606709,31.83574182,30.59503276,31.22543768,41.96201438
3944,1262,104.1004776,30.60140334,373,104.0957303,30.60007481,478.3520148,,39.13789212,47.19608779,49.29581832,49.96326653,56.99306082,66.83314048,110.9222063,73.20158356,62.5921764,56.57251161,59.43030079,74.09396571,54.23833869,68.56273071,70.09771722,79.57796919,70.52835166,79.57796919,68.77265388,62.70042794,70.54038928,69.13040742,57.68465624,61.64343879,69.26030307,65.05367166,78.46269969,71.35281688,58.39284832,64.44789848,56.02040512,61.88920946,63.99515641,67.60365085,74.91974754,73.80288229,60.32851816,59.85479605,65.16739613,65.89132225,71.5057989,57.63957492,66.34145665,66.88834156,62.12403792,69.46376607,54.25377632,68.17094964,65.81319079,61.11281786
3945,1262,104.1004776,30.60140334,555,104.1003982,30.60263224,136.409658,,16.36915896,13.4587124,13.43569819,12.84975409,14.36941533,16.99416664,23.95486677,23.95486677,15.96991118,19.90843657,16.0220153,18.92388319,17.31168397,14.98892846,17.98808677,15.3393456,17.98808677,21.1670159,51.965584,16.62245349,23.01463474,29.03858686,20.84689918,19.85059489,20.33655191,24.25060587,20.21284561,20.15155513,42.95114597,20.16684288,20.17449545,20.17066844,30.2014003,18.39231344,15.943986,17.43198819,25.31313241,17.64076403,19.39684942,19.32272055,19.35971403,16.70835402,30.47787549,24.49250717,19.34698156,19.34755994,23.10940088,19.34734304,19.34737919,19.34737015
3946,1263,104.0211002,30.73251155,809,104.0204063,30.73193824,91.92910085,,12.53578648,12.53578648,12.24965193,12.24965193,9.584003343,8.633609769,9.063432479,10.10298012,6.626073508,9.222282476,7.155055973,7.487917064,7.961189767,9.847714727,9.959158485,12.04535423,8.661585948,11.05962805,8.076748336,9.340476643,10.37411345,10.26456846,8.075947044,11.94387115,11.31112833,10.62991744,9.729053012,11.37064703,10.92115217,9.710464348,10.06867505,8.782500968,9.99833121,10.0273631,10.01282611,8.707640534,10.12321478,13.35127637,10.15119331,6.482955782,6.859736316,10.11290338,10.11290338,6.88631378,7.807602785,11.0314921,9.975727598,12.44153245,6.976436683,8.223932815
3947,1264,104.0890923,30.68076523,450,104.09088,30.67998414,191.8857738,,23.68148048,34.53943928,27.85438652,19.67125161,28.87309449,38.27084685,27.32190319,22.44035038,24.85969539,20.86074849,24.44651921,20.42545197,18.44562846,19.61771489,25.90457946,22.21185806,35.42157267,19.4862845,28.7678828,19.43147076,23.12263718,23.25888167,25.51726385,23.10330387,18.33546876,30.65630706,27.06526285,22.03473001,31.00024469,19.47941588,22.51348568,28.08084495,22.77325667,24.26374379,22.22972762,47.71876596,18.64477154,25.11959221,19.8217729,46.05258571,21.76398191,25.00070772,16.17772332,23.29810407,20.93299351,17.64466886,21.40321567,27.3309114,22.79830976,23.73844624
3948,1264,104.0890923,30.68076523,796,104.086401,30.68210717,297.6242794,,30.49660548,38.73634873,54.39923872,65.53195143,28.54655611,26.83650359,37.74100985,28.40361312,31.07145691,57.8639463,25.99811722,30.98907898,40.06242897,43.20352443,42.01754533,47.63399849,43.42238727,50.51019002,49.37545649,36.94646227,43.07719834,49.01406248,33.9818397,35.47839092,44.92441953,55.40775208,37.31099498,36.32025105,50.2437236,45.14525587,34.41673831,26.04212445,45.62880939,47.22013751,53.57237029,47.85383679,39.68323725,29.12672559,50.80625212,36.47480531,37.01027309,37.90154089,55.84090714,48.56969201,39.76505837,48.07930921,40.37273038,38.07898377,32.17559777,41.15675055
3949,1264,104.0890923,30.68076523,1482,104.086665,30.67709933,468.117835,,48.32679001,49.63841549,63.81698372,59.05666804,59.03573339,48.4956606,63.59336626,55.16813307,59.10104932,59.41935091,51.50090952,51.87699572,70.58665094,116.222359,116.222359,116.222359,116.222359,116.222359,116.222359,116.222359,116.222359,116.222359,116.222359,116.222359,116.222359,116.222359,95.21040712,104.6723109,104.6723109,104.6723109,118.2613478,111.052666,114.5437013,112.7711723,113.650526,113.2091416,113.2091416,113.2091416,108.0271927,110.5574796,109.2776911,109.5948524,109.7541245,109.5948524,109.2167139,108.8411759,100.2943816,92.99213891,96.50532318,107.111708
3950,1265,104.0633208,30.65879461,278,104.0634634,30.65705933,192.806527,,16.95002435,16.95002435,24.87896926,18.64616514,30.80340964,17.37430531,16.3703655,15.88337522,25.17147769,14.6900211,30.53315806,20.11894195,25.24012717,32.9623665,22.31844042,17.6616666,16.3703655,13.50395909,14.84713363,30.89481441,22.70785705,16.23633912,27.75488826,17.08562455,22.90770618,29.33348113,30.95531542,28.5492441,22.39043539,18.60867285,17.52786609,27.77571311,21.55600923,19.08625565,30.47474113,36.57086015,35.0380362,32.68187,28.65236315,19.77502841,18.99051976,35.65600156,27.06056519,35.57984608,30.04777044,34.79215525,24.2058761,96.4032635,21.09737074,22.79486033
3951,1265,104.0633208,30.65879461,1894,104.0647459,30.65903044,139.0199589,,19.47992937,18.99323917,19.99221779,22.07964053,23.84713399,17.41204257,19.33568006,19.33568006,35.54487586,30.77932669,19.38978333,27.48766547,25.0235926,25.99103674,21.688921,14.52748482,25.59958322,20.61676013,19.60520427,18.33230227,18.68826931,20.38581882,19.15498429,18.19897644,19.64560754,16.99395083,19.09156929,20.72347213,19.87407723,23.33202107,17.52966207,18.53599452,18.43358571,18.48464827,18.48464827,18.48464827,25.21268776,20.2825472,22.48048746,20.2825472,27.65037857,22.01489086,14.6765939,22.01489086,22.64151639,23.30485923,21.38605396,19.75918197,17.08095058,27.71161971
3952,1266,104.0769254,30.65164009,721,104.0808711,30.64973437,433.0777914,,73.54151175,60.47634015,49.06624859,83.13926728,105.418224,123.085267,58.93787154,122.5049802,73.24537142,88.90312402,97.83559247,79.7483401,74.17126779,72.40309826,159.9056461,97.74796546,74.70711624,104.1121903,106.0598673,137.7279195,54.22887127,81.9274855,70.75033225,55.9344672,76.78095999,63.54945853,77.7128247,97.56445864,67.34687037,115.6587573,98.67595247,119.0137442,55.2538706,59.32572485,72.91099217,59.90701437,50.03466139,59.14567713,72.74090432,57.83550791,66.30352579,61.77910856,64.42479541,122.4408416,71.57215222,82.68544748,70.70657819,96.02780766,74.10076279,101.9006568
3953,1266,104.0769254,30.65164009,1112,104.0745269,30.65307435,279.4454997,,51.45799483,48.21104467,62.32985123,58.31906081,182.9097816,84.00866797,63.9286065,94.5238469,67.2237754,64.48742301,185.4384883,47.83922959,107.0216807,55.73869394,51.32672443,62.41610918,62.2912569,61.27941921,75.98216004,140.4542826,98.82159125,87.74683902,50.49240534,77.13063082,60.05992829,96.17627141,106.0067228,61.84449582,71.2916078,42.22471349,56.72192179,56.07602001,60.38438169,45.47937608,39.45112937,35.09315577,109.7957761,73.91651719,66.27166001,53.22771423,45.32476668,59.97512451,66.22803153,67.74436356,81.45779748,103.4746765,57.742565,60.31499168,74.8211074,80.22358843
3954,1266,104.0769254,30.65164009,1766,104.0780951,30.6537093,255.25075,,45.78162918,51.95734167,51.95734167,76.78852644,65.06785446,77.54453165,49.8664514,57.16346501,57.68895874,47.52945001,78.03844586,72.92878571,73.21933865,60.059,55.54679535,60.059,51.66521204,65.63590714,93.05343797,37.89289485,54.29262629,94.97702326,61.70583323,47.61153886,67.4100055,74.27619978,78.3024857,73.10837923,71.97671277,67.35412462,51.62374719,76.89562343,60.7739881,60.85448344,75.69214992,119.0288472,58.71582748,100.9783187,79.55867532,86.01273326,43.549891,62.72373379,47.61153886,82.59799551,75.80315583,68.82593459,63.02487654,60.15729624,63.02487654,64.33391133
3955,1266,104.0769254,30.65164009,1846,104.0759907,30.64984915,217.7648686,,30.22957045,40.10419832,59.55962218,40.10419832,40.10419832,39.46074799,39.77987133,46.03159824,39.4136937,33.86408324,48.12483284,39.49388045,28.42986498,34.93554042,34.93554042,45.2280881,33.5980083,44.62733549,44.04233298,46.44274449,46.44274449,46.44274449,46.44274449,46.44274449,23.68439658,60.42031036,58.07063163,40.04871147,42.60616994,42.60616994,42.60616994,42.60616994,32.66473029,42.60616994,45.34799867,48.46698776,56.67133931,45.21721857,41.69965569,42.37586632,60.14988699,48.50447189,35.94056284,46.71023995,46.71023995,46.71023995,48.60471362,49.61077034,49.61077034,74.48489567
3956,1267,104.0765396,30.56871008,78,104.0701368,30.57443762,883.1558153,,58.09373033,46.54568118,43.14654365,43.07752866,43.81095405,68.81733626,52.05666697,40.68280147,44.40448233,44.59783304,59.3995504,45.76266189,44.33482217,53.80767396,64.62115722,47.15567603,48.34223159,62.14177512,47.84914797,47.80684985,47.80684985,43.09841282,45.18607301,51.30897983,54.34805017,50.08182098,55.48622923,77.52175398,51.3628584,58.36367022,52.07798419,56.67310045,52.25988798,53.23054985,59.53859429,52.32842995,51.04492285,57.38918655,69.50069206,57.1830352,53.28525525,90.45123571,52.17771068,90.45123571,60.10134093,62.16974844,53.95606169,49.82022543,49.95721963,90.45123571
3957,1267,104.0765396,30.56871008,204,104.0696326,30.56814664,665.3374352,,46.13946095,46.13946095,46.13946095,39.70060619,38.02682702,39.88396279,39.82271733,38.13344696,24.65480974,37.33438615,40.82897433,36.69070011,37.12611893,39.15229025,41.48969252,37.25457911,37.63340098,40.73918507,39.45248629,39.81584616,39.81584616,38.50069991,36.4899584,40.94384217,47.57129626,49.76207964,42.38146118,50.00448365,46.54856828,46.21364611,47.81286745,44.48876188,44.04560235,45.15357262,49.0407901,45.30693377,43.97100847,49.94481413,44.97485018,47.27061216,49.94351744,47.87234732,49.94367952,45.45358185,49.94366602,49.94365251,48.02435622,48.96520385,42.64318911,48.60809745
3958,1267,104.0765396,30.56871008,850,104.0896175,30.57092933,1278.074796,,52.71921244,51.97773685,67.44581608,72.03631141,74.09129252,77.00534336,72.22792451,68.30946298,69.04624672,69.04624672,69.04624672,55.71425953,69.04624672,64.15993398,48.52169012,69.96493846,69.55180523,68.59109571,66.22253449,64.12640091,68.82877631,51.96599577,66.62031017,66.62031017,66.62031017,69.00094503,67.43207019,68.38997683,46.12600768,77.12522124,66.82762989,53.67556306,60.34683847,48.77113913,67.4288276,57.40573008,61.38032638,53.96093744,66.26659027,66.19178608,66.89093711,67.55633518,64.67326053,66.19924524,71.49560448,74.85494701,68.21451839,70.8446854,70.32586964,70.45485988
3959,1268,104.0546653,30.69292497,181,104.0568862,30.69713022,512.3204759,,71.33403266,55.74872685,62.90026519,88.24658915,65.41034566,73.1161036,78.90932459,70.92865767,107.5183779,77.93827947,136.7454097,87.35221904,86.96119218,65.69380991,90.89217476,76.02969619,80.862374,142.4211362,79.66110412,74.01098368,68.1726307,97.5525931,76.97168043,88.2993998,128.302867,92.40176731,81.43034177,121.739519,83.83425969,86.68451193,78.2547111,93.42934751,94.76328769,77.66434485,99.02570272,107.5856189,70.00737652,80.37928432,74.97372818,121.739519,75.23010286,83.26653333,73.79523289,71.67177643,67.6319388,88.8131804,77.42878729,92.80545355,93.22204219,71.00495527
3960,1268,104.0546653,30.69292497,717,104.0570593,30.69273539,230.2660143,,34.82636904,25.26026363,23.09275254,22.94890981,25.8672036,33.88341106,31.4021985,26.41848446,31.90456196,23.61302273,36.42302302,24.60162617,27.24913623,28.86677834,30.06192752,36.21220173,39.90169201,39.90169201,39.90169201,39.90169201,39.90169201,39.90169201,39.90169201,48.37097893,39.90169201,39.90169201,39.90169201,39.90169201,39.90169201,39.90169201,40.15711807,39.90169201,39.90169201,40.31314228,39.90169201,45.72298133,39.90169201,39.90169201,43.77334133,39.90169201,39.90169201,44.3737786,39.90169201,39.90169201,39.90169201,39.90169201,40.07683302,39.90169201,48.47705564,39.90169201
3961,1268,104.0546653,30.69292497,1645,104.0545982,30.69165952,140.398656,,33.6266996,26.74260114,30.76805078,50.54351616,32.57869367,32.39968985,31.92222074,34.50069362,51.65030848,27.89890496,27.0744663,15.40960859,26.29735492,34.25388895,15.69674415,17.50930121,23.32777669,21.69249621,17.61098124,19.04906388,41.8579844,16.79186583,32.19332239,31.80504425,31.42602042,41.84065907,35.3451162,26.18835034,23.68487168,24.87377764,58.94287599,21.24793112,33.69567744,27.41343249,31.32862573,22.22235689,16.67002512,14.57986043,32.74957851,28.99800124,35.00243501,17.64171594,19.92517063,18.71404486,37.95508096,11.87861719,24.06834103,30.4479013,21.78599834,23.97320925
3962,1269,104.094755,30.70598533,513,104.0927861,30.7069879,218.8597011,,29.50917318,37.52873415,29.50917318,37.08710417,28.98004318,27.93705962,26.27411168,30.19477553,29.64797456,28.39260987,27.07542694,41.83512871,26.15418835,26.71283011,28.21467946,25.81992214,25.77979301,33.05852828,34.86260725,26.66029139,40.78131076,53.23614351,29.81098146,38.92190586,34.81478702,37.12672779,31.86632655,35.95278141,43.21178743,43.2777806,32.49731749,40.2835378,34.63274391,39.19875244,34.80485583,36.30852184,24.64096713,29.08236422,25.82548852,27.35733508,38.62230019,24.17666737,26.55079777,31.51579696,25.96070125,34.7396351,26.79629883,26.82338163,26.79629883,26.01554223
3963,1269,104.094755,30.70598533,639,104.0931812,30.70381237,284.1048662,,37.53311994,32.16281504,40.68057746,43.24640669,40.95205279,56.90000102,31.08746256,31.37354351,29.56004388,28.960194,30.02282343,27.61278397,29.18052834,63.79069762,63.79069762,28.09828347,62.5551999,26.87982965,52.14649835,26.32631965,56.04260374,52.85671929,28.82687481,53.26966241,30.66799155,46.84477184,26.22506457,24.96101326,34.37907625,43.55140464,30.55347329,37.48399281,43.39932892,43.09455836,27.2325699,40.7968695,38.33498944,47.35081103,29.11526079,26.60019553,25.60143976,32.17293232,25.09883481,64.5540051,59.0063953,31.06385781,24.03707446,22.90655136,30.43980709,28.16017396
3964,1269,104.094755,30.70598533,1426,104.0962565,30.70826025,290.2479704,,29.24140001,26.1550111,33.153655,24.10363768,33.153655,33.18875681,33.22393302,38.62819569,30.75475183,37.75242321,33.89619864,35.72053735,35.72053735,49.63860776,37.85843092,37.45135102,25.20850889,32.200083,67.1956716,41.6873207,26.1550111,59.10026547,24.13147098,30.73213804,27.0347398,28.765112,28.765112,35.18157217,59.89830728,45.28245692,74.90270204,50.31586003,35.39009969,37.30094399,28.58803539,39.42991296,33.14489115,36.01525871,34.52051021,36.01525871,35.25204659,28.5489807,30.59715061,29.53760264,30.59715061,31.47267149,34.59909581,34.48490737,34.59909581,36.53470956
3965,1270,104.0495264,30.66355098,1201,104.0476212,30.66415736,194.5120161,,39.33950887,39.33950887,33.34491705,56.01946064,56.01946064,48.54372672,27.89813777,50.68105605,45.03172077,88.31896947,79.12353197,37.85098692,36.85490831,18.33097534,51.48847485,28.34992947,18.47607541,36.85490831,35.89380447,48.54372672,39.80068251,48.36676378,37.14818345,16.83277062,26.67593364,29.78702268,18.95110306,56.1204775,54.92103984,73.70981663,26.62521893,35.81806946,70.0243258,75.29497397,37.13176799,56.24443839,31.5424891,36.47100302,23.02169615,17.37576322,29.1035383,27.03641923,58.84397126,29.08021788,29.75537924,24.3880978,26.49927182,59.84985111,18.64828916,24.44983443
3966,1270,104.0495264,30.66355098,1355,104.0491177,30.66265943,106.2880955,,20.68308885,20.68308885,20.68308885,20.68308885,20.68308885,20.68308885,20.68308885,24.3717926,23.33153316,22.84400859,23.08519721,22.96396962,23.08519721,34.47181476,30.06971661,51.01828584,26.66460932,47.82964298,19.7745294,22.37644116,22.37644116,22.37644116,22.37644116,22.37644116,22.37644116,8.992647328,45.55204093,26.75784222,26.75784222,26.75784222,26.75784222,25.3402082,26.02973767,25.68034522,25.85386107,25.76681103,25.81026265,25.78851854,25.79938601,25.79395113,25.79666829,25.79598893,25.79598893,25.79598893,32.98596067,31.88642865,31.88642865,31.88642865,31.88642865,31.88642865
3967,1270,104.0495264,30.66355098,1888,104.0537493,30.66266858,416.2501855,,51.4359497,33.33705601,84.18543078,73.27631627,127.4544918,62.14161538,77.93094111,77.93094111,101.0399828,94.84181442,90.45275659,94.54262888,97.94122012,52.67137672,66.28089943,85.38465344,54.16267473,64.03849008,43.06036402,69.5898143,82.63790449,75.55465553,116.614838,68.32069915,85.18241596,66.23207371,113.09439,60.36256466,66.84761342,51.94109767,88.49413394,116.4637824,123.3333883,78.57306873,102.9897366,102.9897366,83.83220519,70.68399376,40.77552838,67.88224996,83.2500371,65.29414675,65.29414675,38.87161265,65.29414675,65.29414675,65.29414675,62.47006432,59.88014657,55.50002473
3968,1271,104.0778208,30.67124474,444,104.0794847,30.67048239,180.4126342,,34.63922577,32.3127106,37.3267519,30.17354161,28.07068539,28.50965084,31.52842151,27.16091932,27.50066442,26.958927,29.96472817,47.75628552,30.68435353,30.33403917,24.50888616,34.84831566,36.15785571,32.99090252,39.84573516,37.67317187,34.86325445,35.21572014,32.79309591,35.07955091,30.33403917,30.80238893,28.79492289,22.90954085,29.53138919,30.33403917,40.34071324,38.94965416,43.96925352,30.010881,38.1339945,28.73432249,34.09372615,30.06877237,37.87087365,34.01783334,34.54454811,29.29785971,30.68331541,29.97458682,29.66050858,30.36087278,32.08920371,31.04032627,31.26015007,30.47847711
3969,1271,104.0778208,30.67124474,1232,104.0744083,30.67271422,365.2373645,,109.116557,80.91412383,70.23795471,61.53765267,65.60604634,62.46339725,67.42843652,65.61968869,68.48200584,76.80224954,63.95206771,72.91244986,77.04225656,81.9756028,67.42267389,75.94827507,77.04225656,66.99895604,71.84997334,130.1836151,136.5760117,57.66905755,82.17840701,75.8690197,62.61211963,58.96208575,54.74758551,60.38945228,63.23632743,68.48200584,68.82050606,95.62578271,73.66131721,65.72674274,77.07989326,65.4808024,107.77496,83.00849193,77.64888853,58.97668586,64.77115824,66.40679355,53.85988785,61.44719329,126.4283185,137.6811008,71.65419685,75.97670438,46.13524604,65.45784733
3970,1271,104.0778208,30.67124474,1742,104.0787652,30.67260603,175.9195987,,20.37460232,21.63315304,32.94203149,22.22142299,28.00194054,27.65548277,33.27375948,20.69642338,60.17202426,15.5604559,26.48252024,37.25356208,51.91070126,24.35809828,31.92089493,31.92089493,31.92089493,35.57924468,35.57924468,36.79898636,38.10532824,19.07561914,33.68673167,27.29786876,53.04108504,22.94603461,22.22142299,24.84788839,22.22142299,22.22142299,20.99372006,22.22142299,24.81138317,35.30159171,28.08472529,47.11130593,21.25203206,16.2595778,32.36680861,37.25356208,34.63868125,34.63868125,30.36853811,22.41807275,27.03566938,27.03566938,66.66426898,30.44762285,30.44762285,27.35682744
3971,1271,104.0778208,30.67124474,1752,104.0766779,30.66974975,198.5985543,,31.02877955,27.46305233,35.65859329,16.36052164,59.57956629,36.38446796,41.32686679,30.34612884,22.62515176,31.74050146,47.31951113,29.42200804,41.184032,36.97125732,26.57824519,37.51812636,37.0059418,36.25531417,30.50148445,30.38051539,30.44087974,41.32686679,27.74727537,51.62128487,18.12306199,35.10416344,34.07250813,33.09975905,49.64963858,39.71971086,39.71971086,39.71971086,32.64633769,29.56394744,27.01340537,23.87161254,37.49762913,33.3156941,33.3156941,33.3156941,33.3156941,19.16768889,31.24802428,60.33373802,28.31504141,27.24675288,19.40175836,23.02591934,56.00168109,49.19413731
3972,1272,104.101364,30.61877708,162,104.101336,30.61698017,199.1673978,,30.98159522,30.98159522,26.20144828,31.03715556,30.30670968,31.71876276,36.67063711,52.43163672,42.74233276,47.34923043,34.73369152,39.20725261,45.42783309,42.89301078,34.06332759,42.50141299,44.26735103,45.61534525,44.1748504,35.72113861,48.86719141,40.38072677,61.13788851,58.15499549,61.13788851,42.41782482,39.86378536,34.53551014,41.73746824,61.61360297,46.41553736,42.80213455,49.80381558,50.3277336,49.70084448,46.68700252,47.88349358,49.60617169,54.07259669,45.58828304,48.44612379,40.47225274,38.86193128,38.03727491,53.43996531,45.51193644,41.17746631,40.07400308,37.74407539,43.02015792
3973,1272,104.101364,30.61877708,1081,104.0963785,30.61839644,479.7356302,,71.96034453,70.14580886,71.96034453,87.03626985,105.7916244,75.58198113,74.76399432,84.18758972,93.60695223,161.6581843,88.87040835,79.22239765,105.4364022,78.950778,127.8505813,78.76256614,74.76399432,74.76399432,81.59283158,63.7287184,97.02518364,110.0030744,84.65181888,118.2909773,103.1018635,112.5112879,184.7110448,106.9379733,261.6739801,105.9538815,222.8449379,193.3262987,132.1720613,76.08142153,86.06552833,76.24937169,105.1475354,80.32782645,80.32782645,143.4085158,192.3216335,107.2700788,86.46048905,103.6228961,76.08142153,129.1547918,126.9888433,114.247956,120.2819456,104.5428734
3974,1272,104.101364,30.61877708,1144,104.1020303,30.61979848,129.9732715,,24.05674948,19.82943207,24.05674948,21.77019902,21.45047361,21.38988697,31.97155978,37.58263272,33.92450806,36.84281712,31.25311491,25.90214664,29.99383188,28.43062483,28.31643328,28.58284821,28.44901705,28.44901705,25.80162913,36.77043437,27.60905588,26.58887538,20.3436425,31.37135618,30.61670204,31.7869414,30.07805857,30.07805857,31.93038479,41.40130753,32.91868079,51.79746613,34.69587181,34.66614977,34.46417747,34.24279943,31.4874682,34.17850821,30.58194624,38.51511864,30.88764465,36.4324866,23.75146078,70.62698527,58.85582106,27.20370799,32.8353528,30.20864119,30.68628421,32.41125813
3975,1273,104.0022233,30.70589064,485,104.0006211,30.7042268,239.8968548,,17.64307819,15.91732686,21.61773911,25.27077329,24.41065629,25.20930219,32.30962851,26.31426445,31.36191293,28.5177227,50.58207287,30.2408641,45.05399034,62.29963407,62.29963407,62.29963407,62.29963407,63.97249461,35.25015009,35.55856623,35.71480702,35.63651537,35.78571868,39.12432308,63.97249461,43.25352306,63.97249461,54.31626901,58.95076295,56.53870228,58.95076295,69.09029418,32.13502055,52.40465275,46.43164932,42.05983819,100.4219392,30.26736019,33.12548351,30.26736019,30.26736019,36.63324188,24.09486146,32.18491965,20.81032957,22.99943215,22.41008569,22.12659541,22.2674383,22.23205975
3976,1273,104.0022233,30.70589064,494,104.0047257,30.70354332,353.7171055,,23.21570793,22.15861218,36.8864456,30.2585722,69.58369289,34.45296482,51.43821461,31.48038516,44.56632956,52.46422048,37.17902423,45.42383757,48.91350499,42.46964691,55.40456476,28.105537,35.37171055,72.66086047,56.50609985,48.62090797,34.79184644,35.86990366,24.0034228,44.60180665,56.09610484,34.3538196,74.95378821,35.37171055,43.68375917,40.07495137,33.40017258,47.29623522,27.03570233,29.51058122,33.70963812,35.35207051,45.64091684,64.63865887,84.19051767,50.19901102,104.5660056,42.71499895,52.40253415,64.10106443,34.45153078,28.29736844,27.98025884,61.22026826,28.94049045,26.92138647
3977,1273,104.0022233,30.70589064,565,103.9980882,30.70975652,583.4441876,,111.9615712,158.7673824,118.1206024,109.1116403,150.2968927,75.80957637,61.67969094,82.20740021,49.29687687,44.01506864,38.96121453,62.7400985,96.34858144,99.95950388,78.08175001,116.818636,62.63615534,117.7793874,55.76897645,85.30776634,60.92528137,141.9188564,80.57328623,61.55015605,87.39524587,69.21260765,65.82259716,66.0799709,77.72059483,76.04630975,105.9915429,134.94184,110.1332849,112.3208062,117.6580513,119.1233018,128.0731144,144.6887996,121.6660865,72.1057841,83.70144849,75.40323764,72.22593841,54.55582014,60.26970087,32.76753628,101.6650085,41.94506391,74.74729806,65.89487295
3978,1274,104.1119057,30.68279465,675,104.1138323,30.68001049,359.5430798,,82.31192924,34.74778758,82.31192924,60.29604443,36.07958431,74.60259869,55.31431997,107.0395429,138.1873759,80.39472592,40.99519914,50.14936409,50.46218664,59.79607723,105.0186683,35.64080093,48.22685069,67.15993378,72.98994854,67.06503043,64.25876321,61.21490167,72.34401977,58.5681035,50.6596903,47.76218034,37.77300838,39.64334111,55.95194903,39.38200062,74.22824873,124.4572199,75.36274162,64.87995425,66.7193344,67.66808277,56.52205621,55.68207257,61.235013,66.33466174,53.00389383,52.12168137,70.34538518,35.05125143,70.34538518,70.02490505,39.51022855,61.19882209,55.31431997,74.60259869
3979,1274,104.1119057,30.68279465,1402,104.1111282,30.68377369,131.6088084,,29.79822077,29.79822077,31.58611402,24.2142271,27.41321371,25.71461114,26.53675856,26.53675856,30.63308471,29.61198189,29.61198189,29.61198189,31.37693445,22.38386032,22.38386032,22.38386032,19.0660648,36.30587818,34.39504249,56.69302516,30.17781594,34.08573455,28.48447156,39.15633969,18.5983007,41.19927915,20.42205648,27.30787955,23.36827178,25.06834446,25.06834446,25.06834446,30.96677845,27.70711756,41.4395082,20.59963958,31.62828506,20.59963958,18.92643317,20.59963958,25.85493644,34.7100154,38.1321296,36.34068727,39.7476267,19.87381335,25.54133209,26.54295295,50.94534519,20.85350837
3980,1274,104.1119057,30.68279465,1434,104.1133952,30.6836135,169.087035,,37.54351383,31.60323008,32.19528701,35.24941446,31.29128744,46.57008818,34.85883487,43.56478439,38.21422693,31.04693733,26.77596605,20.22303409,29.48499294,32.13903516,20.49539818,36.37588657,28.67907307,33.85920849,27.8748496,31.99434126,33.79654162,37.76137258,29.59327891,29.69333298,33.1535195,27.67748419,40.53685362,27.64254044,29.63489656,26.83208627,33.71834468,37.85164293,33.66359132,39.62991364,30.39532022,32.63417944,39.35646503,29.9709715,29.68758222,34.6217087,35.39030965,35.39030965,35.39030965,35.39030965,33.5379243,34.43922636,34.20938959,34.09561777,34.15240893,34.1381934
3981,1275,104.022218,30.64263573,533,104.023712,30.64367064,183.4471189,,22.85154422,21.20095114,28.52741374,33.28677561,31.49807446,27.01061873,24.36935897,28.80739926,22.46291252,24.82742963,29.12501116,24.89762971,21.44187104,34.41874283,33.09287206,25.06298399,28.4561581,33.57792746,33.49609984,33.51651934,33.52673842,33.35402162,33.52418307,33.5216281,33.5216281,21.06569786,28.90195309,28.37548142,24.47627298,20.4145171,24.15043961,34.75840148,31.22504151,24.03047755,24.05038839,24.04042884,20.35160641,27.06596836,25.94929776,34.44847739,27.06596836,25.22550466,28.63816978,34.0325507,20.13443988,47.55873404,21.42828804,31.84231572,31.84231572,22.12427565
3982,1275,104.022218,30.64263573,1022,104.0235065,30.64133113,190.1381143,,53.06179934,53.06179934,26.1410912,25.25819969,21.62067986,24.24474046,25.20733157,21.39132123,23.80439408,28.8088052,24.05965594,24.26219624,31.11350961,25.19500879,29.13351354,35.59874983,26.5973447,32.84535564,30.95650373,33.36078687,25.49451725,28.98569602,28.64005069,21.9742283,20.31148995,31.97313671,27.8250899,24.05965594,30.92607884,69.49210269,47.75561942,39.49971886,40.35355705,39.49971886,23.2032953,37.429786,37.429786,30.16513601,37.63127495,53.19926513,38.01332387,36.59946898,34.56050115,44.44787088,37.8175255,32.93490994,41.23477178,31.11350961,41.35934813,33.18774359
3983,1275,104.022218,30.64263573,1713,104.0208166,30.64174363,166.7717293,,19.74928373,23.20302321,23.20302321,28.12075998,24.77489239,24.77489239,24.77489239,22.65578209,23.66799837,23.66799837,37.60197654,30.89424831,30.89424831,30.89424831,30.89424831,30.89424831,30.89424831,30.89424831,30.89424831,30.89424831,30.89424831,33.54068299,32.16311922,32.83745992,32.49679164,32.66623761,32.58129432,32.62371067,32.60248869,32.61309624,32.60779159,32.6104437,32.60779159,32.60779159,32.02017203,32.02017203,32.02017203,27.66719933,29.68495552,28.64058321,29.15341914,29.02349606,28.89472585,28.89472585,19.54356203,23.31650814,22.24298842,21.26397,21.26397,20.8883403
3984,1276,104.0761884,30.66566031,227,104.0781096,30.66468753,213.3143218,,25.188407,24.45641906,25.96556411,36.6846286,37.82914081,35.47574184,36.65544432,59.76121078,56.46555577,37.82914081,37.87578587,33.00565437,37.82914081,32.10863659,37.82914081,36.9864688,37.82914081,32.88786118,30.84062484,33.82958407,37.82914081,33.31590275,40.84742332,43.50887017,28.68091722,29.03332924,30.60250295,34.23171881,31.41895227,32.76507983,31.41895227,32.13943221,31.96385259,30.71726234,37.24809499,45.49020709,61.5268149,24.93284281,25.13687589,37.3084158,56.70380707,54.8106568,32.67793866,53.03461507,23.2003492,52.65524915,29.57238845,38.97140616,25.16461306,32.30516034
3985,1276,104.0761884,30.66566031,1605,104.0765093,30.66612382,59.8680053,,8.573836662,9.735734346,11.04783353,10.31013685,10.61698616,9.894023831,8.305388018,9.84131594,9.987248335,10.33692178,9.432158384,10.61698616,10.61698616,9.62522452,11.71330538,10.15429065,12.75294787,9.230184971,10.68276674,9.151796989,9.30992739,8.608080642,9.30992739,8.640433739,12.58906654,8.752276917,10.58223334,9.897810291,9.594872302,9.897810291,9.897810291,9.416704274,9.425713012,10.08303247,7.837266148,11.40342958,17.26788736,13.06619343,10.6695455,10.13042628,13.90728043,10.42651816,10.03639953,10.74043949,9.517195324,10.74043949,10.29741133,11.51785019,10.6696809,12.6593139
3986,1276,104.0761884,30.66566031,1796,104.0744995,30.66310274,326.3905838,,29.3018978,48.15598777,43.71302462,43.71302462,43.71302462,36.91118644,40.79174108,38.23644978,49.16343522,51.40009194,31.1672706,55.57461292,38.70244077,42.34256222,45.55985182,42.34256222,49.30625992,49.30625992,55.95267151,49.30625992,43.35815873,56.31365647,66.95191463,65.64279898,84.53281307,42.29176131,43.84351126,43.84351126,69.11800598,53.65324665,60.41162477,56.83221774,58.56728233,56.83221774,56.83221774,41.96450363,48.27965492,48.27965492,48.27965492,98.1899249,64.73119808,64.73119808,64.73119808,59.87292238,59.87292238,59.87292238,57.98919688,47.37927829,66.38452552,60.13337266
3987,1277,104.1305591,30.61434807,322,104.1322269,30.61329977,197.6261759,,20.5325897,21.69067784,21.69067784,22.95013656,22.16368328,22.16368328,22.16368328,22.16368328,22.16368328,22.16368328,23.61673803,22.86715093,23.23590066,23.23590066,23.23590066,28.17640528,19.4918968,20.17832853,28.63955316,31.02271366,28.17640528,31.02271366,31.02271366,31.02271366,31.02271366,31.02271366,20.54540105,22.06059638,20.54649715,22.83962225,21.90587786,29.81786392,29.81786392,34.87520751,33.14099142,22.17115708,34.87520751,22.69391494,34.93228641,27.05149176,26.5191694,27.88637715,28.62424509,28.25049389,28.43614144,28.34301367,26.84732956,32.04748798,28.37205051,28.37350391
3988,1277,104.1305591,30.61434807,582,104.128296,30.61145132,387.465959,,43.09241251,33.73343295,59.6384659,44.77937247,44.00244329,44.00244329,36.51511655,115.7574649,55.81742507,45.16602653,46.19436851,47.76977577,45.78215852,45.77276891,84.53802742,52.73742607,49.00620698,58.24122975,72.93476875,51.1887015,74.72557779,54.54066285,57.52071969,59.87033457,52.70150597,52.51710745,41.68683073,63.51177928,71.9294204,59.48304701,61.92574705,92.01038604,59.5034202,59.50521652,62.27131484,75.50080933,68.4302561,49.74598618,61.36949377,103.5800088,80.86246101,67.93234347,81.95519697,51.21165498,47.6270577,47.64739376,52.91978954,59.272413,51.94194983,82.80934746
3989,1277,104.1305591,30.61434807,843,104.1333581,30.61806707,491.7983331,,50.81311191,81.21440363,54.98366457,60.01606777,62.53329798,59.41187917,61.96426631,58.08006559,62.34063377,45.24209538,56.08682151,62.78276593,59.72683371,75.49995732,61.7750872,62.61623339,65.03118454,78.60039952,60.73667236,46.22647517,62.54082848,86.90827156,94.93555858,48.53938312,92.66275707,89.35030663,53.85472241,40.74738778,67.26724921,55.41389669,89.3821703,68.32038587,63.1345797,81.48914368,65.6541656,117.2499337,54.06944688,68.35806947,64.93902632,58.62496686,57.33971596,93.22372965,57.05071964,67.08458474,64.20576606,82.95856301,80.11194566,56.31278623,82.34762787,73.76974997
3990,1278,104.0070896,30.69981339,494,104.0047257,30.70354332,471.329341,,71.89769608,69.28012089,71.29351376,70.68099464,59.98535096,70.43526889,71.46509864,56.39243223,59.22462924,25.80662551,46.56846782,66.80258376,67.84675355,62.84391213,66.05491494,114.930061,67.48579201,59.86307586,102.8354926,77.26710508,72.90163814,50.07113619,73.57336055,70.74853208,56.32483411,79.14112069,55.99952566,64.38056765,91.07813353,77.0016168,72.37964287,85.88903625,81.59406295,61.50957738,65.2191785,52.35197343,57.86140248,57.03481101,68.19877924,54.81360605,70.40604264,68.77931202,87.76477386,102.2160017,76.52579707,52.08059017,54.9477211,53.52636049,47.05450992,60.27657647
3991,1278,104.0070896,30.69981339,1026,104.0089903,30.70038617,192.7918389,,26.14126629,27.963361,26.14126629,23.25127705,22.94382215,19.35715019,27.4433767,21.23696676,24.29066758,24.92102765,23.82801888,23.97411468,78.27638572,31.57646133,39.36014859,25.12075667,27.61016887,23.73837093,33.20816364,32.28142419,21.3366462,26.51156275,32.97152589,23.60098891,28.7590036,21.54480861,21.97753705,52.02778261,30.88100645,37.65874227,31.83718441,31.27234559,30.04141734,29.66028291,29.32608253,30.49148954,30.41554334,27.66684597,30.4344944,30.44397878,30.43923586,30.43923586,22.4456195,35.03094612,27.0058607,31.77741953,31.94925681,33.09505682,22.00715153,21.48209296
3992,1278,104.0070896,30.69981339,1564,104.0099861,30.69678059,435.8298837,,71.54526135,45.34646189,54.11546039,40.09337942,55.5548774,57.07296096,72.00193323,81.16852464,69.26198099,97.12780268,101.6465809,86.01905599,94.30428738,86.29431698,78.32887311,75.72333887,128.6055395,142.0541042,129.4900342,91.39733482,100.8589847,135.6172776,65.10321914,101.0077842,109.3371137,97.98007379,106.1920529,98.67846423,112.9348388,111.7128403,101.9359798,137.9562973,156.8987581,98.96893913,110.451145,133.247353,116.4369263,87.92582961,128.6055395,58.98449554,55.37011034,61.2885774,93.35242726,82.7122407,80.25511925,59.51332206,67.58715736,77.88686285,67.70172951,66.8286239
3993,1278,104.0070896,30.69981339,1657,104.0049356,30.69715369,359.7984005,,35.70297669,32.34142926,32.34142926,32.34142926,44.81917792,31.66929687,50.15582737,38.82425603,43.76850659,43.76850659,54.19557497,48.42712436,51.14922655,51.14922655,57.18650074,37.22052419,73.8048001,49.48516683,59.24639185,54.79163459,54.79163459,50.18983791,40.6551865,46.30113465,40.6551865,40.6551865,36.90240005,40.6551865,54.81813599,46.68616289,50.42640468,50.42640468,50.42640468,53.19401404,51.77324915,51.77324915,51.77324915,33.12721846,41.44877574,41.44877574,41.44877574,42.55521123,43.13088006,42.84111187,42.98550764,42.91318829,42.9312453,42.94027951,42.93576193,42.93689124
3994,1279,104.0964555,30.71894934,112,104.0980229,30.71968669,170.884252,,20.99601731,29.434608,19.33019033,19.33019033,29.434608,24.17223211,16.80828708,30.45461917,30.45461917,30.30459641,26.78592048,24.55821586,26.78592048,26.78592048,26.78592048,26.78592048,26.78592048,26.78592048,26.78592048,26.78592048,26.78592048,26.78592048,26.78592048,26.78592048,26.78592048,26.78592048,26.78592048,26.78592048,26.78592048,25.16087146,20.75517231,20.88907665,26.34618018,31.54786191,26.34618018,26.34618018,26.34618018,26.34618018,26.34618018,20.54034415,21.89264438,20.37030819,22.86926793,22.86926793,19.17952634,22.86926793,22.86926793,22.61703335,22.74245128,19.8126669
3995,1279,104.0964555,30.71894934,1134,104.0932651,30.71921103,306.871314,,33.0244523,39.6258878,32.36138353,45.41569292,38.02880311,71.04416273,38.16134035,34.00934009,35.55065906,36.13941461,35.01427122,44.05729732,37.4963676,32.56408933,42.94409059,46.36880295,31.69976271,31.74530834,48.88215621,32.05677957,27.52701995,32.06986599,32.84958661,48.66681632,44.92321506,45.4826938,48.20932328,49.62506836,51.51488601,49.62506836,45.80801922,45.89603685,42.00553161,44.72618342,81.63079291,40.85021912,45.19626305,42.09303858,43.54653413,43.71078489,43.54252538,42.12508303,41.44960417,41.0154119,39.51315825,40.70679645,38.41819347,34.88488632,29.69722394,41.85508008
3996,1280,104.0459409,30.6447893,1147,104.0430807,30.6403278,565.3584255,,89.98682871,102.3101709,112.6804336,111.391965,126.8093665,110.9150045,69.96128324,78.78543221,95.31425666,87.27660085,91.78310403,104.2402219,82.32750678,102.0195655,68.78885786,75.94887851,137.6524862,126.8658266,132.592204,107.4598908,78.49604585,70.59976374,110.9293978,130.8868381,75.28817505,106.3253129,185.7500954,114.72888,134.7874392,156.5607948,115.9709591,177.4962498,91.37105867,85.58832346,87.35151639,116.3023047,97.30471704,122.297648,92.80849666,86.51606086,116.2001507,108.4174027,104.875833,105.4554576,132.4483947,107.4031837,141.9969999,93.79218119,85.5164005,111.7346888
3997,1280,104.0459409,30.6447893,1207,104.0511427,30.64230117,569.6720827,,91.52890366,86.35029464,97.36828476,78.27555335,67.62801312,81.95992665,72.42446724,76.95382731,106.5360778,87.00973686,65.10538088,57.60728926,72.46712006,52.03239031,91.67136964,70.23354444,57.54263462,80.95340124,73.30172946,87.04666798,89.65331138,102.3703576,112.8891466,98.755353,110.855108,73.89557324,94.12826151,58.03111199,100.9013283,60.85517797,101.4539681,100.8765124,78.12645706,79.41217803,69.15464772,50.38868545,114.6776979,125.0499694,75.25943111,82.19717426,64.8114514,82.4284364,56.80940437,159.5968481,97.28745245,92.79726234,82.61105731,120.4340309,99.07340569,52.77456247
3998,1280,104.0459409,30.6447893,1415,104.0430817,30.64612102,311.2149282,,58.56396719,82.38042217,31.25170827,58.17101462,46.73091727,37.62800139,36.61352096,39.15434943,35.79468823,41.41862261,47.67547836,56.79968271,51.76644351,44.84057284,34.97524688,60.76603344,44.37123729,39.49613659,46.60456496,48.97808706,48.63260951,48.29197162,100.4819499,51.14694095,40.10884517,34.12305812,62.44121172,66.19638059,64.263986,48.55357493,82.99064752,45.98763434,62.34194111,75.9575418,55.73998714,37.4706937,85.30764532,42.69252146,36.7335653,37.65962156,47.05931709,74.52596952,50.75141519,35.75660878,50.53232082,46.42432631,54.58580957,129.5229759,36.43491842,56.72778438
3999,1280,104.0459409,30.6447893,1898,104.0470791,30.64691859,259.9764319,,58.80974942,34.72783506,44.14694127,44.32990668,44.514395,45.02684593,44.514395,29.80621512,58.64130043,35.05300205,58.64130043,62.98217731,49.05215696,41.32075739,54.33469694,36.55918574,41.68887104,42.28532327,41.9849789,42.0596643,42.13461586,42.13461586,50.04893876,50.04893876,71.77263457,71.77263457,78.40674291,100.9072943,86.39216817,86.39216817,68.8172908,76.60969887,35.77315451,92.09497219,40.95908774,61.59869386,46.27516217,102.0998351,57.59477876,42.54159795,56.49387251,51.28302218,113.3069195,71.35312487,79.90169224,90.7774156,65.81120842,43.89845942,70.19363663,73.77709551
4000,1281,104.0814139,30.66323476,130,104.0797902,30.66062591,328.3305018,,42.98144751,44.43570701,65.30330423,68.48144881,38.43174948,33.84508457,44.96057323,42.38859996,25.09532498,47.58892024,58.53504525,73.96682143,67.30013661,69.00115625,55.11609949,51.65628873,70.85738817,38.12870343,36.71535949,41.18431381,47.13295639,38.78368406,28.08688649,38.16153056,37.28674468,40.78952553,28.0166138,28.86030455,39.3934073,37.01912482,30.27293187,37.80855039,38.67307517,41.57313277,30.73296429,36.46508879,37.07979605,45.01103604,29.60525502,33.00879143,57.65803934,43.72342071,39.44897143,42.63263504,34.35248711,36.36891712,30.21887745,33.86790276,34.72064056,48.11356064
4001,1281,104.0814139,30.66323476,806,104.0798131,30.66389343,169.8605248,,30.34728979,31.27866441,35.22453279,40.09822225,18.14533796,27.25507492,29.30208514,24.57788944,27.87137143,72.79736777,31.73864477,27.42143001,25.67161584,22.15572063,26.52097413,30.43359563,33.59878513,22.99650182,24.62407608,28.85785225,30.22230096,33.90930995,28.05036189,33.23358094,23.18035971,26.2023734,23.59629131,24.90826433,28.14719859,40.67613455,28.17962623,21.56008424,25.44925537,30.38498829,25.73953833,27.7953586,21.04466679,31.35886612,32.18409944,33.48379955,29.19477769,31.86393549,34.47588836,23.81487273,33.43060782,22.371874,31.47994282,26.58686475,30.46753961,24.21773819
4002,1281,104.0814139,30.66323476,1392,104.0833203,30.66231551,209.1443872,,48.65394468,40.53404005,37.6459897,37.6459897,37.6459897,23.54713976,39.2145726,33.21704973,31.63528546,28.30525541,35.80460976,28.8033586,29.31930662,25.84392886,22.27573355,31.9485061,26.00759219,30.17714605,26.79429872,33.90512431,54.16689165,37.31019791,39.28277185,32.07326066,32.07326066,31.60761773,31.15530181,31.11238818,26.93809638,21.57363306,32.83080497,26.03757212,26.03757212,26.03757212,19.99786969,43.02398822,33.36424493,32.31415425,34.48487606,26.55801742,40.69836724,46.57235838,21.79217927,32.17605957,32.17605957,32.17605957,19.40514933,30.5754231,30.5754231,26.88999264
4003,1281,104.0814139,30.66323476,1575,104.0824686,30.66503017,223.1740739,,37.89748425,37.83799056,47.48384551,39.04868365,54.65487524,38.68828247,37.43085966,34.48183116,43.8232727,35.05351946,28.81140708,34.91261993,40.06347012,34.21957202,42.44518235,56.95368614,50.16593014,39.65091504,41.09599315,41.41374567,31.92423838,26.78088887,30.82199486,42.96399284,35.49274428,36.15984995,40.70043901,39.13427501,49.45854991,38.79726356,51.62204047,42.15239243,36.68614913,46.1427477,29.78806495,28.98364596,34.99245061,32.90709261,27.23480224,45.06038508,28.28967134,39.35954273,25.7783957,37.1526782,29.81965357,35.02295841,33.6161785,33.47611109,38.23240424,23.33846524
4004,1282,104.0962411,30.61995759,231,104.0996958,30.6202998,333.3012712,,48.5292043,53.44697445,53.44697445,58.53095494,57.44691179,82.29661017,74.06694916,44.67180105,87.20091398,45.86714741,50.99381965,59.66504237,111.6171699,54.85186635,58.97556004,54.72110422,55.36711954,90.78571824,67.03265789,85.91059017,173.8963154,54.17086123,102.9943842,61.78072133,148.1338983,116.4936482,118.1320961,145.0888242,55.94799024,59.2431108,59.09952763,70.16868867,137.9177674,174.7404723,75.36223761,60.79453183,165.0460215,121.815693,129.8174967,63.04623998,68.83755671,124.1795163,65.0076539,108.5868395,76.5883772,69.84956602,56.5195604,61.37517014,133.9972623,107.1325515
4005,1282,104.0962411,30.61995759,1081,104.0963785,30.61839644,173.5197291,,32.96417017,26.99195786,32.96417017,33.65684401,31.78987403,35.36867626,35.21562585,33.65684401,43.72915819,40.60071655,37.53388132,31.39050376,34.89782261,32.6503429,31.63177265,32.132988,21.87989579,24.4012119,18.3726772,31.54904165,36.38860338,31.54904165,33.7964486,32.1443066,41.09677794,23.0931987,22.67408438,15.57783104,39.76834677,37.72168024,42.66046024,39.91508145,47.53792905,22.67408438,46.93161911,46.34058047,20.58224134,23.79699142,39.53614081,51.82199997,17.49778781,27.3578551,39.53614081,46.44394236,44.14636217,46.44394236,37.25672115,39.20529445,38.20617888,54.31921954
4006,1282,104.0962411,30.61995759,1452,104.095579,30.62458258,516.4972621,,80.09161808,80.09161808,76.7946368,96.84323664,127.7304318,55.9444518,181.4039164,102.9106787,59.7051881,67.79167798,85.22796684,55.52259884,71.51500552,58.84146024,93.86118847,93.14863918,91.09299155,208.7899101,95.4512394,79.80215208,179.9673698,80.2274935,246.8217005,200.4733308,73.09968398,97.42874596,86.58394149,123.7283833,156.5143218,100.5619331,86.85616911,145.3784319,93.46515575,139.4542608,150.5579064,112.3875843,139.8037702,175.5982297,125.5779025,132.7503672,241.4792394,138.0735255,189.9490499,127.0483619,115.0731394,132.9718816,124.5945307,69.30417112,132.6677929,108.8341822
4007,1283,104.0526383,30.70672962,1103,104.0547468,30.70440133,327.6628171,,40.80604393,33.86695784,37.97969869,42.2202238,34.61734825,42.68063832,41.20425101,39.7167051,51.06433513,38.26719032,44.90810183,29.91595591,50.26645489,31.26613869,43.24788787,51.30351235,50.84423024,41.13965618,36.57253436,30.85229664,47.25906016,31.79477471,35.53943456,47.69216206,41.35674046,34.23721386,53.68379393,33.11118994,50.69854476,53.98563577,43.29891448,32.13036817,39.45104152,41.9781545,35.89335424,42.56512915,42.65277329,36.69008216,41.90359295,31.85421654,31.70930488,28.56140779,40.1903285,43.61769879,37.96951099,45.96332823,32.70571557,37.47097019,41.24427068,37.71658326
4008,1283,104.0526383,30.70672962,1109,104.0482948,30.70407439,509.5452933,,65.51296628,78.89073796,65.51296628,80.66088922,115.8057485,79.13749711,79.6283924,66.52823551,63.54506107,173.0531185,103.6363308,89.75476726,86.12033126,58.98273492,76.27289214,219.6841983,176.3810631,83.00285321,63.22275427,103.6363308,70.01385709,86.33566376,83.76087013,63.56074345,68.40991685,86.12033126,90.3738419,84.29008873,78.4744711,127.5634948,118.7290004,77.17970431,67.14359648,74.66197466,86.93663772,99.04004159,138.4424948,89.04675029,82.72833987,102.2879028,90.33849939,71.76694272,99.77926726,112.9997776,78.39158358,56.39855668,98.35726841,78.6605084,69.88049737,83.50666414
4009,1284,104.1072861,30.68493691,702,104.1090332,30.68661379,250.0881637,,42.20237763,45.01586947,57.05358069,61.42017438,51.37331751,61.4551119,76.52354048,51.21259325,56.62373518,62.95925799,48.9302929,74.62406446,61.34171,37.35756802,75.02644911,33.00283685,55.22541221,41.74578312,44.41027482,54.1035802,71.92948515,51.05769695,62.01956756,59.72254656,47.72000296,57.48235526,47.56393755,52.4896169,63.5518157,53.90751692,44.35581272,46.89153069,45.29265793,27.28234513,54.45918085,51.44670796,59.90705061,37.20319791,52.00806485,34.38513263,33.86243119,70.75185771,34.16764286,48.2097665,55.64384359,42.73658493,43.28448987,36.84791498,49.74129223,38.1167396
4010,1284,104.1072861,30.68493691,978,104.1032838,30.68263455,460.5331752,,80.18957343,173.2154629,144.5859968,83.73330458,66.54274529,95.97218123,99.50004085,132.6335545,74.68105544,75.35997412,71.6163901,56.37583783,72.69318074,60.17856373,90.10431689,118.001383,87.7206048,130.5448371,251.1999137,77.83659299,80.87411857,70.47478983,96.53097122,49.93733225,111.8326766,111.8955746,64.26044305,53.35219407,59.21140824,197.3713608,82.89597154,75.93524111,148.7529668,79.95202381,71.92709027,156.7772511,71.70242613,97.74581679,100.2773849,162.0116708,90.34983274,60.39779347,84.95926806,80.17745471,125.7360348,105.3124865,84.05168217,69.07997628,81.13798194,76.31389785
4011,1284,104.1072861,30.68493691,1146,104.1065323,30.68604646,142.6018232,,29.076772,27.01188825,32.9626987,30.74051279,28.90950532,31.93413233,30.48297047,30.48297047,39.0392824,34.76610884,35.18691578,28.71915225,33.04493605,32.10511761,28.90577497,26.50566627,28.28465915,27.43441889,27.85305194,28.56003135,29.12037733,27.64990467,28.97823953,30.47288663,26.76107195,21.84538568,29.96302901,30.26479372,29.41928731,30.251418,33.19730722,28.63570289,32.37203764,31.41537909,34.39930068,32.30625375,30.0241799,76.62187515,41.49246175,35.18170363,37.20047562,44.90086563,52.07437669,79.90141066,36.95500156,24.53783506,25.5002358,39.48973566,26.89219898,27.42549728
4012,1285,104.0303797,30.67428477,1769,104.0310763,30.67761252,374.8065205,,93.70163013,63.94803193,55.18623615,48.53609618,38.99721023,48.36213168,48.18940978,61.00844643,78.79144373,65.02667344,65.02667344,65.02667344,36.76576223,41.24733584,45.27864006,45.27864006,45.27864006,45.27864006,45.27864006,45.27864006,45.27864006,45.27864006,45.27864006,45.27864006,68.84201397,45.35473862,45.35473862,45.35473862,45.35473862,45.35473862,45.35473862,45.35473862,45.35473862,45.35473862,45.70037168,52.52762915,46.0513131,53.39810928,54.29792651,88.76996538,57.87453626,40.84672474,43.54933213,49.27034072,65.1837427,68.66684345,64.32912867,51.07773402,85.04013489,54.29792651
4013,1285,104.0303797,30.67428477,1779,104.0326736,30.67337488,241.7852368,,34.10466553,34.43825331,30.95156726,39.36801685,26.42662171,37.76668385,43.01944906,47.17760718,33.7374749,33.65052264,30.2231546,29.26624329,28.67288455,30.54129307,29.92014388,35.86923842,42.5289993,40.96126365,46.6716811,45.42344957,37.19772874,46.6716811,50.41568795,43.87232119,46.6716811,46.6716811,46.6716811,46.6716811,48.17543363,40.76940761,43.52134262,42.10045236,49.83359841,39.66789042,41.64721782,38.87411846,42.53441136,35.57888073,35.60028027,38.75965807,37.31162258,31.82547907,31.09787188,36.87563354,37.66292359,39.74411719,37.64390282,36.69535875,39.18880276,37.64548716
4014,1285,104.0303797,30.67428477,1900,104.0295701,30.67099192,373.1021372,,104.9349761,66.13331826,57.58489577,38.25477609,50.99345839,41.64861066,86.93642032,50.78824501,65.06694712,61.51913103,46.03042131,68.39810026,77.00913676,48.8424616,42.43815779,52.77672668,50.43182831,52.26333439,48.72434197,51.18454216,60.99762461,48.66549616,95.7126623,56.28780278,56.28780278,56.28780278,48.54822989,56.28780278,59.04574531,79.00986435,62.08787492,74.03286503,54.71151503,59.30100194,47.07363414,64.7309732,93.35657299,56.05290324,72.71596178,62.94459383,71.4450901,51.46236375,68.64570837,67.38299469,67.38299469,70.07000578,72.98021554,76.64862981,87.13784856,86.84273881
4015,1286,104.0837911,30.64784092,753,104.0858231,30.65025995,331.346377,,42.52573822,38.93950894,48.09866763,48.09866763,60.55060696,49.08835215,42.29953749,48.39135729,48.09866763,154.9151892,94.29620215,49.71922016,48.09866763,63.87400039,85.81632786,57.41742273,78.99648723,60.73558845,53.34707541,63.87400039,56.81511929,104.635698,91.75745825,48.67757845,48.76849704,50.87852238,39.23838675,45.87872912,49.75378341,46.22318071,40.24789396,47.45288741,36.75953643,41.51796998,39.75380082,40.57235192,40.58016977,78.2194726,40.79215813,40.89898505,47.52378316,59.4082951,80.59776738,126.8986125,108.4406325,121.7190773,44.37008943,46.1896208,46.44125634,46.98961754
4016,1286,104.0837911,30.64784092,834,104.0826029,30.64891958,165.0925261,,21.69098883,22.63869398,21.69098883,26.56979464,27.77257448,39.62220626,22.53336288,24.25849363,24.87672239,26.64439623,27.42021195,33.01850522,27.07667854,33.53078104,24.35791369,30.13095533,33.96189108,29.88475645,27.90296216,25.35483136,24.94970222,24.62706191,53.06545482,25.8405693,28.96360107,26.84431319,26.53272741,26.91725969,29.80358181,31.35288329,30.53080962,24.31137282,33.64447151,23.79528864,34.36693159,30.61994302,37.30124021,29.5034479,26.34817266,28.92431066,27.57751519,33.60526379,27.54752557,29.7166547,27.55002221,33.79591056,33.95380684,26.14046827,36.3537361,28.48513019
4017,1286,104.0837911,30.64784092,1832,104.0865447,30.64375218,524.3790054,,264.0229957,264.0229957,258.5978657,253.3911972,53.78246209,74.19624333,62.36125973,67.76590223,66.32877869,65.6328351,66.32877869,66.32877869,93.45368413,92.82185222,92.19850644,96.47859041,94.29000224,95.37174206,94.82778726,94.96319343,95.03104163,94.99710539,95.01407048,94.99710539,94.99710539,77.20917871,78.20068018,78.20068018,78.20068018,71.50622801,74.703776,73.07003752,73.87787572,73.4717361,73.67424619,73.57285179,73.62351408,73.59817421,73.61084198,73.60450756,73.60767462,73.60688282,73.60648693,73.60668487,73.60658592,73.6066354,73.60662303,73.60661683,73.60661993,73.60661993
4018,1287,104.0696463,30.60460144,447,104.0716305,30.6042902,193.3238535,,19.5564699,16.40945176,16.97477738,17.75989468,26.43745005,21.85422078,24.69786086,21.32003439,38.16997474,24.19698818,23.75310145,23.75310145,21.98944305,21.98944305,21.98944305,18.15957919,27.76459598,25.2161548,47.77797751,22.89361423,26.46258071,39.60152554,39.51457414,23.28201247,28.34891538,39.54713614,22.51633599,21.08987493,17.61938918,39.54374176,27.90560836,28.29129563,27.90560836,30.65928954,29.12181487,34.98781093,23.60406555,33.33968252,29.70320734,23.60406555,29.73288693,26.36234366,26.36234366,20.92081781,20.6824925,25.84031706,24.83375103,24.63596009,22.12955887,35.2837011
4019,1287,104.0696463,30.60460144,600,104.0696681,30.60219068,267.19042,,32.53276816,25.75329349,30.20048703,29.82590735,43.37702422,30.20048703,34.58242725,29.39747897,32.68939718,48.35240693,40.16223432,43.6641806,33.60298732,30.69847379,36.14978436,35.86894389,41.14284848,40.56092821,43.39944971,42.51231948,41.17816661,31.12898097,38.808527,35.41497628,39.70631628,43.54270248,36.82739457,35.32285562,34.13210954,39.42153738,32.58787731,39.64943544,34.82685405,36.96264715,36.96264715,35.68927754,33.36983563,39.18865398,41.36030133,35.7246244,38.74664698,32.68939718,28.56378655,30.4876549,29.49438136,32.42766159,34.49006377,30.95369674,33.53222495,35.47681566
4020,1287,104.0696463,30.60460144,920,104.0684345,30.60474509,117.2556025,,16.89130341,12.41529909,19.81784831,19.0358588,19.0358588,18.43990545,15.34982433,14.48417539,15.32196621,20.59397466,16.82312198,17.7734808,15.37778393,14.40683171,14.93790041,12.57674691,15.50487306,16.44891063,15.96294659,15.20868314,15.03935284,33.8599066,14.52248288,15.83940597,16.17008883,20.54112745,15.2483785,14.75944647,15.83940597,23.84859712,17.81097759,14.811234,22.27547066,15.24396347,19.53437888,19.31605411,16.4890691,18.64488379,15.26655222,15.75075257,14.2128003,15.75075257,13.97941777,19.05734397,15.51912386,15.47644983,13.1706761,15.49242506,13.47662456,19.40569954
4021,1288,104.0620712,30.73250066,1,104.0625393,30.7390774,730.2875808,,79.90988726,79.90988726,140.9985408,135.984584,103.0825796,133.2985042,113.9755184,141.9821039,128.7480554,79.18780997,96.24877506,136.9289214,154.6491348,127.4168962,115.435139,83.10965093,134.362962,130.5812231,158.8540961,113.9755184,116.9759862,131.9134617,125.142497,138.6053719,145.1503266,136.9289214,136.9289214,136.9289214,147.9757199,136.9289214,145.2840131,139.163756,136.0432233,143.3367719,154.7535351,157.3644428,71.50594625,94.85394915,129.1697654,146.5384111,146.5389503,150.8050836,103.3019761,168.5279033,141.0717744,149.8267581,98.09833175,272.4388902,153.969856,100.7293215
4022,1288,104.0620712,30.73250066,1471,104.0558742,30.73252706,593.3136126,,58.45854274,58.45854274,54.38393394,64.5295772,50.67196771,60.16701424,74.21251702,88.1382297,215.7504046,215.7504046,215.7504046,215.7504046,215.7504046,215.7504046,215.7504046,215.7504046,215.7504046,215.7504046,76.28317876,90.98739107,100.6919979,95.59402541,98.07680897,96.81950304,97.44410047,97.13079763,97.28719683,97.20893434,97.24804984,97.22848814,97.23826798,97.23337784,97.23582287,97.23460032,97.23521157,97.23490596,97.23505877,97.23498236,97.23502056,97.23498236,97.23498236,90.955092,88.10981966,89.50985069,88.80431754,89.15568835,89.0675852,89.02359893,89.04558665,89.04008869
4023,1289,104.0742058,30.71862667,236,104.074087,30.71695029,186.1432985,,20.97389279,20.61894999,20.79490689,20.97389279,20.97389279,20.97389279,59.9388081,22.55016964,24.8805399,50.38465223,28.30478879,30.39648647,29.31337098,29.57684834,29.71037118,29.64345939,29.67687757,29.66015908,29.66851597,33.1740532,40.63360532,75.29391849,39.6518269,35.24606836,66.67819648,33.46396378,34.3319052,58.78209426,49.21291612,48.62959903,28.43993102,53.18379957,32.74181797,40.5312021,64.43421871,38.25590149,37.21143219,37.21143219,59.47774033,64.52284897,30.39074261,29.65114489,68.55405367,44.23207093,57.82399684,61.76183176,92.00675624,50.51124682,31.70895306,30.82173436
4024,1289,104.0742058,30.71862667,971,104.0780206,30.71824697,367.7027492,,53.37620553,41.97320324,47.14977372,49.64762858,70.78769503,97.15448786,97.15448786,64.7828661,83.78037324,89.97314509,83.78037324,86.76640047,77.86646454,195.6251079,98.01776358,59.77893975,60.1746693,60.1746693,60.1746693,61.94609132,62.78560778,62.78560778,62.78560778,62.78560778,62.78560778,51.55715276,58.83243987,50.71438211,46.26673686,48.3517503,47.2862709,46.13957183,51.84712053,50.53911198,49.17273021,70.92043381,57.66983208,61.12306933,73.78650486,70.0386189,62.14694353,67.88625894,69.68668557,60.41828883,69.68668557,68.93103029,56.94992835,64.22950221,60.3710635,62.1640441
4025,1290,104.0643486,30.62516934,563,104.0645381,30.62255535,290.2760773,,19.03449687,19.93312119,19.85062998,32.22803017,25.10663349,17.44564071,19.45984876,19.16540813,21.04485322,20.76146778,24.45002055,16.1513737,34.08647319,22.77502096,28.12483524,25.02162094,25.33659727,19.13908202,22.15534724,23.05981342,26.55638827,27.77534332,30.47740075,21.80098494,24.71018866,22.54350395,18.72748886,20.73400552,19.10409284,26.56764098,22.11627256,56.33390179,21.93828996,15.71419366,20.29902638,23.56243243,25.4699065,21.08259337,14.81210316,21.28778838,19.1741996,22.46091087,22.98373632,31.08250679,23.2479172,22.4167439,23.5890266,27.54968208,23.22208618,65.79184964
4026,1290,104.0643486,30.62516934,587,104.0599492,30.6251091,421.7226665,,60.4259343,39.61903965,60.4259343,60.8497635,75.72077802,37.66081487,43.4910938,41.67760817,40.94946998,39.95267367,64.90352401,61.34147876,44.327054,63.27227548,66.22546765,123.4310243,93.46887597,79.90534734,66.18716966,66.18525592,104.5593388,53.61963268,48.50484343,66.18465791,66.1845981,66.18462802,66.18461305,61.25485574,66.18461305,72.52555412,70.61402788,59.45959267,64.2722177,39.54937413,58.39236921,106.3538774,75.58987126,36.59198842,38.57219511,80.20950321,42.70609281,41.4264206,85.29222469,89.30597644,94.73956939,47.00314549,135.3810344,47.21428608,72.29531426,62.54763144
4027,1290,104.0643486,30.62516934,1562,104.0642777,30.62758318,267.6115036,,23.61611911,18.47366084,32.72594295,18.0112437,20.76296149,24.70260033,24.70260033,32.67349753,52.35877244,28.84435368,24.95858583,51.79577489,26.56437719,30.28430458,25.54209579,45.08898968,28.58757902,34.99036609,25.88918812,30.35928823,25.28612632,79.70978217,32.80814107,37.50207086,38.18691897,36.84135422,48.1219487,36.73599287,49.87019078,22.93812888,51.12820236,35.43545427,38.276951,27.04158157,21.45660162,45.3958781,25.27783307,30.9988963,29.78714616,19.22189571,39.53226972,25.00311858,25.06681907,28.17878686,34.68245086,16.32093391,26.08950101,25.03734877,27.2339622,29.44895149
4028,1291,104.0703953,30.63932221,813,104.0735,30.63892748,300.7351383,,48.54917031,60.71512236,52.36637398,55.47292046,57.65864312,49.47698994,54.4188155,47.3598643,49.21120445,51.71093962,40.09801844,52.68352788,47.48449552,50.98806113,39.34171389,61.86551416,36.7332347,40.24708171,63.12807568,41.41699115,52.81202429,32.54550299,39.90305054,41.57824155,30.69741027,31.49669796,36.73100926,44.9230912,32.22162196,34.00983763,36.55119844,41.50200492,38.00315327,42.71010865,42.96216261,38.39082707,40.46016187,37.37559831,36.83515161,38.5970231,35.9890161,41.16526608,31.19141762,42.76244788,38.76269577,28.3044836,40.33454819,44.8548473,46.17321667,35.58283717
4029,1291,104.0703953,30.63932221,1226,104.0702965,30.63603177,364.8012134,,64.04182549,64.58775583,63.50504682,54.60641864,80.81749958,58.67242152,87.40661353,67.59344806,118.313907,88.49625123,73.45903861,135.3901411,59.35748557,37.81411944,54.85077911,47.41455409,47.53970564,35.68707522,54.4479423,43.70330676,51.67020465,82.70052697,54.60641864,44.10694772,33.48506803,53.06199468,53.06199468,80.56959314,50.18921152,57.85393693,54.04462421,32.45348521,55.52999443,59.58640509,45.34821714,29.57847676,46.90301315,44.84750262,47.89153057,37.68391301,42.65064254,55.18001547,45.13004702,57.63178796,84.91062724,65.21585938,56.06336684,62.68660469,62.68660469,95.51159042
4030,1291,104.0703953,30.63932221,1689,104.07089,30.64524798,658.4608274,,130.3345143,102.5063342,114.7574695,93.39869892,138.1386351,91.40587322,137.951056,137.951056,177.8479405,105.0424953,98.35929372,124.9253744,120.7522207,230.1416484,86.96652436,57.60532147,93.40395637,148.6181178,100.8705948,94.62910094,94.62910094,92.68656808,94.62910094,94.62910094,95.29483331,94.96080035,95.29483331,95.1275236,123.6761206,57.11949346,78.1469993,64.24008072,64.24008072,64.24008072,73.96127858,87.14922716,90.56194761,124.7609989,95.58302333,95.58302333,95.58302333,146.0241671,114.459632,116.2844728,80.24573387,118.1684436,117.310738,88.89221169,88.89221169,88.18075335
4031,1291,104.0703953,30.63932221,1813,104.0639621,30.63984577,619.2347922,,94.94230204,95.67576188,79.21980284,282.1829433,136.5242061,136.5242061,136.5242061,102.8486852,128.1175432,103.49328,156.9891022,147.4545867,103.0467759,77.67405059,108.9562684,115.6247537,168.8822161,141.0914716,141.0914716,77.94563818,95.98472559,124.8876892,76.0834557,94.55971376,84.32133341,94.55971376,90.35082441,102.7301959,86.50064725,86.50064725,68.17263767,76.25075378,71.9857768,71.9857768,71.9857768,70.99507172,167.612425,70.99507172,97.0291731,53.0772679,153.2127321,146.4200494,149.6137753,228.0557802,80.18867813,126.5589357,134.0227607,111.7976556,123.5038921,120.3533676
4032,1292,104.1048034,30.62147959,176,104.1028369,30.61923815,311.8275242,,64.70196468,46.67688512,64.70196468,96.56594298,53.50710615,64.14737641,106.4056007,84.40444264,84.40444264,84.40444264,84.40444264,84.40444264,84.40444264,84.40444264,39.02360673,84.40444264,84.40444264,134.2797951,101.5908676,84.40444264,84.40444264,65.64789983,89.62707282,138.5900108,95.13382094,61.56740881,63.96462035,69.2060059,63.96462035,102.7532345,56.4110094,102.7532345,110.8720086,120.3838163,142.0986186,46.58004511,63.35096428,68.73809948,106.912294,77.50833745,89.86623777,83.23107226,83.23107226,71.96019789,61.009733,64.08014945,68.3925216,70.77394219,104.9139334,69.86172538
4033,1292,104.1048034,30.62147959,403,104.1012867,30.62466428,488.0512947,,118.944803,72.11840578,117.5240576,81.32619451,88.51308115,104.5824203,72.30389551,93.70584858,119.9306936,99.92329827,94.97214383,94.78002217,93.70584858,103.8927491,91.38690585,91.3924765,91.37483839,92.25475809,105.3149988,82.87663495,101.0406514,112.0883356,88.29068648,123.1243631,87.56282961,88.64053486,87.08721987,119.2186369,200.798247,160.3088194,136.068512,140.9345984,120.0074902,133.8431908,126.5482948,116.5549992,126.5351225,151.4641949,127.9596672,110.8507673,102.9632061,127.3177291,135.8055777,93.5333964,99.54587314,110.0407929,98.70700342,117.1323107,150.7217233,109.129482
4034,1292,104.1048034,30.62147959,699,104.10601,30.6219429,126.5451723,,22.69303214,16.31379124,24.75883806,20.33005372,25.27626893,26.03214973,30.23645709,32.08187467,31.09642459,28.71192984,16.42258905,21.7244931,17.79541485,28.56191977,23.66559066,23.66559066,23.65790952,24.11580455,25.30903446,23.72721981,22.95025795,23.41555444,28.36629018,26.75059426,16.84150167,28.36629018,25.78656341,28.08503182,25.78656341,32.61006588,31.8668111,32.82742715,32.93719803,32.88222098,32.90968655,23.65330323,23.75196143,24.66945597,32.90109863,31.45426608,32.89938158,31.2327096,31.2327096,29.20273207,24.479453,20.44715531,22.9965987,25.30903446,26.78251345,22.22256684
4035,1293,104.013504,30.69994817,1389,104.0114888,30.69862622,242.316158,,46.24721902,73.51164342,75.10906745,69.67557259,51.013928,51.79642763,38.260446,44.01117523,51.13228977,63.67431889,61.00266915,54.23864263,39.0017065,39.0017065,34.47976952,42.34651305,50.57032863,47.28120156,47.28120156,44.85029146,47.28120156,47.28120156,48.78848819,48.73397591,48.73397591,48.73397591,51.46537869,62.45858009,54.52113555,41.55513447,50.96425523,43.37832764,107.2546929,46.07419906,78.0615811,65.589336,96.39095788,56.27988186,29.47088408,122.0053383,101.4346708,126.4258216,80.27651858,98.19941863,80.27651858,61.76574244,30.04609078,44.13177919,32.16981569,29.87459482
4036,1293,104.013504,30.69994817,1397,104.0147331,30.69819801,226.8988817,,22.19662973,31.99096505,26.20864088,26.20864088,26.20864088,22.47141607,24.19657292,23.3021079,23.3021079,23.51946658,21.52400459,46.60975601,32.45705857,29.24233798,26.60703499,22.72144573,24.79016613,22.72144573,22.72144573,21.35518887,21.35518887,21.35518887,21.35518887,29.75723039,21.35518887,21.58087118,20.14392045,21.81137448,30.90173925,25.57274116,25.57274116,25.57274116,18.64922315,21.56899921,20.00312574,21.56899921,21.56899921,37.7291443,25.01028702,25.01028702,25.01028702,25.01028702,25.01028702,25.01028702,33.61464914,25.01028702,25.01028702,28.38206998,25.01028702,25.01028702
4037,1293,104.013504,30.69994817,1630,104.0156181,30.70091315,228.986509,,36.88785915,40.26136422,34.03597987,36.88785915,35.40458184,36.13100375,36.13100375,36.13100375,36.13100375,36.13100375,34.11109375,33.80798766,33.51022083,33.51022083,33.51022083,36.70309138,36.70309138,46.44233422,41.0023095,42.23923307,42.88610931,42.56021335,42.72253984,42.72253984,42.72253984,47.10579614,42.72253984,41.95172684,41.95172684,35.3798898,35.3798898,33.15086189,33.15086189,33.15086189,32.11758827,32.62604613,32.36982064,32.49742834,32.49742834,33.07880686,45.4188117,25.84173769,29.24528363,27.4383668,28.31302548,27.86883507,27.97857089,28.08917432,31.96338182,38.88450153
4038,1294,104.0898329,30.70899025,603,104.0915573,30.70768178,219.7756159,,39.2456457,34.99560121,34.80317672,23.07804231,34.93122372,32.4084777,19.22702837,33.96403594,18.63821478,17.18115564,26.82007516,26.32919192,26.4834215,26.44469496,19.04193062,22.03878042,26.43020169,26.43261612,27.06087105,34.39966162,28.4601517,26.95714539,31.14929989,31.14929989,32.96634239,32.03207357,32.49249352,28.73579482,28.71841079,32.31829328,32.34719682,32.33273859,32.5593505,32.33635193,22.99977376,35.12507069,32.33770715,32.33748127,32.33759421,32.33753774,32.33756597,32.33755891,32.33755538,32.33755715,31.77981492,32.3375567,32.3375566,32.33755655,38.46496214,37.72072549
4039,1294,104.0898329,30.70899025,710,104.0877124,30.71150796,345.1055575,,46.94131008,46.94131008,43.43986038,44.47661123,44.94760907,45.12276055,50.36675703,34.83308431,37.14140529,54.84112592,51.61796965,55.13520742,48.75264907,52.64322064,45.36389352,50.42126652,43.82151906,42.76695377,35.95890035,39.88378835,63.63021803,48.84163457,44.69279911,50.47760313,49.30079393,42.65682427,55.35219456,54.27807945,53.546054,48.75783098,56.20436873,49.6750198,46.43122991,52.12683572,57.86422785,52.12758326,49.57962745,37.76231024,50.23102651,50.23098313,50.23100482,45.1774548,48.9125987,45.06819856,43.93916912,47.92978658,48.9085872,49.40699281,59.87373525,55.03344439
4040,1294,104.0898329,30.70899025,943,104.0886043,30.70813837,150.8525007,,20.48543955,18.02220141,23.72861939,15.86374886,23.72861939,23.72861939,23.78404391,23.01627474,21.13451607,17.8104073,18.72651733,20.79728109,18.48876666,16.47327611,13.57248366,20.45457637,15.19339752,15.18675879,15.18675879,13.39257713,15.40621284,15.64814875,16.13755301,16.94178763,17.41024293,20.53190936,18.21360545,19.36074875,19.31770574,19.33920329,19.31770574,19.65860643,20.60982932,20.07648808,20.89731611,19.39099317,20.115995,22.62787511,19.7912571,19.76902447,17.68954406,18.73190006,19.51730467,21.7227601,17.85205938,21.50768327,19.36244553,19.09321306,19.22688683,19.09061146
4041,1295,104.0386069,30.65555632,461,104.0386555,30.65417493,153.1713089,,17.35379109,22.97569634,23.58497485,34.71668702,25.74708383,26.25793867,22.59904558,49.45441364,22.2166282,34.29208408,21.66666845,26.53167821,18.89132245,28.01914187,21.41424124,29.41492513,16.69604535,24.79391691,40.64496648,19.49138557,28.89749325,22.50024473,22.27946311,25.00756064,17.67361257,21.41424124,16.17057807,23.21754577,20.88699667,27.23045492,23.87085334,31.72708355,19.4724025,22.1198681,18.28766733,21.1676281,51.53427215,22.55283076,31.5095264,16.91462307,38.76391649,26.04093091,15.7547632,17.70198112,18.76843812,17.63969008,17.91283309,18.58248676,18.73018723,26.6384885
4042,1295,104.0386069,30.65555632,1411,104.0385396,30.65746299,211.4165834,,17.74814692,36.15675536,38.47824571,22.29784278,19.88334065,18.12142143,17.41017855,17.38662936,25.33927573,17.79656353,19.44888502,29.9554832,22.53441007,44.83262267,34.07024739,20.66334028,22.98898771,19.44888502,30.93398229,29.96455513,18.92153193,18.96652866,32.51768738,20.59113156,42.23931739,31.48204461,71.40888511,24.87442966,24.38219838,18.99780843,21.79592417,19.70569691,45.71169371,22.32559121,44.54596907,28.62019101,20.72335361,24.87516153,21.35834953,22.03349008,18.11064129,18.07837768,29.68407567,23.18070153,43.40872816,18.60879463,36.30046264,32.07631609,42.37748888,21.7279686
4043,1296,104.0757401,30.65475607,1112,104.0745269,30.65307435,219.6636563,,27.31568783,63.77331957,34.49461996,48.9533081,66.08265982,39.73814888,49.52750496,26.9434127,20.2766452,28.89607171,54.64485824,68.24501943,40.60534853,67.26542585,26.0556561,38.48122446,18.17906121,22.34656765,18.73907968,64.9640089,47.35264447,24.35445527,35.58551232,34.75147687,16.00787779,34.60784082,25.62742657,23.7474223,24.59139999,38.15629253,23.73158541,23.7474223,34.63310202,16.47477422,34.75147687,21.02230827,30.51276512,37.74649941,33.71436505,62.88581811,36.95276461,27.05094057,64.15519572,28.17538584,22.15095694,21.59151297,19.59824443,32.33366903,20.66522202,23.79028769
4044,1296,104.0757401,30.65475607,1376,104.0733239,30.65602721,271.007246,,36.40395842,29.89279466,71.38727454,31.12665477,25.89830337,32.46675826,31.47180921,26.6382549,34.65128165,26.12118034,25.40692931,26.87675167,20.03338985,26.55280949,25.0803621,39.10324992,30.55994003,30.55994003,30.55994003,41.34008837,50.29000441,40.02568556,38.79228969,23.29853339,29.71450007,26.17959085,34.35303118,35.04861835,37.87000817,43.1454322,52.59439815,38.16008157,42.715678,21.3018796,29.57821622,25.8102139,44.23836454,45.39149102,68.26900091,46.60634168,36.08084636,35.95121458,28.12503129,35.15769678,28.36122342,61.32798863,32.4775661,33.4462148,26.75391459,40.9496783
4045,1296,104.0757401,30.65475607,1629,104.078706,30.65916798,565.5537975,,217.1726582,207.7544562,254.4992089,312.4286963,221.1033851,164.4582933,172.9606274,247.5372244,248.0758172,292.4227894,215.8297178,80.47405814,214.7456911,276.571763,274.604156,170.0203483,242.8366588,254.4992089,361.4189949,265.7955184,141.7164968,295.0715465,260.8158426,113.9017438,157.8289667,217.6920639,135.0576233,77.9327721,262.3703184,296.144534,368.267589,126.8531882,312.2689679,228.5798829,243.6231743,328.386076,373.0878455,302.3752977,361.7247639,255.1370515,295.5474684,205.3793212,162.7263394,321.4726849,351.0333916,202.2510269,247.6056427,417.9459149,262.2013742,261.8641377
4046,1296,104.0757401,30.65475607,1766,104.0780951,30.6537093,253.7318697,,53.55643372,29.13912003,45.55784194,31.34911131,39.86311171,60.0561541,35.28477956,52.70177717,29.48392676,45.40417623,49.97872682,33.13912283,39.14720276,27.95210105,33.70607863,62.8991016,39.92533947,53.64130131,36.44627355,51.34402931,40.41746597,32.87425766,37.86051459,76.84532227,41.47540178,40.86253098,34.9840954,38.30918924,39.49988026,34.35579618,27.02469618,35.52246176,33.58215923,42.88425967,38.24812349,41.67129247,39.20320734,47.02366697,37.58990662,40.88053755,47.42941486,31.48568586,50.9079866,33.74003372,29.24996851,48.70785982,27.24452831,41.48832994,25.97937232,46.05553266
4047,1297,104.1066353,30.60300882,537,104.1029171,30.60286602,356.8069472,,49.14414194,39.58412974,42.25345427,41.61182458,43.3710189,44.4516672,39.49285196,40.52066277,35.50808597,41.01456912,44.44654014,52.34331744,48.84049467,39.40199417,47.05146556,46.70927309,59.21858805,47.44977719,50.12702478,55.06988253,65.14130003,51.6238002,62.79758661,49.09484495,56.04062009,58.33169824,43.04641454,58.33514761,57.85244239,57.70067863,43.71188657,46.82278634,61.05061834,54.89337649,47.64484458,60.84097146,50.33326841,54.72042807,75.38244064,61.14946529,70.06739308,38.31483997,62.85978436,61.39753243,78.37134916,60.86197976,66.21159845,72.2316383,79.64025114,79.63682814
4048,1297,104.1066353,30.60300882,1162,104.1065063,30.60564708,292.6555522,,50.05035572,31.20255934,44.03594516,48.22704504,49.05031951,58.59621735,45.16870259,38.40291561,46.95273129,53.15975972,35.87859484,43.78431119,34.29464223,40.05931513,36.91237709,33.34050595,41.62212298,36.79529566,36.81475762,43.8070681,40.82147531,42.61721663,44.60180735,30.05877284,47.49331276,47.28339399,45.80488149,45.90779512,45.85628057,45.87031852,32.47969134,38.87675232,49.44114916,46.50516534,46.41233427,54.49448214,46.18621954,36.51681326,48.74613635,46.20313138,36.46411125,31.54371221,37.66088315,39.2488181,62.16313936,38.83941148,35.83537374,38.68807742,38.7132178,38.70692965
4049,1297,104.1066353,30.60300882,1327,104.1068588,30.59843923,506.8925873,,57.74725678,46.15885281,97.45331451,97.45331451,97.45331451,97.45331451,54.68970971,70.06162142,65.46170851,63.38105906,64.40458384,63.88872239,64.14561599,64.08119909,64.04903915,64.06511508,64.05707612,64.06109535,64.05908566,64.05958808,64.05983927,64.05971368,64.05977649,64.05971368,64.05971368,52.46731783,57.68689573,57.68689573,57.68689573,95.04236012,71.32820773,71.32820773,71.32820773,71.32820773,71.32820773,71.32820773,71.32820773,71.32820773,71.32820773,71.32820773,71.32820773,71.32820773,71.32820773,71.32820773,71.32820773,71.32820773,80.21157425,75.50951644,77.78955515,77.20673343
4050,1298,103.9988879,30.69473327,110,103.9945152,30.68621014,1033.325213,,66.65528333,62.83734403,64.69514377,67.82079794,56.32052637,63.90546525,51.48748466,62.77769462,68.04070242,58.39828519,66.63297224,61.54137146,62.83071072,60.81143748,63.38158341,64.22443055,69.1551498,63.23792209,69.49319572,60.92320286,59.00458317,65.71660845,64.55480723,72.07499669,60.2912604,63.6708732,69.61891641,64.22740074,62.7710739,57.56983389,58.35248262,65.39649752,62.6851314,63.97198223,67.45187247,67.75903036,80.48717237,79.21151486,76.91186974,84.99552399,67.46986347,79.92775147,72.54547541,65.94022631,62.94734056,65.60795003,60.9032542,63.79279925,56.62055962,64.73266995
4051,1298,103.9988879,30.69473327,494,104.0047257,30.70354332,1125.188288,,92.34068016,92.34068016,92.34068016,178.4439576,77.82282107,116.5662687,116.5662687,126.5836824,67.34293993,108.133418,103.5978986,141.6320922,102.665767,164.3277013,112.1506574,111.7428369,97.60669486,101.0984485,95.98762646,161.3815871,107.6353721,106.8897945,106.8897945,106.8897945,100.1934447,103.4333513,87.5822235,135.0225946,127.9161422,145.1855855,168.6903836,113.3056738,143.641058,139.4724292,115.9987926,166.6945612,115.0760749,141.9630083,111.6504365,120.735554,131.0051047,129.4898466,103.3807123,120.555888,116.022728,107.8742433,105.1100314,109.7744671,124.4447876,109.7744671
4052,1298,103.9988879,30.69473327,865,104.0029919,30.69292611,441.1701308,,45.5354794,51.90236833,40.55996824,37.73970228,68.45743409,42.20228001,54.10671603,48.94337352,37.48999395,96.25530127,66.03794058,34.52635806,48.87066053,39.33166099,60.45398204,35.05435061,41.76758635,44.17837193,52.76453392,42.15560639,46.81540076,44.73837946,65.3585379,39.53235771,34.3955056,41.90534224,43.5723586,49.59289527,50.02244003,48.20068197,68.06624876,43.5723586,44.20719268,73.69895457,44.06804858,59.48361314,52.60433246,53.38529314,42.49397915,57.4658515,40.79312854,75.44952356,57.75318076,48.98110936,52.41625316,39.85476715,59.44650545,61.08509503,54.02083234,67.9207044
4053,1299,104.1329977,30.71471837,127,104.1462028,30.72511547,1710.720489,,110.4763063,122.050032,209.320234,234.4456345,152.4168603,103.5855703,203.5898764,182.4036655,204.265133,204.265133,204.265133,204.265133,96.83323523,204.265133,204.265133,204.265133,204.265133,204.265133,204.265133,204.265133,204.265133,204.265133,204.265133,204.265133,204.265133,110.7660748,204.265133,204.265133,204.265133,104.4665615,104.4665558,204.265133,172.2683569,104.4665579,204.265133,204.265133,265.7429886,235.0608305,277.570423,226.5229889,264.3173288,239.7506087,229.1036972,234.306266,231.6757777,232.9835973,223.8079906,232.4914383,232.5733203,232.5528444
4054,1299,104.1329977,30.71471837,894,104.1266838,30.71717064,662.8742857,,63.97714286,68.27401269,68.60605928,83.29916119,68.60605928,41.25060378,57.24943851,66.43352081,79.01812677,79.01812677,73.57889242,79.01812677,79.01812677,85.07477464,82.00506627,91.34344224,99.06995033,68.62116888,97.01831751,96.22368663,96.27069379,96.39449655,77.64687946,76.1195352,74.16775225,92.56584284,76.1195352,84.92339603,80.28082182,84.92339603,83.58484863,96.35323395,87.89493291,60.35274225,96.35318858,195.6022482,79.98929929,68.37671715,73.72855082,68.37671715,84.28068619,96.35319352,61.94282748,68.1651253,63.34034316,131.1179906,67.44167946,61.93654739,74.11016859,62.13008581
4055,1299,104.1329977,30.71471837,1041,104.1352785,30.71367053,247.3664703,,18.51391462,21.12320917,26.26658437,31.08495823,18.56134703,13.16362591,15.583276,19.04854103,29.48739381,29.48739381,15.88794457,29.48739381,29.48739381,29.48739381,40.3863625,34.08686289,36.97018342,35.47002412,36.20457042,36.01809635,35.92557779,35.97177758,35.94866284,35.9602165,35.95443875,35.95732739,35.95588301,35.95660519,35.9562441,35.95642465,35.95633437,35.95637951,35.95635693,35.95636821,35.95636258,35.9563654,35.95636399,35.9563647,35.95636434,34.28095766,35.95636442,34.66741774,19.67998438,28.48053774,26.33087545,27.36355253,23.30662126,26.96694382,27.03224494,26.10101845
4056,1299,104.1329977,30.71471837,1122,104.1238067,30.70835026,1128.16522,,89.9948989,105.3391493,128.2714502,147.9111912,107.9067045,108.5934436,129.8434461,153.6346048,173.1938078,172.7334308,172.9633129,172.8482954,172.9057851,173.0756024,209.1670405,189.307078,198.7421487,193.9099107,196.2962954,195.6942095,195.3945495,195.5442647,195.4693784,195.5068144,195.4880946,195.497454,195.4927743,195.4951142,195.4939442,195.4945291,195.4942367,195.4943829,195.4943098,195.4943464,207.1259494,195.4943373,151.6388836,170.7963472,160.6484958,140.9798598,163.070704,160.7056072,124.1898073,132.5245662,126.4093698,153.6451998,131.3203518,124.930519,138.4246505,125.1750496
4057,1300,104.0114083,30.64760226,25,104.0120406,30.64390586,414.1344437,,52.77465477,52.77465477,61.25242388,54.29772863,52.33401691,45.87335376,56.58387247,46.85367685,53.99739644,48.66263163,53.83710381,51.98340297,47.70447156,50.18641592,57.61870521,109.0890729,69.18255208,52.39598174,51.09655741,46.23408121,57.03094665,53.85060791,53.53263904,47.02574284,51.87939095,53.48462771,65.31802836,60.98535386,55.58851593,54.72281466,46.63207612,44.57052309,44.26376241,47.21722874,53.93611084,50.41027886,49.03215613,49.07048457,49.06039233,47.44638388,51.21845969,107.645054,55.89068406,50.83693836,47.73799155,55.60406517,48.43677704,54.1933611,50.73190973,49.94586256
4058,1300,104.0114083,30.64760226,157,104.0113764,30.6504565,316.353673,,39.73391096,40.5509426,42.61452658,38.6408015,37.43396131,39.74823085,36.14910748,43.87513791,33.93543572,42.93895562,55.15124566,40.38557528,38.48357247,25.77284135,32.27488823,43.32050298,51.48280633,31.0488883,63.56501707,41.90589271,40.02600362,51.90030538,43.60157821,35.9203049,52.04528169,62.23350944,78.43479496,26.09102458,67.5889153,44.03265706,33.01081805,47.25615032,32.78276404,39.09623147,39.90046327,38.71324305,41.34674872,39.68199383,41.18890498,31.69406001,33.72773611,46.27475849,47.06087698,44.86781045,31.46058627,53.37185254,39.32573283,37.96244076,35.6516835,94.9061019
4059,1300,104.0114083,30.64760226,1529,104.0160869,30.64749339,448.4981114,,50.23178848,55.73969623,49.88444493,48.06767493,36.55682719,45.39809734,54.78911932,45.2393724,55.37413505,63.58335001,49.54006241,41.92538606,75.89751808,52.03120084,86.49606433,58.71248004,66.8845568,54.94483425,56.23311105,54.60856373,55.87901869,53.48865313,46.56163599,120.1755009,58.96262451,55.96510229,48.98272889,50.31844803,68.35703645,56.38858677,55.0884777,62.96463737,57.62484232,61.04322121,62.62526521,66.15590364,61.63745757,52.10045825,47.76902962,46.86772717,44.25747623,47.96253096,73.99602205,65.53397062,115.3280858,58.0510499,47.30608883,69.09813983,56.52018206,48.75247107
4060,1300,104.0114083,30.64760226,1849,104.0068929,30.64748892,432.8706539,,48.02263032,79.91458226,55.45673858,63.34692496,58.03852343,60.8724357,51.4301767,87.25276338,69.50643863,59.93593669,64.36738348,62.07266895,63.19920325,63.19920325,65.93798396,64.53955114,67.31465892,54.87092796,49.47093187,51.51518526,56.92545586,56.92545586,115.8612903,71.9784921,85.15488273,62.33337416,62.33337416,50.21485567,62.33337416,62.33337416,62.33337416,115.4321744,106.2500696,144.290218,98.42111712,117.0213532,106.918309,106.918309,106.918309,57.93064513,68.44806825,68.44806825,59.82089651,63.84435729,63.84435729,63.84435729,102.8603534,98.62875658,112.5151158,84.84579059
4061,1301,104.0905023,30.64456289,1587,104.0896025,30.64396027,109.0673339,,26.80152915,26.80152915,26.80152915,26.80152915,18.83176988,20.23929907,20.23929907,20.23929907,22.30922739,22.30922739,26.35183906,26.35183906,26.35183906,28.60782529,29.88714763,29.23349666,29.55670869,29.39421421,29.4752375,29.4752375,38.87548535,25.83173698,56.90469595,39.2642402,34.59404423,34.59404423,33.48762491,32.31624708,32.44978529,24.7723913,18.3477758,24.7723913,24.7723913,28.55581106,24.7723913,24.7723913,24.46370106,24.7723913,27.55385277,27.55385277,27.55385277,32.31624708,32.31624708,32.31624708,19.68132341,29.30167179,26.80152915,25.91699023,24.23718531,24.31222304
4062,1301,104.0905023,30.64456289,1712,104.0946578,30.64250692,458.7979694,,97.22870875,101.6413963,57.90263593,82.11440931,88.16758132,76.03150753,82.79061102,106.9736198,78.15485915,67.92348278,60.06082509,57.95342771,82.42907997,76.9935798,49.82421387,72.23058409,89.07897651,80.7663907,152.9326565,76.60819526,97.15721705,79.66266994,52.51741462,58.42197488,73.80128194,72.09396289,157.3021609,65.70552719,73.14759477,95.65671947,103.1221242,111.8514237,112.9992718,79.30787445,82.91529567,58.05527908,95.47240982,121.4465213,111.6497988,74.56761579,67.32361508,78.90156163,87.91338336,102.4974187,51.53424929,66.75351519,109.6000458,118.2581878,110.3690404,93.00623834
4063,1301,104.0905023,30.64456289,1718,104.0932502,30.64666933,351.9118393,,32.48416978,32.48416978,32.48416978,35.68683441,73.47289438,95.37384857,62.32029761,70.57841902,71.13987581,59.64607446,112.4452031,93.84315715,131.9669397,67.46712185,85.19316637,53.68146701,135.4954675,104.4134029,75.39098167,58.99337003,61.35024801,61.35024801,61.35024801,70.56055109,62.79467764,64.30876251,47.5080983,74.74233755,83.96902214,82.95770207,58.74911131,103.1510647,90.27667139,94.72862759,51.70949475,99.64245341,74.44288907,57.98089801,122.7996079,122.8988801,71.07335885,84.17824727,87.67353782,145.3402625,67.34756996,56.30589429,76.62596502,114.4773453,122.9983128,111.4092758
4064,1302,104.0919401,30.60210279,681,104.0926227,30.60533263,363.8910957,,48.33977655,48.921966,42.19027197,48.69918009,35.50157031,45.88469158,38.08162629,47.2074935,57.9649533,46.78599802,47.37822584,40.93774827,68.82703738,59.72680599,58.89744183,61.29716318,54.55119342,55.20804101,73.04877015,42.60188437,39.29237986,48.083489,55.20804101,48.083489,58.94298963,36.38910957,44.1080116,42.92867564,55.82420217,41.26937719,87.33386297,49.01807089,46.69071085,45.28981658,42.32658948,57.45648879,56.95686715,42.81071714,56.95686715,48.051644,59.41079113,58.65707215,62.57999736,43.66693148,55.66605997,55.45007173,35.46952919,54.22592389,50.38492094,48.59881079
4065,1302,104.0919401,30.60210279,1067,104.0927252,30.59715528,553.4677936,,36.77139045,58.41562816,35.5615508,58.63121306,62.54326389,59.59325888,61.7345951,128.134023,76.97234214,76.97234214,67.62732179,65.41559462,36.20100128,75.48777357,71.00297684,76.88659438,74.65079145,126.5069243,66.64940816,40.15081223,58.90784011,65.3764678,47.86748485,118.3653895,49.52834528,63.88726435,69.95262928,37.24704394,53.881259,60.2413925,61.55579245,56.39105822,70.67247867,62.57003349,71.34195009,71.40920042,52.64158671,37.00063244,53.40268289,71.38396669,64.99691946,54.08847118,57.4893212,52.178627,57.32736003,51.48602981,51.31574391,51.23102266,51.27334828,55.51383488
4066,1303,104.0290806,30.69429393,998,104.0310372,30.69599301,265.6652349,,36.1358254,36.81982081,36.1358254,38.4351579,32.46733229,47.57338013,34.19767028,57.75488621,33.91471084,57.6762022,46.27716994,59.77467785,62.30585314,73.45582532,41.38608695,23.41235852,41.60822821,42.55371949,57.44113187,61.47625269,46.31452037,41.67297802,47.96363318,77.12861658,39.27699571,36.87897863,57.6503235,41.60822821,39.43896271,46.05432643,83.60094805,33.0246839,48.46595502,63.06636434,45.43443447,45.17107472,46.12836877,56.59141098,39.47966339,31.57907509,38.73786503,39.57495912,40.60166797,37.75952577,38.49777987,41.16477098,38.20485403,58.82920842,48.22158886,44.5668084
4067,1303,104.0290806,30.69429393,1175,104.0328362,30.69206439,436.4114861,,94.35924024,83.56815691,108.3504379,72.77535755,80.60271995,82.17617821,75.65616613,98.76701059,56.97484497,78.0499946,68.80648249,88.51162535,78.09849294,80.56827436,84.24028686,89.07198433,74.82527463,82.11584215,77.77630445,83.75750233,65.85502374,81.08806968,87.67195033,59.5106572,106.436675,79.3520971,92.73475748,77.13983714,113.4452277,116.7707201,96.98033024,117.6105814,101.3600871,133.7090511,98.68601444,81.03420529,88.95011182,68.97996228,68.44960239,90.53484539,100.155867,145.9619498,97.94771508,85.1534607,102.7690172,77.86274934,83.28665833,84.58991002,70.76943018,69.1395636
4068,1303,104.0290806,30.69429393,1229,104.027045,30.69251558,277.2412394,,49.16593408,34.72750389,49.65514736,50.83540554,44.95803882,55.04054019,38.70357583,55.04054019,48.21586772,53.08874797,43.14416983,47.2148024,54.02265017,44.95803882,43.02019232,51.64967398,36.29339861,50.15419406,86.04038464,102.2611129,59.23254966,59.67949232,52.07313713,46.42178892,51.8477123,48.15770624,82.07799851,82.25838973,84.22518665,96.89985066,119.5291571,59.51350089,58.6236982,74.48272103,61.99182993,127.5486852,55.58721592,64.91502191,77.01145539,63.97874755,72.67488802,65.2332328,45.62598683,49.74796071,43.32578168,75.89874235,46.82145409,71.0369012,55.14190397,46.42178892
4069,1304,104.0780641,30.71194952,388,104.0738458,30.71401447,464.2773981,,97.58443551,69.06605922,77.41474544,69.06605922,69.06605922,72.98683988,96.33421517,69.06605922,85.54215353,76.21882642,75.95827909,69.06605922,68.17397551,73.00961269,68.17397551,68.17397551,68.01215191,68.54676555,90.59071182,73.09323468,79.22484796,73.09323468,66.77247973,80.32352263,87.24133798,75.46216998,102.7368074,88.70466713,86.53813038,91.56768488,86.45054356,75.10497508,76.18573063,75.42979918,91.88710945,86.25561793,84.04770284,85.2910839,86.32386276,81.08050672,85.80444985,76.61109089,75.65332359,78.50589416,71.44811022,82.62649433,69.51609455,88.92607025,72.17261534,79.23850994
4070,1304,104.0780641,30.71194952,710,104.0877124,30.71150796,925.2190875,,142.0984947,228.9201866,215.7246577,138.8793071,138.4367712,184.021476,133.3382192,168.1003678,148.2147082,144.8588888,138.0924011,190.3307837,142.4894017,195.6410405,120.4625213,153.2571495,187.1229615,243.1232639,130.7216921,79.36748327,181.7124231,128.0251908,180.0426332,130.9211749,172.059684,176.2322071,318.5180464,154.9204053,173.7613937,148.2746899,172.786326,131.3920598,137.163571,182.3424479,133.2315486,143.5684791,156.3837975,154.2924709,128.7261339,103.014084,145.1324059,140.879281,179.5573431,147.8160673,164.0782618,183.2621026,109.0869667,131.9995528,177.1578334,135.9505598
4071,1304,104.0780641,30.71194952,957,104.0778861,30.70836235,397.9340822,,65.71388513,60.96011472,116.1537321,42.71436551,57.42213728,60.3184293,55.47193401,39.90425337,51.95150303,50.47789626,81.55005858,47.93183424,56.70708346,55.18346286,45.84200627,57.68708843,44.9079215,44.46650892,42.05174254,40.01501936,61.13354322,73.93871979,51.0327678,56.30882273,73.84343793,57.07421099,136.9937004,104.0602442,79.90389538,48.3565467,66.0167141,61.2588057,49.31369005,73.97053506,42.2273455,55.36474187,44.58182664,57.30250784,89.5351685,44.30606276,57.30250784,57.30250784,57.30250784,57.30250784,48.23443421,78.82050597,65.41382173,67.84038022,84.26839388,68.26370912
4072,1304,104.0780641,30.71194952,1438,104.078117,30.71337306,157.8530021,,24.24363513,17.2203275,23.32563602,18.49825531,23.47256537,19.96799826,25.26550373,20.39946488,22.70915538,24.22727002,25.82560004,21.68972548,20.81101607,26.32624522,21.7347199,20.61221102,22.01888825,25.25487685,22.83128998,19.75448925,22.12425887,19.75448925,20.63790585,24.57413322,21.24376851,24.2332967,41.1313555,22.85608364,28.77320545,25.29736497,27.41958058,19.11760496,19.24058939,19.72125002,22.7308323,21.96215681,17.15966203,19.82801143,22.7308323,19.31579903,22.7308323,22.7308323,22.7308323,23.91041266,19.13369722,24.168102,33.42769456,33.42769456,33.42769456,33.42769456
4073,1305,104.0265248,30.66499141,1363,104.0335172,30.66419865,675.6650836,,320.0518817,320.0518817,172.357435,70.70913666,117.9342691,88.41051526,101.060267,94.31311963,94.31311963,94.09649133,94.20468094,94.15055506,94.20468094,143.9286569,279.5855518,190.0308048,226.2692373,206.5727644,215.9728569,145.3260225,84.23876367,112.0919033,96.18959173,103.533676,99.72660811,99.72660811,99.72660811,86.71637437,92.76755572,89.63995927,89.63995927,80.09839608,72.39268753,71.22677309,91.27183118,71.22677309,60.28238664,65.29917586,62.69057477,63.96829194,63.32298864,63.6440046,79.49812852,119.5279755,105.8713515,105.8713515,86.25511706,95.06181929,95.06181929,188.5576977
4074,1305,104.0265248,30.66499141,1403,104.0266969,30.66826907,363.640878,,47.37420365,34.42753875,33.19798379,44.61416809,35.24790417,46.49289764,38.73098109,53.43294534,48.80175809,46.77470874,47.76673791,47.26551861,47.26551861,47.17503282,83.30681935,51.33753572,83.30681935,63.52686395,98.67641913,27.53117057,28.45885132,28.45885132,55.54124569,39.97273773,39.97273773,44.31392363,51.72065166,49.71293016,51.94869686,50.80622874,51.37111161,51.37111161,51.37111161,66.57887658,57.99459502,57.99459502,57.99459502,55.82546528,56.88936103,63.49285171,43.58847373,58.74826452,63.14021677,63.14021677,63.14021677,121.213626,49.28867322,58.93929188,34.49557736,50.74058763
4075,1305,104.0265248,30.66499141,1571,104.0210888,30.6647771,521.3567152,,93.6500562,110.1965965,60.95428984,125.1256116,104.1958388,54.87965423,111.4399979,66.75343833,71.76005256,52.42693225,76.48069985,52.53699579,88.14728252,46.53981304,52.51385774,50.33360421,69.14836434,68.33316169,96.07131651,60.34997346,57.29972039,55.46155218,72.61284443,68.02130567,82.72914749,102.7641357,79.04391673,98.49038562,67.45835502,75.76413183,72.36795411,85.5350861,94.20758085,81.63592694,67.72698871,67.24505403,68.27290318,85.16402886,47.12560128,74.22861097,45.90829616,62.18966782,47.81401974,63.39295161,63.59782931,90.27255545,74.45680277,64.21402357,62.23090765,59.4171899
4076,1306,104.1053761,30.66815363,435,104.1063806,30.66837289,99.25144125,,16.09482831,10.43904138,20.6236761,11.56535406,21.33165304,15.14005036,14.34960596,15.64840242,17.05514026,13.44516231,12.42080609,17.79851499,13.90292562,20.74340717,14.87394402,14.43657327,14.8730841,14.87222429,10.67219798,13.01065775,11.08495931,27.54555418,10.88515426,11.85419481,13.46757742,15.78726117,11.01094572,28.99027899,14.52460116,18.851839,18.11433148,20.14405573,11.85091836,15.04442899,16.35264021,17.38586964,13.28272076,15.49570749,19.15845515,27.41472035,19.87236866,13.06417508,15.4644098,16.35264021,16.35264021,12.99685438,14.28506501,16.35264021,20.89504026,16.35264021
4077,1306,104.1053761,30.66815363,1428,104.102687,30.66733134,273.2753307,,49.57087393,34.42838812,27.60356876,34.42838812,37.34970351,33.84955614,35.70929911,32.29073929,39.86995706,40.65252853,34.91097198,31.13263261,34.5594095,34.5594095,37.51944792,33.06067371,41.0340434,33.80725741,38.3295269,46.46003261,71.80957595,33.57649114,57.84171626,42.48873235,42.48873235,42.48873235,32.22375337,42.20392988,53.95564117,41.92292004,32.20265763,43.53058365,42.86671854,42.22279788,54.05446102,27.98836957,49.10771335,60.91586319,48.87998627,48.65436155,37.8964249,44.92197217,57.53164857,50.45083028,50.45083028,46.2235485,38.50454757,40.47135512,38.50454757,34.12556161
4078,1306,104.1053761,30.66815363,1774,104.1046034,30.67026219,245.1370777,,38.06194921,38.06194921,53.81057803,32.34057644,42.24702828,39.14460975,30.60671028,33.81201072,52.06451208,52.06451208,58.2503947,53.7014288,53.7014288,59.0296642,53.7014288,53.7014288,44.34640602,48.57762273,46.36568195,46.8995649,47.17114369,47.17114369,47.17114369,52.2185491,49.56668268,68.9448031,31.36082017,50.14167498,50.14167498,50.14167498,51.45734576,50.92707632,50.92707632,50.92707632,50.92707632,50.92707632,50.92707632,50.92707632,35.87371869,44.62269515,39.70724318,57.14573875,57.14573875,57.14573875,68.9448031,57.14573875,34.02931156,42.65706772,42.65706772,65.46687535
4079,1307,104.1153558,30.62095961,627,104.1169274,30.62064379,154.6465621,,24.52544597,18.76082977,23.1297234,19.60308534,19.60308534,19.60308534,19.60308534,19.60308534,23.19698432,19.46600082,28.19320138,21.58105028,23.98220525,29.06849038,18.89614335,17.98796845,28.69730018,40.22870939,28.84599086,50.38259037,43.83682075,33.33698345,20.70902506,32.05725279,26.66867422,28.06547492,30.49549601,21.80626693,19.16446208,28.25789477,20.90014542,30.44306896,26.04573677,29.7317823,36.50672941,63.99168087,19.71444185,24.94089872,34.68707935,33.8230634,19.88312941,19.88312941,19.88312941,30.82629053,22.91060179,22.96009445,25.26751696,44.3019329,23.66536126,26.50080103
4080,1307,104.1153558,30.62095961,948,104.1130701,30.62038703,228.0938735,,30.79267292,31.3732175,33.02439995,38.07440237,34.26166667,33.68771055,28.5246861,39.73248118,34.72042049,30.33760879,31.05539603,25.55077229,26.44566649,27.18999817,53.90402263,31.64308072,32.26805407,27.15024486,60.66587861,30.72655489,35.29589385,36.86897499,33.75948768,32.42400571,35.35867721,24.24619915,35.35867721,35.35867721,25.44849002,60.96103846,40.75222558,40.46818118,40.60970671,59.93707625,40.57423261,45.28334254,40.57423261,20.3000728,42.40821724,46.92188888,46.26129265,23.32778252,46.39197427,55.29548448,55.48229355,46.26129265,33.17729069,51.40143628,37.79691345,38.38214173
4081,1308,104.0132057,30.68050837,647,104.010975,30.68116406,225.70321,,27.83096179,22.92049523,20.6095512,32.15399905,29.37834425,31.71473677,26.86054731,28.19100582,28.6986863,28.65861907,39.36366036,27.93804777,34.30212374,39.63568566,27.45425503,28.54326309,27.49683777,27.0843852,30.24586583,44.64459099,27.45763746,27.08187762,28.98878749,27.2728329,24.06312604,29.59270863,29.70313417,26.42252144,34.390779,27.82046843,44.60586273,41.12768194,42.79621803,39.20833867,42.3665192,39.57611033,36.87808601,33.58767935,35.38980084,35.40410071,29.87544223,33.15995822,39.6997525,39.70048209,35.83792212,34.93945855,33.0234096,36.0533883,35.43015506,33.02138611
4082,1308,104.0132057,30.68050837,768,104.0122093,30.67825796,267.0575518,,19.26667708,19.26667708,28.19375913,19.80241373,31.36728178,38.57753113,18.77748411,41.17375531,41.17375531,41.17375531,41.17375531,36.67160279,32.10040689,20.15528693,36.27267257,28.34337224,19.64059625,28.52840316,45.78129459,17.64049883,49.74135807,49.27529425,49.5072293,49.27529425,31.01313505,42.39943491,42.39943491,42.39943491,36.32520855,56.05872807,46.14754496,46.14754496,46.14754496,27.18399208,39.17802004,90.69879118,39.19533385,39.20399649,37.57265135,39.20183047,39.20074755,32.83120728,33.77308617,40.05863277,39.20111981,39.20110288,21.42411558,39.20110922,40.51584261,34.83359371
4083,1308,104.0132057,30.68050837,1573,104.0143304,30.68271515,267.2583303,,32.00432396,28.54985131,28.54985131,28.54985131,28.54985131,34.73393462,33.7885861,44.2019903,83.18126704,49.53050137,49.53050137,49.53050137,37.43696456,37.43696456,39.87070662,29.00894439,49.65832202,33.523693,33.523693,33.523693,44.95934528,35.71380806,35.71380806,35.71380806,33.40729129,34.52206635,33.95553164,34.52206635,34.52206635,38.17976147,35.70055618,35.70055618,35.70055618,35.70055618,41.41162077,43.10055013,44.93309931,53.45166606,28.46538429,37.14787603,32.23216044,32.23216044,33.33494982,31.0564877,38.6397586,34.43557584,34.43557584,34.43557584,26.20179709,57.33790161
4084,1309,104.1020007,30.7191637,249,104.1075671,30.71792339,550.4416999,,56.17548178,73.32433375,78.69698648,87.4874225,61.73177943,87.4874225,104.1571679,91.10759171,101.4465932,124.8901336,82.50486744,62.67549139,102.3196275,92.81452551,96.03829337,123.5918994,133.8912243,68.21308501,75.25025772,91.74028332,89.1269919,78.42704958,85.04678625,122.3203778,134.1934618,83.84725472,86.8483617,83.84725472,102.2014406,179.0593481,139.2217883,98.58657312,98.58657312,85.65951527,67.51584735,186.9424641,92.51121007,146.7844533,120.0963709,99.32782555,113.558173,96.89927235,123.3354846,123.3354846,82.49750706,72.05782253,89.6647113,76.9549561,105.778832,92.38182376
4085,1309,104.1020007,30.7191637,726,104.1018715,30.7188824,33.5412434,,3.856238762,3.932641375,3.456128121,4.631702196,5.415741787,5.268258126,5.48963651,4.29200745,3.863086644,4.289466296,4.307157775,5.313464301,5.39557518,4.832682604,4.793191249,4.744870303,4.920141646,6.100333501,5.122791993,5.012910275,4.359806575,4.359806575,5.236652386,3.369333135,4.554621659,3.842433611,3.777817012,4.801996184,4.841604922,5.639456181,5.699107045,4.372606022,4.38023493,3.441659606,5.037308239,4.80863361,4.766117753,5.309615352,4.927843239,5.516777898,4.697658,4.594136175,4.365560942,5.025737831,4.402496647,6.300833663,4.358024782,4.767955626,5.066960186,4.515250617
4086,1309,104.1020007,30.7191637,1128,104.1028346,30.72097893,216.4492789,,59.25607635,21.74496985,59.25607635,57.43617227,19.92883386,22.9722112,24.04991988,57.71980771,28.71808615,34.17620193,21.55180281,72.31716047,83.33875979,56.50597564,31.82102722,14.38997976,40.65482107,95.60949743,11.15558202,28.02940302,42.11985968,20.39836136,77.9217404,62.5877433,22.26658504,23.50580404,25.37362231,19.4804351,28.51735522,23.76870577,32.04018931,24.65877861,22.58601171,63.09452664,22.50244286,26.3249123,13.82817044,23.72046892,14.77189392,25.34040338,26.17751637,31.96400571,20.58698558,20.63924257,52.6498246,25.97391347,47.68772363,19.74701987,55.26364568,15.10111248
4087,1310,104.0449103,30.65422889,1099,104.0500586,30.65538228,509.5934374,,62.25802176,56.88264407,67.13765323,53.52403719,61.15121249,58.37161192,51.20827284,54.55290833,56.70900694,52.63253863,60.74623757,47.80550813,55.21554175,63.71024048,57.03221889,66.20883157,65.99051707,68.24065871,66.10941891,53.40010618,55.73980629,105.7369668,108.5524482,75.5235783,67.12887936,51.72850949,53.9569522,64.09482676,65.03526292,60.94805231,81.7165423,65.22795999,66.87252885,79.9984714,146.76291,67.63267741,64.59635122,194.1308333,57.97631884,61.96147796,60.42020263,49.20526709,49.0080955,57.66967297,55.38223018,52.92949725,58.61138577,153.5176883,50.15820573,59.51456203
4088,1310,104.0449103,30.65422889,1387,104.0440881,30.65424778,78.80695507,,7.465922059,21.17201778,21.17201778,21.17201778,21.17201778,19.04060659,20.04982602,19.53218852,19.65907584,19.72313974,19.69105569,19.69105569,19.62826058,19.56586471,11.30298957,11.30298957,11.30298957,9.332402574,10.22360498,10.22360498,21.01518802,13.75539579,14.93184412,14.93184412,14.93184412,15.65269177,16.44666888,28.9494937,16.44666888,15.71773065,16.07393984,15.89383968,15.98338244,15.9384853,15.96090229,15.9384853,11.87050369,9.456834608,5.573772854,9.456834608,9.456834608,11.61535469,13.11172909,12.31826489,12.7026182,12.31826489,8.223334442,12.31826489,26.51448956,20.58397285
4089,1310,104.0449103,30.65422889,1487,104.0430632,30.65952867,613.4618001,,59.58618079,53.86493855,63.09892801,60.65815923,61.43150154,60.79731536,64.48457877,61.43150154,71.41927336,82.4533886,88.09952924,69.42121746,90.48468278,75.99104068,89.46425778,94.95997946,89.18576397,100.8430356,100.8430356,100.8430356,100.8430356,100.8430356,104.1727585,102.4808576,103.3198821,102.4808576,102.4808576,100.6133248,102.4808576,129.5285912,129.5285912,162.9861609,129.5285912,120.0251348,120.0251348,109.7827248,101.1509533,70.89767192,81.79490668,78.59297083,85.26882164,85.26882164,106.4319268,65.2426139,80.89606155,107.2069165,78.3837615,78.3837615,78.3837615,99.31253425
4090,1311,104.0937815,30.63114248,144,104.092415,30.63211004,169.2628635,,17.45977962,27.11218281,25.67792406,23.80259018,21.91893196,30.1763294,18.74911719,28.28686925,27.04199595,32.71658033,30.275988,49.14083134,29.29549561,20.07179716,23.03766762,19.3904951,19.94586935,26.81391897,26.41674748,29.40348115,21.14736817,20.85017309,17.34168905,24.06105858,14.10523863,19.89953938,22.91254138,15.66442953,24.32520194,18.83605282,24.25057857,20.11043923,22.5370803,22.44886239,17.58575205,21.72357606,20.65580707,17.7651985,18.16774921,20.07730836,21.56087664,20.90381848,21.08464736,19.98129718,24.01838032,17.04465199,20.93973569,22.61025264,22.58406518,17.94570192
4091,1311,104.0937815,30.63114248,516,104.0969164,30.62883906,394.2664607,,42.60207879,79.37909383,79.57671682,71.44425797,49.28330759,47.17438333,51.05608844,75.02992799,67.34800752,77.91542131,79.0898858,85.60671041,72.23202333,81.57237118,51.10622535,58.11753106,127.8702035,88.12475024,91.41635902,98.4861526,100.2758629,94.05959301,77.50011554,94.62395057,85.52933164,98.98964785,71.13211397,69.44877106,101.3828042,85.50356979,90.87864867,95.72299232,96.84327563,132.4108848,138.9377945,89.29743681,113.7193197,106.8334925,107.0204907,82.11508583,102.5897423,112.0546783,82.7614728,99.10188773,76.83287218,98.29357746,66.77373754,44.57386636,56.36571888,64.83369769
4092,1311,104.0937815,30.63114248,1388,104.0952575,30.63396936,343.7570411,,39.69254501,50.55250604,52.29962497,54.17182944,62.27254725,39.63251715,52.62866001,31.51592567,62.72757013,60.59446149,59.99461801,57.40674244,50.58005509,50.58005509,109.0330703,52.25300555,54.04040821,29.85585882,38.46232628,27.83040512,60.73744039,49.96737609,64.45444521,42.44156667,41.82763474,41.23121103,35.58152237,41.65750149,99.80043129,42.09269891,52.88569863,35.60199505,41.37151184,42.71010692,40.11427384,53.0671247,31.38935569,41.85756826,45.05553451,39.08348788,100.6118169,46.11895707,42.05296632,44.8649673,49.7664349,48.59392727,52.54884705,44.91925038,53.80544991,57.42577021
4093,1312,104.0957079,30.60237883,373,104.0957303,30.60007481,255.3599632,,29.3939526,89.25202597,25.15173372,26.00554081,31.29517847,38.62587679,25.98348975,34.18515776,34.14283631,43.69276937,46.66476485,57.75680842,40.26113289,30.28981442,34.64682918,30.92669024,35.04304451,27.94212363,48.31134439,32.25599535,41.88136071,23.72376432,25.43003783,39.4124702,57.45599172,44.32477664,29.52770453,48.89871636,33.61228035,43.02476758,29.60695226,33.75627421,39.11897309,43.98544821,29.6866265,38.95321473,51.64583525,38.54490011,45.06352292,34.23112456,31.30405905,31.48273519,92.39154447,48.00500614,31.37528558,52.72487563,35.04304451,32.46483346,24.16020677,38.11869526
4094,1312,104.0957079,30.60237883,878,104.0955874,30.6052878,322.6038876,,47.67545137,32.57295755,41.84551536,44.57799174,46.42638972,35.56436188,47.63634107,19.19626439,51.16185002,43.17375447,55.12851243,41.72601181,33.49312171,36.15484593,49.67854542,25.05661263,64.95380287,52.97030766,32.21564481,48.8897468,32.80717501,20.85052056,32.59234786,35.60312677,25.16520033,39.58329909,38.84193964,28.10682467,77.94456345,51.48948747,48.48485926,25.35751082,34.23862015,33.46899122,34.60589974,30.65209958,49.32476427,42.28559969,40.71821566,64.30642278,34.70241022,38.09344798,35.01630136,45.29539763,51.08683265,63.31478169,26.36062895,63.97399128,38.25342541,38.35449126
4095,1312,104.0957079,30.60237883,1317,104.0982369,30.60261208,243.8332702,,26.96911586,25.26496917,44.14751582,44.14751582,44.14751582,44.14751582,44.14751582,44.14751582,44.14751582,44.14751582,44.14751582,43.99998861,44.07362875,44.05519562,44.04598482,44.05058975,44.04828717,44.04943842,44.0488628,44.04915059,44.04915059,74.70636364,55.42061577,63.63434693,59.24414423,59.24414423,59.24414423,58.42261382,58.83051111,58.62585298,58.72800374,58.6768839,58.6768839,58.6768839,25.93204646,44.53010895,42.25269664,47.06701194,39.89998967,39.89998967,39.89998967,30.34744244,27.103042,28.63363173,27.84732103,28.23500299,28.13707403,28.08836386,28.11269785,28.11269785
4096,1313,104.0566951,30.69008656,717,104.0570593,30.69273539,295.6367042,,85.48531206,62.55942014,74.95015036,97.19562878,68.44322412,66.51825845,74.95015036,100.4049184,74.95015036,74.95015036,82.82429067,54.46735594,51.4461455,78.54554503,59.40235172,65.56214386,62.33043251,65.56214386,45.38559212,59.65763089,102.5823745,51.98007986,49.96676691,50.95354327,50.95354327,36.32396366,66.31103646,45.41787206,72.75434517,80.28065673,74.10522162,58.39737367,33.78705191,71.47897369,65.8749484,71.41402458,65.8749484,70.13457233,56.63952823,67.46701332,48.04930633,48.04930633,48.04930633,48.04930633,48.04930633,48.04930633,38.14667151,65.02803268,53.61673225,38.35286973
4097,1313,104.0566951,30.69008656,1489,104.0577429,30.68833203,218.825391,,25.38451512,35.78068467,25.86213498,25.54796198,30.81459324,25.76521366,30.98785026,22.7390118,30.6026868,26.58453708,32.1309843,28.3453479,26.5201827,39.323032,28.83673019,36.66374518,35.93210536,34.28820055,27.02474812,37.91920133,29.35680103,29.35680103,34.68008228,37.91920133,42.42814953,35.67459067,37.91920133,37.91920133,40.71992092,39.91637082,39.91637082,39.91637082,37.03472849,37.91920133,37.91920133,37.91920133,37.91920133,37.91920133,35.90259575,37.91920133,26.40205807,24.70921724,28.3578431,33.19633518,29.04628872,26.55696501,27.75595297,37.91920133,37.91920133,28.12175038
4098,1314,104.1104323,30.70648699,810,104.1104646,30.70478208,188.9808136,,29.01197991,21.82879986,30.77724175,46.38619969,23.91321367,22.5332537,30.37191647,20.49189545,37.79616272,19.24921726,37.10895977,78.19895735,24.10740041,24.13858491,42.52068306,46.43897126,73.54928962,28.52540583,48.07992431,25.45672325,40.53611529,36.57693166,40.53610609,29.67833747,23.40832099,38.50929786,30.51951836,40.53610293,40.53610307,38.98744579,40.53610302,28.68577353,26.11635044,28.9502523,42.72093745,35.61942036,22.69188006,29.84998592,31.71705963,28.00436034,26.31597216,35.32351656,49.18054906,34.78174483,29.57960561,20.80522719,27.94229502,25.25873847,27.65871454,38.87605308
4099,1314,104.1104323,30.70648699,999,104.1116379,30.71228749,653.154712,,83.5666624,53.16804891,195.1333579,130.1489094,97.64771442,102.0111481,87.16800605,98.53774597,128.9297855,112.5051179,84.07712621,63.89556965,112.3707031,99.8188151,133.3832961,93.90022346,114.7003397,90.0903051,228.2870838,83.08681849,79.978128,140.1006915,98.28033284,75.0034119,69.15755774,92.8167199,68.65275805,92.81672166,66.34754411,81.01143715,63.09544623,94.97691137,104.7666706,76.59143203,109.8764936,104.1431458,66.99022687,84.94786717,179.492898,95.19663819,75.24342282,72.12751421,94.95386752,95.19663819,66.99022687,85.81594756,77.7308087,93.94233594,94.82293425,95.01486828
4100,1314,104.1104323,30.70648699,1122,104.1238067,30.70835026,1297.333344,,135.8991282,149.1505229,258.5092272,258.5092272,193.95349,161.7921491,225.4054073,176.7751718,241.9896393,141.7727679,190.4342523,177.3120744,191.2530728,165.7088383,165.9234711,167.4384852,205.5181535,168.758809,360.3703733,170.8682941,174.7577189,152.25428,162.7317087,148.1170547,137.364707,160.6956535,203.6646201,202.6203921,221.3459734,200.877421,208.0356365,162.2488252,152.3784678,198.7404272,207.4724804,206.8550882,162.8539352,154.2658972,198.0181724,189.0850218,181.8691604,205.7444951,233.7537557,233.7537557,177.020848,177.020848,141.6703753,134.6583385,138.0753892,145.0434795
4101,1314,104.1104323,30.70648699,1378,104.1060918,30.7062197,416.7287928,,68.75452127,68.75452127,68.75452127,68.75452127,39.72348598,107.4658778,46.68745812,63.22435628,60.54171324,73.62057189,59.29737763,94.95086418,57.26044481,133.0575303,93.76397838,109.6654718,78.75189785,89.29902703,189.9017284,33.63730166,109.1260711,116.9439374,125.3170117,219.0107524,133.6502142,71.78103608,92.32145564,198.8932875,88.20128377,98.84524158,89.4054621,110.513713,66.38157761,113.4813657,81.72424573,166.1640123,118.2442289,95.67752896,105.7705934,100.471217,100.471217,40.54658525,40.54658525,40.54658525,36.25480073,47.41113128,73.36056988,52.96464798,72.24190949,35.24961593
4102,1315,104.028974,30.63497769,1249,104.0270208,30.63699331,291.4508707,,44.49451903,41.83505321,49.20155379,44.45860739,76.8661637,32.90390073,41.62076439,41.58633113,36.75037249,38.15356853,38.13045915,42.65134693,37.02362668,40.72368558,41.0454038,44.93460962,50.91256618,46.86647167,69.98709067,44.6511859,51.62229444,43.80073467,59.78479399,40.79934418,47.96334417,42.04460567,47.07647806,47.09202234,30.38328162,50.17205664,38.22306501,40.22155919,88.66674379,39.64873546,42.87462836,37.86028135,38.32454298,41.51229019,40.27405875,56.25861311,46.38731736,40.98998421,47.20913991,46.62473856,38.93221278,42.52170758,56.10818901,42.91301164,51.32857762,47.69196066
4103,1315,104.028974,30.63497769,1670,104.0326902,30.63157475,518.7394218,,63.51911287,76.40485175,89.24549192,67.05428792,88.92675802,74.6686093,135.274315,117.0822519,108.393312,109.6162278,179.9963295,61.63240655,205.2155954,106.6613185,136.4922333,85.76174138,105.5063231,72.3822449,146.4676014,146.4676014,125.4733652,177.853516,109.7431098,109.7431098,109.7431098,47.76117439,66.55640934,66.55640934,66.55640934,122.4565192,84.46868837,102.7960689,71.68759764,59.22183674,71.68759764,71.25450882,118.5152623,70.82662143,84.16729773,111.1584475,92.60460632,72.89078526,58.35818495,111.9357794,82.16362934,82.16362934,66.93411894,104.6197153,93.56021636,93.56021636
4104,1315,104.028974,30.63497769,1735,104.0310773,30.63634952,252.4825789,,29.32055755,37.79365006,23.95091658,23.95091658,23.95091658,23.45644604,23.95091658,40.8205367,33.49891711,33.49891711,33.49891711,33.49891711,26.77282133,35.86730486,42.39446288,38.59606302,38.59606302,38.59606302,32.3695614,35.20965656,43.37050145,56.45573193,92.43430007,56.45573193,32.46204586,38.0308487,35.02648493,38.0308487,30.81143336,24.66586931,25.24825789,28.9932148,28.9932148,29.60225644,46.3447946,30.2374346,32.81362036,31.83668245,39.09407673,35.97377113,35.97377113,26.56158048,47.71324326,47.71324326,47.71324326,51.17890113,44.6652228,44.6652228,41.22164553,36.92722571
4105,1315,104.028974,30.63497769,1857,104.0243735,30.63001075,705.3001686,,172.3357878,266.3371266,114.8905252,266.3371266,282.1200674,266.3371266,101.6988227,147.1930787,147.1930787,164.4482258,83.24854449,110.5389903,94.97215661,110.5389903,208.1213612,110.5389903,110.5389903,106.4604028,110.5389903,211.1501544,121.7784464,121.7784464,121.7784464,106.3489259,113.5418941,113.5418941,118.4756189,150.0638657,123.8575906,135.7071409,135.7071409,135.7071409,137.9935112,137.9935112,137.9935112,183.5479957,132.2437816,153.7283919,153.7283919,153.7283919,229.5732918,204.3662705,184.1470282,184.1470282,176.3250422,180.1511694,179.1791546,178.6970699,178.9377876,178.6970699
4106,1316,104.1082024,30.66401277,960,104.1037376,30.66420395,428.2885069,,39.59523947,39.55968248,43.14481015,34.26308055,46.9119257,43.77962022,82.42187943,41.0281699,54.03640041,43.25799749,37.86440631,54.48193021,35.56037574,39.41881072,73.07292061,36.60278819,39.78938387,52.3248402,67.08507433,70.2042458,39.66144373,43.96878207,35.11018339,58.59321594,95.07740747,38.17613432,29.71932585,40.08494104,35.70448379,37.06342848,44.69097463,50.55208606,68.5261611,33.36510609,83.00533583,43.6107608,38.4738272,33.93628668,35.98923069,43.58554417,36.55378437,44.75583817,45.5895513,43.46268146,42.25501712,38.63046977,95.20110882,42.69542748,43.08817769,44.41632298
4107,1316,104.1082024,30.66401277,1686,104.1111198,30.66475146,291.246986,,42.56383558,32.30638837,48.54116433,30.70246412,36.95115946,40.45989001,36.25202592,71.81432532,43.56603114,39.57807422,39.42923784,47.90746766,30.53259026,29.19420862,35.66289624,27.28072376,29.98539036,45.04786894,41.31162922,44.12368857,42.72571922,62.65871413,36.35537967,36.78909297,38.34766776,34.83352656,34.87697795,47.24254124,50.74078596,45.09630751,36.96201467,45.21121382,38.68963652,39.20807041,30.65757747,39.74058685,42.79547549,31.67640935,53.90689715,39.76184056,40.70221854,38.32597413,44.80722862,48.61618931,44.80722862,42.24372077,39.36755256,32.22815009,45.61481694,40.62411834
4108,1316,104.1082024,30.66401277,1804,104.1082439,30.65965928,482.5098221,,75.92411812,82.55580833,92.06250581,111.8263107,86.56322388,89.74818675,102.0693854,111.4377135,128.8781162,108.0878518,135.3987833,78.98607166,84.18588174,74.50168152,96.96369633,66.55307891,67.32695192,74.91257615,55.74567906,99.93730943,72.22600248,73.70729955,67.32695192,104.3891442,74.23228032,128.3523665,91.72463945,98.13759094,64.98144904,76.61342806,71.18997375,97.3129053,85.52143456,86.0902008,72.88897391,82.2265259,74.87221377,88.08495738,99.92029011,97.5253789,112.0667974,103.6005184,57.65408969,55.42992771,101.1584652,94.919965,123.530961,69.78593483,91.42291366,87.24206139
4109,1316,104.1082024,30.66401277,1808,104.1084008,30.66561391,178.4684952,,22.50390833,22.50390833,29.73822141,24.07739672,23.69012691,28.25077759,26.52505567,26.09579317,24.51069462,24.72970557,22.33441191,22.76735343,24.03262884,47.9467599,47.9467599,47.9467599,47.9467599,47.9467599,47.9467599,47.9467599,47.9467599,23.11102816,31.18866906,23.11102816,23.11102816,22.26989888,22.68266841,22.47438855,22.57804815,22.5260991,22.55204371,22.55204371,22.55204371,30.66761731,25.99105041,28.13633357,27.02117894,27.56748336,27.29159755,27.42884674,27.36005001,27.37721682,27.38580831,27.3815119,27.38365993,27.38365993,34.41892407,30.50086424,30.50086424,18.27842341
4110,1317,104.0982369,30.60261208,555,104.1003982,30.60263224,207.212196,,19.72145157,19.73449486,28.7001182,37.51704471,34.85812643,21.97242726,37.51704471,37.51704471,26.54675821,34.535366,26.54675821,32.50387388,28.96947206,22.77752384,33.00725246,22.53667389,33.00725246,33.00725246,37.43320829,35.47985282,35.47985282,35.47985282,34.45560765,36.72437689,38.05938294,43.96643844,38.05938294,25.2014833,35.77764535,35.77764535,31.2554709,32.93438877,49.86426158,31.96988167,27.12267261,19.00544982,31.74314492,38.32006364,26.35914861,32.82569442,33.90745025,25.78959051,28.11642518,29.5285069,29.5285069,30.82495478,35.10418379,30.32566217,30.49028609,44.53911585
4111,1317,104.0982369,30.60261208,899,104.0980187,30.60538701,308.2528451,,47.42351463,41.58443092,39.36305914,49.22019187,50.62829187,63.44222442,61.33819855,62.72502546,41.8614601,62.37247263,55.47395503,47.24684374,47.83448578,45.55188065,46.64689696,50.41034555,49.82088045,45.92448815,61.34747063,50.80777411,68.43023076,78.50797611,60.0565126,82.17422159,56.11684951,65.53214829,50.35486129,46.23987098,44.42622894,47.10478567,55.59007441,67.72226361,58.56393914,63.74314708,42.39159087,43.19724565,59.9033869,54.06558648,49.76279114,66.98452166,47.66796574,43.20737985,41.01595864,40.37309709,44.03258004,40.1260991,43.91612907,37.8965026,38.7164498,43.25418161
4112,1317,104.0982369,30.60261208,1312,104.0957079,30.60237883,243.8332702,,30.81530958,34.8679155,27.79877477,23.2838136,32.27775567,50.3037119,30.13969476,24.24861251,35.37732081,36.62076649,43.06458411,65.26392362,31.01809687,28.10208254,35.17452339,26.43975219,39.797481,23.96722929,33.25298648,33.59680181,33.7290979,24.83753408,26.34057956,31.770769,28.46918182,27.60376644,28.76460205,34.6044631,50.01708107,39.97064485,32.97726374,24.81997472,33.12191702,34.75431259,40.35861024,39.5405303,42.46173044,34.21220979,35.8855233,39.08667106,29.78411601,29.86846085,40.47229399,39.19623901,76.66373561,49.06846405,31.4560747,37.77878571,28.36186665,32.77749904
4113,1318,104.0141882,30.68538655,709,104.0125452,30.68328194,281.3872696,,27.50521563,30.58095609,24.9916325,36.72042667,42.09845904,41.94592839,29.89653234,24.06161925,32.48077501,40.26809125,24.67708089,23.50334502,52.76011305,27.71529878,24.32158873,38.54589575,48.92952975,47.54329873,40.354356,38.99373091,45.1473725,43.47614466,40.38308562,26.48350773,37.10601357,40.11858101,23.23381125,34.53389218,37.10601357,25.94095187,29.81586963,22.06958977,29.24910984,43.56964174,48.07133683,25.32485426,40.35833349,22.68743943,37.70449766,31.26525218,39.88695813,46.4676225,36.11387417,40.35162367,58.89500992,41.54351478,41.06386264,32.55122656,35.21416583,32.60710849
4114,1318,104.0141882,30.68538655,900,104.0174622,30.68377642,360.8360859,,40.09289843,31.66772085,52.14289651,55.72160469,52.95327019,52.06452542,45.86089706,85.74322833,53.23811103,41.5904987,64.30742125,77.94059454,53.23811103,51.70188693,69.01214791,64.8289412,74.54863181,56.23419521,51.49692405,44.46502842,71.27931941,47.1694985,46.14600033,58.65005355,71.36823524,57.19361185,51.0061562,59.04590497,46.53169824,42.24422469,54.69515407,51.47180416,69.59831242,72.82468617,69.79233898,48.65205653,54.16679029,58.69020675,58.14726541,42.82450251,54.18185231,58.38246783,58.38246783,52.9667649,48.65205653,57.13072718,45.23211871,54.22708868,47.65369379,44.74935711
4115,1318,104.0141882,30.68538655,1409,104.0093726,30.68765838,525.5226886,,48.44767424,177.9199072,55.97283074,46.62103694,66.26555793,53.10012731,63.71504332,60.73456433,59.1675271,59.1675271,59.1675271,59.14440575,59.12130247,57.01300891,56.01426141,57.01300891,57.01300891,64.8645147,60.68585979,52.69865401,83.0501176,56.87019074,70.53119222,93.04336128,61.29206303,62.06282162,46.00320192,62.85321193,61.23585302,61.34506093,61.12703325,61.23585302,61.12703325,58.66949498,56.40192399,47.29704197,58.81497447,53.67547793,55.65449144,51.83237477,53.44298528,61.14114383,49.62963481,66.75616649,73.50681608,88.40568593,41.51139175,42.97289447,55.39015975,54.57350996
4116,1318,104.0141882,30.68538655,1672,104.0155067,30.68723514,240.68207,,24.37972572,24.37972572,22.67021068,18.65350812,21.18472988,19.00121605,20.5808896,21.36758205,22.21680646,22.86162142,31.85497985,24.40719583,25.39861041,21.74292226,21.1330598,21.77023749,36.30399938,19.29744882,20.26796379,20.26796379,31.00635813,22.56688246,25.45403796,19.27598336,31.00019506,26.33603198,20.17828253,18.89761073,20.41921725,25.55915788,20.01976553,24.17734083,26.59198318,22.93727206,27.4050222,37.59025822,28.26934591,37.71296853,53.98476336,44.20691082,30.30624176,23.05629196,21.65326633,28.22330463,20.41120028,21.00498065,18.79512911,21.89401016,22.17416384,23.9269714
4117,1319,104.0739313,30.71549927,236,104.074087,30.71695029,161.5078242,,28.78357263,20.70981895,20.70981895,20.70981895,24.02595732,29.02303663,33.8039632,36.11355075,31.62800547,24.02595732,22.04466984,22.04466984,28.43169521,55.37411115,22.04466984,22.99271051,24.02595732,24.02595732,27.29709705,39.64282957,35.25587673,17.72646851,34.87588118,30.58136316,30.58136316,31.00950225,30.40923658,29.03511446,29.89115279,26.02071841,51.72848462,26.26856498,42.29966823,30.71165815,34.47605281,34.47480278,27.29709705,29.51412016,31.3157002,27.78629234,42.85711304,29.6647024,28.30697157,25.33456066,33.88090892,30.71430302,24.56738734,27.29909937,23.49996067,24.95399859
4118,1319,104.0739313,30.71549927,388,104.0738458,30.71401447,164.7646902,,25.3051572,31.17754979,34.9700104,23.99000545,33.60639573,31.05512485,38.70491907,31.63482052,23.77366271,23.77366271,25.90564353,22.17393962,23.4795798,25.96281161,22.4892089,23.77366271,23.86933138,27.271397,23.77366271,23.77366271,23.77366271,23.77366271,27.3027795,23.77366271,23.77366271,48.22381177,32.12309151,28.24537546,26.18776533,28.51696561,27.33423432,23.77366271,27.28184981,32.47187325,39.0232161,32.95293804,24.11190588,29.27343046,29.12519919,28.34661337,26.83949705,25.08424826,29.57331408,33.99156932,33.09960958,32.63564703,27.08460661,25.16914645,21.71851057,25.45720535
4119,1319,104.0739313,30.71549927,522,104.0712971,30.71726067,318.9586978,,39.05616708,32.80718035,36.37543755,45.47529949,28.89409442,33.9263079,35.32945078,33.87172012,33.96622255,47.84380467,28.28205202,31.2290005,35.63514119,36.82822078,24.90783757,47.18841009,62.22592382,51.98059358,36.86200039,43.48169839,33.76216736,31.38523695,37.04036491,33.34708554,35.79894971,45.25765307,37.7094027,34.48202138,32.38159369,34.92248516,42.5537029,33.66483202,33.4279858,48.79254868,44.20601779,33.83844731,36.96087914,51.19591837,35.46722199,86.09194467,35.70433184,30.25695157,31.77450881,54.16279774,33.93846243,26.54916329,36.13694137,37.62115228,33.82183541,25.46011778
4120,1319,104.0739313,30.71549927,1438,104.078117,30.71337306,464.9588651,,62.45716098,48.69362092,56.880534,55.85259716,68.93953519,73.09397006,79.53308633,57.94381357,64.65869297,58.80386139,63.46357969,83.40588798,62.21052411,66.74050695,64.98310843,66.79266097,62.73828772,49.0865664,49.0865664,49.0865664,49.0865664,49.0865664,49.0865664,49.0865664,49.0865664,49.0865664,49.0865664,49.0865664,49.0865664,49.0865664,49.0865664,49.0865664,49.0865664,49.0865664,49.0865664,49.0865664,49.0865664,49.0865664,49.0865664,49.0865664,49.0865664,49.0865664,49.0865664,49.0865664,49.0865664,49.0865664,49.0865664,49.0865664,49.0865664,49.0865664
4121,1320,104.0293844,30.67764865,1393,104.0286031,30.67985354,255.5746297,,39.3191738,42.17522097,30.01478713,41.67921481,34.95701622,74.80233064,36.63179828,42.2534405,44.94717474,44.66352752,48.43741337,32.25481742,46.11873017,43.78673013,51.37439257,48.01642983,49.13079757,42.10840581,50.29811889,46.84667347,86.18910229,86.18910229,86.18910229,86.18910229,86.18910229,86.18910229,86.18910229,86.18910229,86.18910229,86.18910229,86.18910229,86.18910229,86.18910229,86.18910229,86.18910229,86.18910229,86.18910229,86.18910229,86.18910229,86.18910229,86.18910229,86.18910229,86.18910229,86.18910229,86.18910229,86.18910229,86.18910229,86.18910229,86.18910229,86.18910229
4122,1320,104.0293844,30.67764865,1769,104.0310763,30.67761252,162.1233455,,49.84150673,60.16948905,42.53965334,45.64813749,35.15927975,43.50914066,35.95343186,35.95343186,33.38924736,47.29053696,91.76793142,69.07030104,32.6058125,41.3931946,41.55394485,39.0542483,60.79625456,68.30684518,60.79625456,53.05854944,44.21545786,53.05854944,55.14746872,63.09665338,57.40761085,52.78434503,54.04111517,45.64813749,56.1196196,53.05854944,63.99605743,53.48399027,36.47775274,53.9163089,49.49631465,57.78653899,37.5736509,34.6034018,29.77775734,51.49800388,64.27797839,49.67183351,41.83828271,62.92658154,69.59980079,60.41863807,79.95123888,48.78947075,38.33458416,69.71857179
4123,1321,104.0681003,30.66950393,226,104.0663159,30.66946366,171.0089466,,20.38517244,21.79491483,20.38517244,22.88595568,26.70855565,22.10528574,23.14598741,18.09618483,21.48803517,21.79872084,17.84441182,19.08937078,17.81858778,32.32877311,21.38849593,19.51290674,24.09519404,24.00125566,38.47701299,28.05412593,20.4189787,16.37319701,16.17955868,22.26230378,22.38662574,19.10418023,19.70023065,37.53854925,24.14570466,29.81269771,23.26066276,33.57993861,21.26536124,18.65552145,23.7237845,24.50465004,19.89118603,55.71332197,21.94767229,19.85910348,18.48745369,29.51256988,21.62009509,20.62419456,30.54404558,27.85666098,46.69776546,22.75063591,19.85910348,21.45059957
4124,1321,104.0681003,30.66950393,1256,104.0683074,30.66609783,378.0199534,,35.66576465,41.6168756,58.32307853,37.96604616,51.0326937,34.13558107,39.10551242,39.81485758,48.14405066,35.73718047,61.85781056,31.74662128,26.64457821,33.90313483,62.9658459,31.84341662,38.72714377,40.17333822,68.07763043,53.91726752,75.81458675,77.03048106,32.40171029,38.21140324,36.20715631,64.92709123,71.06380325,46.47786312,61.85781056,34.84947074,70.87874126,33.85253314,34.64247346,52.69590832,71.813817,39.61781171,32.68707364,28.20459756,28.58974437,40.04246669,32.40171029,46.8458462,56.27312884,42.52724476,36.14969851,34.87924388,60.7532068,65.14920255,46.68247094,54.43124453
4125,1321,104.0681003,30.66950393,1346,104.0694782,30.66964496,132.9276698,,24.10778898,27.07437688,24.57199544,15.28880547,25.05442991,19.17033996,18.60212289,19.7743641,20.25564492,20.50517884,20.50517884,20.50517884,22.57262317,20.10670636,20.30398775,20.30398775,20.30398775,28.23242544,23.62065026,25.72145387,25.72145387,54.58626744,34.96645496,42.62714097,38.41863461,40.41361913,39.39088363,39.89569796,39.89569796,39.89569796,42.22408336,30.87352331,35.66754866,30.87352331,30.87352331,26.80894181,28.69802766,27.72133881,28.20122939,27.95922505,28.07970581,28.04948837,28.03440404,28.03440404,28.03440404,19.21845828,20.85827774,21.78780242,21.31291001,21.54773998
4126,1321,104.0681003,30.66950393,1360,104.0682796,30.6717139,245.5339831,,25.61033268,25.61033268,25.61033268,32.85956651,30.69174789,33.48190679,29.31749052,28.06102664,25.41223783,24.26691391,24.82637348,24.54345594,24.54345594,23.07891225,21.71799359,29.26895163,29.26895163,29.26895163,32.34848451,39.28107273,53.00883593,49.99560742,28.65226383,20.33563664,58.66741188,40.82782167,40.82782167,40.82782167,22.12571562,32.37810766,26.82617114,47.52270641,47.52270641,64.51987877,47.52270641,27.19761044,34.59578627,27.19761044,27.19761044,18.58932364,22.08425582,22.08425582,24.71357891,23.32505348,24.71357891,32.69284577,48.63396639,22.69376994,22.69376994,21.38521788
4127,1322,104.1196996,30.60000249,609,104.1246492,30.60216894,531.8086827,,35.38329121,43.16282895,29.97981926,27.06022979,27.45803166,47.76799183,32.20372174,29.67084475,34.52680357,28.55348632,36.36298685,46.43115419,100.4114296,44.64117653,29.1623954,30.50203809,29.60584419,27.32413783,47.70406021,31.64481418,33.26114068,26.06803891,41.28326162,27.60650696,45.61075063,27.04536387,28.4262993,29.0738232,29.64787081,32.20033651,36.31624604,31.35972576,59.30951852,30.95410279,32.98038342,51.79954702,42.78237447,44.47180622,28.81564205,101.565584,32.72202691,31.41352004,31.65527873,30.34892351,27.41870759,42.75848705,33.12303214,29.55632972,38.81421709,30.3649684
4128,1322,104.1196996,30.60000249,885,104.1128259,30.59898189,668.6211778,,27.8721195,30.63361425,27.47758265,31.18371406,32.13666542,30.38547747,28.71501628,30.49454696,34.36168794,28.62112057,31.99630399,28.90987557,77.48035678,32.8291904,27.06055357,27.4838575,29.85162762,34.02772561,27.69892106,28.31474227,70.48422372,29.85162762,35.07095056,27.60362661,30.49776674,29.85162762,26.37847934,28.75790012,28.68175051,31.09363785,30.71318571,30.84422979,40.34420683,30.33442016,26.78949627,30.21384402,31.52821938,66.25054388,75.88936855,66.24916386,42.64014597,32.11522669,32.20833506,49.71062669,31.26021091,27.59787225,29.57046978,31.16087871,31.36884761,34.21029335
4129,1323,104.027512,30.69823421,998,104.0310372,30.69599301,419.1587525,,47.42807106,46.50143325,40.98874879,68.00232127,52.7735431,50.95228471,78.25262797,46.00522893,59.39273847,70.38113382,38.02409308,53.00836682,47.73967337,43.59471202,37.09369491,41.06927184,84.15162509,52.68538849,55.21589421,42.838084,60.12979446,57.66383482,65.31256741,79.3755777,69.06048096,87.17797583,60.33345679,81.93510455,55.57053278,43.78907455,58.08701275,66.63386677,60.96854582,50.79157466,33.73511087,68.71265323,64.37013623,54.27955068,85.89970638,48.53559051,74.98711628,115.1886648,84.36089592,81.46241872,61.40687097,56.34200671,83.43444361,52.96252816,88.41629934,54.59375937
4130,1323,104.027512,30.69823421,1385,104.0250491,30.69704864,270.0120595,,25.11740088,28.3188176,25.06189281,22.79117032,24.37508114,25.76845575,23.72490899,22.6847938,22.93757401,24.18018443,26.09512521,30.21113952,28.33945814,23.01602402,29.01622132,29.82872004,30.68803202,31.10538925,30.00133994,23.26699662,27.15205068,28.42232205,27.56006278,21.10843462,39.03788812,26.09781987,20.90415945,30.41029676,23.70837596,31.73501189,41.71860147,26.57671672,24.79702587,27.65415119,27.75945019,24.25560609,31.05570013,19.22934548,23.36642823,36.95982563,32.45553971,36.76412308,36.76412308,22.09189578,27.26629493,26.7044894,27.15205068,40.14864951,19.69692835,24.35181831
4131,1323,104.027512,30.69823421,1483,104.0289982,30.69883277,157.0425144,,16.94275708,19.26245492,15.23675994,12.93714077,15.29571212,24.21212213,24.21212213,24.21212213,24.21212213,24.21212213,24.21212213,24.21212213,24.21212213,24.21212213,24.21212213,24.21212213,24.21212213,24.21212213,24.21212213,24.21212213,24.21212213,24.21212213,24.21212213,24.21212213,24.21212213,24.21212213,27.11525428,27.11525428,27.11525428,27.4443229,27.27879623,27.36130922,27.31999042,27.34063421,27.33030842,27.33547034,27.33288913,27.33417968,27.3335344,27.33385704,27.33369572,27.33373604,27.3337562,27.33374612,27.33375117,27.33374864,27.33374928,27.33374959,27.33374944,27.33374948
4132,1324,104.0901336,30.7062799,603,104.0915573,30.70768178,206.7078728,,26.09520778,25.60632796,26.20304713,38.06385381,32.85423144,25.70608586,25.70460594,31.94455214,25.71200721,29.22048463,28.47506411,37.40613721,28.47506411,27.83055079,25.70321868,24.38631303,37.64284632,32.07535957,37.65419293,37.65419293,37.18417699,37.02230558,37.48268054,37.65419293,42.73069301,40.63864418,42.31560015,41.46017198,41.88351869,44.14861777,43.67057725,41.72375439,41.7502971,41.73702152,41.74365824,41.74033962,41.74199888,41.74116922,41.74158404,41.74137664,41.74148034,37.77402752,35.64782477,27.81862961,33.74822413,30.49788287,31.25032408,31.6406417,41.51319486,39.42507773
4133,1324,104.0901336,30.7062799,1048,104.0890159,30.7055667,133.0660216,,23.86933576,24.10084047,18.96052554,17.00725483,19.1806878,20.78254567,22.59611688,19.04091465,19.17428997,15.50283747,17.04291096,17.23803024,21.62698319,16.74590964,17.07418767,15.73194344,17.30549299,19.2763621,21.14956635,17.98815476,17.31722287,17.92749769,24.23949113,21.14956635,16.86752386,18.00893525,16.4794729,18.80330417,17.35250814,17.13909402,17.58945002,18.04285039,18.04285039,18.04285039,19.90461265,18.92806103,22.59611688,19.16310403,19.28282824,19.22277972,19.25275715,19.24525403,19.24150467,19.08516644,19.24150467,38.47692191,16.56249943,15.484539,16.32233832,16.23036272
4134,1324,104.0901336,30.7062799,1248,104.091716,30.70476829,225.8981921,,34.60568049,34.38619415,34.60568049,28.67003446,32.56190156,34.82798679,26.48969028,27.69043598,26.31823597,26.31823597,26.31823597,26.19109474,24.34830813,26.31823597,28.73616578,26.31823597,47.14397053,30.73154432,34.53220771,29.87083532,29.39840909,35.50907348,27.51128185,34.51319838,34.07729991,72.61013318,33.87590696,36.01664569,34.6287049,37.2189241,39.1919755,75.64962712,33.74412828,30.63026334,35.92417412,32.23918698,32.94110346,32.89114223,38.54187164,32.63335849,32.68424938,31.52067797,34.45904625,40.1596786,28.55956072,41.65088305,32.0675667,28.41145448,29.45164297,29.46498158
4135,1325,104.0043249,30.66031361,1123,104.0024588,30.66283584,331.8277685,,68.45730468,105.0950117,76.7293435,75.33811378,57.31118281,57.57011887,56.22804283,54.97060531,61.65574021,81.44863407,68.65850502,67.78459759,59.51511588,71.85859017,67.07786785,74.06023177,71.56487879,65.34524331,68.58088905,67.18672478,78.59078728,59.02354645,88.16088314,77.11840873,65.64338226,69.23428928,68.20757832,78.85309177,47.63685174,66.07845237,84.84784897,62.22553145,79.48170942,84.76934673,76.7270517,109.1937812,78.27647345,82.38352249,81.41288042,75.23515915,62.9326581,72.39878585,64.57189009,63.37994737,99.96485076,76.88057385,65.39245175,78.95699454,90.79439522,69.34481229
4136,1325,104.0043249,30.66031361,1879,104.0033292,30.65809677,263.5666066,,63.94042728,68.26185495,71.94993621,71.94993621,71.94993621,71.94993621,71.94993621,71.94993621,77.33793449,71.94993621,70.57850553,71.25762281,87.85553553,87.85553553,87.85553553,72.15511664,79.23505501,75.52953503,77.33793449,76.87776448,76.64972693,76.76357632,76.70660941,34.39054302,76.72084321,76.72796209,51.24194333,76.72618228,76.72529234,76.72573731,76.72551482,76.72562606,76.72557047,76.72559827,76.72558437,76.72559132,76.72558785,76.72558958,76.72558871,76.72558915,76.7255889,76.72558902,46.47378534,41.11981728,81.56215909,84.21654883,83.53688487,83.23155998,83.23155998,54.06494494
4137,1326,104.1187349,30.62386306,983,104.11696,30.62233282,240.2172069,,35.92033,39.48776004,32.94407409,29.41435187,35.68563734,55.97294141,29.21560624,26.02152292,18.00691192,24.6728087,31.38954428,44.9004125,30.00110823,28.06431903,26.19187188,21.09224256,40.03620115,26.20551348,17.26111666,37.47700736,38.39209522,31.44661618,30.14928338,58.92892299,84.28673926,22.65309613,26.81801251,27.93481132,55.91262573,24.36005478,40.7443163,62.99140076,34.80007826,40.01304545,40.04447755,34.76947133,37.82821733,68.36220908,25.09523926,50.57204356,43.02397736,29.34780355,49.70011177,26.85658214,27.67302223,35.08717655,43.30405332,48.59235501,26.02152292,36.74320483
4138,1326,104.1187349,30.62386306,1408,104.1214847,30.62452531,273.5881396,,42.27112887,21.57068118,59.6016522,27.11030285,36.47841861,18.34110433,38.94878112,41.80970962,50.34721035,56.40992569,28.12040835,34.74135106,32.72150507,28.41107603,28.30222134,28.41107603,34.06054072,36.13270447,62.33653814,36.29916349,34.35758032,21.81433671,30.77866571,45.85276083,21.71813236,58.39430646,93.16785296,39.71440736,31.72036401,31.72036401,27.28302777,34.32764342,50.42238751,37.40192289,27.79634909,53.87950233,34.58884293,57.81264848,45.42278106,57.82293363,66.81935567,33.46264901,25.68232862,35.50165355,49.03135296,20.82277595,35.68540951,48.51809372,27.93299213,30.79470462
4139,1326,104.1187349,30.62386306,1545,104.1144887,30.62671291,515.1667446,,58.04695714,58.33700649,45.12409442,46.80379257,60.80656658,66.32455183,51.328549,62.34998422,53.14040919,53.60116418,64.73299409,47.13088388,64.33999239,83.16593186,83.16593186,83.16593186,88.59555482,85.7949243,87.17275114,86.82416215,86.65091105,86.73745011,86.69415896,86.71579911,86.69415896,83.93290564,81.34211757,80.45988202,80.89859457,80.67864189,80.78846852,80.73351786,80.76098384,80.74724852,80.75411558,80.7506819,80.7523987,80.75154029,80.7523987,80.7523987,148.963878,122.9912319,113.1289172,117.854109,115.4431817,116.6361879,115.4431817,64.69535862,82.92104542,77.46525425
4140,1327,104.1068588,30.59843923,190,104.1071128,30.59610836,259.4707753,,29.55996174,28.78566382,29.16767498,28.34885557,29.16767498,28.71928643,27.95993388,28.71928643,36.66711643,28.71928643,28.11421493,25.5217156,28.0298512,21.22942707,23.64796939,26.78408003,33.42020719,27.54426218,27.17366665,24.94245103,26.010297,31.39814424,27.72051685,28.66283101,28.18379965,26.01935351,28.18379965,24.10567203,29.09587115,31.16516932,32.12247454,32.12247454,25.41754534,32.12247454,30.91749412,30.82185328,27.9381562,30.09012967,31.3115332,31.35149024,29.35541923,36.29445216,18.58895107,36.29493992,30.73247693,33.75903769,33.63298295,32.43384691,33.75907066,33.75907232
4141,1327,104.1068588,30.59843923,885,104.1128259,30.59898189,575.2355721,,29.40501327,30.16530313,28.68210609,36.07749233,39.52000114,28.21318882,28.18247223,33.64497254,30.39617617,70.67740818,62.7529715,28.04127366,66.65875811,27.21219526,53.09866819,32.33174176,28.9710137,31.60221586,26.24648998,30.9004933,25.3624992,27.72219625,29.83930922,70.67740818,31.70474192,31.94520724,29.56242769,29.31325267,56.1966909,28.06027181,56.79391319,32.69415945,56.94520745,57.02115726,34.00407323,57.00215081,38.99902184,29.10538383,65.28998151,30.88513139,35.0101109,29.94718814,35.8390948,33.85582658,31.07048852,37.07874771,28.96797426,44.02689602,33.89276693,43.98274558
4142,1327,104.1068588,30.59843923,990,104.10386,30.59804157,290.8620661,,11.98058854,26.48659624,11.98058854,30.1840465,32.96449467,33.58118863,31.14737708,32.86614627,28.85040402,31.96042542,12.74623783,15.66347701,34.90344793,33.87827715,36.23767235,36.24215584,34.83774914,36.24103486,35.37511615,34.9884894,36.24068457,36.24064955,38.34617722,34.95770663,37.36132736,36.99059063,32.76905474,34.36897325,34.36897325,33.81388927,14.02683775,38.96198839,35.62522993,14.12142195,34.22720439,15.47824742,38.79954817,38.56956548,41.14308692,38.53241912,39.75683619,38.51850768,38.69878182,35.84802127,39.11987935,38.90760004,13.48491227,12.54767451,38.90452018,38.90193545
4143,1327,104.1068588,30.59843923,1297,104.1066353,30.60300882,506.8925873,,86.68946861,56.23461677,86.68946861,56.23461677,61.61440565,101.4912856,56.10494433,45.96507089,50.44404462,58.26674962,62.14334097,62.28031789,59.39986376,69.38453666,62.28031789,57.74725678,86.89587211,62.28031789,62.28031789,75.87581348,62.28031789,62.28031789,62.28031789,44.79901754,62.28031789,81.89696638,61.1532612,62.28031789,62.28031789,62.28031789,42.20848067,49.54244293,62.28031789,70.32035893,80.38825173,94.38689558,67.07331272,61.11230122,67.33240249,67.46269943,55.13031161,54.63512917,65.23034453,67.41785302,158.6794186,67.27160864,62.06848008,67.00949124,67.05303552,67.04214415
4144,1328,104.0321046,30.68820264,757,104.0311269,30.68739702,129.3977951,,17.74598333,18.05550629,14.09476739,11.53049659,15.91077253,24.97759048,19.71358707,16.19882979,18.51110917,19.69691596,20.52123623,24.81129493,19.46339635,30.31445091,12.57306511,22.61778171,18.33984497,17.63402129,20.44617684,15.50189891,21.53721729,25.04754004,30.29391546,31.8268294,31.04145906,19.53174266,22.06992637,17.6117982,31.28269123,27.24164107,15.47614825,31.30093488,13.54162972,31.29941378,15.57966764,17.18937499,31.29865326,23.93485227,18.97482942,20.12233531,29.76681576,11.7338051,29.51135087,16.00797465,24.94507181,25.38594345,28.52033035,13.61087107,14.85907695,26.77195761
4145,1328,104.0321046,30.68820264,1005,104.0290737,30.69002869,353.8926153,,97.90689069,97.90689069,62.82117431,61.66570257,77.89484193,54.56160236,54.6200821,62.89871217,90.76940359,40.44487032,78.6428034,64.62524084,102.8466934,64.42092374,56.54254881,57.58252724,56.52947672,72.66236209,72.80398098,66.87948557,56.5249846,56.52518877,68.9841636,68.62423283,41.49880831,56.52512497,56.52511857,112.4129484,56.2616324,56.26163279,56.26163259,76.44080489,52.33879144,53.44420771,53.89401794,53.66817033,53.78085704,56.52512071,51.29072062,58.36278138,63.86209997,63.79814015,74.72219443,61.04682943,100.5800064,75.27405702,63.86667343,56.52512071,63.86667343,63.46143122
4146,1328,104.0321046,30.68820264,1369,104.0331073,30.68902882,132.6995449,,36.19078497,36.19078497,36.19078497,36.19078497,36.19078497,36.19078497,37.76429736,36.96080167,37.15845302,37.25807354,37.2081966,37.23311836,37.2206533,37.22376878,37.22532672,37.22454775,37.22493724,37.22474249,37.22483987,37.2248155,37.22480335,37.22480944,37.22480639,37.2248079,37.22480715,37.22480753,37.22480732,37.22480744,37.22480738,37.22480741,37.22480741,37.22480741,37.22480741,37.22480741,37.22480741,37.22480741,37.22480741,37.22480741,37.22480741,37.22480741,37.22480741,37.22480741,37.22480741,37.22480741,37.22480741,37.22480741,37.22480741,37.22480741,37.22480741,37.22480741
4147,1329,104.0929173,30.68648862,377,104.0903802,30.68823322,310.5509927,,51.04947825,48.68736304,42.83461968,45.90737005,43.84249309,72.1279725,46.34128803,42.99936822,46.0549361,50.24645275,55.82939195,44.01510133,47.37218533,45.59476239,62.45718289,51.12729757,47.57376909,100.7192409,45.65860569,51.83849646,52.45231245,91.18952477,64.16997554,67.09121284,58.94465238,36.12224794,65.37915636,55.69033991,32.93029672,51.99923599,69.82548344,51.16629628,49.75133513,60.90182891,94.94552643,103.998472,38.15643596,45.81899892,49.3435373,70.98308405,74.28462284,49.49567565,35.15671615,49.53091783,58.60988591,46.97409974,45.81899892,57.52336789,59.0187407,56.18007908
4148,1329,104.0929173,30.68648862,1170,104.0910147,30.68363489,365.0273145,,62.78903201,58.4786289,55.38876005,52.00916881,50.2872905,51.13223082,63.07167421,53.85648902,61.07350885,61.27284731,53.81395459,57.83724401,62.91691099,65.75971638,58.80261021,63.4446992,59.1754443,63.66241415,62.11832298,85.60901187,50.14884834,76.73566903,58.3294332,75.60293205,56.69371618,62.72545738,58.4563315,56.62996476,87.51903644,66.61272853,70.1600818,57.50977384,98.434332,60.08451129,93.36400229,67.56289626,76.51227553,72.40211197,70.35624621,85.53935441,77.39000056,52.91671137,89.37307004,81.2778867,80.45499995,54.36898354,57.81998031,64.0667395,62.988536,63.84283396
4149,1329,104.0929173,30.68648862,1200,104.0968239,30.68454342,431.8556487,,66.72447791,55.64851312,66.72447791,109.1003744,55.44509042,44.00038685,65.59832638,72.76195016,100.0253892,79.45555375,55.01778475,34.70268606,55.52429769,58.72973697,52.10054743,128.4859781,65.44491588,52.41432438,56.00049236,99.81896214,35.33364398,51.87461249,55.3395238,55.56615836,75.99694376,69.31695762,54.12813547,57.47157777,55.03293222,84.95520958,67.01208342,61.40127707,80.13816161,51.62906884,81.53917841,41.18358504,66.27411732,182.9035689,63.70335322,76.85023902,57.18740066,45.84575039,54.75621822,89.34944456,62.09517949,47.43977018,53.6620711,62.7236084,67.88997097,51.02889503
4150,1330,104.058422,30.63692932,994,104.058489,30.63572687,133.4223073,,16.67778841,22.51501436,17.38716041,13.26447671,22.40996764,18.05715437,15.47512694,20.99105443,19.13626718,15.91049966,11.8227494,14.14787353,21.34756917,14.71588352,16.03626523,22.10062759,14.12764494,23.65624328,10.45903541,12.45005886,12.53398749,11.83346406,13.99817422,12.4602479,22.49743823,16.24418707,18.77065895,24.61828404,48.03203063,16.1555876,13.3682245,15.65836369,13.38366743,14.91055732,14.84675328,14.79615884,23.58123627,18.99249926,13.10336726,13.16820645,17.37143965,18.9475466,13.53768554,14.90704301,25.9632598,11.56144678,27.17182919,25.78900973,15.83328544,18.76251196
4151,1330,104.058422,30.63692932,1598,104.0564645,30.63764945,203.862154,,35.17271176,31.19202356,36.33186903,36.33186903,36.33186903,36.33186903,31.49801521,27.79938464,27.79938464,27.79938464,27.79938464,27.79938464,30.45243794,31.49801521,30.45243794,30.45243794,29.77297178,30.45243794,30.45243794,34.59090751,37.11270566,35.80746109,36.44840166,36.12508866,36.286025,36.20537798,36.24565662,36.2255061,36.23557856,36.23557856,36.23557856,41.30790362,29.63272225,34.50958092,31.88575326,34.50958092,34.50958092,37.06584618,37.06584618,37.06584618,39.52802985,38.88231811,38.88231811,45.42186318,54.60593411,88.95803084,75.07966797,75.07966797,75.07966797,75.07966797
4152,1330,104.058422,30.63692932,1703,104.0594489,30.63864347,213.9600738,,42.55559479,40.97107796,40.5825219,40.97107796,29.1763737,34.47879435,36.81913316,45.11017661,35.33285622,39.50032132,39.50032132,39.50032132,39.50032132,39.50032132,39.50032132,38.57710846,42.55559479,32.91693443,41.49528704,40.4865317,45.3091921,40.4865317,39.74661443,39.03325671,37.24043187,37.03155123,52.22076377,44.91290179,44.91290179,44.91290179,41.78227641,39.05964836,31.1844642,34.68060629,34.68060629,40.40764311,48.40030396,59.43335383,53.35240311,46.40097986,64.29518077,64.29518077,62.54618479,78.59757813,51.29342501,69.14329135,64.36681884,38.70634501,48.34244346,67.91385147
4153,1331,104.0713876,30.66829663,292,104.0697966,30.66615043,282.5114686,,44.50946551,54.02609758,52.35733781,44.95210108,59.2451235,53.99024748,70.95636887,68.71900588,45.81267058,41.53307961,52.04919585,35.19174003,45.26890001,34.9498724,39.2831706,63.96486082,45.91608519,69.85973352,42.66112781,44.12326625,57.13715095,38.19873378,33.23664336,35.68565919,59.82595806,54.31654774,72.13191997,53.98326971,36.62813758,77.04858235,67.07240848,29.86905395,63.0397492,51.39167696,82.35152121,25.08116614,103.7797232,36.00146149,32.86078472,37.90215977,74.41765513,49.85496505,52.02257222,58.22755459,50.473513,49.25139404,63.2685093,70.14077841,45.81267058,55.96306626
4154,1331,104.0713876,30.66829663,1346,104.0694782,30.66964496,236.2037848,,27.43011694,43.9448902,44.75440133,44.75440133,72.06217163,37.17305466,31.5522681,31.78817291,31.72886661,31.72886661,31.72886661,49.79991949,38.76164674,39.73521613,39.73521613,39.73521613,39.73521613,47.95114429,43.45827726,37.82062085,33.47770178,26.99471826,29.88870388,28.36809425,29.10855371,29.10855371,31.37038968,34.01334501,43.16414342,43.16414342,44.87248682,44.00173999,44.43284783,44.21624311,44.32428084,44.32428084,44.32428084,52.98028818,45.59429626,45.59429626,45.59429626,45.59429626,75.92264511,56.97377724,65.09731103,56.97377724,36.61285792,36.61285792,27.16720848,31.19059607
4155,1331,104.0713876,30.66829663,1515,104.0748457,30.66695776,363.0218572,,47.38883228,93.34847757,57.92901977,117.2088508,51.75757172,51.75757172,46.63260253,41.35692044,72.84719542,107.4146865,68.2443178,83.46218326,75.08998912,75.08998912,70.57056691,48.54274938,66.56427943,50.92837486,53.56060188,43.78153052,49.26969598,56.33097784,76.20283883,52.27514744,48.76413007,54.12906802,56.11932092,57.52950928,52.43244477,54.86284496,61.31982104,51.81913901,37.25954914,73.62696822,49.47955271,72.73907341,72.73907341,72.73907341,72.73907341,88.10418109,68.57255896,64.85750302,44.45165598,44.45165598,39.84386238,44.45165598,44.45165598,43.45398789,43.94716052,48.25992193
4156,1331,104.0713876,30.66829663,1551,104.0723581,30.66972895,183.9708818,,41.43661155,31.80288953,39.3637548,37.11636705,34.59966083,35.05338846,43.27548103,37.56814981,34.28092223,35.50883067,33.28534612,32.42736612,31.76475657,30.18665335,30.65170821,33.33001508,30.85824925,35.78523163,30.64171682,29.5228161,35.71527736,29.60411588,30.83704666,34.53951366,36.14161934,30.99262484,41.03016052,31.38098485,32.15892404,33.21265775,34.99337439,32.80109822,34.49033009,33.36201533,33.41215945,31.13020797,32.97243629,34.10942667,34.74335342,29.79118018,31.13630595,32.48535497,33.69030138,35.13623605,33.33809793,27.86655713,32.84108303,31.79016838,36.74314422,28.93325871
4157,1332,104.1074328,30.59240675,361,104.1072423,30.59430952,211.6694912,,22.9521135,29.22378402,29.49716781,19.69018523,27.49119722,30.72444662,26.60384628,20.51171382,27.49078398,25.91871321,24.00504566,25.3019425,18.14309925,24.68715448,24.86843084,28.13576006,29.98564361,28.4154059,25.73951062,16.6377766,25.16977983,17.92965102,28.54259844,36.68295462,30.60589089,28.02151849,25.18304555,42.57040046,21.95994721,29.24091676,29.86404601,30.13510862,29.89358973,29.54004853,14.72483417,22.05528707,27.88349365,27.34140159,28.08816551,28.10093515,23.94274535,31.9659995,29.04168073,32.03265584,34.53218285,15.02978636,28.94572629,28.06146732,28.51986575,28.28881052
4158,1332,104.1074328,30.59240675,755,104.1074639,30.58994089,273.3032235,,27.15432212,31.86370949,32.26865978,26.92826834,24.65893746,36.17248546,24.92047756,26.8578236,52.96859244,20.88018261,25.51145042,23.5915763,30.90202812,31.80001398,32.88407769,26.01716056,27.50875665,37.23336252,47.18904578,29.11046228,26.97710234,29.4320833,29.69816634,31.79340762,27.78385683,67.62141612,31.33245889,33.92729671,31.51715219,30.33581515,33.40888301,31.80873364,17.11115834,22.67031347,41.0982291,47.15135485,42.3634706,26.6276483,25.6532722,29.72482189,22.3120334,26.13257914,21.52935677,29.64231538,27.74062873,49.69149518,32.36485541,18.70372651,27.52719457,37.22162439
4159,1333,104.010434,30.71089385,300,104.0073133,30.70972582,325.6817751,,64.91096971,64.91096971,52.48229142,70.06699545,45.18128672,84.50121732,53.65923983,57.51084321,65.99180432,93.42266059,56.7970985,74.20597407,33.47000829,67.96837046,42.40341376,96.89705705,71.9297172,40.99490875,45.48804618,48.19770627,38.97046881,33.02688424,74.44154859,63.23917963,81.42044378,85.78934562,67.38243623,36.41162703,36.39279018,36.39279018,36.39279018,95.32149515,66.42801079,45.00784608,120.2517323,49.89167619,48.24915187,51.64997314,57.30471116,62.36459523,57.94667499,80.03101641,55.17432425,55.51393894,58.26986313,61.31371014,67.33943532,63.7203473,49.73295399,70.01627736
4160,1333,104.010434,30.71089385,701,104.0088378,30.71389448,366.0146793,,31.86584874,28.05506413,36.87461322,35.80578384,89.83996672,37.50622331,44.46522539,141.6831017,33.5850343,40.08069492,33.14849926,40.18765827,32.57485403,23.52467429,26.15688031,23.96277055,25.989208,73.47506575,138.7002995,28.52062436,33.40763605,30.93081797,36.31565032,45.22835855,29.17312573,30.10631025,30.10631025,30.10631025,30.10631025,30.10631025,63.19677916,30.10631025,150.5888966,33.69238045,22.69336466,44.59062083,41.24109063,36.29897646,31.29816735,33.67085636,33.67085636,38.20206365,40.95799546,39.53205612,40.23239501,43.3438436,39.96687923,40.01088822,39.98887161,39.9943735
4161,1334,104.0982053,30.7212584,112,104.0980229,30.71968669,175.0677146,,18.35661474,20.86612021,14.53849533,14.74254439,10.28130135,10.28130135,20.69766084,16.89499821,12.92713034,13.54634654,20.50684727,27.44167369,13.54573997,15.26013977,22.72172231,14.88764817,14.9879613,30.01160822,14.9879613,14.9879613,14.9879613,14.9879613,14.9879613,21.92152252,20.77726723,20.77726723,20.77726723,20.77726723,20.77726723,20.77726723,21.26328517,22.5556972,23.5641853,23.04891511,23.30370225,23.17560844,23.23947884,23.20749969,23.22347825,23.21548623,22.42860401,23.21848259,23.21798314,23.21823286,23.21810801,23.21817043,23.21813922,23.21813922,22.87636198,20.29770604
4162,1334,104.0982053,30.7212584,459,104.0726375,30.72578859,2499.055757,,211.4359747,210.4468006,204.7008129,169.7872277,230.3586115,179.2151539,163.7233981,158.3908578,152.7436456,443.7287657,240.5508215,210.2009515,459.5964611,168.7917584,138.9973075,463.1454685,112.7393575,463.1454685,190.2029752,215.2296824,141.8574696,463.1454685,142.4263967,180.8967974,119.318312,122.1534382,203.1982095,124.0482692,114.6428891,158.1819908,138.6225073,147.9095886,231.8711527,221.8643829,147.7274339,210.8166544,139.7421672,194.5210968,183.7916389,268.9566734,314.5664589,315.6702009,124.0055234,239.7814692,296.184386,296.184386,296.184386,378.405919,379.6034061,132.4587857
4163,1334,104.0982053,30.7212584,1128,104.1028346,30.72097893,444.3495387,,47.9657673,38.36686168,35.98203205,34.29063964,43.11747545,51.72105485,47.08339483,50.39881346,40.60046546,44.49675492,42.96307089,45.38037842,35.49537735,42.27426901,49.32142876,39.99145848,41.40292172,44.58977949,46.07310885,58.16939416,45.10314866,53.14479533,42.05200682,44.96580012,45.12435372,37.35337628,45.0789387,32.87419522,54.09067316,37.55066524,84.19254417,48.40116004,37.28807318,41.06200357,52.91041917,45.70452398,77.72878228,241.4578625,88.37891377,63.35280552,50.89050921,69.75254388,34.05943944,43.35117451,60.04079558,40.89703571,59.46685276,64.89486164,41.9197678,29.78879589
4164,1335,104.0387773,30.64862074,461,104.0386555,30.65417493,615.6853378,,42.6947455,68.75673822,53.38633627,55.6461445,104.1894248,61.9871836,63.23729575,67.4270884,80.93516176,61.07055701,66.08429386,60.89530238,68.60565829,79.01374425,53.34107679,98.81252771,55.4394001,60.94539235,56.86894717,62.20207342,118.2296008,76.09824975,79.41361974,69.72015836,55.08706022,63.57915669,50.87962493,93.1458907,54.7095742,74.65452877,55.28603033,115.7911758,56.57001889,53.41328675,60.25347771,65.72089971,66.93279817,75.54421323,61.67867426,57.89788364,58.48770018,53.71819165,48.82086379,67.20640437,48.92863612,49.49128539,81.07662623,60.03336679,107.8002664,109.4066845
4165,1335,104.0387773,30.64862074,1008,104.0349293,30.64918505,373.9964236,,64.8861265,56.04108741,82.09677591,134.9761529,82.60043711,64.86481277,62.91528621,119.8564207,72.09569612,57.63643514,120.9329753,98.00816196,80.86409159,59.05206688,59.70674612,107.2818426,77.82584537,116.0678556,85.57545288,73.73423466,145.5553649,86.12284383,69.82677216,83.97424898,122.0817341,105.1864941,62.4133597,119.1493031,116.0678556,113.6191667,101.1054161,137.7378133,65.3585983,67.79960345,93.82488676,90.81869308,58.92285011,56.13844858,71.12764912,161.0510915,60.44386644,71.01197916,80.47741333,82.98225732,58.74075805,63.73430177,94.94972672,131.3548415,85.86652583,71.87119885
4166,1335,104.0387773,30.64862074,1875,104.0387774,30.64694972,185.2001801,,31.09704517,22.69687314,51.08970486,25.4311754,23.64257618,26.23736701,18.25381652,20.57779779,23.73971085,18.63389179,21.7763957,26.98433508,22.28592696,21.85969339,15.30931454,19.4662963,24.54186435,36.41292454,34.45584746,29.05100864,26.28333699,20.38208504,27.31342271,28.42754328,43.64783295,26.1356585,33.35456273,37.04003602,24.60223795,16.68470091,25.12135073,30.21392666,22.89169608,25.44735299,26.05225588,20.16546384,31.62538651,20.9003338,26.58905876,17.37948904,21.63214217,23.25093804,27.96311887,25.08236627,26.37866067,25.94243768,25.24925661,26.42856624,48.54762004,26.70599568
4167,1336,104.0936842,30.67180601,615,104.092995,30.67384099,235.0038754,,33.51877779,27.13322487,34.57822689,67.41147023,29.93982639,28.72538731,55.73214436,36.6769054,28.58155241,33.37333142,55.56741881,36.11035158,40.14648329,18.17430615,22.62069389,20.71025585,18.65521392,44.9428275,39.95721489,35.47228308,39.95885777,39.95858395,42.30069757,21.49971922,41.68697891,22.35175565,71.93996186,40.95707937,39.95867807,69.34540586,42.19228763,58.57583045,54.35506778,57.16310483,55.35218744,56.38657419,41.49281282,47.08797503,20.83778206,62.31708691,61.30614423,61.50843572,29.96507503,33.24219848,60.00098946,27.24682613,36.1532196,61.59794282,35.33547198,61.59716111
4168,1336,104.0936842,30.67180601,1701,104.0966037,30.67264048,294.5838901,,36.11517345,41.3182599,29.68515058,41.81083656,37.5304046,31.95658213,41.19654285,97.74212022,97.74212022,97.74212022,97.74212022,97.74212022,97.74212022,87.82625295,83.58636488,85.65387213,83.58636488,79.25283545,57.01623679,72.14299349,72.14299349,72.14299349,72.14299349,72.14299349,72.14299349,72.14299349,72.14299349,72.14299349,72.14299349,72.14299349,72.14299349,72.14299349,72.14299349,72.14299349,72.14299349,72.14299349,72.14299349,72.14299349,72.14299349,72.14299349,72.14299349,72.14299349,72.14299349,106.6903425,86.07970815,95.28319895,92.80262563,91.61015047,92.20253257,92.05371998
4169,1336,104.0936842,30.67180601,1830,104.094616,30.66956628,263.7923888,,29.22007999,31.92109579,27.3787817,20.42263655,21.83109425,39.16093195,30.88301137,23.16225853,38.50983778,32.07300766,28.04644417,40.49691257,26.82634462,23.25679836,42.58531837,29.40100928,32.9740486,38.60376421,54.16269581,29.13044784,37.59511479,32.26452774,52.61233239,37.24127842,42.68101572,41.56028883,27.16397596,35.7684595,31.30722856,31.30722856,31.30722856,50.96525581,31.30722856,29.07099795,27.13293142,27.13293142,27.13293142,33.3992708,43.42923473,45.22155237,35.5675131,42.77714413,57.3066224,39.96433876,26.03214363,37.4986219,37.4986219,42.02002653,26.52660893,26.3061662
4170,1337,104.085047,30.6139843,1011,104.0824791,30.61850486,558.2127839,,53.62417671,46.95247715,62.50594159,71.09313756,69.55772061,69.55772061,50.12558477,57.25259322,59.92415861,159.4893668,58.62598735,58.32820118,55.26479263,45.88050279,56.37510446,56.18696463,56.18266932,58.16399485,49.11335636,57.38875068,57.38889072,64.118004,57.80152733,50.05145759,57.80151845,57.80151401,68.66398813,67.66215562,61.97263657,61.97263627,61.97263642,61.97263634,61.97263638,61.97263636,61.97263638,61.97263636,61.97263636,61.97263636,61.97263636,48.24888408,61.97263636,53.37492754,65.85142617,59.51330766,56.50138768,57.67709223,57.53260709,57.46063564,57.49659884,57.46063564
4171,1337,104.085047,30.6139843,1210,104.0910757,30.61650609,641.9236199,,92.31391606,131.5517096,150.6470034,109.5802175,88.65441297,132.3439556,169.112699,147.0054091,129.086933,106.5487976,105.2813226,124.8305216,110.0003982,129.9184839,143.599425,117.791655,118.4785969,72.44279096,151.74831,160.449954,128.4038317,161.7225247,145.1636733,94.70830947,136.1269439,95.44347059,96.05840306,86.77202746,80.66055957,110.5705757,147.6629413,100.8256995,119.8923492,104.9058056,120.6749364,121.9485505,103.9396566,109.9785857,111.773883,114.4022293,166.4781653,117.8441972,106.9673732,134.3691268,101.6908705,120.5700016,92.09498407,113.4405121,113.9288685,97.69166298
4172,1338,104.0051809,30.72262325,222,104.0017918,30.72113711,363.9178076,,37.56795337,40.01590656,37.93680546,39.6057358,39.20388838,35.0390367,37.82328711,40.67405683,39.31295146,39.05900444,38.5183126,34.5673907,45.82118708,42.83913699,39.99809003,44.39933431,44.68564932,44.54203171,48.78898744,28.17428188,35.49691143,32.96118518,32.93787825,35.54632138,33.72392189,34.21195645,33.15145614,34.59877151,36.79421751,34.54460402,34.12007116,36.07549388,40.2425349,32.91718863,38.2471435,31.05984133,37.61739377,40.76030409,33.25840763,39.12948613,38.36205408,38.36205408,38.36205408,35.28899952,36.76141595,36.01016264,36.19508259,36.28825659,36.2416097,36.25326017
4173,1338,104.0051809,30.72262325,1666,104.0079121,30.72021768,373.465262,,37.76615009,38.38158515,41.24156267,41.24156267,41.24156267,41.24156267,41.24156267,41.24156267,41.24156267,41.24156267,41.24156267,41.24156267,41.24156267,41.24156267,41.24156267,41.24156267,41.24156267,41.24156267,30.41798514,30.41798514,30.41798514,26.20808856,28.15654331,27.14739916,27.64276419,27.39284234,27.51723581,27.45489817,27.48603164,27.47045608,27.47824166,27.47434832,27.47629485,27.47532155,27.4758082,27.47556487,27.47568653,27.4756257,27.47565611,27.47564091,27.47564851,27.47564661,27.47564566,27.47564614,27.4756459,27.47564602,27.47564599,27.47564597,27.47564598,27.47564598
4174,1339,104.0939086,30.71128143,734,104.0911229,30.71239601,293.9807589,,25.19835076,30.70167892,64.72970838,29.7971448,29.30997151,19.78188284,30.11586727,27.98659898,23.5446214,38.36498309,27.4001484,26.8271415,30.07266339,36.3063716,33.5289522,20.25901095,32.63095783,24.01658242,30.90016736,27.63917108,27.90741918,24.77076026,31.55780993,33.56228537,28.6035333,117.5923036,33.35874559,40.64406206,25.56447986,29.8121333,44.05122714,44.48325318,36.30170157,32.09162483,21.33731315,30.61856595,31.02168784,27.12914956,92.43063162,28.29761316,25.58328444,44.65530515,54.83578922,25.79721467,44.91112803,41.53030996,28.38584456,34.73733256,75.59505229,37.19967424
4175,1339,104.0939086,30.71128143,866,104.0930635,30.70984187,178.9006734,,37.95927843,37.95927843,30.59149998,24.60590302,42.23229011,24.86650287,22.24671586,42.79351656,38.7977364,33.30966766,38.7977364,62.02655773,24.64448052,65.45146588,59.91092319,20.97345679,38.41207301,42.30163706,25.11586056,51.62664723,24.42127428,36.38657764,24.96288466,73.46491531,41.55112414,27.48402949,35.12958678,29.08954039,57.28458667,35.12958678,46.0030303,32.92931015,25.3310688,50.41427978,52.57489177,26.28744589,23.15137899,45.1168073,24.6877786,23.356688,23.05093144,25.01622645,25.30618563,68.51515151,23.98668247,27.17478583,30.73179681,22.15621012,40.68492888,61.33737374
4176,1339,104.0939086,30.71128143,1414,104.0971174,30.70973187,352.0180966,,32.83070331,35.15741898,43.47393303,35.15741898,70.59972968,56.0736791,86.79898272,70.9025633,70.01464905,34.09682012,32.79883915,67.98632767,36.37385614,30.75886281,43.67056292,42.75111342,33.11668504,37.82881038,40.97393087,41.37526135,40.18811251,26.99180293,39.68094684,49.50254483,39.57112093,55.82665849,38.95852452,44.17481997,32.00164515,83.45113859,50.60260139,32.1233244,42.00878942,88.7751417,65.52560226,66.06073751,35.25777438,53.19883233,44.52909811,72.14033098,39.2099365,28.2241681,32.31994766,29.79171667,22.31100612,31.54362533,33.7599773,22.23272189,36.31132229,30.08182267
4177,1340,104.0581861,30.65264309,641,104.0562259,30.6535869,214.9886571,,35.91457845,43.94374254,35.91457845,44.14215774,54.04742776,35.17996207,58.4120125,32.70249995,34.24598078,42.3700273,38.66573682,29.44303191,43.55936489,29.94763398,29.11810254,30.6522275,28.57750337,28.92916641,28.75225964,25.94276533,31.2710774,29.82501601,34.44922101,25.78431423,33.17041894,25.08781736,28.36970492,32.02999517,31.02040744,30.89657348,23.81260172,31.33437917,29.79918722,23.03449898,27.12597497,39.08884675,45.6613077,28.85173887,26.69438373,35.83144285,33.07517802,31.2710774,27.09150571,29.20600625,26.14726911,30.20917898,30.01780862,26.6652598,33.35581589,36.50750781
4178,1340,104.0581861,30.65264309,1237,104.05724,30.65083815,219.6289768,,33.17472657,33.17472657,36.14465447,40.56422316,35.39627606,32.80764799,34.39540257,32.80764799,28.33922281,34.88481432,32.33800885,30.33239065,30.33239065,28.85636192,36.14465447,29.42919292,31.50057038,27.4536221,30.57479955,23.53167609,44.1095853,56.07548344,38.63180699,40.34001615,25.34180502,31.67091194,28.92674329,32.72133126,32.97869933,34.59291513,41.08871727,29.81228234,27.97821361,32.83359827,28.96206287,38.10430441,34.41411606,26.18442125,32.76233356,32.69910325,30.74805676,28.2380113,27.27604369,43.92579536,31.44771379,28.7383668,27.63805574,37.29548663,29.24775524,31.49934484
4179,1340,104.0581861,30.65264309,1821,104.0595641,30.65197016,151.6435643,,20.28173987,24.53558793,22.55854676,23.50556863,26.43665043,21.36660789,17.00675487,28.64201634,27.50210738,27.50210738,20.83652029,22.19174112,22.19174112,22.19174112,19.67267861,24.9277092,24.9277092,45.11709351,26.05808265,26.05808265,26.05808265,18.85723079,19.88768056,19.88768056,19.88768056,23.16478775,19.96039603,21.44354166,21.44354166,28.65078494,52.49200303,43.15548075,22.62867695,22.0907165,18.74392554,21.57774037,21.57774037,29.27167997,21.57774037,21.49278864,21.53518073,21.52456704,21.51926411,21.52191525,21.52191525,21.52191525,22.20725686,22.93768199,22.93768199,22.93768199
4180,1341,104.0958335,30.67466937,615,104.092995,30.67384099,287.0060595,,26.87182872,32.81805657,24.2255994,29.69028202,42.46117045,39.03860758,59.60895083,33.30287878,32.95763363,28.23010421,30.75897147,88.56186976,34.09972984,36.1055963,45.38309579,46.64658303,34.5848306,31.98829146,31.28605039,43.99270507,42.84264606,47.61390849,44.65089949,50.43521943,48.80083433,28.1148793,33.15593467,35.75161987,45.87000285,35.95899586,55.25191832,38.74581803,65.55975978,31.07434028,38.48125937,68.86392166,41.43937758,46.64658303,37.13285945,54.0365655,31.34537169,33.45564428,29.4785111,46.62027362,45.51637948,46.02324339,32.44024534,41.38645372,30.07923768,45.44131123
4181,1341,104.0958335,30.67466937,1406,104.0925699,30.67906708,579.0514479,,96.06383467,96.06383467,96.06383467,96.06383467,96.06383467,96.06383467,106.9018058,97.18345979,97.18345979,97.18345979,97.18345979,97.18345979,97.18345979,97.18345979,97.18345979,97.18345979,97.18345979,97.18345979,97.18345979,112.2253143,121.6388162,116.742609,119.1404301,116.742609,116.742609,78.22083349,116.742609,140.2187362,115.309813,109.140587,113.9117602,109.140587,104.2292606,90.04687743,99.74091926,94.64632066,117.9953894,45.36638112,116.7834853,83.39532212,116.7834853,83.39532212,82.72163541,82.72163541,82.72163541,82.72163541,82.72163541,69.8353505,76.97877446,76.97877446
4182,1341,104.0958335,30.67466937,1701,104.0966037,30.67264048,236.6580219,,31.11646745,21.03626861,20.50466616,23.50258976,21.46017327,32.7680338,19.42916485,35.89756512,22.51719766,23.45729292,24.34196797,27.72133012,22.14823775,23.1199153,25.75338738,22.67885214,20.69001594,18.90113985,20.22718136,40.86181673,19.56300525,23.37897678,21.12319534,24.49359499,25.53353283,25.97466094,23.70770976,22.58666169,38.31060334,55.72977131,40.8758201,42.66955987,41.67380636,38.9917107,34.83743711,42.4984476,33.8680208,30.49825949,29.96373548,23.07608014,25.58465102,24.73572025,20.54174512,23.35227626,22.82568999,21.11820875,19.77873195,23.27783822,27.17604079,20.40644021
4183,1341,104.0958335,30.67466937,1818,104.1026121,30.67671597,687.8360725,,85.03998898,94.90699816,59.53728628,88.52639953,122.5846466,82.88035064,79.23871555,79.73923259,93.09059628,74.20697113,73.34857227,65.71931384,72.50980559,62.22609985,77.47467676,78.26581131,82.02875155,89.67133487,83.92638569,83.58253061,79.00396093,78.92874087,64.05568746,70.70223632,75.9842516,99.53501004,82.11920458,95.49134195,56.83725771,111.4573081,115.1238735,91.55135566,119.4587803,71.06469628,169.6034151,84.01699097,67.98529508,75.03666245,89.13485893,54.39828341,98.1324912,88.25595227,67.07388087,68.2440708,60.53069532,85.6290924,79.3487458,80.28780959,77.32115101,104.0570049
4184,1342,104.1130509,30.59436059,361,104.1072423,30.59430952,556.9343313,,68.42879156,75.58057083,82.84260348,72.90776701,42.20975985,185.9892015,72.12099254,63.90322208,72.33239568,64.70233458,62.79001269,64.95343196,62.32341053,61.99046032,62.05854121,57.72604857,73.04056804,112.0091393,63.26365426,63.26365426,69.61679141,68.42879156,69.61679141,69.61679141,90.51754369,92.96585436,63.46522993,102.2940609,63.7271655,63.85894575,68.08025782,70.08192892,68.08025782,63.8177059,102.0337706,59.96152801,63.81461507,63.81513019,63.81487262,63.81500141,57.86642395,63.81495311,68.05137353,142.871515,102.6081675,68.08025782,77.13585315,77.39407271,77.39409222,78.39291928
4185,1342,104.1130509,30.59436059,636,104.113379,30.58869562,628.6257362,,60.00404747,60.26771372,59.7426782,57.22004173,79.84560763,70.39044013,85.39821322,99.84055809,49.65557104,53.66923281,82.62666877,79.91945792,52.83391402,88.63130485,76.03704831,68.99550763,117.9441121,72.55796355,78.57821703,78.57821703,85.36892714,78.57821703,66.12279475,78.57821703,78.57821703,78.57821703,70.61006709,73.06384318,60.34807068,62.7318822,62.0652081,62.39676444,62.23054465,109.5909274,62.27201652,62.29277318,62.28239313,62.28758272,62.28498782,62.28628525,62.28498782,82.19319554,75.62414872,49.52148842,60.45554721,54.4449787,66.36518036,56.55346045,56.1907786,56.28101226
4186,1342,104.1130509,30.59436059,864,104.1129372,30.59636556,222.4742108,,19.00135608,27.18856518,19.00135608,24.10102415,31.39581179,28.53588452,27.06420523,21.97276156,24.87289313,28.82905409,25.88661321,25.57447021,25.81801697,23.80994898,23.04768803,23.21470026,27.23884481,32.52414858,25.20041207,24.38556832,19.43949415,23.66047737,27.90712236,27.61888331,27.76225471,27.69038343,22.95589573,25.60319586,25.75264176,28.80961003,27.26492456,29.68155005,27.70106905,26.01286333,25.49036152,25.6307378,23.7861324,25.31915081,25.96615635,25.93673968,30.73807496,28.45633327,26.32835405,19.7754854,31.51772892,36.34721784,29.81504517,28.87670355,29.33837344,29.1057045
4187,1343,104.0488623,30.69056278,823,104.0450692,30.68972023,375.1184116,,85.43139603,53.48222898,79.4368401,46.44630376,65.75417075,66.29892761,72.26361374,56.11189536,93.84477288,54.01705127,57.4038802,61.18277826,73.58707357,60.75247576,76.61993088,76.29107966,82.09798181,57.38355306,76.44147709,83.960318,60.01894586,86.65266926,77.27007352,100.7780807,148.8658893,72.85536779,50.32644529,136.4066951,82.34306596,99.02083076,129.433829,60.66605039,113.7600238,88.42828787,99.29605013,86.7692708,96.16408899,90.32951717,64.30601342,56.62164703,82.1760415,82.1760415,65.66092131,80.51945463,58.62921629,45.93286673,110.4643175,81.25308555,164.3997213,89.72932105
4188,1343,104.0488623,30.69056278,1193,104.0483609,30.69380317,362.332511,,36.14869275,51.7532302,47.22274078,40.18025045,37.88181142,41.50825902,59.71851042,62.23453894,50.80125927,50.05360858,50.56619117,51.01205109,58.61580466,45.95644297,37.22417235,44.91725343,50.58819069,38.16055169,43.18442891,49.18345655,47.78011134,66.68317726,47.2607623,48.22170202,58.90825341,55.19959259,73.52167436,45.81559849,43.76041681,43.79727286,48.51945542,39.58716357,68.41243213,36.65507538,65.4463972,67.03370518,42.29562385,63.11598578,55.58510111,41.84112396,52.38542328,50.27962158,35.73690519,53.04987833,42.72042707,50.49278864,38.47778878,34.51927329,46.05108701,41.63707521
4189,1343,104.0488623,30.69056278,1570,104.0515755,30.69104677,265.3601771,,42.38698336,85.37904406,43.48846604,81.12922612,45.65942506,45.65942506,45.65942506,45.65942506,45.84812552,46.03839217,55.43307376,48.59087678,35.77890028,43.87125775,56.0291283,37.02700146,43.82094668,50.12800946,43.82094668,43.47197441,43.47197441,31.59746321,65.09687479,53.84480812,45.70797309,48.4922151,38.36532681,51.63765608,61.29309314,56.05261076,58.55583594,57.27688619,57.9093004,57.9093004,58.40453987,58.90832296,63.77147113,58.90832296,58.75735342,37.46261324,58.60715568,65.1566437,155.3327866,63.40541483,61.74585839,38.40388493,51.70753113,51.49847103,51.91829552,35.38135695
4190,1344,104.1128606,30.68484116,880,104.1143105,30.68613383,199.5338827,,63.19548189,53.60611774,61.19889054,69.51503012,50.25573539,47.193341,46.88785755,52.35582928,42.82098228,57.46575822,39.25256709,45.03586067,49.48556048,46.64428427,55.97314114,40.81374873,41.959366,42.96184077,42.43252189,38.30264853,44.39510067,42.25423398,39.61334437,42.88489419,32.58004024,42.0071332,46.75122843,45.92366917,45.89914403,41.7520377,47.68634014,47.68877911,45.90680533,45.9075716,45.90718846,45.90738002,38.24957839,33.48820409,55.39758182,41.6452085,31.78611125,34.70154482,40.72120055,45.90731606,43.66698953,50.40855984,45.90731618,45.90731618,45.90731618,34.25800143
4191,1344,104.1128606,30.68484116,1188,104.1096861,30.68729676,408.0733968,,141.9385728,92.10434034,115.4470906,118.7122609,107.8212278,112.4857755,105.9767124,102.1365628,140.2726933,151.7628335,104.5597316,85.9101888,90.40395252,86.24643222,104.5248589,122.422019,112.7159255,118.5027863,151.4499205,97.75206734,125.8149452,96.33208056,80.13077611,86.72691881,100.186262,102.4548677,96.17441758,119.6793669,105.9421318,118.4019786,138.1565106,110.816901,88.32049472,117.9963502,116.8241931,115.8021543,99.91510162,114.1907679,113.2954418,113.2226766,79.25358303,117.9971268,96.76036414,72.53742642,91.08122314,88.46453766,101.1403944,99.32401291,84.33809708,78.00341038
4192,1344,104.1128606,30.68484116,1402,104.1111282,30.68377369,203.7975913,,54.14548551,40.26667098,49.74042906,46.24586183,60.13699415,63.24752833,64.28664435,55.7606938,58.69370629,51.545995,47.56378144,40.90153749,43.17477372,47.9785065,53.46809147,57.63502294,51.3430876,56.56316059,49.83898073,44.15458325,45.13453865,54.23095097,41.98342749,63.57637164,63.57637164,63.57637164,63.57637164,63.57637164,48.76512653,29.34685315,39.55101502,33.6932872,36.38791463,34.9887966,36.38791463,36.38791463,47.03021338,41.03020363,43.82580272,42.38195237,43.09178639,42.91210806,42.91210806,42.91210806,48.91142191,45.71578162,46.4748939,46.86398301,46.86398301,50.94939783
4193,1344,104.1128606,30.68484116,1434,104.1133952,30.6836135,145.3780304,,38.62442136,32.8125962,35.48209556,34.09517325,34.77481126,34.43163878,34.77481126,34.77481126,46.21288384,55.30894684,50.35342484,52.71497986,51.50714778,51.80388692,51.95354241,51.87860677,51.91604755,51.89732038,51.90668227,51.9043415,51.90317116,51.90375632,51.90346374,51.90361003,51.90353688,51.90353688,51.90353688,39.95121446,51.90353688,58.47607927,54.99412741,56.68167968,55.8251531,56.25015597,56.0368487,56.14329973,56.09002371,56.11664908,56.10333323,56.10999037,56.1066616,56.10749376,56.10790984,56.1077018,56.10780582,56.10775381,56.10776681,56.10777332,56.10777006,56.10777087
4194,1345,104.0110177,30.63872881,1111,104.0122447,30.63565466,360.4333489,,51.90240224,54.74936945,49.33688426,47.00331397,57.16123595,43.50057659,45.14373953,53.80877011,54.55215976,53.11095305,54.1778729,36.60254037,37.88496514,56.94916903,39.37966786,46.87651364,38.16353106,32.93299635,29.82896681,38.40828977,80.8448633,50.34878267,65.75473258,43.57884319,52.91843622,43.47975296,94.02609102,56.171431,40.04814988,54.3587377,56.78599808,55.52746923,47.91677424,30.42344797,52.4362991,55.72343798,37.28620851,50.84482978,52.27880967,31.06688083,40.23442034,27.90451733,53.39753317,56.211988,28.41372385,33.37345823,44.74345021,43.83648838,46.77999301,41.29726467
4195,1345,104.0110177,30.63872881,1359,104.0101395,30.64049511,213.0852745,,27.62358618,29.43806799,38.16452678,27.30727932,31.54769,24.96280469,29.0938175,32.55708721,29.03744176,27.52776273,26.10317272,32.41011833,25.54752403,34.04913525,24.30630508,27.04850909,35.4757188,35.4757188,47.58728215,35.91324851,29.88506744,42.18631143,42.18631143,30.17730087,27.49076857,34.72958114,71.02842483,40.65938099,48.06434763,36.95120367,40.65938099,30.91205255,34.3480741,31.05696309,31.05696309,31.05696309,31.05696309,31.05696309,31.05696309,31.05696309,31.05696309,31.05696309,31.05696309,31.05696309,31.05696309,31.05696309,31.05696309,31.05696309,31.05696309,31.05696309
4196,1345,104.0110177,30.63872881,1853,104.0148886,30.64035526,412.4430027,,36.36232187,38.92841974,41.88419774,38.92841974,34.44999559,38.92841974,42.03736633,77.46755528,57.47592813,57.47592813,57.47592813,106.0567721,57.47592813,46.32745116,49.2061246,52.46624769,35.3102214,47.33671019,47.33671019,47.33671019,47.33671019,49.08412594,44.02653253,44.02653253,35.21809321,44.02653253,42.54426389,62.56157907,41.15855328,49.65177014,45.00798918,47.21597328,45.00798918,45.00798918,35.86460893,37.32203125,37.32203125,37.32203125,37.32203125,35.95144818,37.32203125,40.8191013,42.82547222,41.79822348,42.30561296,42.30561296,74.05460398,37.44753618,49.70618684,82.03286242
4197,1345,104.0110177,30.63872881,1887,104.0086395,30.63769829,254.9241698,,25.49241698,25.49241698,22.687936,35.43347534,32.80525509,32.80525509,23.01509746,24.44013346,24.44013346,30.69321108,20.73959348,34.11624577,26.18336694,21.24368082,36.28813805,36.28813805,49.60686547,39.86650787,31.321741,28.08958933,29.12890667,30.2480887,23.44130297,36.1309847,30.89989937,21.90279263,26.75588954,23.59195402,31.81029502,35.22944381,28.40004014,33.011763,33.83325387,33.011763,22.687936,30.03665262,28.15113532,32.19287937,71.69742276,23.57680183,32.82285448,32.43711271,32.06033227,37.56045067,32.06033227,25.31660721,26.72180561,27.20534619,27.11825692,27.03172345
4198,1346,104.0694782,30.66964496,946,104.0707136,30.67059491,158.4023268,,28.72787791,29.47020033,29.29358098,20.92654593,30.78263841,16.1314958,21.15949449,21.31769632,24.13749742,20.40974862,22.84648944,19.73177773,25.99422799,26.6471204,25.81371252,24.19510481,26.6471204,33.64297206,28.14738246,25.36315982,16.29281076,17.22804763,22.61768474,21.31769632,26.5231803,23.61276921,24.98349952,45.9877723,24.62611073,28.9466181,28.31421929,28.68091922,29.79743313,29.65217427,29.72462624,24.50560828,29.72462624,33.03393926,19.20028204,23.12087012,30.57632045,30.57632045,33.40700125,33.40700125,33.40700125,22.90154122,14.96714899,13.59352507,25.39737995,21.51880666
4199,1346,104.0694782,30.66964496,1321,104.0681003,30.66950393,132.9276698,,14.05402676,13.03922647,15.24011501,17.78957663,20.76093758,14.72429573,17.75657185,15.19173369,16.92946738,14.07469445,41.97715888,14.02014303,13.56316692,16.03147776,20.23423304,15.84568249,17.16734031,18.65651506,23.93895004,17.55035249,18.84014218,15.6641444,25.31955615,15.6641444,16.3813303,11.58691553,36.52974132,29.17924459,14.15797667,21.49532224,24.92393809,13.23761027,13.7907669,24.32511427,20.36338771,19.04781062,18.72953469,17.40144041,17.0602357,15.43676165,16.31014353,19.48074731,19.28867947,27.26721432,30.28731717,17.69931703,14.05402676,17.68439066,15.28880547,16.67385405
4200,1346,104.0694782,30.66964496,1331,104.0713876,30.66829663,236.2037848,,51.43146928,46.5936233,43.7752188,50.35284236,48.13209199,33.86940006,59.32560178,48.38313657,38.30331645,36.03108582,43.9562484,36.43636316,40.11007666,35.72830358,36.0167783,39.48726746,38.38977992,43.00043617,35.25429624,40.30017181,37.45963107,34.13280985,21.20532731,44.28820965,38.82801942,22.61525599,60.95581543,37.13247272,33.47770178,47.9567783,57.19732904,35.13775311,44.17317534,45.44485669,48.71063853,45.18325832,49.09311285,46.72162776,40.9276698,31.14775184,47.10921646,41.94000618,38.33841633,42.23511385,33.47770178,31.31983887,32.49117776,32.68085036,48.45205842,34.50445135
4201,1347,104.06964,30.61440644,572,104.064828,30.61435293,461.3054735,,66.67042609,71.29820397,66.1175233,63.29489108,74.51857647,60.35981481,72.12071675,75.5894267,72.07004299,60.33057778,71.64806121,85.37146749,74.37274759,66.01721439,85.84892214,71.3908856,63.60022437,62.3385775,75.31517935,111.8316299,76.04472053,84.24602179,40.01686035,68.31599383,91.60676069,65.43913021,61.85101321,79.88400503,96.08677174,109.1129898,95.44251176,99.44309608,86.49477628,88.80747083,81.00974169,72.15205088,94.17956739,97.11694179,81.50673397,78.33489173,88.20104652,125.3358268,80.61649051,94.09063482,55.30398635,95.82802681,69.29205999,64.43480489,70.10869465,66.42798818
4202,1347,104.06964,30.61440644,723,104.0747906,30.6144846,493.8019149,,78.90810561,62.54566866,63.20664511,53.31727748,63.82195421,70.51204074,64.67675807,119.2078386,65.40121936,99.31211696,85.29685914,78.18099427,74.13893439,112.0390899,51.11233162,73.58845804,76.49255136,100.4342878,93.94944521,82.35478659,108.0660726,98.2147455,73.56126952,84.33745576,92.8134473,122.5990961,80.0759862,80.5476617,72.32559096,106.5394542,85.00871987,97.89024745,78.06090059,133.6606687,67.26019272,69.64493217,92.97525594,71.31122209,85.27439527,112.5118287,76.69630192,115.8102211,87.96801125,59.50869091,108.7270271,89.24130992,98.88246008,61.84086062,85.29485294,111.4219706
4203,1347,104.06964,30.61440644,836,104.0696995,30.61099633,377.9841447,,54.29939828,54.29939828,45.77131058,48.36763937,44.08661386,48.7721477,43.47421473,49.23538384,49.33803194,42.58463643,58.31755376,48.160142,59.59458049,52.78289065,63.08079766,120.4197275,112.7687503,87.93169117,73.5536714,78.78577707,66.0554816,54.92403314,43.94218259,56.91783953,67.66125022,73.28956485,71.24308486,54.35724052,46.32316327,45.11061552,91.58846581,43.23047964,57.41531312,56.61898423,65.63068751,82.46926793,98.24858635,66.44252544,66.48581046,64.18598684,64.18598684,112.7687503,64.28706712,77.82026507,46.44173792,58.24714512,54.59349733,47.19339611,57.93917545,62.41940004
4204,1347,104.06964,30.61440644,1228,104.0695448,30.61657893,240.9484857,,39.66417834,32.52223803,38.60895616,40.88363936,26.55350658,43.1754101,32.31797871,32.15292807,49.77988801,37.64093991,29.26858906,42.05424665,30.64084789,33.89809351,29.14279741,38.79602901,37.22809221,38.46059187,51.94099093,33.13904674,33.3315746,44.03119536,31.09012719,28.58038051,43.13111015,41.0410446,32.4115665,46.01668692,37.89675212,32.94813428,37.74786793,28.4685411,29.8336904,36.42898244,26.68967842,33.51443637,37.22809221,44.18070706,60.02868848,52.25388847,32.31797871,48.18969714,31.09012719,47.59911553,39.52467273,33.58167048,33.25744174,38.29644806,36.14227286,38.12811202
4205,1348,104.0345205,30.71425947,593,104.0316331,30.71780965,480.9057184,,55.63772639,58.144772,80.64878506,46.29039001,66.89569499,59.83619538,61.13927908,69.56345902,94.2182632,48.31424892,55.24124398,130.1699689,87.88124803,79.46769902,87.88124803,64.64752002,82.75624217,63.51584959,69.20428725,92.19730932,65.24851456,132.1572967,86.06100676,84.79014447,57.13731308,64.80077053,75.71110434,94.8809236,140.7528932,55.84711569,43.06618374,282.2707478,228.2264426,141.5900851,202.4866183,160.3019061,112.5108423,90.01354869,136.166563,100.4114405,128.2415249,141.0076495,77.11628447,98.60050802,62.4798768,66.61541375,45.30777923,62.80268148,53.05190765,41.83051854
4206,1348,104.0345205,30.71425947,1054,104.0419706,30.71987075,946.4150827,,92.85744167,94.27053624,92.94161263,87.24953387,109.4121483,289.5547561,254.7360223,134.1782062,138.7347526,152.3130666,116.6613353,93.40902804,120.0685185,158.1018236,420.6289256,109.0619173,107.7171767,100.3562385,88.49595578,102.960411,116.4219266,119.4760516,197.5127129,178.7718915,122.3746672,125.0309834,171.8584766,103.6641267,137.9911925,117.5015599,127.2993696,118.5763677,127.2933315,137.9703153,142.9550055,118.5563551,112.0997975,117.1768646,91.71182497,107.1413301,127.3680111,146.5940613,118.9559238,108.0093296,199.2452806,117.0487592,138.0321795,245.1146977,142.5562468,114.1963019
4207,1348,104.0345205,30.71425947,1205,104.0271056,30.71034592,832.0641513,,112.7514785,74.73630101,77.80340116,98.48276165,102.116964,66.9220497,65.83364714,82.97592645,63.66484473,71.98083287,99.51597823,101.5135617,76.74688559,94.49308974,105.1274314,95.88447326,85.70617867,77.69577066,67.67423767,106.1867238,96.40064481,95.70066916,77.10246962,75.86324232,71.45064639,101.1969914,94.94234373,89.27049687,116.9128758,111.6795232,67.14331061,75.13230148,259.3446705,98.89174462,88.75350947,78.20968524,88.85589487,67.51534811,81.30289498,72.94068858,103.6993898,122.5375719,74.72231855,99.5987014,81.4378161,84.09407481,72.00555155,82.51875881,76.17116198,80.88108397
4208,1348,104.0345205,30.71425947,1591,104.0362054,30.71200494,297.4371296,,28.59526872,33.43990631,28.45272018,31.02848622,33.21883847,41.9126275,28.53916636,31.35195198,35.62615133,40.35854698,45.66199005,41.39552677,34.39710017,38.66946227,36.58722276,33.2576458,36.11824006,36.88083812,36.88083812,36.88083812,42.51913964,50.19251563,80.30802501,61.77540385,69.83306523,69.83306523,69.83306523,77.03407673,45.37176553,82.52590879,109.262619,70.56169137,70.56169137,60.83941287,60.83941287,43.35116059,50.62759653,46.70768447,48.58870864,46.70768447,46.70768447,41.36257524,39.12395219,40.21213159,39.66057912,40.21213159,56.95604609,47.14144229,51.58606998,39.72149814
4209,1349,104.0925297,30.69156196,275,104.099622,30.68819597,775.0086228,,107.3088862,77.82513367,76.43920663,57.9145001,69.89055717,120.2599587,63.19436109,47.24862053,48.35409085,121.9537609,75.00083446,64.5840519,43.32346339,63.73571769,45.31372922,50.4070649,43.7995454,55.59676604,51.12027561,101.6404751,118.8764824,65.99718609,290.6282336,88.68502995,102.953175,41.82955086,69.66369643,47.92495348,41.09029517,38.88545006,49.7036409,41.09894212,62.24274494,60.12997936,54.56739765,109.056588,64.91463569,44.03656661,46.57814761,73.45408624,46.04011621,48.31820212,58.5525927,66.5243453,63.91823693,71.84629294,58.15593626,44.59293088,75.18047718,44.22239404
4210,1349,104.0925297,30.69156196,377,104.0903802,30.68823322,422.4853881,,56.40495676,49.76922111,65.08240024,59.10417347,55.64441698,43.70538498,86.30849039,47.7684484,64.8130993,54.8512714,65.67130385,42.54398314,65.67130385,80.19054817,74.73942984,88.00081374,121.1910277,86.27740502,64.03989041,57.3942414,44.29943876,64.81022245,73.23984255,58.63328439,135.7988747,58.05142737,79.10364712,45.77719781,57.7574961,53.93430486,60.83789589,76.3017089,63.90535282,68.58838319,71.25729608,77.40190316,48.20752447,50.78288471,63.59995091,67.89943737,83.26354362,63.92115142,78.13085943,62.56182164,69.60857653,75.66902473,60.30364328,60.95981552,36.29946055,59.72306533
4211,1349,104.0925297,30.69156196,594,104.0869352,30.69443168,623.1272975,,148.5133156,101.6303171,144.6952228,98.13418564,71.0594582,133.2568704,136.3090963,99.58121058,113.732421,109.7954492,134.5282321,91.72200873,107.9405338,87.33486037,105.4233494,104.7874866,152.2730082,103.3362735,92.34970427,42.12691589,83.70366683,106.3420837,63.45850837,72.55039686,288.831537,131.4922785,124.2372182,123.1431805,90.94290287,56.97680659,74.20986718,124.0740194,130.7387045,164.7541831,133.474312,68.60117037,91.00439233,56.49429973,38.9567283,65.46473553,55.87193701,60.95810519,67.652926,58.51515527,61.44382714,50.41029822,61.77343784,54.09452332,58.89749317,51.06604194
4212,1350,104.0457096,30.62679263,551,104.043951,30.62767156,194.6769792,,20.39787898,18.97573444,22.05046015,25.50817562,19.63129202,18.32493464,30.47117935,18.41538992,20.31902754,18.51617239,17.88990747,13.85053607,31.43648445,18.78919906,24.4620288,17.79677819,25.8135221,54.83858569,21.49807132,21.33446347,18.73896056,15.48078219,14.95650987,19.93846729,27.75592575,28.37397268,40.47739172,16.40664358,16.01913429,29.20154688,18.76404619,18.60629536,17.65332809,61.20848254,17.74770435,14.73275436,62.57474331,18.17995136,72.06551415,52.95998428,24.86707718,53.91054809,72.62560882,13.18602305,21.47611211,16.45157571,12.15675846,14.43536818,23.79752547,29.1408368
4213,1350,104.0457096,30.62679263,1877,104.0472428,30.62601943,170.1116038,,29.68021521,23.78259315,26.40611313,32.67387513,20.12587989,20.48927867,11.73183474,26.82611023,22.14834625,13.59382406,22.10836728,22.40767558,25.62350517,25.73116696,25.83973729,31.99591294,16.47717777,15.68250381,28.17259453,26.79850956,25.55222977,28.55019924,17.82829035,17.82829035,17.82829035,17.81532433,30.48460156,27.51131059,26.58763128,14.14322803,17.92395435,22.49409637,20.03768585,31.86273536,18.06494908,20.21127966,20.48166467,30.09345325,23.69059086,27.48250294,23.64485613,27.3393649,20.07874668,23.08772003,19.71250344,22.3504297,18.03834385,34.84835587,16.37437898,59.84382155
4214,1351,104.1026521,30.65777585,1599,104.0999471,30.65896984,291.0021815,,36.48294806,28.25644918,31.22527134,42.27065986,41.01831846,26.22954065,27.46743192,31.91980053,47.1099653,40.60495556,40.35469389,28.91947145,36.29771347,32.85324511,42.78133143,28.59712066,38.58592462,36.65367517,36.64471916,29.3447578,37.12288637,23.10050393,25.93088746,28.82442887,34.68900177,43.28958072,41.73736468,37.98739194,25.24356273,26.32180536,41.55112953,36.90926084,34.57451661,28.5919174,37.28141827,56.17200286,41.35294159,43.10721059,29.94115808,45.01691206,30.95506532,48.95363801,31.68356789,44.4739183,39.66065427,41.852803,36.77537514,40.36160393,31.20976723,45.33697047
4215,1351,104.1026521,30.65777585,1754,104.1082528,30.65517353,609.2264249,,82.10794324,73.665241,92.73636912,73.665241,57.00700952,62.4897069,61.53034965,63.47945382,44.83268867,45.45523585,74.76869761,59.87483291,59.87483291,62.09014958,74.03257822,72.26408994,64.22299062,51.15370565,102.6786109,98.2623266,98.2623266,98.2623266,62.77089667,101.0698216,66.62510362,66.62510362,66.62510362,58.51694583,70.095654,91.95870565,67.35166507,56.52616314,61.36093489,75.79145156,87.61178948,63.57145303,70.46474312,82.71081569,53.65007656,62.10834731,73.73278246,45.18987218,70.57812163,63.84190929,60.75388171,75.89855102,53.31656852,57.45698319,38.68104285,55.85936658
4216,1351,104.1026521,30.65777585,1788,104.1003679,30.65428692,444.3221833,,62.36100818,61.36418899,64.11061563,59.09703915,46.86210527,58.4848212,50.71527774,60.86184178,67.70246678,69.77360348,71.56867382,68.06637702,65.82550864,52.42310069,61.99844418,66.8960908,49.83052523,70.00261969,63.89719814,56.08273989,36.14824542,51.05521417,56.03397504,78.66687837,62.08868937,49.83052523,50.55498925,66.6483275,57.49675988,74.1763433,49.3183924,56.32253028,133.8543816,62.6664,61.20764771,75.64917889,56.40765248,55.59818769,71.40892232,62.51943951,64.59309274,64.59309274,69.6807296,67.39718512,67.39718512,49.59875535,71.30281694,86.37780293,75.68895237,75.6037746
4217,1352,104.1220034,30.60393124,609,104.1246492,30.60216894,320.1338172,,18.93971638,22.24868228,15.52163962,23.60836617,53.13696556,32.03562868,19.30455179,27.67063006,21.72444377,32.03562868,21.45149822,17.70325256,37.45693355,54.88008295,23.43236344,20.25451216,57.4599159,34.54607512,28.45633931,17.18839287,106.2195154,50.54744482,33.89652182,14.80387594,41.77550492,96.8472052,17.64903127,87.30922287,24.86093126,34.92991551,21.04028739,25.69635991,15.56356167,20.87829243,37.41823837,37.29714375,129.8570977,52.86613495,80.0334543,30.48893497,20.66614002,74.99881182,28.1780377,25.61070538,25.61070538,25.61070538,23.38284031,31.76631042,29.74786169,20.83268947
4218,1352,104.1220034,30.60393124,892,104.1173704,30.60707617,564.5744045,,199.776975,195.2905057,193.5683673,231.8404399,361.3276189,215.4178968,213.793954,142.7294843,310.3004361,189.1815488,230.3340726,167.6953677,167.281305,92.66570774,95.50254772,123.3578756,193.2922355,178.0635169,96.00050603,140.655215,147.8158441,56.93187272,219.8960586,286.2630783,155.3195959,127.7277522,127.3186015,134.7790356,133.5685338,166.5957259,166.5957259,64.49718364,107.0847132,167.4310914,107.8947767,135.5543381,175.5153589,85.66777055,133.0584521,78.69309832,162.7834667,113.9701602,213.9439849,87.23038009,78.60372924,55.63324424,88.90935504,103.3583363,147.8926715,84.26483649
4219,1352,104.1220034,30.60393124,934,104.1244253,30.60617433,340.1581551,,30.18039084,52.66964982,61.22846792,95.66948112,99.07519081,38.99902415,106.7495082,113.5174376,47.21989814,100.995411,51.71505296,171.7832767,65.136668,88.73691003,93.09096715,84.54275977,72.13140759,83.68355526,142.1851214,127.0300164,110.6538576,107.8915734,146.948323,109.532143,117.9739266,80.99003693,110.6538576,47.12714308,177.4738201,110.8207564,90.37412239,77.77787035,154.3574822,96.86771454,111.3244871,156.3280032,130.8700078,118.0497454,128.9020377,153.7920701,82.18586298,77.85636247,79.62089456,71.61224318,108.3689698,124.701564,179.0306079,113.4478424,33.31783766,70.62107026
4220,1353,104.036421,30.6870016,1369,104.0331073,30.68902882,388.872583,,111.1064523,119.0876341,88.23159444,82.67369876,134.6097403,87.84571753,80.73479232,79.09272875,86.57645633,136.8020814,93.32941992,136.8020814,153.8397032,65.87959053,94.27214133,107.7799118,94.75068012,100.8461966,159.3429121,87.22375693,87.22375693,87.22375693,95.92745516,191.7727807,106.5607078,136.9973136,136.9973136,152.5925525,239.989937,172.1945017,172.1945017,155.5490332,172.1945017,163.4490717,203.733661,142.5866138,142.5866138,127.0661153,89.73982685,114.5927393,137.2491469,130.8356354,102.8288467,153.2782444,153.2782444,153.2782444,154.4052903,154.4052903,154.4052903,226.3586677
4221,1353,104.036421,30.6870016,1576,104.0376705,30.68553984,201.4251449,,34.12378925,32.49682407,29.08277494,48.66647796,48.66647796,48.66647796,48.66647796,48.66647796,48.66647796,48.66647796,48.66647796,67.29749621,56.48533762,56.48533762,56.48533762,44.62341672,49.85856616,47.70595537,47.70595537,47.70595537,47.70595537,47.70595537,47.70595537,73.54264925,47.70595537,47.70595537,39.51664968,43.22685673,41.28857063,42.23548725,41.75666131,41.99470942,41.87534707,41.9349433,41.9349433,41.9349433,77.47120958,60.05221711,65.32707402,55.56555721,60.05221711,58.86396929,58.28730644,58.57421859,58.43041031,58.50222605,58.48425558,58.47527446,58.47976467,58.47527446
4222,1353,104.036421,30.6870016,1639,104.034529,30.68488876,296.1030508,,63.86246526,79.25434817,139.3426121,139.3426121,139.3426121,139.3426121,139.3426121,139.3426121,139.3426121,139.3426121,139.3426121,139.3426121,139.3426121,139.3426121,139.3426121,139.3426121,139.3426121,139.3426121,139.3426121,139.3426121,139.3426121,139.3426121,139.3426121,139.3426121,139.3426121,139.3426121,139.3426121,139.3426121,139.3426121,139.3426121,139.3426121,139.3426121,139.3426121,139.3426121,139.3426121,139.3426121,139.3426121,139.3426121,139.3426121,139.3426121,139.3426121,139.3426121,139.3426121,139.3426121,139.3426121,139.3426121,139.3426121,139.3426121,81.57941193,91.01139662
4223,1354,104.067618,30.71452282,521,104.0645697,30.71476468,293.1300936,,47.7977606,47.7977606,35.68109339,55.44317008,43.71149479,43.29305998,57.72802719,36.51447533,25.75919455,35.83254115,55.98240514,43.54614871,45.09693748,61.23413949,37.99345948,61.71159865,47.96674259,52.24100678,74.21015028,46.59021355,32.9428201,44.85731507,45.43674217,58.23062559,50.43098385,47.70652518,41.54599752,77.73615742,52.88681944,27.8068073,45.07967942,28.91146129,45.07967942,44.49675423,35.97505695,58.41979144,64.64949606,49.79848053,50.81548973,41.79280542,50.81548973,42.29532413,38.86807871,32.55744966,54.32526831,34.87337531,35.53092044,57.22713324,171.1245952,44.43235103
4224,1354,104.067618,30.71452282,1430,104.0719539,30.71412139,417.5756659,,48.83925917,35.65072879,48.83925917,48.83925917,81.40464244,48.83925917,48.83925917,45.34758363,46.17284488,46.59684288,46.38387495,46.49011502,46.43693422,46.43693422,44.47551471,78.46571888,99.14409875,54.22082587,72.27271141,64.02352629,64.02352629,57.90725721,42.99158428,52.85767923,50.81075219,56.00865862,59.95647705,100.1069299,66.87154792,66.87154792,66.87154792,58.00407963,58.00407963,57.01412378,42.62011657,56.05739206,62.70760854,59.1963117,62.89842666,55.95306689,34.37360665,50.99295784,52.03271356,51.50758898,50.40309798,69.38180294,58.75983312,58.75983312,58.75983312,58.607111
4225,1355,104.0491177,30.66265943,1270,104.0495264,30.66355098,106.2880955,,16.3055601,12.19560618,19.72356411,30.6109715,31.54840997,19.85699198,17.26368036,23.15838322,24.60689028,32.25117408,30.10915231,22.27872744,22.31120372,11.48198481,21.13530828,18.11300089,11.67169732,18.04892188,14.09117845,21.28225133,21.42000455,22.30397858,24.14114472,12.04524062,17.45541048,16.58831548,15.24450772,20.51536191,21.76135415,19.95500098,17.70102438,29.73863811,34.54962924,26.97341396,22.90668857,28.34349213,19.09605209,18.94243286,11.39366185,17.33350595,18.19464352,15.66579913,21.95909003,12.21902942,16.46341242,14.812955,15.49922608,21.44376287,12.22971295,13.75403105
4226,1355,104.0491177,30.66265943,1825,104.0533352,30.66116566,436.6823745,,83.21762286,84.97602963,77.82458159,84.97602963,84.97602963,84.97602963,84.97602963,95.30824478,78.99781649,93.85412228,52.75357544,89.74633004,76.68568528,70.71779344,121.6291333,82.2527952,109.550979,75.18204439,81.24323247,91.93313147,52.4455896,52.4455896,52.4455896,52.4455896,52.4455896,52.4455896,52.4455896,52.4455896,52.4455896,52.4455896,52.4455896,48.0751238,50.16534657,49.09799877,49.62593424,49.36055492,49.49288884,49.42663329,49.45973889,49.44318056,49.45145833,49.44938863,49.44835384,49.44887122,49.44861253,49.44874187,49.44870954,49.44869338,49.44870147,49.44869944
4227,1356,104.1233143,30.65993161,534,104.1203144,30.65880798,313.2438909,,65.30953709,42.26679188,48.75566955,40.64925228,48.33596259,52.67472203,57.53459221,55.69926359,43.02062021,44.41316459,42.71591875,42.42191412,42.47374792,43.92302865,46.48421516,46.50817919,42.1209224,49.5784794,47.01617281,46.17540759,47.63159481,45.41366251,49.37834733,45.91834438,49.33334338,50.08722114,49.33334338,71.75322441,56.57247529,56.57247529,49.33334338,49.86967417,48.82466044,43.43487751,43.41397525,46.73505814,46.46386515,42.54585954,56.31350848,53.93438059,53.69895273,52.98927494,52.55453599,50.27613547,53.88538654,53.75528112,53.78774854,53.80399696,53.79587152,51.67830352
4228,1356,104.1233143,30.65993161,543,104.1312323,30.66411971,889.3523211,,99.02067081,188.7034394,359.7380175,107.2585714,237.160619,107.78516,164.1881208,185.3736848,87.0018575,126.0111769,132.0970709,67.83195669,67.19136109,114.3452984,188.3334327,136.4771379,114.3452984,101.8018555,129.2298025,123.6165388,141.0426589,126.9653102,114.7037476,117.9251696,196.4213715,176.4004604,126.7217556,134.1129951,85.83561276,105.4047195,129.1863493,114.3452984,117.0628284,140.732675,86.12423284,137.9716461,114.3452984,70.52132943,142.6132898,249.6427568,128.5810585,127.811112,114.6181989,99.9896426,140.2990584,57.68771813,120.6355824,140.4162322,140.4279603,139.5062464
4229,1356,104.1233143,30.65993161,570,104.123888,30.65480711,570.5966595,,109.069804,90.25585181,96.5238402,78.42753957,90.79107068,81.90654822,171.1789979,109.6002254,85.60696214,95.12008563,103.0953487,93.02178245,89.05587519,70.13736148,65.41872529,112.2708904,146.220048,112.2144568,121.6015573,116.3946864,123.2864423,70.99564213,94.3080849,75.65922557,122.8624137,121.3166385,104.4175073,147.961068,103.6140214,122.8807948,117.7440752,263.3523044,95.39382679,106.8014807,118.2437355,212.865075,97.91759351,94.62485997,86.25437641,122.8802383,90.89150328,93.86814811,116.5621685,111.7396904,77.00690945,86.32432347,86.35421062,86.36916195,86.36168564,86.36542363
4230,1357,104.0558211,30.72479253,339,104.0469719,30.72484761,847.3250267,,77.50525707,109.6574532,94.03061976,87.95761523,187.1392697,132.0506535,87.2365137,142.6072976,148.436501,109.8222465,90.64992856,83.62906364,91.70597809,247.9975688,99.27974275,112.3318025,109.5644955,90.92012209,92.34935084,171.610132,101.2151007,111.1245937,123.546784,124.0996784,143.5655948,130.2359269,131.6943377,112.2491296,104.1353438,124.1565035,97.35920569,95.0883322,112.7916587,115.3020619,115.120184,117.5603238,109.084346,131.5306989,115.1769592,117.6840315,107.5650041,115.1805095,118.6786789,100.4237069,111.5308993,119.6223567,113.8804836,104.3158707,86.94424215,96.37820209
4231,1357,104.0558211,30.72479253,907,104.0579489,30.71528136,1073.645512,,115.5492928,106.9694934,115.5492928,104.8453504,117.1249649,144.7950866,109.1309333,110.039113,137.5386941,91.62679993,102.7821791,124.9501243,465.6775715,137.304577,202.0558837,144.4636084,263.5311711,188.8881536,179.1067583,141.3724888,187.0824706,198.7210202,125.4401247,106.624106,155.6007988,206.9678095,118.1192346,148.5083556,117.2137633,227.0263638,131.1607974,124.777363,153.0108985,109.2871963,140.1676824,149.1901054,149.9563082,255.9684664,192.8597539,133.3951283,132.8221252,131.4667974,145.6966446,193.9106517,143.1527349,124.2805094,116.4851789,138.3695887,132.3672549,193.9273594
4232,1357,104.0558211,30.72479253,1684,104.0587728,30.72356968,313.437054,,27.73779239,21.49282656,24.50322246,33.29938347,28.20391103,38.38004743,32.01664791,35.85932397,34.29706366,19.09261243,49.78117916,25.32824679,29.1193134,29.1193134,29.06306232,27.77534509,29.00702813,29.00702813,29.79203682,41.35399874,30.91433957,30.91433957,24.12085067,24.12085067,20.41381084,27.27139371,32.78963732,31.36860112,34.0384131,30.74586906,33.76678487,33.76678487,47.0155581,39.23639738,21.45196567,46.8204728,37.36335743,37.36335743,32.83336744,34.95219601,45.56016397,28.80340509,32.65914311,25.76194964,34.71918137,32.45561057,27.65621065,29.46144633,28.53030074,23.29424844
4233,1357,104.0558211,30.72479253,1699,104.0558705,30.72777242,330.3006646,,24.77254985,22.44257426,22.0711349,28.03888527,37.35337359,38.14217779,28.80529052,26.73296746,32.37066405,28.70792836,31.38524703,42.89619021,30.45805309,29.45703697,28.31148554,28.31148554,28.31148554,26.07636826,28.31148554,29.32385678,29.32385678,29.32385678,29.32385678,24.02186652,25.29962537,25.29962537,25.29962537,25.29962537,25.29962537,25.29962537,23.0107865,25.29962537,25.29962537,26.19124213,25.73771412,24.96906564,28.58371136,20.46613412,25.2102274,25.2102274,25.2102274,27.91273222,49.44209532,27.91273222,27.91273222,26.04780707,40.30787771,24.08674664,30.79384665,29.30063099
4234,1358,104.106758,30.71287932,859,104.1071146,30.71525519,265.523103,,34.82270203,34.82270203,31.01251264,47.71463416,34.40594514,34.13868467,45.94487723,33.74697867,34.92680577,52.76957569,46.40209567,30.07577034,68.39951133,31.88325292,31.39914437,31.63934694,31.51878802,31.57895241,31.54884153,31.55636386,31.56012638,31.55824502,31.55825297,35.93264156,33.49685157,38.63455003,38.63455077,84.34263274,38.63455058,33.25292953,33.10179079,33.10179077,33.10179078,30.70930732,40.0090619,30.70930732,30.70930732,28.39256943,28.40938037,28.39256943,28.39256943,28.39256943,28.11507228,28.39256943,36.57716215,36.43966131,36.56987382,72.1421261,36.33925072,30.24442021
4235,1358,104.106758,30.71287932,999,104.1116379,30.71228749,471.8861878,,89.50422951,89.50422951,89.50422951,89.50422951,65.59035815,73.7002289,96.52217478,64.29940485,75.89885348,75.36048913,64.87027307,60.5090036,75.62871325,72.11632905,68.30165704,68.63799095,74.75424757,68.63799095,89.57433695,89.77140216,63.56558563,89.77140216,77.21773982,58.98577348,107.5183719,60.62777573,58.45071329,73.7002289,81.98794769,64.02475916,56.68933067,61.99964511,74.011285,72.28894792,74.46496878,59.19129882,52.43179864,51.47849321,64.34811652,85.70364887,70.29477003,85.02453834,85.02453834,85.02453834,70.29477003,87.51012369,48.7457755,56.72087733,68.49960791,76.6371553
4236,1359,104.0101395,30.64049511,712,104.0085096,30.64330149,348.0515964,,37.48648458,48.08387901,43.10730781,44.6034677,41.42101643,40.11158854,47.52158332,48.93679076,47.42949969,39.27855006,37.1943821,40.84713112,32.26226578,39.76154691,33.95625331,44.18079472,38.29199112,40.97211964,37.76325811,33.89463764,37.39922351,34.32537659,38.57533805,41.01426341,32.45592604,41.65804609,39.66171293,31.30714997,37.12458383,37.08720647,33.93186858,34.04852573,36.51890315,42.82247939,50.7281679,40.74750397,40.74750397,50.7281679,50.52361883,50.7281679,38.49418578,46.5793958,56.88925072,55.19761,45.79207847,50.7281679,50.7281679,48.74986341,49.06679381,48.98717552
4237,1359,104.0101395,30.64049511,1345,104.0110177,30.63872881,213.0852745,,25.15104879,25.69872657,24.84557047,28.67383413,30.27555948,26.5418544,26.68861291,35.23999248,30.79172983,30.52284231,30.81782343,31.97278267,25.53476798,27.97897554,26.65880063,28.91287111,25.50149843,26.89674196,25.28924137,23.08659203,28.65891867,27.38619873,27.59366347,27.40095955,28.29608957,24.1350589,28.60338339,32.75901729,25.04839145,30.73326066,27.81172558,32.82738975,28.30420527,25.10731679,23.53252979,26.45984006,22.76281864,27.42787269,29.36341524,19.12388877,25.48104927,23.6005688,26.7984974,31.72922879,24.07672367,21.5035904,31.2785724,24.2244312,26.63153116,25.96841531
4238,1359,104.0101395,30.64049511,1861,104.0136529,30.64204591,378.0341955,,63.15188417,75.71199465,94.50854888,84.07246973,88.98557279,86.45927997,88.98557279,88.98557279,99.72415691,99.72415691,99.72415691,70.06039144,99.72415691,99.72415691,45.97713189,62.93740779,62.93740779,62.93740779,84.42451016,77.78543907,74.84265789,74.84265789,74.84265789,53.53749425,74.84265789,172.2687473,126.0113985,126.0113985,126.0113985,65.5550628,92.37034643,92.37034643,92.37034643,92.37034643,92.37034643,92.37034643,92.37034643,92.37034643,92.37034643,86.13437366,101.9418055,79.40041446,81.98331951,80.67119762,81.32196617,81.32196617,151.2136782,105.7643757,105.7643757,87.80149057
4239,1360,104.0682796,30.6717139,1321,104.0681003,30.66950393,245.5339831,,20.9212388,75.54891788,48.47837327,30.37533812,38.34804074,25.82680319,32.22074141,25.98243207,24.11323606,27.16974403,37.87562246,24.28358075,45.62179815,46.41752719,37.50399742,38.20301844,34.59578627,34.46090991,24.44024901,42.42827229,37.07363456,29.07639274,30.88837527,30.14741948,32.14263051,38.18239046,45.02151134,39.54909795,37.22048474,33.01297252,33.39756949,32.31891551,33.10570559,29.07639274,26.83974714,22.74242725,23.4151613,30.51954559,35.90261329,31.82438665,31.13968985,42.37403352,28.66155445,34.09536506,24.9695576,27.81379293,39.41682672,26.22914953,50.94653252,22.34949024
4240,1360,104.0682796,30.6717139,1757,104.066047,30.67201962,216.5569085,,21.44717663,22.48319742,35.76169131,22.48319742,27.6129234,65.51301434,29.69923317,30.87544042,32.11554565,35.4567309,25.98682902,41.3035693,40.18581807,40.18581807,27.18761537,38.88303594,38.88303594,58.61690756,51.49305618,51.49305618,51.28979412,51.28979412,51.28979412,25.77206184,34.30604491,34.30604491,37.73042326,44.17024763,41.91424035,44.54884975,31.82060696,37.12404146,34.26834596,35.6390798,34.26834596,34.26834596,23.76844118,28.0685822,27.89283974,27.89283974,27.89283974,27.76865078,27.70697008,27.73777614,27.72236455,27.7300682,27.72814188,27.72717883,27.72766035,27.72753997
4241,1360,104.0682796,30.6717139,1800,104.0683853,30.67345172,192.8683508,,35.21943798,26.38850289,45.0196681,26.67065543,36.92171639,26.9955701,38.65419974,47.52945098,23.80546501,25.38514641,27.54286288,31.44134969,26.45051668,26.70484857,26.70484857,26.70484857,26.70484857,47.74344245,34.25146188,34.25146188,28.16738592,30.91291105,29.47635473,30.1775463,29.82282949,29.99913937,29.91072462,29.99913937,29.99913937,37.53113853,29.99913937,29.99913937,24.79735939,27.15134934,25.92102033,26.52192403,26.21802953,26.36910124,26.29334839,26.33117033,26.31224577,26.31697436,26.31933929,26.31815677,26.31933929,26.31933929,30.28850368,32.75863415,31.47518016,31.47518016
4242,1361,104.0202459,30.68950455,956,104.0220874,30.69179222,308.8625764,,32.65935612,44.23397732,31.0335232,61.68683911,46.71870904,82.9780056,29.23502038,29.22221485,52.49788834,64.64565553,48.41387264,32.2486122,30.86482373,53.09958334,40.46970974,34.96557469,57.3147049,33.85940611,41.738186,42.54739573,40.98770213,40.43291909,35.36875626,33.67369095,39.71090268,38.07894778,44.92546566,42.34206113,33.87373267,37.31225755,39.14776518,37.94968273,38.96864282,50.72560561,38.24813903,37.81301719,58.00236177,24.79164493,37.81990731,33.34048801,42.64939524,32.88039256,40.72913095,64.68482997,44.22853123,43.41236943,31.30290511,35.79094233,32.57534986,39.53440978
4243,1361,104.0202459,30.68950455,1061,104.0180424,30.69090113,261.7396422,,41.32731193,41.12119068,41.32731193,40.59290089,38.42049794,38.56464033,42.8544724,35.75949571,29.84204947,34.03206183,28.50590567,34.56576346,29.65577147,19.17116403,21.53743342,67.30447942,31.56659001,39.31555126,40.56142791,27.96031786,96.4303945,22.67780293,23.64523744,41.81639255,39.42521807,40.47906638,42.65776865,41.54597495,29.31744592,45.25757502,42.8544724,33.74866447,60.01673324,28.94181212,47.7497996,39.56316495,32.94624867,45.93202636,42.76532733,60.49840847,72.20403923,19.53888464,89.7393059,30.70926818,26.35699893,52.58162455,20.1985576,74.38916145,41.21884129,62.81751413
4244,1361,104.0202459,30.68950455,1465,104.0221166,30.68845756,213.477024,,21.42706189,33.41379506,26.75430066,29.28800634,27.96387834,30.67933279,16.70689753,17.13527952,17.13527952,21.86393418,26.21434746,36.42262021,32.72607324,34.23239583,18.97573547,18.97573547,14.72255338,18.97573547,18.97573547,29.01629452,29.01629452,30.37617733,22.77088256,23.94134849,56.508624,26.22925892,29.00065232,22.94081452,27.47975994,27.47975994,27.47975994,28.04807615,27.47975994,16.61658998,20.71009979,18.43888321,19.50860952,18.43888321,18.43888321,13.94768215,15.88187443,15.34971954,15.09679495,15.2222067,15.15924145,15.19065883,16.96666477,19.26108487,19.21293216,19.21293216
4245,1362,104.0825614,30.68754155,126,104.0853272,30.68633229,296.8924869,,49.0281171,78.70024718,49.0281171,72.65633667,56.8750241,109.0625462,63.17328129,44.06113379,80.51321679,62.21262822,58.3547302,51.43469455,64.7765426,170.3287574,106.4554734,64.60872773,71.97393622,77.92074988,61.51441455,72.15614871,65.81360547,55.95879334,43.27177947,56.70095241,75.32182136,48.33133509,61.42603177,62.35781522,69.32305463,49.79908924,47.79244912,85.23229289,63.61981862,60.6705555,78.91558489,65.84063366,51.66467446,50.65464231,52.78088656,74.70733592,48.49423561,68.75095687,50.17901187,81.27855155,57.5514667,71.49250521,58.99118154,68.57644975,61.82193579,54.15710095
4246,1362,104.0825614,30.68754155,648,104.0810477,30.68827702,166.3330078,,31.296106,42.16893155,42.16893155,20.17856202,31.68247768,23.62125555,32.07850864,24.19389204,37.61012815,38.88304078,37.73942193,41.43936527,44.54795992,48.16076367,41.35351023,37.79613884,47.90390625,39.78729755,21.65637715,41.58325195,32.90103451,38.14005274,29.18597049,29.18597049,27.46783615,29.38168931,29.92747163,37.15401208,34.74654709,39.05209749,48.29022807,34.02266069,37.80892364,33.95834564,37.71961122,58.56223258,43.77184416,46.17985819,26.1294034,31.26886831,49.48750645,41.12629314,35.15453003,35.71364779,50.69196428,26.49552337,41.51358216,39.07333299,41.54718668,40.89981323
4247,1362,104.0825614,30.68754155,831,104.084873,30.69103796,446.302781,,45.37164484,56.49707912,55.73623999,67.60266528,52.51693603,46.07865694,63.18443865,56.27635767,41.55232788,52.93871537,55.64294412,49.31017939,47.74237357,59.67279523,55.14954274,39.96741322,54.28006796,43.07479924,53.79542449,39.31541627,43.19059171,52.85164512,51.62056262,58.37960074,44.75459642,42.48005319,66.47293792,50.6842275,40.82037631,49.51278926,66.20975322,64.04800729,49.41127662,49.53186934,40.06708258,46.16925321,47.81815511,63.00745144,59.95111984,44.26143283,51.66205825,45.38672349,44.77018493,41.84088572,43.13261776,59.20800712,51.16847171,42.59517528,47.84663525,59.1782693
4248,1362,104.0825614,30.68754155,1076,104.0809578,30.68481948,338.5388773,,39.14582308,54.31277867,39.14582308,50.08691907,60.46461809,62.24015108,68.29268971,61.77351424,66.10522455,65.74752516,64.82659353,67.4641549,83.6800364,31.79321631,56.58031375,54.4386918,79.22722394,66.89226789,68.86334361,54.60304473,55.90550267,56.0297276,60.36923958,38.75166799,54.48650261,67.58736789,67.68779872,50.26364487,70.24436164,70.34574074,56.39051282,61.37978932,69.53053782,52.06297269,43.44883987,65.20594995,45.11252621,41.65208333,34.92091571,42.0835621,52.49536108,66.50695543,52.39638686,52.39638686,52.39638686,131.0473073,114.9754678,55.4161627,53.0550126,54.31558824
4249,1363,104.0335172,30.66419865,1305,104.0265248,30.66499141,675.6650836,,91.03272084,91.03272084,90.11649153,92.12411482,98.63390537,74.53710831,73.42461414,78.95247935,90.81180888,67.84364744,88.75326982,68.01521988,87.82197634,74.22078571,103.5061405,97.66200456,79.18418854,95.53370591,124.5059903,78.2120354,89.42626106,71.49771438,105.5323934,82.91075589,76.29281018,98.73517601,102.4389119,81.52983133,93.44304348,98.18839381,81.43910018,95.4503977,101.9159623,105.7980914,84.11859425,90.59732239,107.7572002,103.7268359,77.41704073,95.98048394,72.2096164,95.47610971,66.94663214,82.15565793,91.68201193,133.6799736,91.58111073,127.350487,86.19616832,80.23920881
4250,1363,104.0335172,30.66419865,1427,104.0314734,30.66097788,407.1407467,,44.97182372,41.99732631,48.39978057,66.92724603,47.24276191,49.10788546,67.62199253,110.2035104,67.85679112,70.80708638,47.58787948,62.57532659,54.58870347,78.70739973,57.45269696,53.10531479,46.1095301,53.3226626,56.97596455,56.97596455,61.6130789,45.94691812,53.95239342,51.2484856,51.2484856,51.2484856,50.49807711,49.76932727,40.99878848,46.29156536,51.86047548,43.26809411,88.29558362,52.69167242,85.46394683,63.45050598,42.90710445,60.23452144,55.51919273,55.51919273,55.51919273,55.51919273,50.7164944,80.44493349,43.03307951,40.43328795,40.65760577,42.3920951,85.96520165,62.17207585
4251,1363,104.0335172,30.66419865,1763,104.0378879,30.66164635,505.3501363,,46.84288357,43.68555074,44.95701377,60.02921809,50.9472681,44.22837498,34.65258077,73.85048294,80.94596177,58.13426379,232.2460201,119.2468982,74.37696201,56.3029367,87.21983976,55.50088202,57.75430129,51.92031442,48.63249252,37.1783479,57.84612053,37.917059,53.19475119,46.17412413,49.31460177,49.31460177,49.31460177,48.88295093,65.80685759,58.9848237,57.58975912,62.99863184,41.63067484,44.69927496,46.69123985,50.65350136,48.02271423,66.8027108,48.64332863,43.47617375,38.48929106,98.60490464,50.08287655,59.14157275,59.14157275,59.14157275,59.14157275,47.62619437,39.8642737,46.27479446
4252,1363,104.0335172,30.66419865,1863,104.0349573,30.67009888,668.3247262,,73.63332867,96.36725023,55.95276777,78.11587709,106.123397,139.8819194,119.699951,71.69156777,79.31765982,129.7018337,119.5017723,143.2124413,132.6516341,205.6383773,134.2242128,90.79128356,147.7349394,78.75512322,69.53667671,99.15945733,114.1622308,114.6381901,75.510993,83.29956196,120.5999506,96.94972521,90.51802161,92.14741533,83.39580639,93.83654502,92.41878417,97.80361847,82.18510724,89.31671515,61.8501032,97.80361847,142.6463842,239.3999019,74.79696417,127.9770752,80.50565534,98.75706575,91.74848193,125.9669641,77.10066272,82.86919683,98.83675529,65.96213884,67.77377505,78.29745746
4253,1364,104.0726607,30.64669137,974,104.0725542,30.64772127,114.5981634,,50.24330845,41.71419497,32.70387988,39.49597275,36.79861739,37.00030388,35.93101561,45.23089657,39.55991394,40.79934612,19.14804755,23.34578592,54.11381107,33.54092587,53.20149203,25.94675398,26.46886713,32.1804515,23.64202798,21.20007134,16.8230679,21.8282216,20.35625271,36.3305332,28.79953845,22.30018315,26.41494337,13.39459053,15.45143776,15.82685632,14.15805421,19.41427709,26.08345974,21.54325787,20.9064217,10.66029427,19.55229328,24.7037957,23.20975461,22.06167852,14.965661,18.5167589,17.88203277,21.74194404,29.05305551,18.81657415,22.543901,15.69638763,12.48900267,22.01123261
4254,1364,104.0726607,30.64669137,1758,104.0729416,30.64481732,209.4380693,,33.96293016,31.20358079,19.52296866,38.76488686,26.78426464,29.27118924,31.70635195,16.97721653,19.57365134,19.4952049,21.75352134,17.29305159,18.71574236,26.28013417,36.73221523,28.14397348,21.76428597,32.9008167,23.58143399,27.474437,16.24950538,26.28624229,18.58142491,19.62459785,45.72637092,28.32725295,38.51445264,20.30458841,19.65056464,31.94818006,23.78476497,19.08802657,20.56674985,20.84729169,20.04103263,19.5415218,18.17785546,19.5415218,19.63908095,23.19929383,19.7376191,41.02160226,23.881626,19.36111279,27.25875089,17.40281707,21.04905219,19.71468171,20.48850678,42.90054336
4255,1364,104.0726607,30.64669137,1786,104.0774485,30.64502758,494.4690868,,83.65078536,81.79187903,77.02164508,88.95501618,82.55933853,68.39918204,98.1151259,87.98630835,106.2105437,61.85636452,84.91776804,97.56880887,107.666656,87.25925061,61.36992114,90.58975636,98.63505257,108.248638,123.6172717,40.13728777,82.90499659,67.04665584,53.32267736,65.99031372,54.57046942,54.57046942,54.57046942,50.8596775,60.87160764,68.81786259,136.4052653,182.2616429,53.77911518,84.04573713,53.9420822,53.9420822,53.9420822,64.03196807,58.55554975,49.72314839,71.34624098,71.34624098,67.42760275,71.34624098,75.70013661,80.6199598,73.92394985,68.25493529,62.34986734,48.37197588
4256,1364,104.0726607,30.64669137,1828,104.0717397,30.64705553,97.04557151,,28.00513486,31.1468699,36.20352927,36.91647101,28.53615406,36.26616513,32.68903461,33.77829286,42.31052599,32.88132305,30.91717322,37.16638909,25.07397542,31.56904133,33.13751223,30.64596995,59.21424702,32.3111267,23.32203321,22.51782517,21.49932661,21.76723099,29.65739027,40.28910053,31.83271594,24.37423657,31.83271594,31.83271594,32.80413685,32.3111267,24.62044098,41.02122005,31.66441609,26.97791949,29.13390332,34.4389542,24.13568618,36.26616513,20.3908983,34.87827527,28.17452076,26.51719601,26.51719601,26.51719601,47.21135911,31.33309932,31.33309932,25.78332527,25.92683172,16.32542324
4257,1365,104.0101791,30.70649574,494,104.0047257,30.70354332,616.3124407,,65.77247392,58.28204988,69.60705213,95.00761832,81.20751978,66.39182203,89.62532799,69.63360089,169.3683043,62.99616089,76.31039678,77.63434155,85.22630423,89.1382284,122.2437899,75.05488629,117.7042327,89.26801143,98.82961187,83.40156134,119.3397465,88.82187094,82.50603482,100.5624307,102.0743314,97.39792742,101.3116341,164.3499842,104.7097489,105.8846587,134.6184606,99.97070286,96.03570021,112.8644744,96.2989277,98.32860455,97.23169745,86.45977747,90.78964322,81.4024228,86.44182893,88.67496624,74.57898442,110.1529296,73.9328486,82.97783746,112.0568074,67.41754132,77.35368815,75.55325536
4258,1365,104.0101791,30.70649574,674,104.0182871,30.70949657,844.7026092,,92.63359662,96.2065719,99.62094654,101.3025065,99.91106129,255.5402851,93.29955602,107.7388625,110.5792507,86.68555853,110.5792507,124.4370084,105.420057,111.4237924,115.5758638,97.38950405,160.7742127,116.6020327,145.151761,133.5972056,126.2927405,128.595097,100.4159403,126.5406249,116.7362852,133.4911937,143.2036446,234.368354,176.524539,127.9717788,159.7686196,155.1494588,124.5006916,130.9334507,132.1927683,135.6296329,132.6468656,121.5035219,141.6857026,146.8638696,132.5384644,136.7766401,171.3954039,208.5208727,172.65989,120.7175021,303.0826639,124.3733903,147.1332694,110.9413509
4259,1365,104.0101791,30.70649574,1606,104.008411,30.70810933,246.2823304,,78.97935502,41.90058551,48.71518623,64.26619233,90.88322898,41.86101933,79.56813753,68.03883382,60.72714996,78.68151052,102.1709027,74.38056958,71.69404764,53.62599131,69.36851947,109.4588135,69.67384214,52.49702306,69.98186437,84.73310415,42.9205721,66.26430414,56.05583072,44.45784188,78.61623156,48.44898303,70.89386422,50.75302978,45.74117229,45.84958704,55.36409213,58.4839307,57.72242119,84.00327552,84.09640553,79.2724826,75.04612731,49.31125636,64.07345181,64.59864404,44.63770368,85.5256967,72.97254234,58.00294135,58.71631718,63.58929024,81.14243952,76.03914146,72.45077748,51.80108057
4260,1365,104.0101791,30.70649574,1630,104.0156181,30.70091315,808.8014416,,120.7333181,113.7377027,113.5336969,130.2913162,121.2349729,127.6180332,127.6180332,134.1307508,125.6647055,140.6611203,108.6449698,108.6449698,108.6449698,79.40959608,90.28481209,90.28481209,90.28481209,90.28481209,90.28481209,90.28481209,90.28481209,90.28481209,90.28481209,90.28481209,85.38666246,90.28481209,98.20186137,90.28481209,76.72424742,90.28481209,101.9854707,97.38077558,99.62994661,97.38077558,149.3171892,119.5763938,119.5763938,90.84821185,103.2512479,92.43445047,92.43445047,92.43445047,92.43445047,92.43445047,92.43445047,92.43445047,92.43445047,92.43445047,92.43445047,92.43445047
4261,1366,104.0787152,30.69703746,22,104.0773952,30.69705062,126.4330825,,52.9254764,19.69320052,15.0851162,18.6888767,70.75011871,21.24429858,17.90609248,15.93322393,16.6724944,18.02610285,28.38830127,18.42749381,20.19936821,18.3531894,22.66728571,21.30333641,54.18560679,31.60827063,25.09541335,21.4336608,55.84774196,18.53253652,56.89488713,77.67220085,50.573233,17.9620796,15.09648746,16.43833015,15.09648746,48.42118053,12.60828524,17.17581498,15.97049463,15.97049463,15.97049463,13.5464017,16.05310711,22.42163039,40.0433223,12.78536789,31.94098926,59.30411687,23.88033038,63.21654125,12.14255748,12.79435269,31.3182865,24.34005866,26.93249095,22.98783318
4262,1366,104.0787152,30.69703746,585,104.078009,30.69128293,641.3544503,,109.0807569,131.2234169,109.0807569,98.45953182,164.0409251,75.45346474,67.51099477,94.22381312,61.08137622,108.9863593,117.4178893,113.0901131,140.2719332,124.9053839,137.5217762,154.1648801,134.9430755,134.8642536,135.8162365,104.4740281,281.5702465,136.2168744,159.3527182,144.6437601,166.3455347,113.8358694,150.9468625,129.1420867,70.05439256,140.0875329,98.72265189,120.6466895,81.01319372,90.13368173,81.01319372,69.51305197,182.3756731,129.5907963,108.9092463,105.9117441,88.30479427,100.0596325,87.45466449,121.7199879,72.18997461,65.78329034,65.77994362,100.7143303,96.60569126,61.98324889
4263,1366,104.0787152,30.69703746,964,104.084483,30.69566169,573.0752289,,41.32340158,72.95158501,62.93047761,38.45425581,55.98563973,56.0109726,66.17709139,44.10627096,75.50121954,56.02364763,72.00945285,58.98701427,88.44890993,99.8260076,82.13951521,61.98792424,42.52000874,73.79405093,98.00811516,84.90003391,90.80417359,64.02081688,114.9760818,72.00945285,134.8412303,52.7302447,102.8108384,111.776283,35.38714964,99.74556766,63.92163669,38.74311407,57.95142764,146.576968,38.50209936,38.74311407,59.15615266,35.23605165,118.5672887,106.3438569,54.26753592,46.5704475,47.08057563,52.86536384,43.61671932,46.86134751,101.7683607,133.1013435,93.98955918,67.44816752
4264,1366,104.0787152,30.69703746,1182,104.0771725,30.70831924,1259.065087,,251.8130174,241.7404967,201.0831157,163.9140878,251.7693075,207.1765434,185.7931912,178.1549983,165.9545744,183.8086161,200.5129729,201.7200744,184.7541161,208.7112213,174.4159428,170.4469343,197.3499211,241.4199969,218.9300151,204.1727168,224.9446309,180.994582,244.4328,222.7703627,293.1372232,170.6028849,183.9120189,260.8174286,170.4798989,273.0502598,180.2688268,174.8364248,172.8034431,196.5060677,150.1493768,157.2466371,184.9764204,223.2824785,223.2824785,213.8035053,173.3541935,175.1460691,224.2953063,207.7403295,160.8743323,153.4189258,138.8249407,197.7157825,189.9116109,197.7157825
4265,1367,104.0304595,30.65771852,1029,104.0316515,30.65804403,119.7730366,,19.24923803,19.24923803,20.38689985,14.32501434,18.5854712,18.46607845,13.49291396,20.38689985,28.61833617,15.56265939,17.22363477,20.19592186,20.29096149,10.38995016,13.28760961,14.59781402,17.00918863,17.57539124,23.58768773,13.94183045,18.17374336,14.79491295,14.85809627,18.34922556,14.8422499,13.32868413,17.92791593,17.78073945,16.99801308,16.99801308,20.25918242,19.90075069,22.27376316,19.82450261,20.25918239,20.25918239,19.24923803,19.98916431,19.6122247,14.04504664,19.98916431,20.86369024,14.09094548,16.8981587,18.27046321,16.64798964,15.71337227,21.07494425,18.87015019,20.80019671
4266,1367,104.0304595,30.65771852,1399,104.0299614,30.65658206,134.6960658,,13.80269239,20.96890105,16.78600907,17.07916067,16.93131605,14.22011252,14.22011252,14.22011252,14.22011252,14.22011252,14.22011252,14.22011252,14.22011252,14.22011252,14.22011252,14.22011252,14.22011252,14.22011252,14.22011252,14.22011252,14.22011252,14.22011252,14.22011252,14.22011252,14.22011252,14.22011252,14.22011252,14.22011252,14.22011252,14.22011252,14.22011252,14.22011252,14.22011252,14.22011252,14.22011252,14.22011252,14.22011252,14.22011252,14.22011252,14.22011252,14.22011252,14.22011252,21.08286247,16.98444262,18.81302956,17.85203265,18.08295861,18.20067654,18.14162661,18.15635314
4267,1368,104.089307,30.65441059,471,104.0934433,30.65227021,461.9066001,,39.43105123,34.2799607,50.51738006,65.06955749,60.16941237,70.04808726,55.86544144,34.32123344,46.50984522,55.55549753,64.71685987,37.20053155,44.37530656,49.48999287,35.83758104,80.47481267,43.16539314,38.95597832,57.81131911,67.05095808,45.20698941,36.76868459,31.22162524,65.43845144,41.33049943,45.59360095,45.30963925,46.10778654,43.0422026,94.48089548,39.59199429,49.15240765,55.80079733,48.36249425,28.78587006,61.19605676,37.52432728,36.47630952,40.06900627,31.19819438,30.15165477,58.45797814,75.14070313,88.56797658,45.66216275,42.77157429,41.07029483,46.84123269,58.2056884,29.58247449
4268,1368,104.089307,30.65441059,669,104.0872745,30.65548692,228.3722807,,22.58626952,39.04329357,32.62461153,22.79922935,38.08408619,36.99168551,27.71259136,42.81980263,31.37939735,33.64256616,24.87564933,25.79937899,25.69188158,39.80237705,38.55288209,29.02525015,33.54761468,33.93767639,37.50639647,71.49045309,30.05997113,38.78019861,37.12828893,42.81980263,32.95151144,34.17041606,44.95448201,34.92895212,45.06935827,14.17483122,45.84424967,30.0489843,45.31618714,43.27382236,31.10240393,41.52223285,23.62471869,37.24304464,33.83293047,28.00205077,20.28306441,44.92876347,48.297266,46.13905093,21.40990132,62.18912334,47.9848372,24.41396319,53.55962284,19.83450448
4269,1368,104.089307,30.65441059,1488,104.0879327,30.65204871,293.0218828,,44.20294722,41.86026897,23.62550455,23.62550455,23.65788438,23.93824761,58.38812424,58.38812424,58.38812424,58.38812424,64.71648945,61.38964762,61.38964762,51.33230064,55.91230272,53.52450461,54.69235402,54.10212773,54.39563985,54.39563985,61.61675106,57.7814589,59.63750664,58.69481343,59.16240507,58.69481343,58.69481343,41.94349018,48.92501648,45.16605419,46.97044958,46.0505833,46.50596826,46.0505833,46.0505833,41.36779522,43.58376654,42.44687894,43.0078108,42.72550386,42.86619253,42.86619253,99.04965052,86.05401319,149.2752988,76.07298879,76.07298879,84.5029729,70.39229213,70.39229213
4270,1369,104.0331073,30.68902882,530,104.0350245,30.69048312,244.3404887,,33.36655322,49.41717749,37.1934782,25.57051626,24.57055194,55.19614005,40.91282601,59.70310585,24.81313849,67.75037943,19.37501673,66.26182744,25.79547681,23.36323398,61.3656155,67.50125731,17.23067109,63.36473706,68.54232674,54.80534326,68.5422595,59.43417293,15.1008714,68.54226789,53.71760362,32.33918233,55.08419628,59.03528586,55.43677853,55.79390347,55.79390347,68.54226698,68.54226698,84.57939993,34.36038122,31.87049853,77.16015433,68.54226698,55.99739583,27.14894319,77.5000669,68.54226698,64.61049651,59.50117877,68.54226698,65.78690629,68.54226698,68.54226698,68.54226698,68.50056615
4271,1369,104.0331073,30.68902882,1082,104.0316701,30.68976828,160.2111162,,27.59617313,27.59617313,33.56508352,32.55465766,19.6176877,33.49714995,29.11826421,31.32082915,43.52905799,39.94154139,37.27043737,41.14371077,39.16876186,50.29883879,37.89843357,39.76142755,47.53516636,41.52049325,42.56986747,38.54244518,38.79209509,33.72865604,42.05769925,40.23907128,38.64170058,37.25504628,39.03976469,28.48197621,50.88123667,50.81586064,51.65015088,40.83256767,39.36928453,49.48959755,44.60634326,46.92125841,45.73452641,46.3202926,40.56928616,46.04870406,43.50063041,39.65734236,40.10877324,34.02713972,41.19714417,38.93338526,45.04535044,44.36615526,35.1682938,40.47438725
4272,1369,104.0331073,30.68902882,1328,104.0321046,30.68820264,132.6995449,,14.54241588,26.81927644,23.55613223,23.12286358,29.20832373,23.36031108,17.4349767,23.5852067,18.19879473,20.19950789,29.48878776,25.44438677,15.6628971,24.15599222,18.80780951,21.59179036,15.63726225,15.89744964,27.2993974,25.07788215,18.09539249,20.50293398,25.86707583,32.63893155,19.78129862,20.45903048,17.49884109,19.4194456,21.09649281,21.09649296,19.62134203,28.66310169,13.64909605,20.04003964,20.20870554,20.12401918,23.02257165,22.06551324,15.68861615,21.8843632,30.52635403,23.9224663,30.26437063,22.89080397,21.91368631,32.27826768,29.24806296,18.33851676,23.94816431,23.79621014
4273,1369,104.0331073,30.68902882,1353,104.036421,30.6870016,388.872583,,83.8706719,78.59319572,70.34880898,93.95579187,103.1897763,93.95579187,77.99115871,60.0465018,54.0517876,95.01864021,71.30431065,109.11069,109.0509288,109.0832913,109.0509288,107.4295481,105.9808885,106.7003014,80.2258624,92.10140124,109.0863231,94.5906283,92.10140124,141.9818761,92.10140124,114.048171,76.29107895,83.45402675,79.71196007,81.54008293,80.61565874,81.07523584,80.84479416,80.95985099,175.4801071,116.9053277,129.3248313,133.3277427,223.9906078,132.0699338,115.9371676,113.6431293,109.086335,109.086335,100.7152014,109.086335,145.8272186,111.2830921,109.086335,89.07367753
4274,1370,104.0742895,30.69705339,22,104.0773952,30.69705062,297.4541047,,166.9700796,187.8657503,55.30781803,173.8368144,94.28437393,63.71853987,240.6370285,207.2583439,191.2204959,55.55082708,67.92481934,140.16162,154.5044628,169.9737741,137.2865099,51.5857781,211.0019265,142.6051156,161.4323784,131.6600136,92.7129677,109.2688548,48.70318345,96.29809145,89.23623141,72.23168816,80.16944852,61.89796398,80.91950457,87.20152907,73.85067427,35.81387214,46.41231244,47.10639718,44.68017149,46.41229246,46.4122958,96.03899345,80.34130158,68.20603675,67.90328325,46.41229455,36.07528727,136.4120735,101.0221488,40.91617598,44.06727477,84.65097051,67.88176082,47.06966052
4275,1370,104.0742895,30.69705339,929,104.0741314,30.69052755,723.4211976,,152.767502,105.1187209,105.1187209,118.5126877,105.1187209,159.7740068,228.4487992,180.8552994,95.17830284,90.88126714,119.6469974,89.47149216,115.5761677,107.2410881,116.1482644,111.5170989,107.4868297,111.2276643,79.0384313,112.5240465,112.9954509,112.7883297,112.9209374,151.1208692,112.8877563,112.871173,134.1852306,112.8753184,117.9313047,119.9454835,112.8768729,112.8766138,112.8767434,135.8905416,112.876711,112.8766948,233.9206268,112.8766989,131.9476282,99.18506081,198.8027719,112.8766999,102.0631641,90.76901343,85.54713916,108.0629175,94.02030739,94.35829335,94.18899717,94.23126425
4276,1370,104.0742895,30.69705339,1006,104.0729201,30.69705475,131.1495224,,27.29123009,18.37113932,15.09316716,18.13218222,18.65851924,33.24917469,19.13012352,20.61257014,21.85825373,13.39842825,14.76518368,26.23901525,24.98086141,43.41501431,30.16858023,23.14403336,41.23478434,61.31665982,22.79910436,34.88706508,14.1787384,16.30760988,23.72554174,13.22854941,47.37173384,23.96641018,29.15834033,23.77964861,48.17737558,42.08006066,47.93282037,21.59868677,18.44290159,23.10645923,32.44081967,32.96545583,16.30690483,18.6761796,16.79011788,11.86277087,14.7928443,14.61317132,32.6174978,38.04498635,26.82603867,18.02054506,55.28551296,98.3621418,21.75752445,27.79219994
4277,1371,104.0424412,30.63531088,57,104.0442801,30.63824024,369.4097262,,89.25335667,75.99285796,68.90544116,96.0583879,102.8916839,75.41966848,66.77995052,57.19892535,95.77289195,73.98470177,98.07337864,70.4569544,44.77693651,49.99530129,57.92138564,98.99814005,107.5678693,109.1991493,108.3773712,75.81955612,84.06289597,58.84402718,99.31177976,67.42078653,70.17810102,85.79838802,66.93299852,75.1341816,84.70541492,86.35552041,84.70541492,73.55503398,42.96849804,98.7530951,102.9580656,83.43005109,98.75500483,72.55748324,71.11631093,71.38671514,88.7240558,89.61421929,91.90566789,90.59094103,65.18995168,86.84898053,82.60093257,66.94001749,66.82789017,126.6547633
4278,1371,104.0424412,30.63531088,265,104.0415966,30.63108704,475.0766387,,68.18375679,82.15897033,56.07461965,127.1580594,72.26517883,75.88578588,94.2300771,84.35392845,107.687664,102.7192732,81.67506683,108.9347707,106.7810135,83.6729892,86.75312535,74.64107796,113.013826,118.9343463,77.14950303,82.86889605,91.05897673,67.00395296,106.0088368,74.58275931,73.11996149,84.0438405,128.0367791,84.37473603,73.40239911,115.5917251,99.52626346,140.1865491,141.3451156,94.78794021,160.213199,90.01452102,196.5834367,126.0203294,148.4614496,159.3424751,103.0286686,97.17476701,83.08612233,142.5229916,118.6044313,117.950062,90.52072243,68.57561745,87.43557379,97.08283249
4279,1371,104.0424412,30.63531088,1767,104.0392578,30.63682457,348.1679614,,95.19529069,93.65414655,92.16210743,92.90213668,121.6897729,57.84944589,77.23444213,44.97863616,47.2982891,45.82832399,50.23665976,45.00555336,50.23665976,80.34645263,60.04676146,54.93946543,66.20095042,63.30326571,64.71968989,64.00364228,64.00364228,56.71514303,56.71514303,56.71514303,54.97388864,58.21327889,59.79270893,78.58336433,54.9257082,72.87236401,72.87236401,72.87236401,72.87236401,72.87236401,72.87236401,72.87236401,44.13396694,54.97388864,94.59657819,42.92481716,52.55365455,56.58711788,61.29118147,67.64712896,63.30326571,65.40315042,71.11515807,52.05168858,71.11515807,103.5871621
4280,1372,104.100512,30.63473368,453,104.0966689,30.6364747,415.7874044,,57.48552592,63.90427103,61.30978697,61.9166352,62.73405934,68.93884425,86.77302353,73.84179187,65.27290609,53.36308933,58.05434994,57.79284385,78.68873776,58.91503499,50.37020715,63.559858,67.73007492,37.11927231,60.45781176,54.33156646,58.65339561,55.8520394,70.8281383,64.58059397,88.67503885,53.26813722,69.04673865,61.02412691,70.10935156,81.38992197,105.0410285,102.723947,61.51375299,69.76771702,117.7766896,84.84083071,82.09330838,68.16186957,116.1687742,92.92492276,57.90462885,50.11723177,56.38503223,54.07639653,82.50269758,66.50859684,92.16962167,73.49433661,56.84735766,60.62104579
4281,1372,104.100512,30.63473368,525,104.0989873,30.63221536,315.0380857,,19.47852484,18.97740403,21.53424889,32.01516185,25.35474189,21.32727534,24.96266563,24.31451638,21.43926481,35.95869082,24.00798282,30.44079662,23.66071854,49.93056454,27.8401254,40.03860858,34.35291978,49.61229696,33.09491001,55.00179964,41.57809763,28.04295217,32.02872377,32.79884222,30.87954614,64.47886101,45.57950986,29.30586844,38.16172489,42.79164608,39.96818116,47.13206393,42.46030553,39.62994979,33.48136274,25.58553772,37.53259496,38.89581396,26.45217746,52.64771649,25.27453038,33.6472639,55.20834326,52.05116765,56.70685543,64.27622689,82.38971982,74.09073778,88.04761287,53.39508862
4282,1372,104.100512,30.63473368,1250,104.1037953,30.63314518,360.5712309,,38.67579683,42.32332674,35.3349991,31.31619858,42.98200103,50.93746624,75.90973282,40.01715395,45.34694956,60.25016959,47.85951611,54.18936727,59.13696725,45.00629059,37.80746887,48.41236107,29.51805415,41.18946065,41.49462818,58.19249902,55.46172362,36.72012535,39.8826748,40.44380098,41.8727881,40.79082383,40.77555771,51.10458391,42.29973331,42.64312577,40.36587437,46.9884681,45.70621237,42.53133785,55.89048143,57.37265994,44.23364542,47.67008561,38.12206847,46.41441351,60.51545134,85.82191281,39.2621704,34.48150966,46.90229084,44.10336133,116.4176172,55.7991846,58.73281679,51.35732666
4283,1372,104.100512,30.63473368,1852,104.1027836,30.63833514,454.6575978,,34.89909066,45.29798945,80.23369373,57.90450537,67.26441174,62.23450008,64.65177163,62.23450008,41.02173815,56.24630076,47.44253194,56.24630076,37.11490594,66.75233899,56.63554851,56.63554851,54.74138301,54.74138301,54.74138301,47.21444284,41.50720251,41.50720251,31.11725004,35.56901163,33.19453815,34.34077843,33.75793103,34.34077843,34.34077843,102.9413429,102.9413429,103.7570429,106.9782583,104.5857733,68.29349173,104.5857733,104.5857733,139.8946455,119.6904828,129.0062938,124.1739101,125.347745,125.9430244,125.9430244,125.9430244,183.9064441,137.5660534,96.85013918,151.5525326,100.4665382
4284,1373,104.0640751,30.70255712,1394,104.07187,30.70269426,746.6731035,,122.5309708,130.6451117,115.3658014,122.5309708,118.8404829,120.6575137,119.7421056,119.7421056,118.7639104,119.7421056,133.2405089,203.3813245,150.1688923,121.9058128,124.0149099,122.9513172,124.0149099,123.4808233,178.6061909,93.79941279,165.9273563,197.9398507,149.3346207,97.27466247,185.5942352,151.3526561,185.5942352,166.7335783,216.3398932,120.1798736,172.8632265,141.7858377,155.7897999,141.7858377,130.0918656,120.1798736,101.3583398,101.3583398,93.38818204,101.3583398,282.3553753,61.79363615,101.3583398,144.2588465,101.3583398,119.0620038,155.07826,114.1815153,131.5240696,114.1815153
4285,1373,104.0640751,30.70255712,1621,104.0637486,30.70517334,291.640521,,26.71516223,44.93979136,57.26759322,32.30479617,39.23834025,47.83170276,43.4294054,39.76916195,53.19345792,58.11287133,54.02866412,36.24531216,54.8905163,71.81298739,53.84132695,48.08729202,42.02209478,43.38454031,57.62381315,40.05575617,68.43492941,77.34113264,84.19453694,82.25069073,77.94846592,92.74786887,77.94846592,64.65271734,55.23177729,50.6874417,40.41208143,52.78119189,102.2635593,55.05536841,62.79341361,48.48205684,63.42833588,182.5923262,82.02389653,60.53268983,74.81514555,36.42695791,51.82892192,43.77647849,49.99242621,48.2816247,48.96296556,52.33175704,37.8832017,35.69085129
4286,1373,104.0640751,30.70255712,1642,104.0642488,30.69975695,310.7910098,,55.99468449,39.50998914,44.46930188,54.57793343,49.67964191,49.47369601,42.78576043,48.54002756,54.84547232,46.59438356,31.0202456,47.1861847,43.6235871,36.3246424,65.69380611,52.77583185,43.83340393,36.01634107,52.42038701,81.6677106,70.53065615,76.43095251,50.38242842,42.72959104,42.49516914,74.58984235,73.30021537,58.60000199,51.48946939,55.95209415,44.06212997,43.11551581,43.11551581,43.11551581,43.11551581,43.11551581,43.11551581,43.11551581,43.11551581,43.11551581,43.11551581,43.11551581,43.11551581,43.11551581,43.11551581,43.11551581,43.11551581,30.32107413,35.60374337,34.11770948
4287,1374,104.0762716,30.6863729,803,104.0758539,30.68651263,42.90143123,,5.97306278,5.429386104,6.246517793,7.311013133,11.16134796,7.903376669,8.631435495,9.00263194,11.06252584,13.14426829,10.40910884,10.33942443,8.652389492,8.85453074,8.171701187,10.028906,10.53598552,7.327271872,7.268541625,8.993326086,7.825300938,8.992439734,9.238992167,6.537360949,7.233964985,5.421506009,11.58338643,12.30638665,10.76174162,11.65623792,20.32173058,12.24540356,9.116290353,8.334709971,5.515898301,5.341812449,5.789883877,5.318359243,5.789883877,5.801664828,6.337511384,6.971943683,6.301128176,6.301128176,10.7346761,5.346225087,8.648755561,9.315147915,9.322857513,4.425362534
4288,1374,104.0762716,30.6863729,1254,104.0793448,30.68519776,321.8918562,,41.28779153,102.1621509,54.30864358,71.0926799,77.77252901,58.82287728,65.46953007,39.60053592,24.45321487,34.46277122,25.47956645,24.76091202,64.81044085,26.79331057,44.36488064,39.39168486,33.98271796,27.83543768,66.12329143,42.3696776,46.85218393,46.23473887,81.22504781,51.61740233,47.56534355,37.17541144,61.90441349,51.88249038,30.53210148,43.36366975,28.02820785,85.67162233,41.947898,90.65011859,44.20129748,62.46957856,35.6557133,28.898022,41.13235723,52.82327897,32.37906284,26.99093204,40.46640477,34.52266183,25.00130922,24.55974601,33.24542033,30.01322669,24.81393324,27.61095834
4289,1374,104.0762716,30.6863729,1382,104.0777751,30.69046771,476.1285209,,76.24410009,68.1011405,83.13126039,79.7702234,96.73722329,80.72508676,82.74666441,75.54472855,77.67582294,84.70476457,82.94416041,73.1238618,92.07604277,87.7689029,89.99789666,121.4212048,95.41397493,72.24058477,60.96922547,61.6466352,81.74588032,72.18089056,98.28328072,72.93237162,102.8711315,91.68223132,112.5399632,141.6580723,141.6580723,141.6580723,141.6580723,141.6580723,141.6580723,141.6580723,141.6580723,141.6580723,164.8137188,152.3611267,158.3429723,155.2944666,155.2944666,137.125014,145.6452618,141.2567747,141.2567747,141.2567747,113.0112406,102.7394158,107.6308089,106.3648096
4290,1375,104.0110726,30.65470198,1697,104.015711,30.65440143,445.700541,,58.74838058,44.08027329,52.14134021,59.47079124,46.870164,52.49253917,45.25445793,44.69420467,40.8653425,45.14330239,47.69684743,57.97730615,65.49069174,47.75362939,47.75362939,42.46264857,51.31733307,64.05277236,48.6956585,54.36979508,60.50994145,62.67663858,36.4664079,50.32102882,36.93650892,42.60223651,36.93650892,61.93226044,40.28088572,45.38958833,46.71097373,60.59372914,69.10085907,99.24878024,53.29028207,66.23413612,61.41176556,53.61171185,121.7853471,59.28558266,47.68267303,53.91538802,64.56828763,54.39057449,61.49949972,61.04508811,44.05606666,65.46100421,45.10251434,59.73648353
4291,1375,104.0110726,30.65470198,1709,104.0112513,30.65234786,261.4719247,,41.421295,38.37337664,39.83912513,32.75982352,45.53203462,27.91101346,44.95219336,58.04829488,56.26640788,44.91542264,54.59065869,39.71725438,68.36249204,51.76712717,38.60042473,39.97023053,35.5207143,49.95521231,50.17871492,70.47995306,57.22181939,78.94765212,56.74137786,48.63451489,56.26893682,41.31524195,41.13469464,36.75154432,54.72668191,49.73241218,83.30079017,51.19729993,73.25283494,40.61699801,47.34904069,32.77503234,26.8176333,39.96080358,39.09409488,70.88094344,40.39909566,49.71961895,52.64535397,51.14067565,52.64535397,41.88204356,35.4093641,45.35069035,46.83079248,46.25547562
4292,1375,104.0110726,30.65470198,1896,104.0063237,30.65464674,455.0742964,,62.64885151,62.64885151,62.64885151,62.64885151,62.64885151,62.64885151,62.64885151,62.64885151,93.48173849,184.0749963,263.1754967,184.0749963,184.0749963,150.2997676,137.669535,143.7076725,143.7076725,151.1665483,159.4420892,319.9741147,260.7322229,299.2269346,281.2476338,352.8576083,233.8417039,196.3303223,227.5371482,145.300884,318.1101878,210.7096421,240.1369251,255.409182,235.2987385,288.1736969,280.7000333,268.5684372,193.4961575,163.4997472,212.7620087,183.5251083,209.1405277,197.3816225,186.6971472,292.547762,228.13124,200.1141043,261.4256596,127.6572053,109.9508367,182.706409
4293,1376,104.0733239,30.65602721,1296,104.0757401,30.65475607,271.007246,,64.92783056,52.74950572,63.20748267,54.18776543,65.0672556,54.73358124,56.0136557,66.57039248,37.10347403,58.97248723,86.14799873,65.11408804,110.8666006,85.30064136,55.0165086,94.17240208,41.9542101,58.42072369,64.82565353,56.4117335,51.34874135,57.26566457,63.65294745,58.51292812,68.51306781,49.65018247,109.8678024,49.64176149,66.43074552,70.27318746,63.79619431,63.63643445,88.15898361,44.92029773,50.85460752,43.28901101,50.45254483,42.95209183,41.11834077,49.02643646,58.11141476,39.45909345,50.72579302,41.96241228,59.07770416,67.7518115,32.35907415,36.33616706,26.03405165,57.5590611
4294,1376,104.0733239,30.65602721,1416,104.0716869,30.65684818,181.324511,,49.70316546,28.82557461,38.28552725,21.19377401,20.35130911,21.19377401,24.86144212,30.06416763,26.37447433,28.01580427,28.01580427,29.87497664,28.01580427,16.41495992,20.70089555,16.41495992,16.41495992,12.3047736,14.06575485,14.06575485,22.62628214,13.24073508,24.96245658,29.68815189,58.74914157,56.86134491,85.32918165,57.93800941,66.95058868,80.27570584,72.42920828,77.05527281,53.6311934,73.55135094,26.80773058,54.48816691,26.48147017,26.48147017,21.72273676,18.41377263,13.51487039,17.31480742,28.19733216,16.33963053,28.19733216,28.19733216,58.80794951,58.80794951,41.05460626,31.53469757
4295,1377,104.0032686,30.68195435,97,104.0016803,30.67972348,290.3158797,,44.95213621,31.86393802,48.97549986,36.80060447,47.39851097,50.07501827,53.1369389,51.80357705,45.34217644,33.07396098,47.94207188,39.19264375,38.22543571,32.20761685,50.12648283,43.54738196,49.76843652,41.21812835,37.58039349,40.74608838,47.02529435,54.15218481,49.8872156,51.96455771,54.13748158,49.8872156,54.42292842,40.87889831,41.41891019,59.21457036,48.28991711,34.99343192,48.28991711,65.1852703,38.75663165,44.73407763,44.73407763,50.43736963,42.70223358,50.43736963,53.73455871,36.23915281,40.31387336,43.91332634,40.31387336,37.65598582,46.72744412,48.61103102,48.61103102,44.07310306
4296,1377,104.0032686,30.68195435,638,104.0055209,30.68097239,241.6442947,,20.81147036,20.81147036,23.06459021,26.90868858,37.0178494,25.63109785,31.9152842,37.65885112,48.87187983,37.7405406,35.39255308,25.10590075,28.33613879,25.66134103,35.7781212,27.98968664,27.32731291,31.61906264,34.33892609,29.84286315,31.53786566,25.54293719,29.72389957,41.03393684,31.82632174,45.22978134,31.82632174,27.97168685,26.74617866,25.86480062,29.61427952,38.63446902,41.82305101,27.12846551,25.90330901,57.80195754,44.00941623,30.67416999,34.38416842,36.43641721,52.42734591,28.96513189,31.98233312,33.77731758,25.36208341,27.38466299,52.4047868,19.79338933,29.45135712,48.50852013
4297,1377,104.0032686,30.68195435,1241,104.0008267,30.68310339,266.3361724,,22.66690829,32.63479308,33.55905687,32.35580048,24.99070948,33.72134422,36.37598055,33.72134422,43.58228276,49.67928604,20.68630465,36.64242881,36.38748465,35.07842271,49.1697549,30.2463792,35.20722965,50.7306995,27.39457773,34.50819581,32.50204138,24.42828588,30.22254439,32.44704638,39.86736884,29.14870517,30.42232323,36.94837074,26.85742915,33.61887169,36.94837074,34.30448017,40.11758245,66.5840431,35.55538519,46.88558536,28.40919172,36.92465548,63.16272863,38.92328366,57.3565436,80.23516491,35.34750287,57.58619944,35.46770237,53.96680415,29.86947728,30.29416179,22.58681321,32.96768667
4298,1378,104.1060918,30.7062197,70,104.1033786,30.70633756,260.1592847,,40.35215101,42.92270508,42.92270508,40.35215101,30.08265819,46.10823015,63.38906429,40.78391276,83.62262723,72.26646797,58.53583906,44.28243144,48.02940641,42.47498526,54.37291291,58.71933699,39.72739872,54.53120378,41.76470122,65.87855273,57.02121308,56.84815933,53.21439914,44.3682501,46.94603634,61.52672135,84.94997051,36.74146817,61.84270599,53.62061592,40.71320811,74.77632135,61.31413584,43.09386925,46.02326412,62.64705183,57.6707774,52.32253771,51.67301655,44.49279928,50.69409607,43.18105299,61.61667269,43.18105299,43.18105299,33.33001512,48.15287532,45.85426805,36.06829621,36.23108027
4299,1378,104.1060918,30.7062197,838,104.1059658,30.70347163,304.8073555,,37.70812645,37.70812645,54.65581004,54.65581004,54.06560361,70.09303608,54.78542856,55.152577,49.62447706,54.71334247,71.34190736,71.09977192,49.43749863,66.76051846,64.93738259,72.91072955,61.95096569,52.69178775,71.54402476,59.35396781,51.39608805,79.07497476,80.99270179,34.50649308,95.62583702,72.07267519,83.76385342,85.01103342,73.95175803,91.44220665,74.38597676,84.89477968,73.76971361,84.52524476,71.52453166,98.36462298,58.99497203,58.39842894,73.3539605,64.42013916,68.13948031,54.82721979,65.50338756,51.95481027,36.77300536,49.47561087,115.5059452,47.62359583,56.96721874,41.38169557
4300,1378,104.1060918,30.7062197,1314,104.1104323,30.70648699,416.7287928,,42.60654114,34.2516816,94.05790935,213.3019413,62.30164676,42.24792042,72.40461651,37.95632268,77.73179555,45.54018031,98.69892461,56.95609924,61.43422007,43.93041447,106.8535366,81.31293518,220.0817096,147.2870347,131.9844857,20.82197993,146.0071683,162.0611972,121.4053824,65.4448328,17.69131668,121.4755995,67.29975282,178.5980541,116.2964073,265.9971018,98.80726593,63.25609222,48.94693814,54.61979322,87.03255426,121.4755995,52.31186275,70.7652667,79.37691291,59.53268469,58.41992422,66.08914776,132.9985509,166.9233551,56.86255165,56.39938549,49.59417038,55.69900662,60.49936744,60.62182608
4301,1379,104.0243652,30.64894136,578,104.0276015,30.64903247,310.2824611,,38.78530764,40.21662862,46.78604649,64.19637126,39.47056042,41.69918283,36.32227739,33.74036202,43.49770734,44.86762283,37.89939058,48.01147014,38.73067452,41.33272377,56.48631403,51.19275246,52.90807141,52.03627987,43.49168231,46.0201047,48.82371539,54.88603433,53.20199479,54.31200291,54.31200291,64.81722593,68.95165802,57.03915882,60.43373454,70.30790621,60.77625172,82.74198963,58.69703792,70.19285104,61.20640329,77.0522516,83.35946716,82.50167801,79.97734079,83.35966965,64.0124275,82.74198963,82.74198963,82.74198963,70.92170539,82.74198963,82.74198963,82.74198963,82.74198963,61.97042219
4302,1379,104.0243652,30.64894136,1195,104.0222988,30.64833345,209.1566914,,31.31913022,43.96870593,33.40938831,35.77026551,33.49298144,28.20090221,37.17576246,33.60509184,34.65887637,38.61354303,31.68874066,49.37469436,31.97299741,38.95519553,39.45917899,52.85283152,46.99540801,49.75231196,48.33457991,54.86077151,49.70059994,54.86077151,49.70059994,53.40170844,53.69032811,53.7591496,58.82531946,48.06473339,53.97592036,62.44962822,118.2666108,56.22631653,48.11422251,57.19748915,48.11309663,52.26313793,56.61384128,49.70059994,49.70059994,48.11270963,47.46818528,47.51967501,58.51105057,62.35727476,48.11272116,58.30151681,57.25962654,47.43011579,47.43115525,39.47387099
4303,1379,104.0243652,30.64894136,1661,104.0252664,30.64770209,162.243029,,24.23547321,29.6484723,20.38655862,23.91789125,22.35907376,20.99101184,27.65506176,20.99101184,20.99101184,53.09771858,31.17837569,31.17837569,30.11989193,29.13091793,47.61480198,35.94307104,47.61480198,47.61480198,50.56925579,49.04757771,47.10281487,63.48640265,54.08100967,58.40749044,56.1610485,56.1610485,56.1610485,26.91589421,35.94307104,29.20374522,46.72599235,37.87774996,37.87774996,37.87774996,48.9448244,42.70593987,42.70593987,42.70593987,30.10695384,35.31643079,35.31643079,46.35515114,40.08979495,42.99542284,42.99542284,42.99542284,49.1137386,52.87590019,49.1137386,39.86859416
4304,1379,104.0243652,30.64894136,1707,104.0243967,30.65035249,156.4262643,,34.23310343,36.88654267,20.85683524,29.9539655,31.16980912,12.65470902,29.98054401,34.37939875,28.87869495,28.87869495,25.73741095,39.65736278,31.21588423,31.21588423,31.21588423,17.99151922,17.99151922,17.99151922,17.40083589,22.87421382,27.14310235,24.82648708,27.14310235,27.14310235,47.72326707,31.34329599,31.34329599,31.34329599,31.34329599,31.34329599,31.34329599,44.1674158,39.89617793,36.378201,53.97455767,48.54608202,48.54608202,41.12780433,44.53010442,41.12780433,42.76138533,45.23169088,38.04963186,35.14100165,32.64548125,31.72589022,38.83686562,43.73860594,38.83686562,32.08743883
4305,1380,104.0685263,30.65898704,1142,104.0685349,30.65841363,63.55659027,,24.11421658,29.86993799,20.21829675,13.56854317,12.52003967,17.60028654,14.52145815,15.52966459,37.10330675,34.66723106,11.3628557,14.32821761,25.80493139,15.66417286,25.42263611,13.49874484,23.68568581,40.37712793,13.5067134,19.33552606,14.48812569,20.99116743,29.71476948,25.14326648,11.21586887,9.987145717,16.57998007,22.54223891,13.17487859,14.95449183,32.68624642,10.06664805,14.08229257,8.634102829,12.32968495,19.22720378,16.57998007,11.85511528,9.084018857,13.45904265,12.36776892,17.7711631,13.14963937,25.42263611,19.72445905,15.00121743,14.08022923,11.74858665,20.6129482,9.398524607
4306,1380,104.0685263,30.65898704,1584,104.0684967,30.6609573,218.3823809,,26.61396653,24.3775681,32.76645893,19.90320434,29.98033273,49.3674456,33.1486959,62.51901163,36.18385892,29.52562596,29.06024783,30.56674072,30.75006145,49.91597278,49.98397819,25.27898943,21.48023419,46.53462113,33.75597129,30.29582163,50.34752297,29.70440445,31.82901098,50.33898949,32.81204387,49.67940419,28.84570475,36.29728795,42.24030578,26.7577646,41.40495438,32.7619074,22.08361155,36.38904122,36.19009399,47.52362694,47.6400228,40.97903468,50.74032539,38.10225709,46.22302233,30.15819676,37.65213464,38.04080183,21.61409195,23.15007571,50.88521497,28.04131739,22.48788819,33.61524623
4307,1381,104.0432434,30.68324646,548,104.0489797,30.67856027,756.1053196,,177.907134,90.8668735,262.9931546,74.88250758,104.6915058,123.726325,113.2061569,128.395243,127.4931686,126.6036814,136.5042044,121.381456,260.4764737,90.07210955,114.9322653,114.3002643,118.9069887,112.4784773,83.62455148,105.8220836,119.0369891,113.1800063,101.8831872,56.96219448,50.40702131,128.395243,62.88400677,67.12648953,64.47641098,87.72492658,87.24292149,69.63809787,82.00977994,79.49705463,59.04510088,66.52494868,82.5467521,92.85503926,76.4600885,90.91446729,90.91446729,63.47405715,59.17345979,70.3717464,73.4406933,109.4262975,102.5227552,75.36628935,86.82549125,97.79565812
4308,1381,104.0432434,30.68324646,781,104.0456827,30.68520249,318.7366277,,36.08339182,34.64956546,30.69694649,34.60088533,33.22469794,30.3558693,52.27571115,31.64947896,31.64947896,34.38058007,51.77586819,53.49425919,94.83073221,39.91136903,65.5686777,42.14699209,39.49920343,49.78099174,42.65620296,44.60935956,37.24149563,65.5686777,37.24149563,34.561803,39.7042166,39.7042166,41.01704592,46.64438454,42.4196621,47.56277139,35.19790981,52.39506209,51.45524035,59.53057638,72.62353543,65.5686777,65.5686777,49.90277183,99.34648136,55.34472758,58.53646249,57.7045066,60.8727777,61.72783465,57.39858772,57.44934873,57.42395699,55.53978024,41.42425486,61.19743252
4309,1381,104.0432434,30.68324646,1157,104.0422872,30.68440161,157.4163516,,29.43890212,22.00772294,18.20719247,27.07160187,20.69660318,20.65730981,27.81344126,22.80478333,28.81519656,21.88026509,48.02532761,33.3352274,46.4507267,29.91810993,34.41491087,22.85076072,17.68383402,25.30847186,25.43531713,31.62382063,21.68490558,36.24939441,35.14411571,36.32685037,36.18766703,41.36488071,44.82363911,51.99072163,46.40846035,28.02665014,29.68304857,21.90140544,16.60250583,13.97875841,32.38279233,25.56536236,21.97927081,35.05353808,53.80052525,21.22467662,41.36488074,57.82641487,26.19563324,26.98937982,33.14028455,23.58788203,19.30830888,29.938808,46.07307852,20.51398609
4310,1382,104.0777751,30.69046771,585,104.078009,30.69128293,93.0879467,,20.29472267,20.29472267,20.29472267,20.29472267,20.29472267,29.07736296,15.22392314,15.99792854,15.06734595,14.6415055,14.85137377,14.85137377,14.85137377,16.18737531,16.94975949,44.38630571,16.75250936,16.65559592,16.70391207,16.69180677,16.6857607,17.26362914,17.87601989,21.95086952,19.70498756,20.76738501,20.13415677,24.39873375,21.07651623,27.69558745,25.48415271,27.69558745,26.88999865,27.69558745,27.69558745,27.69558745,26.47050617,20.63107998,17.37852182,17.3785617,22.19002544,23.19146077,27.6741457,25.1642179,25.1642179,25.1642179,22.59173426,21.49313583,22.02874647,21.89235666
4311,1382,104.0777751,30.69046771,929,104.0741314,30.69052755,349.0634894,,88.80767221,50.72163721,88.80767221,57.18446243,66.40045241,51.01333811,64.71906755,50.46701052,57.39995715,71.46702723,66.9636429,51.67825566,77.46705236,68.45799807,79.72991329,97.91910874,78.90917186,53.66931016,38.13743739,55.06698343,69.71960981,76.81291668,82.13258574,82.40187291,77.00979993,59.12237407,90.94655088,67.89325255,103.0023411,95.34761817,71.04837095,103.8536002,68.04208302,92.29407239,82.66981853,65.44940426,85.30497883,87.06433456,103.018169,63.0989604,76.11577999,67.92586821,77.21781457,62.87454337,47.92633722,51.48786739,56.98995745,70.23489984,78.90723631,77.97909591
4312,1382,104.0777751,30.69046771,1374,104.0762716,30.6863729,476.1285209,,42.32253519,56.19877624,74.42334546,44.17687307,112.5821133,50.71191347,90.02430017,48.28345564,52.60886784,104.0086575,45.28567174,87.78810116,100.8272162,86.3507645,161.704026,88.45972541,88.32431303,74.13534172,80.6677044,192.5913118,179.4830026,74.41631688,124.7828552,83.20692598,80.28396605,41.53625222,151.4635648,89.99659185,47.21935744,89.57038666,89.35879431,233.7358194,89.41159864,39.90832771,65.38064876,33.5039616,64.25726992,71.1132256,64.25726992,78.13391112,70.33494769,61.99141683,67.1741214,59.74073783,58.01774318,47.28448759,54.80111549,62.10306637,45.98424347,54.81711771
4313,1383,104.0502855,30.6751566,1423,104.0494476,30.6731609,235.2999851,,32.13985424,30.6913024,35.89321807,26.42995152,34.11518109,44.505076,44.505076,44.505076,44.505076,44.505076,44.505076,44.505076,44.505076,44.505076,44.505076,44.505076,44.505076,44.505076,44.505076,105.8849933,36.16136377,53.91121377,43.28738148,48.01870378,45.53045819,46.74148947,46.12802668,46.43273193,46.27987777,46.35617883,46.27987777,46.27987777,24.34137777,31.90302918,27.61389896,29.60391444,28.57430067,29.07999672,28.82493093,28.95190206,28.88827697,28.90415701,28.91210358,28.90812975,28.91011652,28.9091231,28.90961981,28.90961981,33.54772065,32.25405474
4314,1383,104.0502855,30.6751566,1634,104.0467099,30.67706348,402.4812684,,139.9934847,139.9934847,139.9934847,89.165081,108.9422982,98.06650195,103.2187046,100.576664,101.2244124,101.5514255,101.3876553,101.4694743,101.4285483,101.4387767,101.4438917,101.4413342,101.4426129,101.4419736,101.4422932,101.4422133,101.4422133,101.4422133,129.9491091,113.9396682,121.4189396,117.5604651,119.4585536,118.5019092,118.9783084,118.739631,118.8588499,118.7992106,118.8290227,118.8141147,118.8215683,118.8178414,118.8197048,118.8187731,118.8192389,118.8190061,118.8191225,118.8190642,118.8190642,95.95579909,106.1705088,100.8050472,103.4182332,117.7495343,136.6917515,174.5701887
4315,1383,104.0502855,30.6751566,1717,104.0543066,30.67334374,434.4642783,,78.99350515,78.99350515,78.99350515,78.99350515,78.99350515,78.99350515,78.99350515,78.99350515,78.99350515,78.99350515,78.99350515,78.99350515,78.99350515,78.99350515,78.99350515,78.99350515,78.99350515,78.99350515,78.99350515,78.99350515,78.99350515,89.88916103,78.99350515,71.41878547,75.01541496,73.17293108,74.08271886,73.6250145,73.85315753,73.73890955,73.79598933,73.79598933,73.79598933,85.82010436,79.35514969,82.46110797,80.8783204,81.66204542,81.26829346,81.46469367,81.36637507,81.39093245,81.40321669,81.39707413,81.40014529,81.40014529,91.46616385,91.46616385,91.46616385,107.3733228
4316,1383,104.0502855,30.6751566,1803,104.0514072,30.67709606,240.3174388,,26.33615768,39.05836477,46.96393531,27.662439,59.39195282,51.11626468,32.70861171,38.04916018,42.82885048,51.0107771,54.58314067,34.96939287,33.92716783,27.55231782,65.0483293,43.14926582,43.76776288,42.54800557,62.24048775,25.62626717,28.90232004,27.99814821,27.72893525,51.38190228,36.0194756,36.0194756,36.0194756,23.86600772,89.18997729,24.03174388,24.03174388,27.77344397,46.14094825,32.89516273,43.58401913,45.53383051,43.58401913,43.58401913,37.45206838,40.28604329,37.45206838,34.10549722,35.74970164,35.74970164,35.74970164,42.20208681,63.14910801,25.63386014,68.66212537,99.44169881
4317,1384,104.0881928,30.66001727,369,104.0892991,30.66187992,232.05714,,30.940952,30.88375985,30.48925927,21.81215937,27.52572336,53.89714219,33.50557637,32.25504649,48.81844874,30.96388821,31.33554779,23.90288137,51.21261021,47.87425238,35.85432206,48.57009907,46.411428,59.03927237,39.3440677,40.68534273,54.96090158,35.43608501,24.78948677,44.10800971,41.20373386,23.90288137,42.28118283,41.6661199,41.20373386,40.13157905,44.33330436,31.76447544,40.75149776,29.835918,45.03534792,45.70521889,40.75149776,40.75149776,40.75149776,40.75149776,40.63586725,67.10085976,44.85399753,40.75149776,39.781224,40.75149776,37.39087855,38.14637918,49.19939364,19.63350656
4318,1384,104.0881928,30.66001727,1238,104.0889082,30.65955812,85.36926859,,19.76394643,14.34203712,19.12838383,29.69365864,23.64072053,14.14092179,10.68352376,13.39590088,17.21733148,18.88352485,22.93502738,13.93643524,15.34316891,13.44397931,24.01010679,18.07819805,26.0448616,14.57277269,31.68343989,22.72305855,13.52756498,16.34730675,12.47615833,16.91198737,19.23212559,20.35293821,15.78746748,13.0848054,12.21176292,12.34254486,21.21951901,13.13513696,19.26829887,13.96951668,17.99879162,10.25190623,15.1393902,12.67337596,23.99840455,21.45405703,21.34232026,17.09601522,17.00300785,15.36886973,19.75600587,30.58003651,13.65908297,19.14824716,14.14867194,17.46189585
4319,1384,104.0881928,30.66001727,1443,104.0867086,30.66062918,157.553437,,21.85712421,20.85266078,21.43044231,19.68563551,28.35961866,26.00308874,21.58676967,23.65765894,24.84416878,21.71071285,21.59151055,20.29310816,28.35961866,28.28248462,28.28248462,26.38104061,26.94500585,27.53361035,19.59213724,34.63770218,29.27984228,29.10811299,28.93838639,18.03883059,24.29089393,25.13407857,24.32214293,22.39338191,22.80170345,22.59569816,16.44035864,24.34302031,27.05210047,20.25687047,25.71329233,41.70532156,24.50075046,24.29089393,24.50075046,26.13789738,24.50075046,23.31726097,23.31726097,26.27411109,30.08978107,32.84897914,32.11280245,31.40889931,31.75695079,42.48632009
4320,1384,104.0881928,30.66001727,1578,104.0863404,30.65755893,325.171265,,31.38382182,31.38382182,31.13341899,56.21957837,44.8757715,35.04839982,35.04839982,28.69158221,56.38808064,38.54939255,38.33897011,38.76213755,49.76053365,44.41724735,44.74833922,33.93091461,36.07447008,30.88698032,33.73534738,32.5171265,38.07571011,29.36329149,33.80842033,33.11503689,34.53146177,37.18210336,35.25953476,35.25953476,34.66781502,34.66781502,28.25301418,34.66781502,34.66781502,41.00233114,33.80028549,32.75368086,32.9751142,32.75368086,30.81921599,30.81921599,29.86266719,34.17858552,32.41208733,34.17858552,38.45441732,43.95306211,38.83930173,35.74401692,36.35455137,27.28709916
4321,1385,104.0250491,30.69704864,125,104.0229801,30.69537616,271.3491026,,61.05354809,30.43167506,31.84537145,31.75737222,67.60254459,33.87453036,30.81567096,32.7804285,33.415853,37.17425338,31.41018551,35.0966504,32.35964453,26.43726033,27.55590323,36.13526891,48.06183367,39.19184631,36.58639586,27.02979439,40.78733901,49.3135588,35.42086188,32.07315847,30.24324363,48.9652516,36.51801007,27.93014351,59.92986315,39.07427077,41.92518323,50.3163899,44.95601622,44.99916021,63.84684767,58.49441733,42.7508433,31.80217371,35.08464539,60.52396341,26.40153431,51.27857057,40.81057524,41.19014341,41.74601578,41.68663312,53.47756036,47.65154972,35.48980089,47.42023152
4322,1385,104.0250491,30.69704864,430,104.0233096,30.69872934,249.9088715,,46.88233129,39.80849281,57.01343076,58.80208741,41.36422701,48.69672192,41.9914998,63.80652038,34.29454268,48.63091554,40.24177444,80.68806613,45.66862626,58.42025568,34.85693195,47.97930471,35.84469354,53.44585768,31.51215192,32.79484584,31.11705793,45.83481486,47.60168981,52.55093092,53.03887619,45.32352329,44.92743757,59.61129046,53.23502588,63.80652038,46.8172734,50.73337994,41.10437178,35.26396619,40.29885498,66.97309709,56.08927291,34.01406191,33.70609818,37.96084124,68.67724713,38.67477431,36.05899549,31.67858935,29.88943314,29.33712839,71.97375499,40.10424684,28.72419226,41.91018341
4323,1385,104.0250491,30.69704864,1323,104.027512,30.69823421,270.0120595,,30.02914471,33.31197444,31.10538925,22.24355639,19.19517011,22.38441944,34.46962462,23.40863129,29.10309623,33.56503502,27.30459029,37.51856215,35.3738316,119.65777,31.23532822,58.38098584,37.31452646,18.01748682,58.20619247,33.18970258,32.34753458,30.78870543,43.54057846,36.86637474,20.77015842,34.77102832,21.96708281,30.37635669,38.26942576,45.99574516,34.34782382,51.16017969,43.9465799,29.75643104,41.82096636,81.68432052,25.61379221,20.61597909,33.25120003,41.31227543,33.63472021,22.18264295,47.0723203,38.88173657,25.93845001,40.95773083,36.58227903,44.64034049,19.07035846,39.25861931
4324,1386,104.1037829,30.68476117,477,104.1023844,30.68413271,150.9818112,,42.88240791,46.65532363,39.67405258,23.93107409,31.14811005,21.74138081,25.10552057,44.92020829,24.53880453,50.63986216,48.31417958,21.14920313,28.31892256,29.94680553,29.94680553,29.94680553,29.94680553,29.94680553,29.94680553,35.58327465,46.45594191,38.58275211,41.0021326,39.75566777,36.60935519,42.29840625,35.45272044,35.6586578,42.38085928,38.15323203,37.16614327,37.18948691,33.22365909,34.84195643,78.77311889,35.08603962,35.08538991,35.08571475,30.97062794,35.08571475,61.53220985,37.16475353,52.77034178,36.45079564,35.73313744,29.53991958,39.35481092,41.16183443,32.74304339,31.49070683
4325,1386,104.1037829,30.68476117,612,104.1034118,30.68722884,275.7908357,,85.10117213,89.04457476,69.59208002,53.84202866,60.44730645,53.84202866,65.24733899,53.84202866,53.84202866,57.55634832,53.84202866,87.09184285,68.14324012,61.36802701,68.59046691,55.15816714,64.05464571,96.2594053,35.27285938,66.85838441,80.88366668,65.31888214,86.96470145,70.79123055,62.05293803,74.74381496,52.1179532,63.13812455,77.41497142,53.8946173,52.04193998,51.98174801,72.73604458,50.36979596,65.10472187,58.55577137,81.50616796,81.94765095,77.16427525,82.39394262,43.99617467,68.04203602,68.8215716,67.28946684,75.35840672,68.52716154,67.73318222,70.14521107,66.26342661,63.99302113
4326,1386,104.1037829,30.68476117,1224,104.1041325,30.68495539,39.81267684,,13.42628915,13.42628915,13.42628915,12.74005659,13.42628915,10.59708958,12.19792652,9.869318554,10.89928796,10.89928796,10.89928796,10.89928796,10.89928796,9.439668715,9.982880161,9.152552584,10.03680929,12.19792652,12.19792652,12.19792652,13.36629212,10.73600274,10.73600274,10.73600274,9.129021441,10.11710376,11.2854832,9.671911371,10.81702918,11.41468485,10.3859157,10.3859157,10.3859157,9.609408168,10.3859157,12.30989418,11.98124444,12.01058063,11.86631662,11.93801281,12.25005441,13.65006063,11.01071211,11.11769644,10.18721577,12.68368466,10.81702918,10.62655323,10.14245991,9.907302069
4327,1387,104.0440881,30.65424778,461,104.0386555,30.65417493,520.6072071,,76.96862199,51.12810618,52.54025478,43.59416814,67.24398575,79.67888493,41.57159214,50.54118191,45.57291053,86.00001062,48.19648252,80.6808363,50.50530375,60.60868853,48.23383485,69.35721016,72.75132067,47.94540664,71.91121134,60.23554463,65.6457424,61.94973377,67.07895295,67.00559636,56.63509366,50.83227409,65.42539551,47.52293998,74.7581151,49.2170679,108.6034902,67.10640214,63.00747371,57.49036643,101.8579318,54.16722386,54.76072887,71.94571768,54.37986188,67.77964311,47.30403699,52.40035262,66.66909619,43.28374008,56.34531216,67.38213467,61.8997193,52.85557952,90.78403398,51.21803089
4328,1387,104.0440881,30.65424778,614,104.0418566,30.65698347,371.0090891,,28.19723905,37.78796277,42.52930173,42.03958728,47.11226528,44.41983959,39.8003294,38.44584606,43.52485511,39.12986487,45.61532392,36.08494313,34.46794118,33.06333995,42.37204886,32.49714649,42.79706393,39.77080768,36.12328507,34.65052855,36.04948798,46.03929112,38.72335796,39.92355255,38.45392332,39.93678382,51.46946901,35.24096889,46.20400974,51.95175515,51.54033218,54.53898781,51.68027462,65.69203355,46.37302047,55.21266111,45.16086968,41.60849597,34.37184785,51.00483181,39.57430284,48.79631312,50.90815091,39.81540725,48.22952898,42.34642531,34.02885913,49.62295027,47.39554595,44.82027263
4329,1387,104.0440881,30.65424778,1310,104.0449103,30.65422889,78.80695507,,7.654601267,7.27988656,8.711293107,7.792310504,11.57192542,9.826927144,8.572228275,8.458887309,9.395762154,8.311671043,10.90334505,7.504183521,6.99057603,7.791571677,9.708998886,10.93758631,10.61571705,10.58600889,10.22360498,8.258151419,8.619978375,27.01952745,13.38231313,11.67947388,10.3812612,8.078003052,8.344265831,10.19874318,10.05749028,9.968965792,12.63719547,10.7220347,10.34161743,15.41875208,15.41875208,10.91173224,9.989614023,9.107705883,8.965847711,10.09626471,9.34378633,9.357587468,9.425416553,8.381241898,8.593402285,8.185373291,9.06405873,10.06938911,8.346993606,9.203731979
4330,1388,104.0952575,30.63396936,453,104.0966689,30.6364747,308.857987,,45.58358181,32.65458893,33.44744853,37.03209836,57.23339393,32.79907827,41.33415439,76.33103567,49.25310092,36.37585888,42.866411,34.74652354,32.79907827,45.4450444,47.92623936,46.94815285,36.15898384,44.11335625,132.3677087,60.06601908,36.45536896,47.36480312,50.40293532,73.78536902,41.33415439,51.36535662,36.64225112,56.01454676,54.42226578,62.58285664,45.86459206,36.77691577,39.08220574,43.33642133,113.458036,63.62739646,52.92188259,73.15057587,28.95543628,37.94842161,37.98831483,35.82885349,41.53488058,46.45774735,30.18702498,46.00918978,53.65682992,51.81499124,53.25137707,42.73208121
4331,1388,104.0952575,30.63396936,561,104.0983272,30.63112623,431.0930951,,50.38523256,54.02061659,56.7982859,103.6927712,69.60680547,53.98370579,58.31680487,54.97467738,93.25376888,57.52107301,75.18234308,71.99168983,75.3366574,63.84374944,107.5740625,61.04973516,79.5637498,64.35114618,65.23476849,71.33404738,58.68188643,50.31671272,57.19392446,54.83062478,55.36564007,60.8540826,47.44949309,55.91246869,70.02527433,54.96818687,166.2787653,52.92943502,53.94126491,53.96627462,57.79570707,61.86448874,64.42823076,51.31006607,75.50464912,63.83645467,55.5254076,63.56048364,55.26725207,47.54460482,55.09930793,58.65581641,58.39831204,50.96667134,66.08666328,186.2322171
4332,1388,104.0952575,30.63396936,1311,104.0937815,30.63114248,343.7570411,,48.87540869,58.43508988,48.04058028,45.33059883,44.35574724,84.18539782,29.6463978,39.31772353,67.40276777,68.30866685,57.21925574,38.03381784,58.13389773,29.11824348,38.47229061,40.84242072,28.16825527,63.73863051,49.43510046,66.08947119,43.22693331,34.3280263,27.43958643,48.05075478,33.00067595,28.10428497,54.46321825,37.54627876,44.32397378,80.67309961,52.96114185,43.55292829,44.48862844,45.16515868,40.57460157,66.42373875,60.87615907,61.8075923,50.51123869,61.71084804,43.98786782,49.69981317,66.14834823,64.16798099,55.00112658,46.95006063,41.86486292,54.37281845,50.07689825,29.07548541
4333,1388,104.0952575,30.63396936,1683,104.0913322,30.63488636,389.6741548,,47.3128822,53.54301364,46.31975802,51.43270238,70.61209515,70.05378064,70.62690786,71.20949022,89.6643616,77.86273582,66.96071395,70.76050226,91.20235195,68.26408551,101.2076364,59.56802366,101.91789,60.12115532,53.13738475,40.72066639,55.55750326,56.64173447,54.43806103,48.11067016,47.41473269,46.91728954,40.36912107,47.22187401,55.88952021,50.74071309,60.42327166,48.15195506,46.89768349,48.41508049,46.40320719,56.11307829,41.44245073,47.44866456,51.07379698,51.95655397,56.22552935,52.2792655,52.47482384,46.18360353,43.38640075,55.08482816,47.39280261,48.09692424,46.47045821,65.09637853
4334,1389,104.0114888,30.69862622,949,104.0133461,30.69733246,228.4788358,,34.92670101,41.80553031,50.35860055,67.14480072,53.89181385,47.13603489,56.7992272,58.50791766,48.21241033,57.7257162,55.9540006,83.27733267,75.18499167,50.53909732,76.15961193,45.39105867,50.53909732,50.53909732,47.3735815,42.28914184,54.02455231,54.41171833,47.00136051,50.05215877,55.38880868,55.17208334,66.73621167,61.65845644,53.26112822,55.23962757,69.70540753,56.10188823,56.87286492,54.76379185,55.24427734,58.35797629,59.67045646,56.26230725,55.24414521,53.80996879,65.28830341,77.6698592,50.5089238,48.07347448,47.36221547,46.05826276,48.10080754,48.79925868,47.36221547,34.41522213
4335,1389,104.0114888,30.69862622,1026,104.0089903,30.70038617,308.7220713,,56.97658221,60.04087359,57.33789115,46.11616003,88.20630609,46.11616003,46.80984475,46.11616003,92.61662139,65.86070854,102.9073571,61.77301287,61.65165137,49.6899906,51.7531761,56.59577119,64.42895401,60.23845294,67.76825955,57.14136024,60.23845294,92.61662139,62.1588063,61.48821337,62.08935512,62.08935512,65.56928948,97.06545473,63.50854038,52.94317676,98.49921332,96.87316978,69.99716661,69.88102425,91.69962514,73.9946376,115.7707767,79.31485864,37.54727894,118.1890801,134.3080914,37.17055039,54.21460764,125.110633,102.2760236,44.50047875,41.72381355,46.99363453,42.01888305,42.01888305
4336,1389,104.0114888,30.69862622,1293,104.013504,30.69994817,242.316158,,43.29221681,49.19200201,36.19660451,37.56233032,37.46553578,37.18753267,37.18753267,37.18753267,40.89185,42.78723717,41.41501039,49.77678567,45.9125352,42.68321315,49.42425886,35.0336614,52.86897993,51.27630676,38.55638315,50.21915842,68.86880278,56.27988186,34.68541427,47.79935172,52.61214694,56.11019377,36.80751767,52.88500569,33.04311245,34.96345366,47.61671227,71.97509644,51.11356457,54.93313406,45.49747056,62.3098692,68.79638555,68.79638555,45.85622055,39.38321304,68.79638555,50.54939719,39.92394365,36.0516872,40.90683089,29.49112187,31.09899781,33.30451482,35.32014098,49.67050071
4337,1389,104.0114888,30.69862622,1564,104.0099861,30.69678059,250.1123158,,110.4790597,64.42964844,68.5804636,73.30293111,50.09203543,53.80902413,53.80902413,53.80902413,53.80902413,41.06747261,42.54716299,44.13746749,25.29225665,48.14996454,49.81490107,48.14996454,51.5991024,66.36887002,51.5991024,44.24591336,47.6404411,45.88047576,46.74389809,45.88047576,45.88047576,40.92746986,43.26267084,43.26267084,47.92039935,53.70204791,70.07037641,74.72235161,72.32163348,73.50239485,72.32163348,72.32163348,57.35059471,72.32163348,75.66422999,73.95518167,86.91161553,72.17670035,72.17670035,70.43580212,70.43580212,70.43580212,69.57406336,69.15105309,69.15105309,48.49574525
4338,1390,104.1050395,30.68844735,468,104.1064432,30.68993585,212.8187239,,62.45766895,62.45766895,34.7832753,31.98945328,46.06465885,38.48778178,48.6220911,48.79919784,48.79919784,55.56826154,52.12727461,43.28516418,46.1534582,39.28961057,40.11242964,39.28961057,34.29487046,39.28961057,39.28961057,39.28961057,41.98067978,39.28961057,43.19365221,39.28961057,50.99150789,39.28961057,75.17949569,48.56718897,55.92316832,49.62898177,50.73823881,48.84364154,35.8851244,47.17656441,58.54039397,58.48453481,48.35916901,48.35916901,48.35916901,43.0419891,49.34926931,52.93408813,76.46181697,60.61292769,72.62060721,64.36410582,64.59927538,56.05956628,48.5342248,89.08690768
4339,1390,104.1050395,30.68844735,1146,104.1065323,30.68604646,302.0751983,,76.63641395,65.11800682,56.83644847,66.10764218,90.24653227,79.37742437,84.46374477,81.84163416,81.84163416,81.84163416,67.75518467,82.5686245,75.59621267,88.65815036,85.14573732,77.64516776,65.70820023,77.85618866,77.85618866,99.22508115,99.22508115,99.22508115,52.28224586,77.40005081,80.25614125,113.2781994,104.2304199,89.13694376,98.63679944,88.17330115,94.9756082,70.5005325,96.75006351,75.51879958,103.7332955,52.15686877,95.8123977,75.91418596,98.34688798,99.66509006,95.21815812,92.68216314,92.7480353,89.50376246,66.10764218,98.86097399,95.67191028,93.94995368,61.09386033,66.14785364
4340,1391,104.000394,30.6652792,252,103.9994246,30.6637374,194.4876167,,36.98120242,27.66501496,28.0062168,49.30671973,26.49594778,24.50237691,24.50237691,24.50237691,20.87679225,22.15097559,25.76468887,25.76468887,27.23280514,25.39555387,22.2802043,27.98522788,22.19632796,26.26085475,23.89502754,28.82569,30.09171362,29.99594802,30.29607545,25.07270976,31.39710404,30.26032272,28.65574708,38.28974953,24.56685685,39.05703777,52.8419185,76.10385001,29.65189709,32.66031114,38.60264303,64.82920557,38.92455454,37.95166021,35.97458812,33.74242987,32.89237983,40.34024747,102.2124701,27.19050175,29.71481889,29.18327558,29.8972157,29.63620826,36.40322809,27.35872693
4341,1391,104.000394,30.6652792,586,103.9975617,30.66511082,272.0009025,,64.29914433,39.16812996,65.2802166,60.07381896,39.16812996,39.16812996,39.16812996,39.16812996,40.88531311,40.88531311,40.88531311,41.69594673,43.71443076,48.00015926,46.57328176,49.54806182,39.44423964,43.92257738,41.93589931,47.98072199,44.28813459,46.7089515,45.46634225,46.79723626,48.3067548,38.32498039,51.62791179,56.3514231,53.35296966,53.35283992,59.66206811,57.19504701,59.33142461,55.59048312,53.75622707,54.65797057,54.20334866,54.42971034,54.31629366,54.37294286,46.42223958,46.42740722,54.35522728,44.32067742,46.42934538,54.35389909,54.35400976,47.4621387,51.68245616,48.56556722
4342,1391,104.000394,30.6652792,1078,104.001536,30.66675667,196.9410506,,34.57172013,38.31503438,33.0959027,26.40550399,24.15631285,25.14141071,27.69483524,40.45579356,28.19036907,30.82555575,24.93926872,31.5105681,28.20906295,29.60283015,42.64487963,38.21100248,26.50421616,24.15631285,29.27421619,30.05961127,30.46832716,30.26258928,30.36510973,30.36510973,32.16669915,26.96796433,34.1955522,36.34592184,25.44214529,31.3711408,31.3711408,88.07301642,44.85017203,37.31514643,33.87423708,43.57568741,43.99239059,34.86825159,34.86825159,28.82064155,24.61763133,24.15631285,28.03708481,27.96106609,24.15631285,25.7813739,26.85559781,27.53016506,30.42866018,35.44938911
4343,1392,104.0833203,30.66231551,890,104.0827159,30.66130424,126.15615,,20.2186818,24.01386067,20.66721911,21.80850612,16.3074377,16.04813216,20.91708187,17.15437734,18.84490207,22.15425073,24.54693548,16.93371141,18.6898,46.34307551,21.71076857,22.42776,25.49085912,21.49879953,24.01386067,19.57595431,23.84542185,22.50555699,28.12149474,19.34663003,21.52427204,20.96132954,16.2782129,21.99332397,23.695416,21.86976597,24.02974286,28.67185227,16.82082,17.52957762,17.22485992,20.69075809,20.17751085,20.2186818,24.41731935,21.42274245,17.20311136,35.62056,28.45500093,25.40175101,21.05038888,26.25214682,21.83471827,19.84323932,27.14116375,26.10127241
4344,1392,104.0833203,30.66231551,1281,104.0814139,30.66323476,209.1443872,,37.66953315,46.33352578,22.04743174,65.28206308,21.48130653,29.47649674,35.31577892,19.33041833,26.00759219,22.61020402,21.00194683,33.76321946,24.26816419,34.4585718,26.84206039,19.25626071,35.11284849,24.86935735,33.05904693,25.66772025,48.41927935,43.43768043,31.86480385,65.85304322,21.17917845,33.07114761,28.27488496,25.78492445,60.84200355,31.42403147,41.40903583,25.52270488,31.33493745,26.93809638,28.99562749,34.223627,20.45977701,40.58866814,32.1074539,39.56508974,30.51627758,28.25214987,42.65834526,35.97466664,16.91954593,48.14065179,60.23358351,32.03914017,37.51380674,39.13304542
4345,1392,104.0833203,30.66231551,1440,104.0844988,30.66419702,237.1350352,,37.46428291,53.79244655,53.75060798,66.90330147,51.80134264,40.61948263,46.77732201,51.49334672,45.72152171,54.83161881,57.87702554,42.99138767,40.87416475,55.64494035,52.19041822,48.93458776,38.67833584,36.6782439,32.96085431,39.41757482,42.59910812,45.75653052,41.48134727,35.48576536,44.50144884,31.68842341,51.80134264,45.83549674,41.12734264,42.05350378,43.11546095,38.74520999,56.41097755,33.26049844,56.34891926,55.64062279,57.19840045,45.89710359,25.75222102,55.43416407,41.88842624,71.73832998,55.72363751,35.57025528,47.98685367,42.13653143,45.77405505,54.37491253,55.21009712,56.07133837
4346,1392,104.0833203,30.66231551,1464,104.0847123,30.66162768,153.6166738,,11.90570561,22.77677206,18.32709281,20.40664301,16.63218122,18.45861234,15.63307493,18.45861234,18.36970688,18.28165374,16.96380447,17.59809151,16.96380447,16.89900766,24.85483261,16.72018218,17.55619129,16.88610765,17.04221959,17.04221959,16.05283093,16.26529487,16.26529487,16.26529487,16.26529487,16.26529487,16.80911932,17.39056685,17.52836848,32.59450052,25.48479381,25.48479381,15.3830327,20.10981912,16.60720798,38.40416845,26.46028831,21.47650585,17.2818758,18.07254986,18.07254986,30.21967353,18.07254986,15.91424534,16.92486689,16.40400521,16.92486689,35.00126745,22.8167107,22.8167107
4347,1393,104.0286031,30.67985354,1320,104.0293844,30.67764865,255.5746297,,52.6254719,94.85243989,50.55322346,41.63206638,55.42582331,32.32091335,56.6777413,58.63422199,47.18300856,69.06990307,144.6648847,108.8838659,51.40048419,61.88802691,56.27331296,61.56593312,66.4494037,107.6803381,95.84048614,83.64260608,69.70217174,83.64260608,86.9356221,47.92024307,55.42582331,61.09353698,80.7077778,33.21547534,88.46814105,83.64260608,100.8847223,84.3132799,60.3323716,84.99479602,51.95459618,91.09590762,76.14361384,53.33731402,46.94227892,57.57626201,101.3291483,78.30371633,65.95474315,99.1987781,109.7185804,40.53165934,126.0368037,76.91274123,61.06650443,58.6030998
4348,1393,104.0286031,30.67985354,1582,104.0263815,30.68325348,432.7638555,,57.48892545,71.41519194,63.64974367,61.12603746,59.19262461,120.0401668,62.02852872,71.54764086,76.10893404,89.2807954,82.01894603,71.97458541,72.80139625,74.14395621,86.99212526,80.59430338,50.78891214,71.302054,85.16967384,83.67077765,75.08192192,83.76074623,130.6183089,87.6483758,103.0390132,85.60164175,134.5961019,90.04189451,110.3950313,132.9308771,106.4536987,106.4536987,91.37535952,108.6862789,87.97458253,126.0768689,125.6411193,125.6411193,125.6411193,80.93246129,98.44864959,98.44864959,98.44864959,100.6752749,98.44864959,57.48892545,64.16267201,72.58939452,72.58939452,98.60442277
4349,1393,104.0286031,30.67985354,1648,104.0267466,30.67975536,178.1734333,,28.86512709,34.79819166,20.92475955,29.05659614,24.37022644,52.14832194,35.32396659,33.48745842,27.29465361,27.29465361,27.29465361,27.29465361,27.29465361,27.29465361,27.29465361,27.29465361,27.29465361,27.29465361,27.29465361,27.29465361,27.29465361,27.29465361,27.29465361,27.29465361,27.29465361,27.29465361,27.29465361,27.29465361,27.29465361,27.29465361,27.29465361,27.29465361,27.29465361,44.75053675,33.90789567,38.58191638,36.09421955,37.29663146,37.29663146,37.29663146,58.31130544,51.1116319,51.1116319,51.1116319,52.14832194,51.62477296,51.75467216,51.81986723,51.7872492,51.79539984
4350,1394,104.07187,30.70269426,908,104.0719292,30.70511218,268.0395683,,51.16343828,45.92230557,51.16343828,49.80348108,47.31663227,46.44379675,50.17156,39.6816809,39.17222379,47.31671859,41.34798488,42.95792747,50.77159901,34.33170644,36.72473628,39.82223145,41.97683288,36.77722519,35.88999696,40.66339848,39.22530268,70.54962134,51.50938324,40.85533329,53.90406077,33.85762968,63.83941601,60.71047737,46.37985021,50.74193404,44.44842794,42.76342567,106.4274756,46.88169299,40.41794905,49.77039811,49.35486482,41.36452494,37.5963809,37.69398456,42.45879446,37.68139573,38.15586484,45.41935356,40.77349468,41.86301284,54.98247555,46.71902098,41.88085795,33.17378413
4351,1394,104.07187,30.70269426,1230,104.0773157,30.70282784,521.7516803,,89.72799599,85.13568494,81.54729592,73.49693516,139.8242717,83.52086927,70.0554137,77.58506134,88.66033075,74.38943247,88.63755902,98.57933735,98.97976719,274.2052626,121.1810354,156.5255041,103.7738149,89.65014987,106.7637972,82.45798274,105.4241,106.4626911,193.6397989,109.4867515,89.15540559,87.904811,89.92907416,90.32096567,69.48512774,101.4615016,153.9595122,92.82180598,145.0429382,71.12677644,88.93044281,75.71270605,95.02391478,80.57941008,86.55788245,80.51800162,113.7114284,50.16433676,70.82008564,95.9951984,64.21193261,85.22904255,79.87127068,117.3941281,88.62546973,82.57802745
4352,1394,104.07187,30.70269426,1373,104.0640751,30.70255712,746.6731035,,106.837169,128.2683291,106.837169,120.3233291,130.8956106,130.8995945,121.961124,88.56748509,138.4444791,108.1388633,115.9487307,132.7047301,83.22053166,123.8720356,147.1629453,124.9274906,133.6720384,105.827684,135.8831341,196.206071,172.281856,195.5814951,162.9104953,100.2058965,99.5564138,179.2015448,173.8101106,152.157466,132.5587056,350.6117181,114.5870062,126.9545627,144.5748109,132.4615158,140.5975063,124.5283106,141.2208763,119.2416829,101.8190596,121.6188802,143.4130239,107.9374982,121.3112851,112.3746943,128.5731079,136.0606867,137.1107278,171.211667,113.8648242,102.9893936
4353,1395,104.0118326,30.65796024,73,104.0135237,30.65990556,269.7031656,,38.62695355,38.54176895,38.54176895,36.10528898,35.02954437,35.27452847,35.9050131,35.9050131,40.2518198,40.2518198,40.2518198,36.61128945,35.88805523,29.82892154,38.18805885,33.87757837,39.07168596,29.82892154,29.82892154,29.82892154,29.82892154,29.82892154,29.82892154,29.82892154,31.47265466,29.82892154,29.99015895,29.99015895,29.99015895,32.04394047,30.98305213,31.50456771,31.24163366,31.37254978,31.30695486,52.76801066,31.32332786,38.99322876,39.15045952,42.54389248,41.73524706,41.93451274,42.03486084,32.04394047,32.02632422,32.03512993,32.03512993,33.04093229,29.32062025,42.00129278
4354,1395,104.0118326,30.65796024,1177,104.0061837,30.6556678,597.9198269,,73.81304372,69.1871597,66.40479336,77.9675711,88.7353737,143.0240118,81.07827935,67.65086535,65.77473928,65.74896025,90.56532563,90.55910108,97.21349219,172.8924801,79.57528195,74.95686744,83.33570754,124.6026846,71.61218028,81.08405487,93.18231069,80.25021444,68.62416716,150.1752124,131.2506937,98.73905398,56.21406176,71.19662769,84.41221086,135.8051342,68.62416716,69.10148882,58.98931012,106.8243859,68.62416716,68.62416716,56.53758177,68.62416716,64.43930278,68.62416716,72.83310897,73.51682516,173.9403133,118.2698559,61.1418446,59.52160677,67.80662619,126.6183163,80.01901029,93.58745117
4355,1396,104.0701792,30.65189819,331,104.0677955,30.65381329,311.7984745,,35.83636245,28.45309273,39.8747605,46.04079197,34.69782096,57.06115874,40.52254542,35.04082752,35.15973401,30.95414018,37.83621937,42.00091705,25.54949564,33.80947314,35.0275733,34.92574096,36.87498384,42.73380107,50.37625292,28.67445329,54.29868624,42.7202477,34.94627983,46.04660336,30.83721176,40.83581658,48.01003029,40.43912278,33.34082697,62.55829266,29.05228139,34.85945678,54.28201421,26.77339316,38.31659299,48.27847347,33.6603751,36.98433305,36.95389327,54.05174196,48.94885392,30.37820049,42.09279405,39.52375029,35.78558474,36.86287383,29.32274055,35.7062452,27.86833262,35.95369981
4356,1396,104.0701792,30.65189819,579,104.0726028,30.65083318,260.5056325,,60.76589269,70.11740389,28.68596952,55.63864529,54.33489438,45.63602321,76.12177573,31.07251456,41.35921839,65.70532221,84.48831324,54.46110784,46.0468221,40.99256102,100.5705391,45.97158221,117.2275346,32.88494857,25.62350484,60.11668442,54.20926457,72.0476525,93.7820277,43.72122503,31.89864888,25.74072124,82.99294487,64.67726048,37.66346494,77.71991244,30.47344523,29.31997293,71.37140616,31.36522666,60.76589269,30.52303587,52.8846021,59.24857345,31.45728392,59.57116098,37.51281108,39.48716956,28.0700472,55.49232408,32.81960724,24.37479602,95.69594663,57.53498632,32.30150208,70.77888883
4357,1396,104.0701792,30.65189819,1509,104.0698233,30.65116749,87.8722986,,19.46709384,19.46709384,19.46709384,19.46709384,19.46709384,26.86541613,22.57557716,24.53438875,24.01349496,23.76125532,23.88670925,23.88670925,23.88670925,25.33929203,26.13391111,25.73046809,25.93062046,25.83015653,25.880291,25.880291,25.880291,28.49912387,27.12664787,27.79595405,27.12664787,27.12664787,15.13589832,19.43026253,17.01632295,18.14335241,17.56177444,17.84782694,17.70364528,17.77544374,17.73947185,17.75743958,17.74845117,17.75294424,17.75069742,17.75182075,17.75125908,17.75139949,17.7514697,17.75143459,17.75145215,17.75144337,17.75144557,17.75144666,17.75144612,17.75144625
4358,1397,104.0147331,30.69819801,949,104.0133461,30.69733246,163.8579231,,45.72779249,31.29382086,45.72779249,24.47670221,24.47670221,24.47670221,24.75056741,24.47670221,24.46824154,37.33471666,34.95635693,37.14405126,41.46672943,34.1840506,34.59756734,25.75932416,30.78348457,32.81716401,28.91610408,27.75945991,29.53134033,28.61799991,29.06749729,28.84099731,38.05732407,31.10816207,32.50074508,48.28226095,29.34768772,36.96429389,39.92477314,39.89102439,39.85733265,33.04697609,25.06164729,24.37555881,46.37690946,38.93653618,32.30053515,47.57165509,38.05732407,33.18641481,30.88421587,27.34922159,33.90163926,23.54844404,23.54844404,24.24751771,23.78914634,25.1551609
4359,1397,104.0147331,30.69819801,1127,104.0159345,30.69643301,226.9515391,,27.72711111,33.03337766,23.88963569,31.12478251,39.09213114,34.41919076,28.08720346,31.39818164,31.92129481,31.22887877,21.41613475,43.02965323,46.13357091,29.71001966,41.4383199,29.71001966,25.00460722,36.40212806,39.46983289,28.46778888,33.67283983,39.56540149,36.0717678,41.9704901,63.00968179,28.40181486,38.14497409,30.0377037,35.47144172,30.00093785,52.3734321,35.06547385,27.82152806,39.75793386,25.17798277,48.34470655,26.35566261,37.65094658,38.81356488,28.87016045,35.36907103,34.57786448,21.70054557,33.15850409,38.06019599,36.08504412,39.56273377,29.65191389,21.96305217,38.44826074
4360,1397,104.0147331,30.69819801,1293,104.013504,30.69994817,226.8988817,,21.66673671,43.33347343,24.07178706,46.85371616,19.12964811,23.23857679,35.82613922,38.31631453,40.96875919,59.9272108,35.82613922,44.63584558,19.0404656,36.52023729,32.7389168,37.93943215,19.92282864,45.12905934,42.37250547,41.92530583,43.36582525,43.19705038,43.94489169,43.92126253,18.15191054,24.11323909,45.49034315,47.29283729,22.01714216,36.88387517,43.83735103,18.75627954,41.09307915,28.49427816,36.79441325,22.84855872,79.39010547,39.97565943,35.61784771,45.37977634,27.2278658,37.30554402,41.77447117,38.74958967,39.09280257,33.34024384,20.09436591,32.60822252,19.94715444,33.94643009
4361,1397,104.0147331,30.69819801,1615,104.0166913,30.69941532,231.0326626,,34.01707916,41.08938256,35.29211819,30.65769013,26.68612573,26.19239214,25.01249552,25.58884985,32.74277263,61.3318648,45.44904838,47.45892071,33.04838087,31.01495035,29.86418619,24.39054503,24.39054503,24.39054503,24.39054503,24.39054503,24.39054503,24.39054503,24.39054503,24.39054503,24.39054503,24.39054503,24.39054503,24.39054503,24.39054503,24.39054503,54.24245123,36.80166307,36.80166307,36.80166307,36.80166307,48.63845528,41.90013024,45.01854319,43.4033965,44.19621842,43.79621973,43.89553908,43.94536786,43.92043935,43.93290006,43.92666881,40.63677834,37.40858705,37.80534479,33.46952054
4362,1398,104.1104171,30.70159507,549,104.1133241,30.70159823,278.4021645,,87.40533069,87.40533069,32.22661711,32.22661711,32.22661711,32.22661711,32.22661711,32.22661711,35.47779795,42.78539134,41.35823077,50.02900794,69.3597088,49.67770965,36.54760533,35.87999257,44.15188512,30.5874199,33.55740375,31.32024351,36.91520413,35.47779795,36.18223077,35.826552,36.00351297,35.9148145,30.64977958,40.17025219,46.99872414,35.95910904,47.72608534,41.01531984,44.11696324,42.5096401,42.5096401,42.5096401,40.27787511,41.36367593,46.7248388,40.21861124,40.94970894,40.98388945,43.540496,43.540496,41.93505407,61.67678721,41.93505407,40.99538477,44.28193486,78.54606522
4363,1398,104.1104171,30.70159507,810,104.1104646,30.70478208,353.2450586,,55.17059484,55.17059484,61.40920134,62.26614385,54.46176492,42.11941081,36.86035394,38.30368105,55.02471105,60.8460388,53.78039307,62.13430997,57.10079152,39.21918924,46.83912379,63.43465571,62.1958112,63.26777169,93.51464002,37.96066301,58.31732696,66.72213601,74.25881524,62.9126599,62.66521117,61.78213172,70.53586553,58.82271614,63.07514118,66.7763665,64.88126057,76.47778754,63.73682532,72.9147918,70.41347403,75.83508641,64.01084953,71.70897078,71.62396973,63.04989565,44.23242473,64.28251328,65.78079011,65.77967116,65.27025891,54.94958467,65.77995089,63.71174444,56.04368718,52.22067425
4364,1398,104.1104171,30.70159507,1034,104.1059183,30.7017592,431.2349607,,69.09996402,62.07526152,96.87649663,68.14951091,47.43914006,59.37568743,59.75542181,49.17471836,84.52518284,57.52462653,59.39534609,62.68287449,44.52521582,70.86304831,74.10242761,88.64787201,60.66216314,69.37444253,83.29689382,73.64543921,61.93268052,78.84883028,86.63202335,78.40635649,67.85165466,82.42818907,76.94898927,85.01894077,46.93713858,80.70706568,55.46430363,79.34135562,78.11048345,84.6648708,90.46775953,65.04661417,50.66729303,51.71371947,142.4262256,139.8599873,94.30132053,73.28619318,91.77495743,85.06552649,92.81782088,82.79711245,55.60336169,62.76735278,66.67627167,63.02215935
4365,1399,104.0299614,30.65658206,1367,104.0304595,30.65771852,134.6960658,,13.65931935,13.65931935,22.92698992,18.22954274,16.9399419,20.76684526,15.45362691,16.85163638,32.18401572,17.50167695,15.48369683,16.9399419,20.03743128,14.69411627,18.7403222,16.41661741,15.91159432,18.08225619,18.87527586,13.91529225,20.43808691,16.63827373,16.70932933,21.17492737,16.69150859,14.98936126,17.75368936,17.93456632,19.11586742,19.11586742,22.78335964,16.97948656,30.30661481,19.38977022,22.78335961,22.78335961,21.647582,23.74322163,22.05579472,14.04506407,22.47969884,23.46318565,13.82482785,14.51813883,21.45601048,18.72223308,17.67116779,23.70076069,21.22126201,23.09075414
4366,1399,104.0299614,30.65658206,1749,104.0229439,30.65622063,673.5888892,,91.29110592,116.5826924,75.01686005,77.39106387,76.18546933,76.78353457,76.78353457,76.78353457,63.94456493,55.87373274,69.2834286,74.15657496,65.18602154,62.19193288,58.4519284,58.4519284,58.4519284,45.83969756,65.44011996,108.0142539,48.98828285,60.07588041,74.15657496,73.08378545,73.08378545,73.08378545,64.36416725,68.44739259,61.7971458,106.2784515,85.92912832,85.92912832,85.92912832,85.92912832,85.92912832,124.3548719,84.78741263,82.62078368,62.1455664,82.62078368,100.898197,82.04175933,96.61035861,84.8806881,87.92313275,50.62463468,56.85627201,57.47958521,56.85627201,75.11368099
4367,1399,104.0299614,30.65658206,1789,104.0309005,30.65657928,89.98096423,,9.160394356,8.494790793,9.105011328,8.666579689,9.676817662,10.62244536,9.669596156,9.189545283,11.16042967,9.845941375,9.669596156,10.80672131,11.33618447,9.845941375,10.7999657,11.08811882,23.13796223,23.13796223,23.13796223,23.13796223,23.13796223,23.13796223,23.13796223,23.13796223,23.13796223,23.13796223,23.13796223,23.13796223,23.13796223,23.13796223,23.13796223,23.13796223,23.13796223,23.13796223,23.13796223,23.13796223,23.13796223,23.13796223,23.13796223,23.13796223,23.13796223,23.13796223,23.13796223,23.13796223,23.13796223,23.13796223,23.13796223,23.13796223,23.13796223,23.13796223
4368,1400,104.0734954,30.66161953,1404,104.0719509,30.66243375,173.320963,,31.91588065,33.72732253,33.35038938,22.98178515,36.18459723,43.08801317,39.54526243,28.78687275,28.13778881,30.08826844,26.693282,47.05546507,37.08502032,36.06678999,27.20736047,25.84558371,23.32543801,24.61362788,34.34617248,32.64883257,27.09904307,36.09659724,25.86343904,27.76220097,19.80811006,41.59703112,23.30365889,31.82093329,34.9228806,32.19722898,32.5825309,16.70563499,24.56517586,25.57194536,23.63467677,23.63467677,18.13824031,23.74711577,24.56517586,23.86062971,38.99721668,27.44672142,22.40414603,26.2533857,24.17651147,25.17218222,24.6643024,17.55148992,54.57336446,27.48702497
4369,1400,104.0734954,30.66161953,1762,104.0746648,30.66106452,127.8212461,,34.59823203,43.41098924,58.24765645,43.41098924,43.41098924,29.68751522,45.56004811,50.01700934,28.84993642,29.68751522,29.68751522,29.68751522,29.68751522,35.26103341,21.13233001,26.42679029,23.48486053,24.8691227,24.8691227,39.29907877,24.8691227,24.8691227,23.84230497,25.31592461,39.37167794,25.77907484,26.62429042,18.1880034,26.62429042,27.45290758,39.24575573,28.33475899,22.95044818,25.35996065,24.09511643,25.35996065,25.35996065,30.57518179,29.79047771,35.94972547,29.0450442,30.51002038,31.29936016,30.89965011,31.29936016,31.29936016,31.29936016,21.70549462,25.63418374,24.52445375
4370,1400,104.0734954,30.66161953,1796,104.0744995,30.66310274,190.465174,,37.18142992,49.92776407,49.92776407,49.92776407,49.92776407,57.86283767,49.92776407,34.51382347,50.51010139,49.92776407,33.67753568,32.60459469,31.59790905,56.6673245,37.26492535,45.77267199,45.77267199,45.77267199,45.77267199,60.3232809,37.26492535,46.06996371,37.26492535,63.5865187,40.05108799,28.10141911,31.48907584,31.48907584,31.48907584,31.48907584,31.48907584,42.85466415,36.30309074,36.30309074,36.30309074,24.48837951,58.60466892,43.26022879,43.88317609,43.56947586,43.72576334,43.56947586,28.45122931,34.4235771,34.4235771,34.4235771,39.99247918,43.5120802,43.5120802,48.97675903
4371,1401,104.0672473,30.68824176,287,104.0671143,30.68639269,205.3293807,,31.43560386,33.22183238,27.68486032,31.12361139,30.5869974,30.5869974,30.5869974,26.44671809,70.39864481,29.59474905,44.13049376,38.42421159,24.19593357,28.18630202,23.80630501,26.89904551,33.59935321,21.64526414,24.61217882,29.0903491,27.0574055,28.01169254,27.79546963,28.00321775,26.73366259,26.73366259,25.77805651,25.81986224,26.8191757,27.96415273,26.8191757,28.24032266,20.27944501,27.96686559,28.01189526,28.019776,28.01583508,29.64190223,24.35056564,23.88643934,21.31882292,26.53215257,22.41897918,19.1996304,27.08542131,26.1381107,27.08466945,27.44841331,22.0598451,21.36375059
4372,1401,104.0672473,30.68824176,495,104.0707783,30.68827718,338.2452817,,74.30559964,48.86368435,79.29918324,85.36490988,97.14876028,46.29973438,89.05926302,57.39275792,52.8224402,123.1364846,110.7463979,78.92389906,39.23263839,78.94217271,101.4735845,74.91993165,71.88211417,50.6358874,73.26951716,64.59856839,54.08490546,43.84097261,61.60285062,81.43603403,50.723157,62.17955818,60.68907868,39.30122693,56.27651134,52.39850407,41.97097851,63.8784532,48.0822513,70.13681517,83.9100577,61.09979706,63.63770528,72.65411779,79.40178013,76.34376264,87.31755639,59.96469208,62.12668439,56.123343,99.13294555,64.20849368,79.90046024,46.93712059,39.13701567,38.46731998
4373,1401,104.0672473,30.68824176,1552,104.0638103,30.68828603,329.2418329,,57.70548191,69.04488922,53.63215378,66.06859523,71.09592279,52.913866,94.69538733,129.1848064,60.90022343,52.56188907,123.4656873,45.73391376,56.5407229,54.1669156,69.82448297,47.92199186,51.34746276,57.03900859,92.35874795,59.818992,53.32505759,42.3689222,49.40966967,46.02992615,56.60318044,89.05721709,55.00095584,41.80848672,55.09042986,56.30739185,55.18019546,63.72422572,37.90266875,54.35240215,47.38374752,66.67147115,33.81656486,65.95955196,99.6025713,65.2626759,34.00087775,39.95294152,39.0748549,39.50901995,39.50901995,39.50901995,40.34963739,31.94799457,46.48119994,36.30231542
4374,1402,104.1111282,30.68377369,702,104.1090332,30.68661379,373.2936321,,63.48931065,43.28042111,51.88637357,55.93577838,105.8155178,116.857137,159.3506414,93.32340803,89.08143491,84.1664139,75.28611068,58.1127384,52.88462475,75.71025778,91.9820038,80.35019884,72.10500741,83.99106722,68.91574746,70.68798177,75.76361243,80.37422701,70.26703663,79.51817015,61.08441253,99.1045041,79.40071347,105.5385138,82.69889696,95.00274953,63.91710229,78.47340587,186.6468161,158.1008324,82.19309331,110.5705189,66.77550686,62.3599571,61.98602747,104.1749671,87.54769222,65.23578037,67.70060834,66.1346986,89.64480189,56.05774681,73.91213916,70.72931977,63.99319407,65.58955358
4375,1402,104.1111282,30.68377369,1274,104.1119057,30.68279465,131.6088084,,30.1202613,23.122365,25.06401851,23.6550885,24.3555578,27.30787955,27.13235654,34.29545496,29.74402426,24.16536801,20.84105967,15.74058838,22.44276522,25.01540181,15.95258284,17.89018415,22.32234206,19.61870436,21.69637512,24.54879328,29.336948,40.26558443,23.03391371,23.11179074,25.4118651,22.48617792,27.91536802,23.14031494,24.49142022,19.87130319,25.88821828,25.03089329,24.77682635,23.15768249,23.57815072,18.47141171,30.63308471,24.81146922,18.08365306,26.48224445,21.9348014,23.52491113,26.61751181,23.52491113,21.75851712,16.28150207,25.47267259,25.92345854,22.98652121,26.93462972
4376,1402,104.1111282,30.68377369,1344,104.1128606,30.68484116,203.7975913,,54.14548551,45.99820243,49.74042906,47.79617776,48.74892549,48.20178454,48.74892549,51.00843538,47.43564624,58.69370629,45.85445804,45.85445804,48.58750521,43.07268075,52.20118403,41.68587095,42.85596815,56.22002519,53.26107649,48.81875669,80.62322293,48.10959532,40.45981593,43.80127335,38.75999472,51.1674013,44.70198499,46.90498192,46.87993272,97.82284382,48.70531825,48.70780934,46.88775773,46.88854037,58.34364443,46.88834469,27.42696556,57.02847483,56.58133639,38.9215559,24.82813295,53.74881529,48.32348616,46.88827937,36.56169411,44.18043379,46.88827949,46.88827949,46.88827949,34.99003818
4377,1403,104.0266969,30.66826907,185,104.0273319,30.67140608,352.9601232,,49.31396287,80.42129389,124.5741611,53.20573652,50.19216342,70.98639349,63.46482415,59.93662469,64.50032708,71.78849963,63.53282218,65.32938013,53.90204307,51.18454959,68.40680719,49.82966445,89.66325711,71.42818797,82.68913947,105.0129292,75.98609962,59.23806263,64.8625035,44.62358011,68.60827525,54.45670473,132.3600462,75.00808506,64.10981047,66.65424483,65.02847715,63.4007373,59.35995843,71.33152306,83.37640706,56.13318236,65.55887705,68.22316475,94.12269952,66.32133275,84.42899957,52.12949512,106.3310831,72.66826064,67.57313237,72.12321189,85.8551651,83.28759974,118.7529386,63.83833422
4378,1403,104.0266969,30.66826907,791,104.0228234,30.66812114,371.4615824,,91.28066189,50.43182209,91.28066189,52.14221906,45.55093917,65.40953952,69.28817081,73.88186169,71.32062382,76.63390812,71.32062382,75.26801293,134.6236607,81.41623724,77.60275129,79.59891051,88.32640004,67.95522233,83.53534806,106.9809357,71.32062382,67.28360738,67.28360738,71.13094131,167.7568437,93.18896841,80.43679378,146.3087195,116.5007078,64.22709771,73.40029896,65.81079759,69.1593928,77.21119454,60.50957903,140.3949288,63.22750339,71.55915434,81.66483644,79.12791104,63.98381324,67.99635744,81.07943465,42.65587549,67.99635744,104.4289532,87.85732474,86.69443738,152.8299082,93.04712827
4379,1403,104.0266969,30.66826907,1305,104.0265248,30.66499141,363.640878,,76.18470384,51.17031248,50.3019082,41.16689185,72.21237293,41.75780417,70.65343196,59.92622723,48.6054639,35.84140071,54.5461317,54.87640636,57.80667812,66.93754656,67.47975056,70.84765151,95.20779351,71.20240966,62.0429934,67.93939206,59.9133712,61.31649465,56.56417654,61.83236774,38.39023932,74.88314614,56.42703279,37.29650031,38.27798716,50.43962774,36.66966837,92.84447949,45.29782563,54.5461317,48.00288175,57.71936042,90.12785961,60.83429165,62.33843623,51.39250096,64.77521825,77.92304529,89.0549089,30.3034065,86.12547111,67.43692866,38.96152264,63.85888589,57.52511064,29.09127024
4380,1403,104.0266969,30.66826907,1694,104.0298934,30.66792296,308.6322849,,52.75765554,52.75765554,52.75765554,54.38454359,56.11496089,78.57681935,53.67517998,65.74415536,61.38542683,61.38542683,40.73606693,74.66910119,74.31947998,110.8305462,48.39182167,95.32589158,84.08144413,92.15087177,68.96335194,55.97361338,105.8167834,72.14780686,105.0387188,105.0387188,105.0387188,105.0387188,105.0387188,105.0387188,75.71217892,87.9963571,81.39338482,87.9963571,87.9963571,171.8159112,97.46282681,89.60292142,106.8342525,155.3952763,125.7822142,85.46740197,85.46740197,84.33216134,83.22668357,111.1076226,111.3860878,58.6319908,108.3976806,89.60292142,65.2806243,99.64809199
4381,1404,104.0719509,30.66243375,660,104.0728306,30.66386644,179.7670643,,22.88811429,43.62886056,31.72359958,44.8638774,36.00341761,28.76273029,35.17181693,38.04034865,26.69807886,27.30638951,33.21209692,33.79433063,51.36201837,35.85381892,37.40817523,45.36178257,50.24057692,33.35883667,38.40720662,51.443675,54.38331357,38.94164311,37.05122699,36.71837909,46.81095345,43.14409543,43.30045821,39.4610629,41.73552158,34.63843523,33.79433063,34.51527635,32.03769463,33.23036875,28.07641785,32.03769463,31.73940121,33.33020247,48.25961458,39.22190494,40.44758947,35.26765294,28.89113533,36.06916215,28.60382018,44.63182286,37.77206799,34.10600429,45.5747487,34.77492915
4382,1404,104.0719509,30.66243375,1400,104.0734954,30.66161953,173.320963,,24.54102131,38.04606505,18.11191486,23.99828718,39.82694468,35.68008388,38.51576956,21.33181083,42.26624669,42.68794527,27.16787228,31.48639866,42.44595012,38.8930389,33.9106232,30.24016802,21.07957658,51.39666119,37.26984663,31.59268186,27.36646784,22.00901117,41.98186488,24.09094466,22.32398808,34.95548834,29.8186603,37.64437205,28.65467127,32.3824306,40.25519141,38.42090313,28.36161213,51.5665675,33.81872449,22.28412381,37.65005079,35.05367791,53.32952708,30.85833169,31.60868626,39.64768653,28.36161213,36.49719927,32.3292988,42.44079455,36.39266359,19.5597325,24.85878354,20.973293
4383,1404,104.0719509,30.66243375,1647,104.0697571,30.6627216,212.5972994,,40.32876171,55.66183839,53.89790689,33.94014536,30.31090209,27.66326305,31.27525946,22.41142834,35.18851852,35.18851852,50.16340771,45.19785106,45.19785106,32.70727683,37.95125344,37.95125344,37.95125344,44.23990045,35.06759578,40.1758676,33.18951769,36.97344337,36.97344337,36.97344337,36.97344337,36.97344337,36.97344337,58.42368533,55.35987543,71.19537468,52.60139367,47.02613074,38.94912355,42.51945988,38.94912355,38.94912355,24.2199455,29.10077102,29.10077102,29.10077102,36.79568643,24.37421267,20.96850076,19.70013585,20.31453956,20.00262079,20.07969902,20.11846132,20.09906148,20.10875672
4384,1405,104.0066113,30.6827291,638,104.0055209,30.68097239,220.9492292,,29.75747195,24.81801014,29.75747195,29.76303929,37.36545978,32.76692997,27.98301584,23.72019558,34.93049295,50.66351752,31.57939243,41.12808817,56.18486957,37.43139883,33.4443122,25.21132251,34.02854439,33.02443995,26.43313957,25.3586788,31.27459601,35.16433356,33.08035871,27.33392526,27.21701369,33.36481649,41.57149152,36.61623204,32.5857118,53.65377572,32.81424196,24.14012823,85.99105136,50.02624057,24.12792391,47.3462634,83.72812896,23.26915335,26.40827441,44.87544288,28.765616,26.90249916,26.07925328,29.67974721,34.40055275,34.06497752,26.45407092,29.45989723,27.44710922,34.36602307
4385,1405,104.0066113,30.6827291,647,104.010975,30.68116406,452.5730792,,41.3256331,46.19838615,41.3256331,47.7789761,46.82164211,50.75585935,46.79399976,50.8667838,60.63018843,51.94644317,64.79471406,58.6065858,53.0704588,69.77572099,67.09388135,65.23575916,45.95946643,53.60887584,63.73645321,64.18078808,65.19225415,56.53237631,57.76845829,40.47858597,75.21845539,75.39975713,76.80674532,48.23158926,36.48965476,44.94518856,72.40163689,66.28493894,70.71022782,66.52523254,80.10819917,70.95872822,42.9884719,72.09128695,72.9929327,73.48012849,54.17333616,66.89690255,146.1222498,61.62695603,62.89580081,66.29276045,72.42511591,36.86115577,62.85351404,58.30364918
4386,1405,104.0066113,30.6827291,970,104.0021305,30.68485942,489.8710869,,71.39821509,91.21737482,58.65418778,60.83780639,53.69812472,110.2209946,64.78824074,56.59160571,60.60260869,73.32789658,51.36512368,59.15424446,59.95872207,56.28306105,59.4183259,61.73854848,55.71993405,55.76692041,81.5036817,69.47013391,60.03526512,53.61649595,58.13854658,59.7808784,71.9905184,69.91222648,64.53534689,59.71340563,59.08817802,62.00536464,56.1635641,60.96048092,59.93325107,69.47743917,114.1447193,74.15378518,53.60291528,65.35270412,73.01622351,71.53615844,59.86966816,79.26004103,63.29365383,61.76585906,62.92490155,62.07015366,50.17171872,59.65028809,53.40454414,54.49740151
4387,1405,104.0066113,30.6827291,1687,104.0078677,30.68522261,301.4289481,,24.81747772,24.81747772,24.81747772,24.81747772,24.81747772,24.81747772,24.81747772,24.81747772,24.81747772,22.35106515,23.51978788,22.92053784,23.2162966,23.14164364,23.10449691,23.12305536,23.12305536,23.12305536,31.40793671,28.82589156,28.82589156,28.82589156,28.86021844,28.86021844,28.86021844,59.51430786,36.35323997,21.81194398,49.10154811,29.81165421,29.81165421,29.81165421,29.81165421,29.81165421,32.88315797,31.27216753,36.26212909,28.59405041,31.97478344,29.05339259,29.05339259,29.05339259,29.05339259,23.26139792,29.05339259,29.05339259,31.11524626,31.11524626,31.11524626,39.4311124
4388,1406,104.0925699,30.67906708,84,104.0946566,30.68181985,364.7385995,,69.04423844,103.8577707,72.25953387,68.87381145,81.78055429,69.00076269,79.27903144,68.60838607,59.89625253,69.80875006,52.61255127,74.88217612,68.55926457,85.96871195,62.89265898,60.66494161,54.85707546,48.81260068,45.68995304,68.90114472,90.76444409,76.3406371,109.6729136,73.31801289,95.14919987,62.2076037,76.40727135,72.85135569,73.28701161,43.92837147,53.66163614,49.56275389,56.86829316,72.98826894,53.59424319,41.01306653,37.99674538,42.2399481,43.90637744,50.34091853,54.78951049,51.19138239,40.58914863,46.14163005,35.78900855,53.72581662,28.95389103,52.28995851,50.35164305,51.90982242
4389,1406,104.0925699,30.67906708,450,104.09088,30.67998414,191.1436769,,41.15533713,55.62148566,60.09757527,24.14446445,19.11436769,56.17283566,29.95069584,37.80863939,33.40374936,43.73626506,32.08005766,20.17939111,41.20462496,37.69030248,44.39466044,57.34310307,32.08005766,51.86813342,69.64749361,47.13131759,24.99971796,27.19830976,39.63808968,26.14758341,24.81937734,42.34567611,38.33522211,19.56963347,25.77218116,28.27879056,25.89340496,55.42946674,82.90569119,17.13866094,46.30667812,45.228363,18.82673699,27.41502936,63.36254483,43.36873341,51.80305423,46.05871733,51.51220739,27.30623956,45.21138218,42.47637264,22.93724123,33.16227647,70.35963567,50.1752152
4390,1406,104.0925699,30.67906708,967,104.0903608,30.67653969,351.0632951,,59.19568442,51.06375201,66.69276319,77.29834021,29.84245248,48.32993738,41.16703135,65.22982515,49.56187696,31.7544689,66.16899803,43.25708599,40.37788698,63.99128417,58.91971386,46.20942824,58.91971386,31.5169043,60.18227916,57.1867811,47.42318433,84.8206619,98.35236283,36.91804856,44.1897854,47.42318433,41.39819858,63.19139312,66.72797584,50.08564845,49.46488698,55.02878935,48.70242244,57.44672102,63.93732861,43.33743206,110.5388801,46.89528246,26.13914917,50.5603374,70.80268136,48.46894966,50.1518993,50.1518993,50.1518993,46.59273225,54.00973771,54.31924909,46.30819648,52.27829834
4391,1406,104.0925699,30.67906708,1341,104.0958335,30.67466937,579.0514479,,143.7644974,102.0854658,50.14583639,68.94039562,98.48434073,102.9424796,87.58761397,77.06118078,101.9980532,108.5015075,116.8926288,114.2685708,95.62317488,67.62644647,78.22750478,86.39488743,101.3574657,168.1117107,120.1984884,81.94563509,62.42186473,113.6456113,84.91182128,105.2820814,108.4591682,108.5721465,67.99443682,112.3765613,80.40830135,132.7761282,168.7923249,77.61810794,99.91165005,87.67971451,76.07975228,86.63936458,80.48591554,203.3741671,74.10760642,94.64632066,73.62643353,64.73867119,68.45928448,86.01690832,68.67777906,84.09824357,65.45008516,99.2659625,67.31706821,84.56735142
4392,1407,104.0631321,30.67607279,317,104.0623267,30.67481854,158.9866846,,23.36130876,23.36130876,17.64055677,26.49778077,21.23689674,24.07580326,19.85609938,21.06303992,25.74297142,19.85322958,25.74297142,23.35733642,19.04665772,18.86421471,18.86874938,21.9853546,26.71421538,17.70747796,22.39395101,41.47478729,22.34204782,21.41990242,22.34636389,21.65527669,22.34744317,20.49204413,22.34771301,22.34784793,25.3190742,22.53354585,19.88100349,22.37498298,28.20356526,22.24166054,26.58325441,27.00393288,37.90411024,28.61711216,19.76681037,28.20831641,27.7840808,36.92593965,27.29751258,36.92593965,22.13057765,29.20163595,21.02786001,23.21326498,22.38209222,25.38732994
4393,1407,104.0631321,30.67607279,476,104.0577632,30.67840135,575.4347967,,55.02165387,55.02165387,71.55665866,111.976501,97.71534284,97.71534284,71.55665866,73.87728584,79.44641488,51.7891317,79.44641488,166.6138286,66.07863694,65.79879095,64.7279865,97.71534284,86.70660347,90.46136542,84.20997025,87.31571204,77.87839354,95.64486357,106.7817149,99.30107643,94.56953054,87.92721851,83.82661682,69.97349327,85.86555736,78.68695624,48.45766709,85.77910013,89.58120078,57.35759856,85.77910013,57.22555989,56.29253446,101.5473171,94.63419746,98.37604069,38.2207614,76.68406599,119.7436571,65.76397677,90.94954073,33.33706579,67.04094719,83.58900405,82.86261072,68.93728014
4394,1407,104.0631321,30.67607279,1586,104.06481,30.67529443,182.4279611,,16.54258589,18.67066553,21.42710147,23.56020305,26.16496653,33.08517179,25.35678224,18.8070063,19.5168101,21.81862658,14.56187716,20.14541902,22.14976931,25.25386002,24.94741348,23.50298886,12.03924216,18.86101838,14.80256934,27.29595428,23.7090491,28.93130661,17.58341794,14.4816022,19.25925689,18.68394481,22.72459031,22.01365341,22.36347309,24.93951874,17.23728766,19.59688653,22.70494935,16.15598179,76.36519302,16.50102161,17.65431882,45.13681512,16.45966566,24.1227056,19.56769192,19.56769192,18.84478221,20.88205596,17.52476744,76.36519302,18.40898837,25.0903786,18.40898837,18.40898837
4395,1408,104.1214847,30.62452531,1148,104.1134892,30.63265318,1182.658842,,181.1732694,111.3144567,181.1732694,121.8189365,150.9777245,103.8432154,125.0388203,117.0539619,121.9934622,148.3474506,121.5580823,138.3042898,141.4475691,122.814572,177.0300138,122.814572,160.663088,156.1934026,152.6011409,156.9129668,148.5199476,137.5135348,133.0491197,198.2109791,106.5458416,149.5383985,190.6892921,166.3113997,137.1198657,252.6748861,209.9912124,158.2740458,200.0201531,161.679943,168.8395967,212.241866,149.5196429,204.5270695,174.4906488,187.1460146,186.9699048,144.6513646,118.4303708,172.7209668,191.9155125,111.5715889,205.1841846,156.816642,120.7479249,133.1184523
4396,1408,104.1214847,30.62452531,1198,104.1288734,30.62014553,858.5732829,,81.36911142,116.9759233,95.86197045,85.07745165,96.28859247,76.1296507,108.2424731,115.8494685,93.50905286,113.5208748,123.6345527,167.9817293,102.6865056,92.72591456,100.0204892,117.5233391,106.8886623,92.12708848,111.5835314,113.9139,90.09719636,96.0558507,103.2007953,103.4227855,111.9317132,106.0330641,101.5617903,117.8220007,234.1563499,107.8208309,93.66253995,107.726883,110.9825429,122.8971697,102.1773163,335.9634585,108.5465783,129.2347241,120.6975783,294.3679827,175.6172624,94.37752117,57.66536975,107.8835539,88.05879825,91.9899946,85.44198531,93.80466824,90.94119363,112.9082673
4397,1408,104.1214847,30.62452531,1326,104.1187349,30.62386306,273.5881396,,30.82683263,44.97339281,23.96392464,22.52097491,32.29237058,56.84948355,34.60707317,35.62087894,28.22112615,21.96025201,34.37756728,31.21766411,34.16885698,47.81151954,39.48883271,31.66088302,40.95290239,33.10646395,24.25904686,40.01114903,44.84221908,30.16592045,50.70359344,43.83904907,38.47333213,36.51464345,26.2644614,35.17561795,27.13270806,26.33468723,44.76089455,29.89126867,39.6344991,43.82477472,44.20480315,41.17644755,42.98389801,48.45841587,28.14049436,39.79463849,45.94749161,29.75580975,41.62041122,25.85084784,36.71639525,44.0219295,34.18664709,42.17787566,35.68540951,41.49038569
4398,1409,104.0093726,30.68765838,69,104.0104187,30.68940234,217.7158719,,22.32983302,33.83959749,22.51424456,23.13448694,18.79561484,23.16419663,24.68589414,25.20067968,37.08724632,18.79561484,23.34986511,20.38432091,25.20183726,28.17652985,23.61663695,28.17652985,26.84934532,23.95773006,26.98028017,29.10578234,25.50794431,25.86012006,26.09690807,43.14369571,25.14792959,23.81095105,22.52233158,25.61363199,24.70729416,23.80854006,24.68589414,27.14614733,26.8581078,26.04065249,28.83110931,29.63240601,45.04466315,21.04099702,18.14298933,24.82271224,23.50156338,29.41002397,21.41272577,32.49478596,24.92137166,17.03863345,22.02824342,27.85937698,23.42935896,30.34955039
4399,1409,104.0093726,30.68765838,1318,104.0141882,30.68538655,525.5226886,,41.71734683,46.12095756,59.93368484,74.33841468,67.24946909,55.48040114,41.69436207,62.85321193,45.7528822,75.20523444,44.64617531,58.84546435,77.25907826,85.21989545,65.80458014,49.39638848,84.89524445,85.2069017,75.18285859,68.55565525,93.05468321,44.32712462,44.46255415,62.64665869,76.77571912,78.89003613,51.9747714,73.70967579,39.12888685,56.13892222,65.54808762,61.95292823,40.97199088,58.72803439,81.98837179,76.05554488,44.08696019,52.77215283,47.51084076,100.9541985,76.63841846,43.59174375,61.20472213,76.24070832,70.85699172,71.75196943,46.65552846,49.33198641,52.3197367,48.60325444
4400,1409,104.0093726,30.68765838,1687,104.0078677,30.68522261,306.0372569,,29.38610691,29.81689106,28.96759312,34.00413966,32.7897061,30.56127947,33.436544,28.70345093,21.98521576,19.44808693,30.76037575,27.93443521,29.3372007,30.7460686,49.09688613,30.7460686,30.7460686,27.54335312,30.7460686,34.05669629,34.05669629,31.67040244,24.70255885,29.59661853,40.70446274,29.77659797,33.47040379,32.41983693,34.5913383,32.39600465,32.37220739,26.31949653,22.48436989,34.6457272,28.82234467,30.71035888,28.82234467,32.86306114,32.86306114,47.48853986,34.21977352,35.69333017,30.35080234,30.00832247,31.56831303,31.2696535,23.91175529,30.10202527,27.40632151,27.13630849
4401,1410,104.0783637,30.68119666,301,104.0753424,30.68266948,332.2770811,,98.62641275,47.58955636,46.65811768,62.46462099,53.40167375,60.95273844,62.46462099,58.2091237,96.31219742,53.16433298,57.4404558,92.01519169,85.70504035,57.10199111,51.45281234,53.70322997,95.77241729,86.68097768,69.47851568,75.60316211,75.57354243,75.58834934,80.10251064,85.29037376,71.53879393,73.34914031,74.21620185,75.63149242,68.48455758,75.27263327,67.0138651,75.18344993,72.07042482,73.3863492,73.53672992,73.53673164,40.36661953,73.53673118,61.85095615,73.53673109,62.62814094,47.46815444,43.57732211,73.53673105,39.91760262,72.27779408,77.42378589,73.53673105,73.53673105,73.53673105
4402,1410,104.0783637,30.68119666,365,104.0811893,30.67984653,309.2799252,,61.03253028,57.51921855,45.5381485,59.46102701,55.56619991,53.7013375,64.14694744,69.21717685,57.98998598,67.95978012,75.42135348,55.80991131,63.44203594,55.36587423,44.35887373,46.13567946,62.14079703,72.8908498,44.89547301,71.7510668,71.14426394,56.47038363,73.49225945,49.90994685,47.68341459,101.7972782,89.2511207,56.26428734,61.36893005,66.01231604,51.5466542,71.28920277,76.00052769,98.75013133,44.0082107,74.61406983,61.66565892,55.67038654,64.35882837,50.07830874,86.51186719,61.78733245,78.13387584,110.5119336,40.68481354,49.10287677,75.60487079,74.97695156,57.48845905,111.3407731
4403,1410,104.0783637,30.68119666,1076,104.0809578,30.68481948,472.1895863,,115.2462719,84.01396265,92.13455342,52.54660002,69.26180196,63.13398368,82.21320171,67.72440282,101.4249708,65.48504055,135.4488056,61.05899823,82.92109808,86.32496879,73.74761435,94.43791726,134.3780641,70.18064782,212.4853138,89.58537606,43.32750665,71.4236349,74.55430408,76.54255209,95.49901745,85.29264981,43.19904729,74.79055672,70.97630525,94.92131285,81.94398821,65.66710313,51.74680398,137.0872992,42.18070746,103.0231825,81.93301699,69.85818538,51.7074528,68.08608186,85.92497949,101.9419797,48.56807173,86.98759115,81.21751126,79.04592005,104.0744395,62.59430602,46.63600852,72.91069656
4404,1410,104.0783637,30.68119666,1259,104.07673,30.67884784,303.7401244,,24.21848168,46.86754445,24.21848168,41.26280935,44.34462107,45.54776181,41.12789152,56.02721337,49.53661333,18.96729311,47.5124217,48.96123521,51.75725559,53.00033046,45.99370685,44.42569534,54.13665305,49.68034747,61.48084506,24.13828803,60.90387322,51.05273277,54.19898131,54.83976302,41.33913237,52.59749965,32.27939329,46.32521023,23.03647011,47.19311385,60.42631074,56.45142393,55.30778042,41.00491679,46.49977447,27.61273858,48.28101689,36.49950869,40.64923598,37.99830121,43.65127536,35.22380913,23.09323016,37.84549387,34.60604313,40.09980687,20.47686232,49.68222851,47.3386849,58.60611107
4405,1411,104.0385396,30.65746299,614,104.0418566,30.65698347,322.2312508,,44.63809535,55.10843244,60.84618426,53.95500013,45.34919871,35.25934659,51.87980782,42.1957867,56.3213709,56.3213709,50.16356769,54.94179008,50.16356769,74.02146717,51.92827476,40.48979068,42.06826846,43.56725047,47.14812644,45.67057098,45.13745147,64.04596289,50.76728678,58.04308448,64.37918851,47.98345735,81.69242978,37.91244024,38.49133149,43.78720403,60.14983347,58.11924743,69.67162179,62.47930894,67.89487891,65.17036533,75.54139213,57.29498696,34.94073804,55.98612466,44.27604973,60.41835953,69.67162179,48.38979822,55.65929641,42.03016315,41.20896991,48.8892181,57.91475301,33.11675171
4406,1411,104.0385396,30.65746299,720,104.0385395,30.65909862,181.2781944,,19.53896706,23.30719642,16.81962628,19.70282958,16.72908228,19.4879134,14.60939109,18.11209713,19.51624356,25.64249508,14.88824715,21.10612871,10.78234614,20.17315301,31.22495215,21.91776658,27.44684405,16.53443675,26.69126789,31.46150482,23.69781983,17.00221016,21.78969949,19.89638719,18.82504326,26.80088295,16.76072028,21.09353431,25.72842499,27.09295277,18.99858806,14.60366993,24.10347183,22.252376,16.45490418,15.40192346,21.51517955,22.56935221,24.48786116,11.6224666,16.27435162,18.19213507,23.65212322,19.43156092,21.43830521,20.8000478,21.38508465,24.08123616,19.76582029,20.89439167
4407,1411,104.0385396,30.65746299,1295,104.0386069,30.65555632,211.4165834,,57.73196211,24.99506405,35.5068466,36.30046264,45.75749702,36.89541483,55.59399319,34.39998645,25.20197683,61.16321047,43.89904544,31.1288221,50.40395366,40.09304831,21.03647596,25.76256239,19.69210091,20.31404894,31.06529389,35.60700352,49.85369214,69.50682194,36.36271997,34.51699321,26.17261693,42.28331668,36.59133174,62.64195064,28.8295341,42.70699721,23.20425915,32.42485168,34.13183068,43.36750429,27.24050466,27.50134418,42.84868122,60.6311851,63.16180085,33.46161751,62.72799729,34.5605313,17.23895131,27.50962772,21.91074771,29.85393379,28.42045184,36.13958691,25.85257134,19.89431629
4408,1411,104.0385396,30.65746299,1481,104.0350137,30.65903884,380.3083831,,44.77874666,83.73762564,30.56049507,59.91729449,40.9096667,40.9096667,40.9096667,44.36759965,69.49797864,59.23953056,57.4222364,61.17561122,38.03083831,56.34198268,70.45163873,56.52808337,48.2081049,56.52808337,56.57480079,80.18214812,61.53304176,61.53304176,48.03895365,48.03895365,36.60722404,48.03895365,48.03895365,68.9060485,58.76009353,63.42990853,58.76009353,95.40837485,95.40837485,95.40837485,99.57164939,78.68449306,78.68449306,78.68449306,45.13550042,57.36495163,50.52067082,52.07392123,52.07392123,52.07392123,40.22850674,40.22850674,38.20772593,39.19208529,38.69364614,38.9412708
4409,1412,104.0851123,30.67463565,855,104.0843515,30.67489765,78.45539329,,9.772990168,9.772990168,10.27986955,9.969622868,25.44499242,16.13939519,9.352298538,11.3239993,8.657146846,8.210448135,7.08756376,10.30800788,9.563411373,11.58131895,12.17411275,10.37835124,22.32722655,13.22901245,9.623148751,18.82929439,11.7357098,21.2360463,15.18491483,12.85276068,10.84220406,14.04297904,11.41169357,12.49731929,11.64698622,10.94328769,11.03559618,9.800145088,10.93865211,10.93865211,13.62795734,10.93865211,11.07888408,15.18491483,11.27555406,15.53515399,14.54599214,14.40393055,14.54599214,13.03182785,15.60270396,11.87131838,12.1669843,12.1505953,11.19990355,11.57869714
4410,1412,104.0851123,30.67463565,1482,104.086665,30.67709933,310.9380791,,53.3036707,53.33830596,53.37298628,53.33830596,43.30278858,43.55552859,43.55552859,43.55552859,52.97930759,52.97930759,52.72382815,52.47080086,37.85942789,37.85942789,56.39179268,40.26536276,40.26536276,40.26536276,40.4594127,40.65534207,48.11076295,51.3475727,51.3475727,61.84403783,51.3475727,41.12836808,51.3475727,53.816206,52.55291478,53.17705866,53.17705866,53.17705866,73.25766262,52.92563049,43.59793904,52.67656869,47.70919914,50.06998422,49.22502572,49.22502572,49.22502572,48.8810954,34.60207372,40.52043746,37.32812288,38.85882698,40.0447923,65.08006307,41.30542748,45.45693745
4411,1412,104.0851123,30.67463565,1856,104.0877571,30.6732325,297.2870218,,50.96348945,41.96993249,42.35707311,40.56742757,38.31841312,31.66370646,37.93658727,33.26288356,33.77462023,36.68951932,36.24522751,40.90857391,37.71747237,39.57680275,46.15284861,39.16203983,49.70180155,54.77062765,54.72993115,45.79027825,40.27144073,50.24569383,39.30552439,54.2577074,52.88833708,43.86201961,43.86201961,43.86201961,43.86201961,43.86201961,43.86201961,31.08131496,43.86201961,45.25299275,44.54665051,44.89704367,44.72116076,44.80892962,44.76500217,44.78695513,44.77597595,44.77872025,44.78009251,44.77940637,44.77974945,44.7795779,44.77966367,44.77966367,45.54184164,43.9070063
4412,1413,104.0671503,30.682783,209,104.0675126,30.68327023,64.18869342,,6.44123474,6.621183275,6.791456174,9.233937915,21.10313208,8.155260149,7.927248587,9.628304013,13.20453122,8.354780223,7.833196485,8.719973446,7.84649563,8.269973217,8.224682059,13.40885666,9.734778149,8.187526739,10.79809796,10.33526484,10.55156604,10.61620044,10.61620044,11.20610853,9.169055323,9.695634812,10.61620044,10.61620044,10.61620044,13.13757261,9.565200263,10.61620044,10.61620044,7.985709804,9.910477324,9.220121549,9.847129103,9.386421725,9.931774912,9.83782975,10.08021662,9.118176846,8.238121081,9.118176846,9.076667657,9.714205257,7.886665403,12.95105101,10.21972318,12.76808065
4413,1413,104.0671503,30.682783,288,104.0695938,30.68181648,257.4093228,,46.24119571,55.65606979,32.13896747,31.90475339,64.3523307,33.75748173,45.42517461,38.32396866,79.8856519,28.20924085,35.07991582,28.81783672,52.25602795,34.94997271,72.11467409,32.86076461,37.09167027,38.08247516,41.80482234,39.18030436,35.84810685,33.98298646,29.89269555,20.7077891,44.17990761,23.54951873,30.58328588,28.12576256,36.27848997,36.34013969,37.12634463,92.20632459,31.14869116,30.87196764,38.69200677,36.71933279,32.06482914,39.83979201,33.64624128,33.01687275,27.75510482,30.12592855,29.82854813,29.18656888,30.74677257,37.51714826,64.3523307,31.09642826,31.03394381,61.77823747
4414,1414,104.0971174,30.70973187,182,104.0988095,30.71249871,346.8276777,,26.92064769,22.50706876,42.83292075,22.11832843,22.59872651,27.9074573,29.18378589,24.55762146,61.50638619,33.59407102,61.30505595,33.15399999,35.83753271,39.45998334,20.75776625,42.12075893,23.38164119,38.57609597,26.06638079,40.76519346,34.39613333,52.32940653,23.80514089,48.77264218,25.20685679,55.00350836,27.38113245,61.93351388,33.20690531,46.76328239,36.99495229,44.35451651,38.95319176,64.45470117,34.3488209,40.76994742,69.07771174,53.15359632,46.64006402,37.16010833,30.62746459,21.54580914,31.49002874,42.64754722,24.53005186,32.4587428,37.10489271,47.15696674,42.52655449,33.61366643
4415,1414,104.0971174,30.70973187,196,104.1004636,30.70536762,580.2083918,,99.46429574,66.9810194,95.52211327,84.30878751,66.62680097,48.6888161,71.4835801,121.4389657,77.36111891,60.93203648,96.61194313,63.97397276,75.58806553,69.31693177,100.6280211,65.5171836,54.98778289,66.52070734,85.68714666,78.91566434,72.61008842,63.35305461,66.73323356,101.4852134,80.70338011,110.1516261,74.72689696,76.05826893,61.11924537,73.54754262,93.61928235,135.1733572,135.9541557,147.0950852,65.99526731,106.6777431,76.32461182,87.09173916,98.37128151,50.31920526,95.59497531,72.05347602,76.980966,53.9264254,64.96469262,62.53743145,61.13555041,88.64294876,48.21676386,73.28904578
4416,1414,104.0971174,30.70973187,1339,104.0939086,30.71128143,352.0180966,,30.17297971,36.69433726,44.34641945,32.69758951,30.39005151,22.67021731,27.51335536,27.83668639,38.71482122,31.71822665,39.50327767,37.92945238,34.94297282,44.2281,35.54187076,30.83370189,42.45444381,35.25522667,34.08662979,28.57418597,36.92968284,40.23063961,31.21342728,27.64942141,36.24209192,45.62610793,36.41566517,50.20860332,27.67961735,32.95878148,41.48167423,39.31536136,36.63939712,29.58307903,34.546074,40.70880655,42.00878942,29.72474936,48.5774853,31.55016965,27.91332925,36.52324766,35.28582353,28.1865024,42.12982539,53.47110328,35.72735264,30.37548293,28.76878883,35.82093696
4417,1414,104.0971174,30.70973187,1426,104.0962565,30.70826025,182.7565812,,19.01513562,19.01513562,22.57028104,19.43905618,26.34329098,24.73726705,21.45403344,31.42947575,24.23291684,17.70198275,22.55094061,25.96213189,18.88414731,20.63534843,22.67236502,21.56066499,21.85792998,24.66773351,21.27235957,21.48071757,21.4249235,27.57433748,24.5493915,25.70014423,17.68612076,17.68612076,17.68612076,17.68612076,22.45473353,19.78717872,21.03672877,20.39283045,20.70977587,20.55008117,20.62961947,20.58977351,20.60967723,20.59972056,20.60469769,20.60220883,20.60345318,20.60314208,20.60298653,20.60306431,20.60302542,20.60304486,20.60304,20.60303757,20.60303878,20.60303848
4418,1415,104.0430817,30.64612102,1280,104.0459409,30.6447893,311.2149282,,48.44859423,70.96256934,62.8246958,44.49458862,47.21881669,55.73998714,47.10751542,72.43795741,39.64170691,48.04347091,50.52418226,47.12402698,38.5339206,49.46462435,50.08056316,57.05276851,36.14108844,64.26618021,42.25168101,29.52236473,42.92619699,74.83412396,47.47346362,52.90327215,46.56582467,50.72843589,38.27066581,42.59976203,39.67094983,49.79438851,53.06684388,63.60339151,70.61179042,40.90103522,41.89879362,55.60167452,53.56368485,67.32163533,51.8691547,33.24551162,47.07452695,59.35754922,35.52982267,65.98196358,45.63640495,57.75122379,38.85689277,38.27066581,32.79542602,50.6383612
4419,1415,104.0430817,30.64612102,1502,104.0389672,30.64457082,430.0905982,,48.92025762,56.40843791,44.67936477,54.40358937,60.75590057,53.53600489,64.73110014,61.49574307,46.77722518,50.46589293,79.09712151,48.17442917,50.13468388,49.42217544,43.40363835,54.17871724,60.74589774,52.67012655,48.18085385,39.49036687,52.53571934,75.7053664,48.96667152,48.95033066,47.23779694,48.44574948,46.48077179,52.23898338,55.86599868,73.87052259,59.78606221,53.18939579,64.94851282,62.97665934,61.05970729,60.87169353,77.10492242,63.24000628,64.2527346,45.43108,54.98439342,54.7111715,57.84016583,52.38154276,66.30563389,56.87894555,59.79632417,61.80217095,58.34148727,48.16520697
4420,1415,104.0430817,30.64612102,1898,104.0470791,30.64691859,393.1233908,,49.62866885,65.92213762,54.39759923,50.11487985,46.72314978,54.23732279,57.78393789,56.32303283,43.95168344,54.01030458,58.00181176,79.89043194,85.36995885,45.55507103,82.76281912,60.88526704,73.1392355,46.1421027,68.34864869,72.88811365,55.3616155,83.11927603,63.11010956,64.34390575,53.37445514,58.96850862,85.14477343,112.0246074,55.61456036,65.82531195,66.72818806,52.38221536,70.14051036,54.40257798,59.29794162,63.77367811,69.91737538,53.63030678,76.89937176,49.89110012,66.41221055,51.38262748,67.18690709,72.55337171,54.38764452,46.24981068,65.7161489,78.2803894,81.88491073,53.51904351
4421,1416,104.0716869,30.65684818,240,104.0704498,30.65744999,136.0172764,,21.41379861,56.09877848,56.28301092,71.11276691,45.33909213,37.4932768,49.52753153,40.32512195,53.19524118,40.46795,34.67862571,42.17920239,28.46873227,22.90817287,24.06202433,24.95093987,36.33856735,27.66453079,36.59266964,32.29961709,55.85500323,28.14150546,40.1362455,39.06879217,47.93895618,45.92376976,53.22415163,56.93746454,68.12691409,58.7381041,59.51695189,54.73866002,60.75213338,39.7130734,37.6663227,28.87159169,41.14808362,41.63794176,26.42062204,26.90451621,44.78617639,15.18332388,23.48499736,27.12809945,36.97557029,36.36105408,13.4154026,40.48461384,16.96681202,37.3752411
4422,1416,104.0716869,30.65684818,1376,104.0733239,30.65602721,181.324511,,37.86907844,50.84854836,39.38269922,53.73631136,35.03228478,34.8452797,23.24200242,18.36484576,28.31966332,17.26900105,22.16530525,47.96560211,69.02383198,58.59678991,72.93499884,72.04947457,41.48950676,42.3722622,46.57512136,38.33370534,28.03987284,37.86358698,42.58867517,14.38607691,25.46560103,23.01518694,60.72262694,51.94442224,69.93945425,55.30632295,68.09802797,69.64549598,52.67527695,78.76539844,29.61743374,16.21784446,17.40715306,31.67679498,22.58713632,17.59483126,38.88096728,14.31509297,15.8246846,35.28476971,40.69627429,34.17634762,16.03853169,17.24618863,19.39635725,21.54350626
4423,1416,104.0716869,30.65684818,1762,104.0746648,30.66106452,547.5176035,,132.2861324,102.9275913,115.6048899,81.61753096,119.8214816,119.8214816,119.8214816,119.8214816,119.8214816,119.8214816,119.8214816,115.0426093,117.3834266,116.789337,116.4945415,116.641753,116.5681008,116.6049153,116.5865051,116.5957094,116.5957094,213.4725674,150.8171926,176.7567297,162.7599264,162.7599264,162.7599264,158.3183432,162.7599264,173.3291854,242.7417947,185.3664614,134.4517989,155.8563552,134.4517989,144.0835799,97.00115023,155.2018404,159.8159492,159.8159492,169.6754696,180.8315021,174.2036774,168.0445203,122.6802929,141.8231264,136.4983801,133.9831822,135.2290868,148.3355663
4424,1417,103.9990459,30.72573991,53,104.0008574,30.72248966,399.819279,,42.21481817,40.74351089,43.07145751,43.51294826,39.97614432,36.43922543,47.26927436,47.26927436,39.76103327,40.4027903,47.26927436,47.26927436,53.84100017,47.44239018,36.75716717,43.9371425,42.14914524,42.48152824,53.32216806,36.23397601,37.18977403,39.23741928,37.36096191,37.34125216,37.34125216,40.97791899,38.71077065,40.97791899,41.15471479,42.4961798,41.81469112,90.24134197,41.81469112,44.19701344,42.87180514,43.52432429,43.19560059,43.35933941,41.54262586,41.55491563,43.29779209,43.30291436,41.55107429,41.55069021,41.55088224,41.55078622,41.55078622,39.11768455,43.30461537,42.09104744
4425,1417,103.9990459,30.72573991,387,104.0060803,30.72767637,706.9015351,,101.0736711,78.26781911,126.1369357,116.9945864,95.24939396,128.0962513,128.0962513,49.70401419,128.0962513,99.66757937,128.0962513,114.7619178,124.1640428,103.2092624,68.35623126,78.64864761,105.3425481,106.4498951,113.2720561,78.7515962,85.34529371,71.07266263,78.9099388,79.82263953,67.74211693,79.93232906,74.22079552,60.39981471,104.2969478,87.81006776,117.9534427,87.64939925,119.3420793,54.56358333,108.8534188,105.5781374,84.12712484,84.12712484,84.12712484,84.12712484,84.12712484,84.12712484,84.12712484,84.12712484,84.12712484,84.12712484,84.12712484,87.15224405,84.12712484,84.12712484
4426,1417,103.9990459,30.72573991,646,103.9826104,30.72083812,1664.859868,,199.6306885,203.1119636,211.5351362,201.8133301,186.8830617,151.7340639,196.8307233,228.323639,165.5661747,210.8529648,210.6121594,196.8307233,267.3678301,197.5515829,182.4099072,209.8226134,248.0976092,219.5168328,263.4624161,185.4719017,201.0010551,211.4424221,185.8448225,187.9943705,159.5429155,134.1727227,216.4107429,170.6333245,251.4050136,206.8059702,242.6516407,206.4275716,281.0686193,174.1176697,227.3708469,248.6524575,235.805734,261.1544891,228.1063949,212.1591336,225.4575463,198.1320835,198.1320835,198.1320835,264.613489,198.1320835,202.8746068,198.1320835,198.1320835,314.7332027
4427,1418,104.1031337,30.70349434,70,104.1033786,30.70633756,315.986651,,35.41017723,43.34907374,62.20804941,42.40640983,30.20049408,31.8642001,59.24749706,51.24107854,34.02448486,58.79990165,35.60412969,77.27934399,51.45630762,65.25154553,48.61333092,43.24634822,54.49350628,30.44839249,41.19574881,43.2858426,69.72735208,78.45185818,33.6838562,51.37994325,50.44576247,42.7505001,63.78795947,79.77222606,51.63984179,35.43775525,32.25572619,85.3377302,35.57072994,42.76511066,40.49828913,70.8755105,72.20005282,43.94406103,63.90741256,53.82737904,36.84378765,63.90741256,31.14447484,51.53123187,37.21543981,40.26732544,75.26336113,36.01114137,54.46555132,49.83798219
4428,1418,104.1031337,30.70349434,789,104.102964,30.70175908,193.0036362,,24.08364265,28.24443457,31.28223018,31.49651361,31.49651361,31.15753768,47.50858737,30.91722443,27.462968,32.9930537,25.35814198,35.81510775,44.53930066,31.98502187,39.83367431,38.76223656,34.51058396,38.76223656,35.86793239,31.1467937,18.80414318,28.07325617,26.2193619,31.35842445,26.26892591,32.58209099,54.14127978,49.16130357,44.56310573,46.38271631,46.38271631,46.38271631,31.61834313,45.8454385,41.85621026,59.38573422,55.80828035,38.33451533,47.6443262,36.92438577,32.24190674,39.8554354,39.03444328,43.42581815,37.761581,39.9317868,40.11622923,39.12793111,35.63144053,35.34145932
4429,1418,104.1031337,30.70349434,838,104.1059658,30.70347163,271.236828,,51.52784068,52.83834312,53.26104987,44.65484363,45.41639911,92.99548389,50.85690525,59.00015594,43.59163307,72.59870489,44.22339587,55.66097774,56.44234571,48.24966428,55.10454745,94.19156725,58.58715484,60.55519881,50.40684415,72.06292109,66.57631231,38.98014295,69.44897445,75.49891091,41.80530926,52.92425912,52.92425912,29.27893796,55.38585257,43.01553219,52.92425912,55.62900091,74.53836495,98.63157382,58.82244463,60.83816703,61.97512852,63.20081429,42.27067449,51.48256137,61.93145331,126.8120235,61.99698926,67.49830386,53.35806452,51.33820088,41.66938468,79.57122312,39.08937473,39.11025023
4430,1418,104.1031337,30.70349434,950,104.1014792,30.70351697,158.4659146,,18.92130324,23.19013384,18.92130324,24.24725502,18.3580786,22.37165853,29.71235899,24.32738987,23.42822557,26.59567797,31.60539017,22.02615029,19.26068091,23.64867211,25.75518251,34.83830794,26.7202479,28.45568953,39.2755451,23.86934278,24.80336055,33.36124518,40.74837804,28.50107765,36.68664261,28.03328219,24.27562947,23.94448237,27.39496382,23.52483681,25.41101526,25.35454634,29.71235899,33.32335314,25.63942888,31.70382426,26.24895518,23.5410162,24.76029916,24.12166142,32.54291458,32.30128547,31.95269456,32.12604442,32.039135,32.12604442,28.88492621,25.41101526,48.75874295,21.12878861
4431,1419,104.0602277,30.66075741,542,104.0581439,30.66070539,199.7437476,,34.07950196,44.52492207,33.32920006,27.28476166,56.46149678,25.79860537,33.5687281,38.49451239,34.12360831,26.6127865,23.53002262,27.78506535,30.15526786,40.87602982,37.58244729,46.03569087,25.75799969,36.5013955,35.8064363,32.67183975,34.46905379,47.26885728,36.11438294,48.96225567,42.34849772,25.08409853,33.95434114,41.11951344,32.66413005,49.39284429,55.31365318,31.53848646,54.92366269,36.81284086,33.49739866,24.99690004,53.34402755,46.34937791,53.36382125,26.72040231,28.03841448,23.42271959,29.35010169,28.62949534,31.26423875,23.65386485,25.55584154,24.94390989,38.45334178,31.18031658
4432,1419,104.0602277,30.66075741,938,104.0617125,30.66071793,142.3240728,,14.49410642,20.53573796,13.35679515,15.40180347,11.41764149,16.26560832,17.05047128,9.796685699,15.15237277,23.39573799,13.60867628,20.47419229,14.20281808,10.49010423,14.34531018,11.84662802,9.581424256,15.72279746,13.24800678,18.22288069,18.2727055,13.65400832,10.98320819,12.39596763,11.73806786,19.26190459,11.0553811,32.42826975,16.90979083,30.4980156,12.06988603,13.53932289,12.89513411,11.05429692,12.74543936,11.81248789,22.73816548,18.80628042,10.70776723,11.57890762,11.65794453,9.240156214,17.73508695,14.43286372,12.40597245,8.385706417,9.781100772,14.17335165,12.48369869,12.82290538
4433,1419,104.0602277,30.66075741,1839,104.0600977,30.66238447,180.7566584,,19.52660076,19.33800803,19.33800803,19.15302341,19.76382598,24.10088779,20.20881895,21.98391791,21.51153621,21.2828772,21.39659582,21.339585,21.36805238,21.36092842,21.35736822,21.36092842,21.36092842,30.1960079,25.02145431,25.02145431,20.39887054,22.47493425,22.47493425,25.40733268,29.21975619,47.00792356,36.0383543,40.79865461,38.2710465,39.49445073,38.87312533,39.181325,38.87312533,38.87312533,25.61905395,30.88413839,28.00629043,29.37489731,28.67427246,29.02035678,28.84627662,28.88960056,28.91131139,28.9004519,28.90588062,28.90316601,28.90384461,28.90418393,28.90401426,28.90405668
4434,1420,104.1104751,30.66671904,1686,104.1111198,30.66475146,226.6451581,,39.89841414,39.89841414,39.89841414,85.88658623,39.84969813,39.80110093,39.67208601,39.73648876,33.64629151,38.21651378,37.10144308,38.21651378,36.04959805,37.10144308,37.10144308,54.39483794,26.66776748,14.76782931,20.81435125,62.52280223,65.9331369,76.25444572,69.73697172,90.65806324,69.73697172,102.4170589,56.85871562,25.90230378,35.59095176,25.90230378,29.98337415,22.98373434,49.37504201,53.21234148,49.37504201,49.37504201,24.22932648,32.50687527,29.99715328,31.20162788,29.99715328,24.42881944,96.90291795,47.02723742,27.94255374,45.83834658,58.07278072,67.01622745,62.22479078,62.22479078
4435,1420,104.1104751,30.66671904,1772,104.1094437,30.66934232,307.0681031,,22.54170414,23.45622923,25.08100218,19.77540557,32.65395346,25.01714673,23.5878624,31.25485552,61.07431885,19.30571378,20.95134179,23.99330032,20.73228003,21.69600553,21.79617569,27.96825227,26.13688833,22.94134657,22.15320984,21.02748967,53.61751123,22.40767239,30.57939616,42.65383297,24.6018955,42.41516244,23.00798467,34.5451616,31.35125273,41.60074199,25.03029662,24.49061581,22.07946414,45.00649204,35.54486081,25.73795509,37.29307218,22.77926464,30.10061732,21.2211519,47.35254535,38.42798972,18.4394524,32.78862796,30.50906636,18.47026184,28.35135669,21.56966188,33.84262497,22.27597322
4436,1420,104.1104751,30.66671904,1808,104.1084008,30.66561391,233.4373266,,33.54230004,25.20531184,35.01559899,35.01559899,35.01559899,35.01559899,25.19863196,29.30686576,27.09792425,27.09792425,24.78980459,24.78980459,22.71282097,24.39403123,27.32924799,24.01069645,25.56271865,24.76241255,25.15620208,24.95775408,24.95775408,21.85629066,23.21476176,23.21476176,23.21476176,23.21476176,23.21476176,28.97842675,28.97842675,41.60269187,34.16155999,34.16155999,33.24923346,32.38436901,27.37375817,20.32344319,25.12329972,22.4699031,23.72263587,23.07928255,23.72263587,26.67855161,28.39102621,26.80620018,26.80620018,26.80620018,23.87427204,25.25542827,24.54543631,26.57310279
4437,1420,104.1104751,30.66671904,1878,104.1122815,30.66710581,178.2929619,,20.43890658,17.38854488,25.17077109,25.17077109,25.17077109,18.08041304,22.44247073,14.77225921,21.0962913,22.76080365,19.90247017,20.18410889,20.1524227,23.17164848,22.01902788,20.53934921,22.01902788,21.25346566,24.80597731,23.5975979,20.21589489,15.56011304,17.58505926,17.58505926,17.58505926,19.79505514,18.62472725,19.19206617,18.90414101,19.19206617,19.33479169,19.47965593,22.01902788,19.50926027,22.96438865,22.72051904,22.72051904,22.72051904,22.72051904,22.72051904,22.72051904,20.05795821,19.4501413,18.87807832,18.65856578,23.72845334,23.38268353,23.38268353,18.85035721,20.80566168
4438,1421,104.0346961,30.69806312,963,104.0367435,30.70041989,326.6158913,,50.24859866,49.82276308,58.11287688,52.83252559,69.3405262,56.31308471,55.33257453,50.13551997,40.37140631,58.83989369,34.58285908,40.40608965,71.58704467,61.37366902,65.9264266,60.60913447,76.3517668,53.20439858,57.50889141,56.68865609,56.85769868,57.07850528,55.04762213,34.53207661,42.91303681,62.04840151,55.04762213,47.12694223,46.53630113,50.69706993,53.44623676,44.90708627,54.37305011,51.92635423,52.05256943,51.98938524,52.02095815,38.59356264,52.01306132,61.1608431,90.44747759,100.0695497,65.596497,52.01047069,52.01040901,52.01043987,52.01043216,52.01042829,59.42758454,52.01042974
4439,1421,104.0346961,30.69806312,1089,104.0361937,30.69651471,223.661327,,28.92246538,30.67146693,35.19915966,30.53782973,29.56600161,27.94957862,32.83659924,29.76638733,25.0056142,28.68176423,25.38667716,30.2293668,28.16958988,33.68957227,34.85086264,27.3058339,31.02816097,59.42293559,28.39726473,45.49043939,39.90447101,33.2124616,32.27177464,44.3829551,32.89249132,35.91550721,32.2287169,38.02880773,31.94211156,25.28040117,35.92653647,37.12849738,41.65948651,37.78182065,37.35240865,45.66242594,40.14195816,28.93545757,41.0806519,44.11949464,38.07001311,37.69867081,30.41287166,26.58459025,39.00754673,35.86551346,59.20446891,40.59735012,50.48155343,37.01342422
4440,1422,104.1015938,30.70628948,70,104.1033786,30.70633756,171.0052479,,72.00220964,16.57116803,68.40209916,36.31969867,27.52907289,29.35012598,32.29476157,29.95347974,60.35479338,20.95865454,28.35087005,31.53426313,17.38354391,13.51399745,21.97774556,42.64026961,13.58446606,18.49168137,16.67913397,33.03752562,47.53813841,34.11812359,39.38160609,24.69059729,14.57517354,32.98694668,38.35631729,30.32605381,31.48945741,22.01915562,27.29512916,28.19897589,27.62429357,27.96149397,77.43633867,26.97301341,23.09601919,18.55671115,28.32602266,27.4932144,76.47439658,30.93562274,37.21625545,29.37346605,20.65546402,27.96149397,22.03475399,21.01125719,21.51083785,23.0908949
4441,1422,104.1015938,30.70628948,196,104.1004636,30.70536762,148.8402194,,16.67937089,16.98099245,17.85772603,19.97482907,16.61472217,15.00909775,19.88218144,24.13625179,20.71821324,19.44447042,25.96050338,21.61019519,22.83884967,19.49241353,28.36391741,19.86463163,21.31575494,22.29506754,24.49602382,24.01973196,23.87811006,23.6724007,23.62543165,25.07430114,24.0678089,25.87744231,24.49484754,21.2928139,21.53348118,14.96194876,19.36132935,17.07535978,17.18419851,9.383971801,17.17387147,16.48889845,25.02879517,16.7143279,30.10251628,16.74452468,25.08020152,21.49411548,14.33325341,21.49411548,21.49411548,21.09546417,20.37356615,27.09814653,16.25134161,25.96050338
4442,1423,104.0494476,30.6731609,1383,104.0502855,30.6751566,235.2999851,,37.3162972,37.3162972,44.32487104,37.15262923,37.28891913,41.46255244,32.57373376,59.86430716,42.02567176,42.78181547,40.36459921,34.23928643,32.9282778,42.78181547,21.55419711,33.54772065,42.0874435,57.04242063,41.05590617,20.41156497,34.06487719,45.11744055,48.06127355,38.67944961,29.31072479,37.32143506,34.86374056,22.8940526,34.80926947,39.93599747,30.50642284,33.30635849,35.34408677,30.9176773,42.67405271,39.27727726,42.67405271,35.89321807,32.12184976,34.19666731,35.44267558,32.24412167,33.28408434,29.10927651,33.34022842,22.48884813,49.53683897,42.28352478,35.20332245,40.17770497
4443,1423,104.0494476,30.6731609,1454,104.0537252,30.67093727,478.1998569,,46.1533374,40.0074247,54.62973375,33.91679255,43.09185194,42.45625479,49.34134379,41.83913498,46.69582689,42.41066273,40.39545134,39.4617647,35.82145625,58.07535612,33.77736072,38.56666446,41.34954728,40.74602331,43.88186922,28.29895044,46.82669222,39.544858,38.3179165,41.88611885,45.63338595,50.04417107,38.27725369,42.39499634,46.40214245,50.13160993,50.88234931,89.0441113,51.73612276,30.01777654,47.26203116,66.46793378,40.69786016,42.69112176,38.46970916,41.99966214,42.94851106,34.8768129,42.19410502,52.30992054,38.11482254,52.00965211,32.72073148,56.62893042,37.34315585,47.26357587
4444,1423,104.0494476,30.6731609,1460,104.0497155,30.6693854,419.2282833,,64.31342982,68.03404148,61.60089061,47.08960436,60.7821917,91.19165075,59.98496899,67.52670335,69.87138055,68.67903617,69.87138055,69.27007779,73.62057658,81.61349277,69.61519926,76.22332424,76.22332424,76.22332424,124.045629,100.9512923,100.9512923,85.89067268,60.68094624,143.7354114,68.75725831,68.75725831,68.75725831,47.28138533,68.75725831,73.23356992,78.33331244,116.0939861,59.97900924,99.94846489,78.87918921,76.74009252,77.79493917,85.26676948,75.27290872,53.86871456,75.27290872,72.42195538,69.71001478,69.77908017,69.74453039,51.1254004,70.87212115,65.76129934,126.825363,125.768485
4445,1423,104.0494476,30.6731609,1649,104.0455126,30.6751396,436.1160175,,53.68416006,39.09163182,44.47642105,59.75845777,66.33293533,56.25470454,51.13084344,36.79728897,58.86228458,54.37813726,40.28503451,52.91494898,41.93103259,58.24317785,42.05063134,61.95807668,52.14672871,59.16828813,106.2018713,65.47803042,38.81911805,33.50264418,63.94563795,53.83477025,51.97169513,31.18650296,59.09727714,46.58806122,45.84736849,39.38171395,42.16699185,38.61332177,50.30316471,48.74990155,67.67317513,47.28968864,35.82061745,40.21561637,48.34880822,51.44048215,65.83695184,41.50491298,51.77304742,48.91020757,44.5964398,60.61844259,60.54052686,72.86765304,52.45047873,79.62896007
4446,1424,104.1133659,30.66546935,1154,104.1170879,30.66668851,381.3283241,,50.37731988,26.83835712,46.39082962,27.80036385,34.44873191,31.76102237,26.75988239,29.7210433,45.25654836,54.06427174,65.37056985,31.67146296,51.39580557,46.73300312,44.33095694,28.86016748,34.39119749,120.4194708,26.97017616,58.74958487,39.08585163,37.03548471,48.53678139,35.47240224,25.46905319,30.91851276,32.55609407,31.34205404,32.45347439,25.07364323,33.36854562,19.83788969,29.94434731,35.98379992,40.80802517,33.68790102,22.4127668,30.40491621,67.10135887,35.65667446,32.99956651,31.70397152,34.18660127,22.43107789,48.04136367,27.40083766,36.64008808,34.49200922,28.00167194,71.68574239
4447,1424,104.1133659,30.66546935,1686,104.1111198,30.66475146,229.4301945,,71.51070997,67.15030083,67.15030083,32.972004,44.22750737,37.77924301,40.74985878,39.20836435,39.58270007,39.77256122,39.67740353,39.72492539,39.70115024,39.70709135,39.71006259,39.70857691,39.70931974,39.70931974,39.70931974,49.98196318,57.40751078,53.43801371,55.35168627,54.37801868,54.86053266,54.61821004,54.73910317,54.67858976,54.70882971,54.69370556,54.70126659,54.69748583,54.69937615,54.69843097,54.69890356,54.69866726,54.69878539,54.69872635,54.69875587,54.69874109,54.69874848,54.69874663,54.69874573,54.6987462,54.69874594,54.69874605,54.69874605,54.69874602,54.69874602,45.46506606
4448,1424,104.1133659,30.66546935,1878,104.1122815,30.66710581,209.0161457,,21.10681976,21.10681976,21.10681976,25.08193748,22.92332443,23.95409867,23.42737885,23.6878111,23.62216171,23.58947328,23.60580618,23.5976369,23.60172084,23.60069972,23.6001892,23.60044446,23.60031682,23.60038064,23.60034873,23.60035671,23.6003607,23.6003587,23.6003597,23.6003592,23.60035945,23.60035933,23.60035939,23.60035936,23.60035937,23.60035936,23.60035936,23.60035936,21.19600351,22.33365692,21.74996386,22.03794617,21.89300802,21.965238,21.92906353,21.94713586,21.93809597,21.93809597,17.27802812,19.33118318,18.24703208,18.77346846,18.63903202,18.63903202,18.63903202,22.33806987
4449,1425,104.0672117,30.6970296,261,104.0638617,30.69710359,320.9529957,,22.38418216,22.56700751,21.5106795,24.27375598,20.34925651,23.64331843,28.05578595,20.30634068,24.21017883,23.04277918,21.39686638,22.34155561,20.02479696,21.8831588,19.71724888,21.67787588,25.69051216,22.11350784,23.27933078,21.16173598,22.50352102,16.67288289,23.86021238,21.68157392,37.9547899,20.04216452,18.89502509,21.84179177,20.13822718,22.08392172,20.76245794,23.00509277,24.31462089,27.63410711,83.72686844,31.27396316,24.02143003,33.9187072,29.84324023,25.40455209,22.82332414,21.67787588,19.22513785,19.89671708,21.36718973,21.70842244,23.48436554,23.67686034,25.0309962,21.57667198
4450,1425,104.0672117,30.6970296,665,104.0672515,30.69482107,244.8029721,,40.40301201,42.96650215,54.86634705,38.15111254,45.7417318,41.33633675,56.18428866,51.0794455,61.93188331,28.62882619,62.78117183,39.79862036,39.81735089,45.94842021,54.23327382,51.53746781,40.21535136,36.21742601,71.35957081,39.7873905,68.05333587,48.88300235,38.93773342,59.54666889,30.49448787,38.88047203,25.2808577,54.8846521,58.26715369,48.11016225,49.29630403,51.23783137,55.95496505,55.21006732,47.68889067,76.13742545,66.81045965,52.27995674,49.61911978,42.31888113,39.75747516,23.27762017,39.87740722,44.73556851,56.204764,59.9008122,41.0448097,58.83115484,41.16701075,52.37983355
4451,1425,104.0672117,30.6970296,1027,104.0707428,30.69704092,338.1936844,,59.08985708,54.27179483,41.93261209,55.45842381,53.88745636,74.23763804,43.23822058,51.4145804,40.35902532,58.69477168,76.55027097,67.42469023,66.67564424,41.83839395,55.44158761,55.34078472,56.38736844,60.07387814,60.1472752,33.8821131,36.28903916,71.26813253,40.53819969,46.46936122,52.54303852,51.72835033,52.15361912,49.71067426,71.89944473,66.0337499,47.00761636,30.39943231,59.68123842,29.80741131,62.55605723,40.77958829,46.40294479,52.90591043,65.83099682,45.9680736,63.86870892,35.07193765,28.46836938,67.19079823,59.39011043,56.96845486,61.39538933,66.20103758,49.42993264,66.94800349
4452,1426,104.0962565,30.70826025,1097,104.0946295,30.70924716,190.3644855,,26.61406399,27.35170434,28.62922811,29.73333814,34.26560739,25.76704534,22.34713525,36.0311329,25.24169973,30.80054597,25.35063432,27.04289961,23.42797335,23.19161245,26.55310571,24.56315942,22.76784544,26.96884836,28.202146,27.34139828,26.45088599,36.67572656,28.4551117,29.43368666,24.54666301,22.69088991,23.69102132,26.43951188,34.61089008,34.29921436,38.34863016,35.94533818,25.94036992,29.69129262,24.63282551,26.87498619,24.09041736,26.29652705,24.68296173,25.76683089,25.0522567,26.82239326,24.99615113,23.90625447,25.01271436,25.01272812,25.05447972,25.15447186,23.67226763,32.86868814
4453,1426,104.0962565,30.70826025,1269,104.094755,30.70598533,290.2479704,,39.13455781,49.76996159,41.56019993,49.18427951,41.83754528,44.74675632,34.8442749,40.04379184,39.31863381,37.65379075,35.81465959,50.45759486,34.68523464,54.12783216,65.17002247,34.24193654,63.90781,43.84165148,53.27404459,35.35641978,57.25439416,70.60085766,39.53481075,54.42149445,37.33023349,48.53745932,36.53470956,35.35135744,43.96462945,50.12689278,37.64027967,44.61116628,45.11951178,47.67571224,38.32381007,42.32905382,33.55842522,38.40328045,33.46913322,34.40839502,34.60364159,32.794748,33.92045439,39.16033927,33.5531285,32.69594028,32.2397507,32.01639657,32.12768545,32.09979075
4454,1426,104.0962565,30.70826025,1414,104.0971174,30.70973187,182.7565812,,17.75772449,19.0505309,23.0232482,16.9755468,13.3588567,15.3362166,24.78055338,24.32250249,32.89618462,19.1926398,22.55094061,20.15080222,22.49167591,35.85415217,25.45159351,22.19501613,17.32029276,20.32719955,18.71760149,24.85720169,19.17271483,27.57433748,16.20501705,25.70014423,18.81573953,28.98342257,18.90585323,26.0667073,18.48100259,24.64133679,29.48861171,31.68171873,18.90585323,34.08931048,18.09968892,24.82730914,21.80962516,24.07771976,24.57640839,19.58106227,22.19668756,18.96170663,19.26570109,18.59854961,36.96200519,19.81697868,19.55196708,21.71365321,19.86909614,19.83523684
4455,1427,104.0314734,30.66097788,1029,104.0316515,30.65804403,325.6090627,,26.82362988,38.84648304,79.74099495,31.21684756,54.39408936,48.04068138,31.59548856,29.2317363,31.51055445,50.66202596,46.95814224,36.74585034,46.8818448,41.17772689,44.39153488,37.99651947,53.07469844,37.33097534,49.5991238,44.86861725,66.41317993,46.27456702,43.14819481,50.36273365,41.66561466,28.41679093,49.88053726,47.54535385,42.52020279,32.24738998,48.31287184,41.86402235,62.02077385,48.7274031,38.87869405,50.74426951,47.20872435,37.33097534,44.91159486,45.75385612,46.87451014,46.55706293,44.57006181,57.1452834,32.01254326,44.91159486,39.94487857,74.37770468,51.29945846,45.66137107
4456,1427,104.0314734,30.66097788,1243,104.0256179,30.66082813,561.2759955,,74.56064885,80.82374335,64.77991719,78.44934322,65.12791567,67.35311946,94.86354854,65.22646493,76.50141349,136.9893955,66.4668942,70.15949944,76.06940551,70.0783902,71.90724498,71.33604885,66.9486381,71.7795234,122.608834,62.67987755,70.310175,66.65231549,69.21229878,70.47974022,67.12935494,64.63919893,65.42404714,66.97962953,56.38161558,61.88648036,78.12202339,59.64851908,101.9643524,72.63967347,100.1740261,87.47158371,59.15086604,72.60704597,76.53763575,77.78993585,117.1358599,76.53763575,69.916733,107.3641649,54.36574664,62.90438179,60.04735762,58.44088456,65.47613687,65.47613687
4457,1427,104.0314734,30.66097788,1363,104.0335172,30.66419865,407.1407467,,67.38235901,62.45909181,73.14818157,64.9980793,62.43691962,62.30421629,47.4828545,43.75243845,51.71409326,46.83649191,52.44031085,38.46999181,42.8443931,40.15634762,162.2553529,56.29214357,34.32568356,62.48867925,125.991979,43.85061146,51.88342259,42.85692071,87.43962345,47.4722814,45.803334,40.32205469,55.14321626,52.39868379,54.61288388,57.78081556,43.3641032,59.58157269,61.41229139,56.15734437,48.29958667,59.58157269,65.43333429,65.11237484,46.64978631,62.48559594,49.99974083,77.88027036,55.89280776,63.91162885,55.24554058,49.59157967,51.56702316,46.62905689,47.49535606,47.69849752
4458,1427,104.0314734,30.66097788,1481,104.0350137,30.65903884,401.5502994,,36.97138306,36.97138306,36.97138306,36.97138306,36.97138306,36.97138306,64.36247007,51.26174035,51.26174035,51.26174035,51.26174035,51.26174035,54.65334888,54.65334888,61.84304076,71.21089053,84.53690514,77.30380095,80.75871943,79.86635789,79.42753175,79.64634038,79.53678558,79.59152528,79.56414601,79.57783329,79.57098906,79.57441103,79.57269999,79.57355552,79.57312775,79.57334163,79.57323471,79.57328815,79.57323471,79.57323471,57.99723482,67.09328818,62.21454825,64.56188163,63.36648386,63.36648386,63.36648386,45.71007361,45.71007361,44.56511993,43.47612264,33.23174892,51.62789564,45.35156323
4459,1428,104.102687,30.66733134,960,104.1037376,30.66420395,360.9261362,,70.8933921,66.79563256,92.42447592,59.71988596,45.78344222,97.81687006,71.59463179,95.25909753,84.19011386,93.722459,92.25688684,97.43265805,100.9845148,80.74577463,80.60385176,73.61666234,94.04106803,100.2208691,85.78350066,55.86817341,61.36170438,65.73359646,86.85388304,40.56193831,94.59083382,68.20651393,60.96582242,114.8723656,88.16516304,100.9845148,74.2476623,113.6142686,130.5863407,53.85840789,78.92689994,85.20223543,87.52403545,115.2853837,57.30249571,71.13142829,157.4950413,98.46309046,89.76401315,114.731487,138.5956363,95.77401155,84.75760537,88.57837855,92.23312087,88.80832374
4460,1428,104.102687,30.66733134,1306,104.1053761,30.66815363,273.2753307,,26.09294998,25.18236836,27.07185444,30.36392563,26.2811538,41.79231905,43.53058365,31.20669914,34.5594095,50.47959358,24.08301568,27.40365433,25.9575512,33.0131272,49.68642376,33.31121413,24.44201716,46.84719955,24.35126709,43.98938572,25.64627713,50.35873792,29.13498096,41.8263748,21.8135519,41.07759108,23.12082704,79.82078625,55.89722673,53.82771423,23.39574769,57.4836255,32.62989023,28.72383038,49.81221218,26.5889511,26.23443175,21.59805029,47.32609455,27.98836957,39.82960286,46.29605602,28.51568668,53.52509198,49.12814934,44.09971718,37.93539296,46.25459532,60.40160801,49.35702084
4461,1428,104.102687,30.66733134,1671,104.1018746,30.6694368,245.983783,,39.8443923,40.16061763,39.53310798,95.2195289,29.00245477,41.63056637,53.60421421,74.66624105,50.07101236,50.07101236,50.07101236,47.78869679,33.84235485,39.27013831,51.48497784,57.42812054,52.36018441,81.84303316,45.72504055,56.5239331,45.70537387,45.09441725,44.49957883,43.99113854,24.5983783,62.36208583,62.36208583,62.36208583,71.80067181,39.53310798,66.08519543,65.94458863,66.08519543,65.80457888,56.5239331,60.81221059,58.58971015,58.58971015,52.05180257,36.83617383,46.82652509,75.81691942,40.25189176,40.25189176,26.40780176,35.03626583,34.38996578,39.27013831,43.62273984,66.20871916
4462,1428,104.102687,30.66733134,1860,104.0991842,30.66615627,359.9666165,,54.67847339,54.67847339,54.67847339,49.0863568,51.52603656,51.52603656,51.52603656,51.52603656,59.44402841,59.44402841,59.44402841,59.44402841,59.44402841,45.66977337,43.48589998,44.55108962,43.48589998,61.16762464,50.8330554,53.0748701,54.27159996,54.27159996,54.27159996,56.09869348,55.17002366,55.63048316,55.39929664,55.51464921,55.45691293,55.48576605,55.47133573,55.47854995,55.47854995,55.47854995,55.61715963,55.54776833,55.58244231,55.5650999,55.58244231,55.58244231,118.345189,105.3560829,105.3560829,105.3560829,105.3560829,105.3560829,105.3560829,105.3560829,105.3560829,105.3560829
4463,1429,104.0379967,30.69786602,1089,104.0361937,30.69651471,228.5793319,,24.5637491,24.48460484,40.66979876,28.1488801,63.29889191,26.01324325,37.19256926,30.61899888,31.09922883,33.4166739,22.38129451,35.97875805,27.36870049,44.77612063,47.04443609,25.81601866,33.18087076,37.53540677,27.79236459,34.67701622,30.80814657,31.44785712,34.68432433,52.08136676,28.30217007,36.19068037,28.39984797,57.41062291,63.29889191,34.40979191,35.0377078,36.16483155,36.51730562,40.43663857,36.42854454,41.20791998,51.91707223,32.48843296,36.55412535,36.3981325,35.16605106,37.97933514,26.80409104,25.24188941,52.52461243,38.35483706,36.39905513,36.39905243,48.5478227,36.39905344
4464,1429,104.0379967,30.69786602,1597,104.0415793,30.69688253,360.0314543,,59.72872053,131.9572299,131.9572299,131.9572299,110.8736728,120.5001717,115.486663,117.9401617,96.04494814,82.20591344,57.86219801,63.14289876,67.78834914,67.78834914,67.78834914,83.21754321,78.37419413,74.06361346,127.6958853,108.1220634,100.4252386,104.1316182,102.2448503,103.1796095,102.2448503,102.2448503,94.26278076,98.09170114,96.13913255,96.13913255,96.13913255,89.38711969,92.64026031,89.38711969,87.50131548,57.35014316,85.69343706,68.71375669,78.65825433,78.65825433,78.65825433,78.65825433,63.69106808,78.65825433,106.5298549,101.7889976,101.7889976,101.7889976,67.59391059,90.1756009
4465,1429,104.0379967,30.69786602,1633,104.0418589,30.70035883,461.692006,,64.04975806,64.58903712,74.03524372,60.18435322,59.13746192,55.14264489,75.93791989,69.2538009,58.42148406,58.42148406,58.42148406,58.42148406,58.42148406,58.42148406,58.42148406,58.42148406,58.42148406,58.42148406,58.42148406,58.42148406,58.42148406,91.65944238,71.35990933,80.2458043,75.54244735,77.82312698,76.66582932,76.77095712,76.77095712,76.77095712,76.77095712,76.77095712,76.77095712,76.77095712,76.77095712,113.8418645,113.8418645,146.4397552,113.8418645,60.32998989,113.8418645,134.0396146,113.4533257,85.01745379,97.19831705,90.70074879,92.24231545,93.03291777,92.63592979,92.7348588
4466,1430,104.0719539,30.71412139,421,104.0723412,30.71409949,37.16157929,,5.590876406,4.83184417,4.346383543,3.934755454,6.271016506,5.867617783,5.271924947,5.152172742,5.34616426,5.294789661,5.361991401,4.476175172,4.132591896,4.132591896,3.958038031,5.52816882,5.383568831,5.37996054,6.768044794,5.19540526,5.766451959,5.64182121,6.017167262,5.258470873,4.521833887,4.98441451,5.361991401,7.028353321,6.979155419,6.439551646,5.951142591,3.709114169,5.09644516,6.736803297,4.371950505,4.988751476,5.580578461,5.268095367,5.59756006,4.137577901,4.195975498,4.247037633,5.268129745,4.583847931,5.708018579,5.398504331,5.229251549,5.272401086,4.898465512,5.152054638
4467,1430,104.0719539,30.71412139,766,104.0718154,30.71217924,215.6588456,,30.06474161,28.39410913,28.13642326,24.0922217,37.67271384,37.50588619,19.6053496,26.36237162,26.79107429,23.31446979,36.16639025,17.78629654,31.48517111,28.1690433,31.27797368,33.09680897,38.25276999,31.53312618,19.55596585,34.36160561,19.26481003,30.11527712,27.22201417,32.56792529,24.88371295,32.59327641,31.04076432,30.86965583,32.94597259,32.03735258,22.15040925,34.54379729,32.25782171,31.20047599,26.26871406,23.3846941,34.22196067,33.73741347,34.44163449,34.7240482,21.55590497,39.15045347,27.29822674,31.44131613,32.30396023,13.88858397,33.41549268,26.88733659,32.48417758,43.72625727
4468,1430,104.0719539,30.71412139,1354,104.067618,30.71452282,417.5756659,,44.78467916,44.65165536,46.13033824,46.64925981,36.62052125,61.1915494,59.30068628,97.48848231,36.69501376,64.61056148,67.41131826,41.01698219,64.24241014,43.13550638,54.12321862,44.20739295,68.33056351,72.62185494,86.76896954,58.37951057,45.14331523,63.39577848,49.22306474,57.89239013,48.1818076,41.61307674,69.59594432,46.38139039,55.74557715,45.83147553,54.55324034,77.4882679,53.41084098,45.21119992,42.76735127,45.27928907,49.12654893,53.49723834,39.42147895,38.61971477,53.11916598,105.1239439,72.27271141,46.37940292,53.64997849,49.67853263,66.61472956,60.01087414,53.11916598,56.5139999
4469,1431,104.0337804,30.67627372,1779,104.0326736,30.67337488,338.3261344,,84.5815336,57.72389023,49.81489095,34.6891353,35.20156312,84.28886393,84.28886393,84.28886393,84.28886393,84.28886393,84.28886393,84.28886393,84.28886393,84.28886393,84.28886393,84.28886393,84.28886393,84.28886393,84.28886393,84.28886393,84.28886393,84.28886393,84.28886393,84.28886393,84.28886393,84.28886393,84.28886393,84.28886393,84.28886393,84.28886393,84.28886393,84.28886393,84.28886393,84.28886393,84.28886393,84.28886393,84.28886393,37.70817597,73.48259933,65.13230395,96.81828965,86.3199209,81.88061068,81.88061068,81.88061068,64.37495158,68.0099998,69.98594125,68.98382393,69.23165311
4470,1431,104.0337804,30.67627372,1899,104.0380169,30.67482664,436.3894861,,129.0591759,101.3005148,114.1953795,105.0755832,124.8995498,123.3125706,102.599409,84.01081016,86.79569889,99.43051582,105.9442683,87.27789722,80.80099229,72.22998391,80.41986946,69.35991832,72.06431881,99.10196802,77.74832787,84.29253655,62.99126503,95.8902635,114.2547018,69.16027073,57.24299333,90.41738993,79.8331401,84.91903513,71.66980611,82.68432368,128.3498489,109.4188478,110.6339542,108.2301428,96.13475673,107.1624932,80.47250627,137.2054279,85.90579084,86.90239304,84.17449417,87.81454164,105.9472703,119.1442584,131.3860818,131.6850084,102.6404172,140.4471909,95.11617455,121.1569781
4471,1432,104.1007151,30.65978427,1100,104.1035631,30.66005367,274.4955191,,50.79186075,49.2996387,52.37723685,78.16879645,73.23755514,83.28768355,58.5879764,41.4332859,44.34158385,41.00348003,38.58722952,42.3205083,61.7614918,39.21364559,36.76583224,37.08007012,67.07130332,56.95584258,58.12846287,60.25511395,46.39360886,31.52101655,67.68382663,48.9199935,42.01065101,46.05724918,48.7992034,43.34139775,42.11962629,62.74183294,42.68612824,43.24655881,59.46593192,53.70564504,53.99911851,38.22382011,47.88069435,63.72090977,45.58020933,49.78256266,56.84662717,25.30560483,80.99867777,62.34598541,48.9199935,55.32170014,42.3205083,40.17007597,45.20511751,56.44748983
4472,1432,104.1007151,30.65978427,1599,104.0999471,30.65896984,116.4536333,,19.40893888,19.40893888,19.40893888,22.35909759,26.36686037,30.37920869,26.36686037,20.90938054,22.90891147,22.90891147,22.90891147,16.50523937,19.18686864,18.43795843,18.08500749,18.43795843,18.25977754,23.35560334,16.24934418,28.13644831,28.13644831,28.13644831,34.30712601,30.9168938,32.52390069,31.70004385,32.1066881,31.90207019,32.00405209,31.95297977,31.97849554,31.96573255,31.97211277,31.96892235,31.9705175,31.96971991,31.97011868,31.96991928,31.97001899,31.96996914,31.96999405,31.96998784,31.96998472,31.96998628,31.9699855,31.96998589,31.96998579,31.96998574,31.96998576,31.96998576
4473,1433,104.0375207,30.71027317,313,104.0388274,30.70856721,226.733857,,35.86693992,38.08874873,38.5474326,32.71510562,26.24571978,34.25061547,32.19435524,25.09583044,50.9090573,45.06511443,37.71259071,39.59136063,41.71482924,64.27101458,30.5422595,43.88397232,61.14171425,33.37559459,39.46374949,47.36413261,37.65821846,33.93055381,34.8188924,26.80597324,44.47174856,55.27597415,38.23147003,29.52050218,68.44795683,20.76951362,51.01511783,40.95494901,53.52405805,28.07366759,62.98162694,42.63950147,55.15147873,35.64375045,42.63950147,49.67349007,32.5845064,41.18719191,56.70315284,43.05722077,42.601351,41.93921054,57.91944785,31.85334186,41.51073475,56.16343248
4474,1433,104.0375207,30.71027317,1555,104.0341203,30.70829335,392.6668864,,125.374793,125.374793,125.374793,125.374793,125.374793,116.4764696,116.4764696,51.65410929,66.47025662,66.47025662,66.47025662,66.62690295,69.30831254,134.8426828,138.5883128,90.39813212,83.26182669,85.2851156,91.90415545,165.9155858,228.0001276,192.0653249,208.4956919,192.0653249,158.475425,134.8855717,117.1492368,125.3933286,125.3933286,130.8990623,166.3059754,136.9104882,163.1526057,149.8238687,174.1602617,138.5084349,109.3695003,137.3702805,193.643944,136.2506787,159.9548278,147.1542788,147.1542788,76.9655603,147.1542788,158.3866433,78.58795225,122.5222787,89.4684045,94.44994147
4475,1433,104.0375207,30.71027317,1591,104.0362054,30.71200494,229.5751436,,26.89166541,26.89166541,28.56464921,32.46152855,30.45960137,31.8026173,23.74915279,53.84172749,29.98532488,51.28048708,29.98532488,29.98532488,22.83067726,28.35233334,28.35233334,35.39488295,26.74661867,38.17415783,29.54318202,42.38310343,42.38310343,42.38310343,27.0382939,46.69324955,35.54711901,35.54711901,35.54711901,40.4000951,28.15913175,29.10107454,77.60286544,50.24136881,36.81383149,42.49205743,39.44966668,40.91438203,40.1686764,40.53810016,40.1686764,40.1686764,33.28069196,34.58035636,29.78272133,32.00273057,30.85284244,31.4172684,31.1324974,31.1324974,27.87421642,35.16895817
4476,1434,104.1133952,30.6836135,887,104.1137841,30.68257523,120.9532605,,26.85605321,23.99807496,23.03029878,24.73458392,24.18225548,24.96481736,26.47085256,24.81771172,27.33583533,30.15986678,28.24334993,29.17016285,28.61913825,29.60408955,29.10217921,29.61860435,26.21276673,28.23561664,25.70222712,26.95952786,24.17572644,25.85702065,26.70494238,25.85274825,25.88637157,26.96203311,27.58937373,25.17670389,28.23133364,31.73227511,31.08946326,35.02410819,28.55457369,30.26656749,27.10978768,28.20247439,29.02301147,28.23776153,29.40528368,28.86774092,25.31579871,36.8385565,25.31579871,25.31579871,23.99072936,24.635459,24.47104954,24.38966499,24.43028949,24.42012068
4477,1434,104.1133952,30.6836135,1274,104.1119057,30.68279465,169.087035,,54.02780998,37.24915814,54.02780998,33.5379243,50.16868073,35.71911937,35.19845759,38.30393241,45.44049713,37.92606393,37.19226024,37.19226024,38.24376916,32.12207525,41.8959559,32.12207525,29.27679323,40.8761047,39.904725,45.39839153,37.53627909,46.64469931,39.14555151,47.86736507,30.91877211,48.47086871,32.9405182,39.22437864,35.80886041,37.33841046,42.44862803,50.49544013,24.25152693,39.5130583,48.41696638,37.0725647,42.4321209,33.16236909,30.8209279,36.64342384,38.00169559,44.49478,40.04692934,48.89263663,47.49800549,37.81377506,37.73666218,38.57363095,52.84224271,39.19456221
4478,1434,104.1133952,30.6836135,1344,104.1128606,30.68484116,145.3780304,,48.91223453,31.27654838,48.91223453,32.98926285,36.61573528,40.04013492,34.16193926,37.45622809,51.64745819,36.77008732,31.27654838,30.60590114,31.27654838,31.27654838,37.23746326,31.27654838,31.27654838,31.3014898,31.27654838,31.27654838,32.19650581,34.31874816,28.86181486,31.24542743,35.69181806,36.50001933,34.85286698,38.23641348,34.78636819,30.42004157,34.74370424,34.74548125,31.46458374,34.07309608,33.44743534,33.44757491,33.83798983,29.26869819,62.30487017,30.34220708,30.42795985,30.61114565,30.61114565,30.61114565,32.44810598,31.43308765,33.44752839,33.44752839,33.43019662,29.35141253
4479,1435,104.0058299,30.66758867,330,104.0009914,30.66823038,468.9801651,,93.79603302,93.79603302,78.81201945,51.16147256,58.39506478,53.57343682,54.59429569,53.59773315,72.1227749,53.42812007,57.740376,91.2610051,53.36244899,53.93662066,61.42903732,129.622157,64.01403868,65.98591161,65.98591161,76.69240858,67.06369789,85.90181526,73.35243711,69.46986436,59.48484434,98.73266634,58.00819771,111.3183688,60.58595434,49.78484613,67.53314377,52.12614472,68.16939142,66.84243858,62.62733581,46.96324324,108.9244254,67.50314238,63.65446505,59.07377867,148.0989995,70.34702477,47.88075421,107.1954663,52.62869683,58.92944483,83.58062348,72.46045469,75.82314045,61.54296213
4480,1435,104.0058299,30.66758867,973,104.0064463,30.67175686,465.7265379,,67.55358071,72.38721045,65.23795862,60.14764256,73.19097733,67.41635898,110.158708,58.14851572,53.34312769,73.31069245,56.53327916,64.47062683,56.29859738,72.42399725,74.13966366,62.56028121,84.53523715,56.23530789,68.90200836,85.66080308,84.7203404,60.64927585,74.91810565,84.31983185,55.2917351,71.28700564,65.11128297,83.20672637,62.22257388,72.3668144,76.40273332,87.94835911,83.69626496,75.94425774,71.68853176,60.09374683,57.54150275,87.16349883,79.83883507,73.85971526,84.79434898,130.3744585,74.13185864,52.91392585,70.63489429,52.81116577,80.52049002,92.67945845,68.4332872,73.77846145
4481,1435,104.0058299,30.66758867,1535,104.0055646,30.66356549,446.6209014,,56.64953675,62.75703533,63.3006002,57.62850341,55.94902984,45.23652217,45.23652217,45.23652217,45.23652217,45.23652217,45.23652217,45.23652217,45.23652217,45.23652217,30.33651406,36.31767253,33.05873613,34.61166054,33.8173798,34.01251262,34.20991042,34.20991042,96.85754488,50.56156658,66.44008575,57.42337398,61.60354152,59.44005502,60.50246361,59.96655409,60.23331686,60.23331686,60.23331686,61.25086648,60.73783018,60.9932695,60.73783018,60.73783018,57.62850341,59.14232783,58.37560297,58.37560297,57.42268732,58.37560297,66.79423908,78.05025461,82.87810541,120.889868,98.64019908,98.64019908
4482,1435,104.0058299,30.66758867,1799,104.014074,30.66498919,840.7492009,,392.2285689,150.9574625,392.2285689,462.5956302,392.2285689,359.2518841,359.2518841,182.331152,176.9998318,176.9998318,145.5142848,145.5142848,129.9011641,144.5586686,373.6663115,143.6155219,208.7377326,234.1091697,208.7377326,269.0397443,458.5904732,378.3371404,353.3109482,178.0410072,210.9196602,258.6920618,143.4453613,202.8315273,162.28939,130.4610829,162.28939,144.6450238,166.9134443,127.9787367,165.3932854,202.680611,286.8907226,261.6741028,127.6597713,288.2568689,227.8567471,169.8483234,174.2234637,174.2234637,188.008207,349.9071819,257.8655696,204.1616947,192.4414628,95.17915482
4483,1436,104.085284,30.62859701,318,104.087302,30.62863419,193.46244,,19.13364791,16.46488851,22.83491095,30.21539193,21.42968566,30.85135659,17.99650605,28.76255746,31.13851493,28.22552316,52.89605953,40.29690169,38.16544142,17.01807658,27.17911352,26.48155072,29.58397079,31.77095789,29.76345231,42.20998691,23.89244542,27.70620722,30.54949249,16.31065068,30.32502688,17.21791802,27.94008327,26.86028413,21.31491305,35.9002466,28.55339053,32.2960716,37.6976879,23.6056416,27.79189082,28.38851022,29.74676742,29.37522326,31.83818798,32.12805256,27.04717608,32.39371088,27.17248609,18.72217161,19.70197409,21.41732951,22.39436605,22.84076156,26.67170068,24.74120014
4484,1436,104.085284,30.62859701,1814,104.0825579,30.62614067,377.3276336,,44.1032299,42.25130578,44.1032299,42.25130578,49.30597027,45.50685028,47.3302955,46.40066545,46.62963247,46.86087041,46.86087041,50.87563599,48.78579505,49.80880416,56.13138351,33.45762268,39.57405626,37.21587619,39.66071477,46.14452589,39.66071477,39.66071477,39.66071477,39.66071477,39.66071477,100.9947569,60.62840799,56.95511451,56.95511451,37.21587619,37.21587619,37.21587619,37.21587619,37.21587619,37.21587619,37.21587619,37.21587619,37.21587619,37.21587619,37.21587619,37.21587619,37.21587619,37.21587619,37.21587619,37.21587619,37.21587619,37.21587619,37.21587619,37.21587619,37.21587619
4485,1437,104.018984,30.68389135,364,104.0198136,30.68603439,250.4579211,,52.360541,38.36802196,38.36802196,34.13180502,36.54097329,37.25820314,38.62138923,38.62138923,57.79798179,36.5039885,39.9622611,41.09298211,36.80198024,34.38125895,36.80198024,69.8952338,36.10204268,35.00188338,45.19541433,30.62664796,63.76580735,30.62664796,30.92633422,31.2319434,31.2319434,46.65710303,30.62664796,30.98980979,31.40095496,30.62664796,70.05038416,30.62664796,34.10168366,45.0824258,45.65308942,55.6573158,43.52285676,45.58576865,43.70304833,58.739317,47.42398506,40.52352881,40.34221548,39.9918026,40.85634737,40.44211443,40.36102655,40.79857538,37.51739485,48.606389
4486,1437,104.018984,30.68389135,900,104.0174622,30.68377642,146.3248441,,20.51882126,14.65283557,20.51682332,21.58891142,22.86987433,24.84761504,25.75889676,25.75889676,25.75889676,27.7247073,24.25476696,35.71318229,33.47224392,21.65547539,34.8853933,26.67187032,31.20826099,28.33998326,29.2548109,29.02061124,28.90491197,28.96264605,29.13865705,28.94819092,28.94096877,28.51313822,28.94277397,33.28736731,30.71533446,32.3351776,32.52575821,32.3351776,32.3351776,28.39728337,35.35365361,27.40023088,33.13015338,32.12008773,32.61730271,26.60451711,29.2548109,15.67766187,22.04056229,26.22374306,23.95086962,23.95086962,21.71685396,20.74788854,21.72385082,21.893494
4487,1437,104.018984,30.68389135,1690,104.0204478,30.68347603,147.5826488,,32.19985065,32.19985065,32.19985065,32.19985065,32.19985065,32.19985065,32.19985065,32.19985065,32.19985065,32.19985065,32.19985065,32.19985065,29.68142657,30.27336386,30.57827543,30.42505573,30.50147316,30.46321652,30.48233284,30.48233284,30.48233284,34.27726037,32.26860478,33.2426174,32.74837035,32.99364303,32.87054914,32.93198106,32.90123643,32.91660157,32.90891721,32.91660157,32.91660157,42.33446499,32.91660157,32.91660157,22.23002241,25.29988265,25.29988265,25.29988265,25.29988265,25.29988265,25.29988265,25.29988265,25.29988265,25.29988265,25.29988265,25.29988265,22.56040491,20.35622742
4488,1438,104.078117,30.71337306,734,104.0911229,30.71239601,1250.137312,,142.6464128,130.8554944,119.3278119,125.3370211,100.5857607,98.85764576,87.90027975,127.8549524,142.9966423,110.7866431,139.8634285,157.4333368,96.21278105,121.074021,128.9012286,104.5653886,163.484485,184.1230875,110.6112276,120.5848434,94.84708795,93.02202834,163.4445706,115.9547652,108.9444281,100.7026801,133.7325703,144.8221883,109.6951862,126.472207,107.1716381,128.3715994,147.9209309,150.1985363,133.6678689,84.99517135,90.04590483,101.759745,147.5782285,110.9968245,96.11876818,144.2723025,114.7109853,115.9025064,94.41596482,176.4899735,94.78715929,103.4002142,110.7716606,120.6890406
4489,1438,104.078117,30.71337306,1104,104.0781475,30.71523433,206.3071156,,19.57800532,18.04873915,15.84076573,20.24312008,30.4887363,23.66448437,33.02093168,18.06049525,22.01424576,23.57726812,23.45231865,47.61410341,24.35705084,24.72365292,29.54099492,24.50696052,25.23494602,21.78022335,21.78022335,21.78022335,21.78022335,21.78022335,21.78022335,21.78022335,21.78022335,26.38906651,19.70041422,21.78022335,21.78022335,21.78022335,21.78022335,21.78022335,24.7403603,21.78022335,21.78022335,21.78022335,21.78022335,21.78022335,21.78022335,26.48736149,21.78022335,21.78022335,21.78022335,21.78022335,21.78022335,21.78022335,29.06871296,29.06871296,29.06871296,29.06871296
4490,1438,104.078117,30.71337306,1304,104.0780641,30.71194952,157.8530021,,37.14188285,23.48226478,37.14188285,16.94398929,22.77828706,26.30883368,28.99340855,16.92541497,20.60818885,20.02363663,32.28811407,35.65620753,22.4946386,21.89024682,18.18466584,22.88338823,20.64294578,20.0591452,18.69055691,16.25939135,22.12425887,18.90559937,21.40271725,20.29538598,21.24376851,24.05438739,26.52088549,21.61711836,22.80373583,18.64178501,25.11000531,20.46171353,19.24058939,22.81066965,18.01358013,23.84353039,17.15966203,19.82801143,21.24720128,18.00224311,19.23082259,21.45717247,19.94367501,22.84891793,17.8141319,24.85419479,19.87539985,22.74220238,20.98552911,23.08089264
4491,1438,104.078117,30.71337306,1319,104.0739313,30.71549927,464.9588651,,63.35548502,50.5913791,56.13028636,56.93834972,101.1390885,46.80793944,61.92182273,54.49433591,59.00573575,78.86228101,57.39740812,63.01560148,57.03072962,61.96603229,61.65200421,41.4661911,70.47797534,81.41303085,78.58459692,99.33839254,59.91416248,39.57096724,66.71525884,100.8344527,37.95582572,76.78219791,73.24435643,50.72278528,62.95500309,62.21796934,102.6903015,55.86975081,41.17716886,60.5006716,65.67344441,66.09025628,35.27612043,51.7899726,63.62477489,54.34584138,58.56724683,63.20248857,58.74445449,95.92274581,52.69208544,65.23195301,62.80870223,152.1683559,53.99522304,71.83913796
4492,1439,104.0147899,30.67361433,686,104.0189197,30.67281507,405.4376708,,95.24147569,33.22587144,46.36844523,22.01471516,50.9084642,22.31766995,49.43105969,42.43183235,144.9909551,59.52137081,53.17215355,40.65670236,129.1659836,23.9274691,75.4452604,41.86963898,145.9575615,57.14222207,53.58698907,94.93174731,188.3323374,44.12927029,93.26361756,62.26858425,54.10845653,183.2103282,36.42867591,58.81432967,184.7564069,42.29972801,48.54953664,162.1750683,51.87645902,45.75472147,38.0428049,23.7522476,50.77850563,36.15047963,49.41254792,64.96627365,160.3929247,49.43989663,44.73921963,28.63316557,43.82980915,180.1945204,38.0428049,44.55909564,41.53601636,47.54317964
4493,1439,104.0147899,30.67361433,1493,104.0072364,30.67483213,736.0948352,,104.7407671,58.5358897,44.29993233,56.76823922,63.21613614,55.76622716,81.53665867,55.48889217,48.09331047,46.17771931,131.2574169,55.04032377,44.34120739,44.74677673,52.33590665,37.94846637,47.05894369,51.34301587,51.52395492,59.33590252,57.67138749,71.23498405,59.3310716,50.81758118,55.35277785,54.25099986,55.53492295,54.74057366,61.67435391,48.7569716,82.74262404,69.6131718,58.60627669,55.95653046,64.30781711,40.23190395,60.46643255,38.36170606,42.02587276,39.90875613,48.6227781,48.25253348,42.0158777,36.08383606,35.47444989,45.54033351,38.99020462,110.6447351,94.64076453,47.79453439
4494,1439,104.0147899,30.67361433,1793,104.0151336,30.67558557,220.944462,,54.62912522,44.1888924,52.71040843,48.07495093,50.28607954,49.15566246,49.15566246,49.15566246,46.26940924,46.26940924,46.26940924,54.47945638,46.26940924,43.35712805,43.35712805,47.70685914,54.62912522,53.02667088,53.8159718,58.2710669,48.84035475,49.19638121,28.92363866,49.55763634,41.17687988,49.55763634,49.55763634,60.71756208,53.08565495,56.64570182,53.08565495,72.09064019,36.48624143,37.28437797,36.88099211,37.28437797,21.67302625,37.28437797,37.28437797,49.40373063,38.80000308,38.80000308,38.80000308,44.63524485,36.99535178,31.56349457,40.37563773,42.61615342,64.6666718,53.1532262
4495,1440,104.0844988,30.66419702,344,104.0859453,30.66383958,144.1296845,,54.84850573,25.28590956,20.34772016,24.44602423,24.16143722,24.53271226,40.3787443,19.50627309,27.43046634,39.01254618,22.37776159,21.75547498,30.59356511,34.91701643,26.81482502,28.02620444,25.0433479,24.24257505,22.09780689,25.74066532,25.89156009,18.07898482,27.21329707,24.48725995,26.54050456,20.24071074,25.90114519,39.70919878,22.14095949,25.55994405,28.64061973,24.11464899,22.56147187,20.21559211,22.58006847,27.31391652,33.26069642,29.30416459,18.11692092,27.67289942,27.02079751,32.27787647,33.86859427,23.89371083,25.68846547,26.20601759,22.23706651,27.79643915,31.09769507,30.21058889
4496,1440,104.0844988,30.66419702,1392,104.0833203,30.66231551,237.1350352,,46.58587322,50.90555317,36.11575364,58.47165252,82.7037152,26.186691,40.31575569,71.9802805,34.25019566,59.2837588,53.43888117,43.84301458,43.89131757,44.11814608,78.40974757,42.15733959,54.72346966,38.80391485,37.48347428,36.79681581,43.89131757,45.51374409,65.1668799,48.91016242,43.86876294,47.16497938,35.42266086,29.59050699,49.68105491,66.17721913,65.83697634,38.45433003,32.79204072,31.96827436,32.37747636,38.89230646,31.15642798,38.75986954,37.31145659,40.36341025,34.60039571,66.04921677,55.53720156,54.98783425,39.56830251,34.05662739,65.26652345,41.96306614,51.01709922,55.79647887
4497,1440,104.0844988,30.66419702,1497,104.0852545,30.66570422,182.0563059,,24.45532467,24.45532467,24.45532467,24.45532467,20.61014784,22.36869288,21.45344358,21.90151048,21.78774822,21.78774822,27.68454232,37.95768539,42.28404524,41.11255835,41.11255835,41.11255835,62.41930488,26.69664771,37.39815699,33.99171222,31.15402026,31.15402026,26.37435417,26.37435417,26.37435417,22.06743102,24.02942993,24.02942993,24.02942993,24.05147527,24.04044755,24.04596015,24.04320353,24.04596015,24.68269559,25.35406968,36.46190271,25.35406968,25.35406968,22.87618503,24.05147527,23.74647468,23.59685693,23.67142939,23.63408434,23.65274212,23.64807491,23.64807491,23.64807491,33.59760738
4498,1440,104.0844988,30.66419702,1575,104.0824686,30.66503017,215.3147626,,39.61498187,64.16665111,58.47609645,56.25966377,45.00047288,44.22112483,60.32164555,43.06295252,61.94870293,62.32795758,42.31076121,52.59353934,45.48903435,63.7969667,32.0038458,35.31358293,55.44586161,50.80989298,40.83947025,41.52498992,50.00859002,48.29490002,66.4128766,46.69476779,60.7947565,27.93272596,40.62542691,30.57724439,60.51000354,39.12343951,54.30004521,28.49754211,36.93064218,36.93064218,62.76381744,44.91355744,43.75163567,46.1388777,31.25536876,37.2660166,37.2660166,52.55139969,68.29366919,58.90069494,42.2415883,50.08937934,49.68802214,45.46235457,45.46235457,37.87295498
4499,1441,104.0460135,30.72269194,83,104.0467513,30.72074964,226.564955,,24.71617691,34.6814692,26.90909327,16.73095052,23.17141585,29.55195065,30.22731951,29.88582001,30.26470642,32.38181529,33.1843016,32.78449493,32.88714893,11.63529013,33.46601279,35.00481493,34.81004655,33.60112888,28.87817734,32.00391935,32.46729936,18.83680919,23.23743128,32.29196787,32.29197994,32.29197391,23.55961404,33.72129508,27.0974697,33.72129549,36.15599095,36.45290888,39.02554249,37.90135965,41.41944987,31.75165388,40.40411182,40.4426111,16.52753471,36.59431156,37.98217563,35.85203684,34.83405732,18.80062631,22.15794181,28.71950134,23.49310096,23.49306009,20.06479306,40.11313958
4500,1442,104.0404878,30.62937504,213,104.0389082,30.63011246,172.0416514,,19.11573904,17.84870159,20.57641013,17.87445729,23.24014803,18.57817608,16.38708679,19.18977367,21.51765878,34.64894797,33.20911233,31.35949089,20.70774892,21.36742048,19.23447034,19.81919824,16.55093941,20.50827633,18.12024415,23.00705591,20.77193779,17.90028743,15.50828321,28.18429784,21.17952914,29.65423813,26.05960498,28.76238135,20.30655558,25.08940749,30.06553131,34.84387876,20.15602786,37.53636031,22.97535567,26.11087458,18.71955792,24.09921965,26.46794637,19.13542569,20.07152599,23.91312529,17.34873796,17.80764649,12.42427172,26.61009431,15.80550352,16.38491918,17.60767434,19.38497481
4501,1442,104.0404878,30.62937504,265,104.0415966,30.63108704,217.4732705,,27.31059676,22.46035416,23.1799785,27.27887714,35.99557581,27.27887714,24.03388408,27.27887714,42.06144917,45.53802712,38.14391103,93.76093099,33.89193826,29.86553906,31.82535666,31.82535666,33.87727277,31.82535666,80.71172926,38.27210627,29.05023279,30.78931162,27.00702937,27.48613046,32.13560898,27.10420054,35.00314935,35.58653517,37.83857538,36.75155242,37.28714316,33.38608843,29.59938653,30.32225483,32.2182623,29.36807296,37.10968988,29.78539443,37.73030235,76.94385983,21.56759707,27.2791585,80.71172926,111.8433963,32.90768633,29.85333742,89.98893952,28.96961235,28.19542955,107.9867274
4502,1442,104.0404878,30.62937504,551,104.043951,30.62767156,381.8613171,,23.11975684,22.20841263,28.22794131,37.35599841,30.70813272,37.03396394,25.07434093,32.23213931,28.73938833,34.00225989,36.08138429,27.35722869,30.78147652,37.48331947,42.03977803,28.42738049,27.31645786,64.08861266,25.00971634,22.84314958,30.05279573,30.04810364,34.49688185,69.84622706,40.50385214,31.29791531,37.27496588,42.72205343,37.42864718,38.83335428,23.94949027,24.46086729,40.52176099,35.42130228,26.928516,38.18613171,53.95391676,26.56426554,31.20773534,42.18722135,103.5166221,21.32972446,17.9347781,41.12792047,34.02724608,36.60987328,32.36245349,28.37093463,41.52338124,47.24057531
4503,1443,104.0867086,30.66062918,651,104.0851728,30.65815153,311.5380371,,57.81118214,44.06824886,56.29801746,68.38639839,68.4908051,43.13603591,88.07881679,54.25916466,46.34450139,36.65153378,76.42500399,86.07056883,75.18683352,44.21301971,60.08233572,65.53904652,94.44521546,50.42881896,45.62802822,61.05249049,42.52272734,93.46141113,62.83120076,81.46757385,36.57185653,52.26173968,47.90845509,59.132,49.84608594,61.9633665,89.15237946,96.68421841,60.13602861,51.4269897,52.50026605,47.09042408,63.72368941,50.37785215,54.87642488,34.43818629,64.39446507,58.65778941,75.27093514,69.83418017,56.87306965,54.70911871,58.01678285,62.1063369,54.84288184,71.20869419
4504,1443,104.0867086,30.66062918,1384,104.0881928,30.66001727,157.553437,,32.65982954,34.37529535,20.70045158,19.22686011,15.04489054,29.90962253,19.71700022,21.64856386,26.5663875,24.7682259,24.18730803,21.70978952,27.8055665,26.19826204,22.1776099,26.05784256,13.25215825,24.30824457,38.58451518,15.08490354,26.30838664,24.65607128,13.48852255,31.42340018,26.17307625,21.2905055,27.3393758,24.14869072,24.81466632,14.32303973,26.77474876,17.34533251,20.22076197,25.78147151,27.22523392,20.5168936,21.7732197,22.89037008,55.28190772,26.75435723,24.73384053,24.55378239,23.81910229,14.88693893,19.00141954,25.09700766,15.62513425,21.73150855,26.4302131,19.52469443
4505,1443,104.0867086,30.66062918,1617,104.0854998,30.6612243,133.277791,,28.82918741,40.20670791,23.58153648,17.10517104,19.95010593,37.19380214,20.89114866,18.59690107,19.88808487,32.25546538,22.66771878,22.66771878,17.3840597,27.99300161,19.4447841,24.32446376,30.30316091,34.27143197,22.63207772,22.63207772,14.9006226,21.94876704,21.94876704,21.94876704,21.94876704,27.0309886,24.35533237,24.35533237,24.35533237,20.81562029,18.17424423,15.37820665,16.65972388,15.99333492,16.31972951,16.31972951,16.31972951,27.33903405,13.98833958,24.11055516,17.7047988,18.96442876,20.4170233,20.4170233,22.78561963,22.78561963,28.99093943,28.99093943,28.99093943,27.10734732
4506,1443,104.0867086,30.66062918,1659,104.0880259,30.66262974,255.1288461,,33.55119072,37.34731507,36.08895269,40.47730785,36.41085613,36.41085613,36.41085613,63.48828427,53.53523328,49.6438991,51.51618663,49.6438991,49.6438991,49.6438991,59.30156319,73.62435639,81.64123075,77.42582474,77.42582474,68.95374219,72.94461201,68.95374219,63.73794906,59.255732,43.94563856,59.255732,59.255732,87.89127713,82.993721,82.993721,75.07878852,68.54207806,43.18795513,52.98829882,47.58880031,52.98829882,52.98829882,54.34697313,53.65903675,54.34697313,54.34697313,62.37445473,67.348403,62.37445473,64.76607111,45.846781,59.00196011,68.88478846,63.56151183,62.80094673
4507,1444,104.0280154,30.68462845,449,104.0295217,30.68599766,209.3926731,,48.09225634,40.28396116,43.50667805,29.79500487,37.91024465,40.39616087,33.55253515,51.27983831,41.74021423,36.60496594,25.40944797,34.54732881,25.58914704,38.10025894,27.06691645,31.59981652,28.9788995,29.65647301,29.44584465,49.68639701,26.63652379,33.80330149,40.42717193,28.02281127,27.4863673,24.82712633,29.02301341,29.06736336,33.57187451,25.76177278,31.77488447,26.88990333,32.45699131,36.87933577,34.70114959,55.0228922,42.71417301,30.23316671,37.39022399,30.27363948,29.00987807,41.56256192,33.07958718,37.04907606,41.88823098,33.28264367,34.81818121,45.1734435,39.27817402,42.53227139
4508,1444,104.0280154,30.68462845,1187,104.0336123,30.68105059,666.8420956,,223.6613241,99.24521771,106.8983512,117.5339801,147.5193493,192.6670581,119.3919773,175.3038498,115.8792378,73.75212117,110.6281818,123.267345,165.5607961,85.36421928,73.93057989,64.88193363,83.59715185,84.64281805,77.19072489,209.6621436,109.8328157,114.6433402,75.13713753,56.00229107,89.4423079,113.0004388,75.01973576,81.10241703,189.6233447,102.040267,82.68061113,119.7322466,65.14603919,74.4959362,122.2732535,92.80364938,75.35990197,119.0789456,107.9744323,56.38594349,101.444661,143.4380607,130.8755515,86.09557242,94.47172671,106.6947353,54.00745881,95.86092876,100.9375562,106.6245299
4509,1444,104.0280154,30.68462845,1582,104.0263815,30.68325348,218.4487002,,27.4850265,28.16169456,26.84011334,23.66048351,38.54977062,27.34406539,53.31629293,19.12754429,24.80805428,24.24962444,22.47818393,23.77074018,27.46959703,59.87933916,29.69472577,23.63635571,28.13650521,28.13650521,28.13650521,25.92008308,26.07477854,36.30726319,20.61376987,61.19963585,27.78852723,26.06181676,26.89748852,26.89748852,26.9262682,26.95510954,30.01585194,28.40326215,44.74624869,22.86091049,22.52048456,17.02197664,28.10633741,19.61135463,44.68268868,25.6265685,29.95867888,24.61393805,60.49348621,34.04395328,30.5404008,19.75917891,25.69984708,21.814572,30.75939976,28.89108452
4510,1444,104.0280154,30.68462845,1600,104.0253277,30.68653923,333.3665883,,38.58905845,40.17137131,67.9473301,43.69679847,42.5494955,52.52165067,48.47010169,61.86184113,30.70668788,58.49486845,106.2052848,37.04073203,44.87627151,47.4564036,58.82939794,43.92020925,56.83922887,67.42245606,48.46709019,37.03120755,58.92568172,35.77107952,52.23589632,52.1036057,49.23007046,33.19833244,117.6587959,46.87967648,54.61295645,49.11813307,52.25484983,61.43957601,39.74783787,49.38764271,52.72933734,47.81353458,53.2912841,37.07887902,43.84570995,42.53229951,44.88826088,47.53444786,41.58418981,48.24601881,49.12483495,48.49859256,53.72826257,54.00822985,38.26098994,55.646973
4511,1445,104.0574646,30.6553011,391,104.0560656,30.65699134,230.3455076,,50.66662895,35.4377704,35.4377704,40.64920722,40.31979711,43.99171498,45.94148628,35.4377704,31.2922199,33.86972747,41.4276683,27.82697407,54.19894296,31.19803715,31.23034846,31.19803715,28.16814657,28.18460167,28.18460167,32.28396189,34.81589199,33.5021573,33.97846716,27.67611611,34.28259838,26.10030032,29.45701815,33.103546,29.42071359,29.68178144,112.8222894,28.28311922,28.33444481,36.05969536,33.46453647,28.3151759,56.02998834,33.01294162,33.01294162,30.43983409,32.93740713,38.97280354,29.11329997,41.01783152,28.3173135,28.31731664,28.31731586,28.31731546,28.31731566,34.55182614
4512,1445,104.0574646,30.6553011,641,104.0562259,30.6535869,224.0087819,,26.80956166,44.86406758,21.19399776,43.5908981,31.3651017,49.57571402,41.41615044,24.75615088,22.04871127,19.81404459,22.24638937,30.93727422,23.40875515,30.01606506,27.71242663,20.30035531,30.39315132,30.01606506,31.32280103,33.49664028,33.49664028,20.49381486,25.88865537,21.4191664,29.16570036,25.80581167,34.61718285,36.3872133,17.72377175,27.26734116,35.18914963,18.49613796,35.76193414,38.57865234,33.40644635,21.47620812,37.37805863,22.21574697,20.45482853,25.14206126,23.36354268,17.8020224,28.3124031,24.54890761,31.32989957,17.90081276,29.86783759,22.21574697,38.03922712,19.22363802
4513,1445,104.0574646,30.6553011,1553,104.0604031,30.65334833,355.1349344,,38.14098341,47.88336194,47.88336194,65.2288655,47.88336194,40.14084031,47.88336194,47.88336194,48.57058622,50.25494355,49.398411,49.82299627,49.60979521,49.66292422,49.68953143,49.67622426,49.68953143,50.37922899,51.08834221,54.33758559,77.83779384,63.99857226,63.99857226,63.99857226,50.73356206,56.59923536,53.50612094,55.00923179,53.50612094,53.50612094,39.67988094,47.52735182,47.52735182,47.52735182,37.33895338,47.52735182,47.52735182,63.54303001,47.52735182,44.95378916,44.95378916,37.59422962,34.74972348,36.1160547,35.41971728,35.76449688,35.67767423,35.6344208,35.6344208,34.93130502
4514,1445,104.0574646,30.6553011,1841,104.0583608,30.65688755,195.6758962,,33.59366083,46.34429121,36.56802969,35.59027488,23.48110754,32.8790304,30.46856515,21.0278575,43.66321652,21.56868421,22.43417918,22.467203,24.52140977,18.86874714,22.38326185,30.06727185,35.83382246,48.91897405,26.61586497,20.33415499,21.19658655,27.67910516,21.572287,47.48988044,35.13382675,27.4403594,27.19819407,31.16961178,16.67955548,44.96945118,22.73832235,47.81220994,17.35057208,53.97955757,32.65387902,28.1130706,24.08906978,27.17720781,35.04642917,40.67166434,24.93568943,27.99535922,29.32694531,31.73122641,22.8193465,26.08206948,26.08206948,47.40465857,19.265951,27.30361342
4515,1446,104.0719955,30.6538646,1524,104.0712373,30.65325114,99.50670832,,15.6202391,15.6202391,19.5350593,18.38678886,20.26570367,21.17190075,19.48716141,17.93196209,16.77210222,26.53512222,26.53512222,26.53512222,26.53512222,26.53512222,26.53512222,26.53512222,25.67915053,26.10012022,25.88792412,25.94064901,25.96709208,25.95386381,25.96047625,25.95716961,25.95882283,25.9579962,25.9584095,25.95820285,25.95830618,25.95825451,25.95828035,25.95826743,25.95826743,25.95826743,16.73944626,22.63659715,22.63659715,22.63659715,22.63659715,22.63659715,22.63659715,22.63659715,22.63659715,22.63659715,22.63659715,22.63659715,22.63659715,22.63659715,22.63659715,22.63659715
4516,1446,104.0719955,30.6538646,1632,104.0722331,30.65441931,65.5562048,,14.00607343,12.67126643,12.67126643,11.56874202,12.0949308,11.82598621,11.95894662,11.82598621,9.346627219,10.44113755,9.863612346,10.44113755,10.44113755,10.70229546,10.8378356,10.76963909,10.80362973,10.78660763,10.79511197,10.79298463,10.79192127,10.79245293,10.79218709,10.79232001,10.79225355,10.79228678,10.79227017,10.79227847,10.79227432,10.79227639,10.79227536,10.79227588,10.79227588,10.79227588,12.1807658,10.79227588,10.12885568,10.12885568,7.386614625,8.543071033,8.543071033,9.140291916,9.024945976,9.024945976,9.024945976,9.024945976,9.024945976,9.024945976,10.58306445,10.58306445
4517,1447,104.0486006,30.71633647,1588,104.0479146,30.71351714,319.3018043,,34.83292411,40.49864342,29.65141433,34.2363811,62.13440516,27.375244,38.00583553,31.82630291,33.17481183,34.64265196,37.04361403,43.78996173,39.80216397,39.80216397,21.03360467,31.93018043,31.93018043,31.93018043,31.93018043,39.91272554,31.93018043,35.47797826,29.75741667,43.21377803,32.06889111,34.76970646,27.19605273,25.347001,30.941763,30.941763,30.941763,33.07874807,22.21229943,32.63732242,45.53423618,34.38145052,28.59419143,31.29273581,31.29273581,31.29273581,28.82363329,43.93221844,43.93221844,43.93221844,34.97423414,51.1451166,29.24075314,29.24075314,26.48586395,31.18520064
4518,1447,104.0486006,30.71633647,1654,104.045209,30.71599628,326.9525347,,40.82653919,50.65603365,31.05617744,31.05617744,31.05617744,31.05617744,31.05617744,31.05617744,48.4872966,67.40324266,56.40151542,61.41355291,58.8009242,58.8009242,50.08634574,54.0949079,52.01350847,53.03379406,52.51869645,52.6465305,52.77498841,52.77498841,57.98173029,55.25597327,56.58604579,55.91310064,56.24756051,56.07983188,56.16357097,56.1216702,56.14261277,56.13213952,56.13737567,56.13475748,56.13606655,56.13541201,56.13573927,56.13557564,56.13565746,56.13561655,56.13561655,52.70279665,54.36507014,53.52102965,53.93974824,53.72957317,53.78196323,53.8081966,53.79507672,53.79835608
4519,1448,104.0593742,30.64382237,882,104.061945,30.6415775,350.1370834,,49.44035021,46.80902066,46.86733208,47.10101344,50.28564495,48.97585912,117.8031309,50.46561784,46.38730015,45.26008978,50.07986465,36.07422371,53.95948203,45.818276,50.48143956,39.9976783,52.38868127,58.81853694,49.96897819,65.21287257,52.11847661,57.36034131,54.77987574,43.18231633,46.6675589,53.38235653,48.31433889,56.23211826,55.76488343,62.28853774,58.90136864,54.30172724,63.22401873,43.09379488,57.55678083,44.00908351,45.54628727,61.63782397,54.24393761,56.16755292,51.83216655,50.9187437,55.44692817,48.34990365,47.2203778,54.83216244,54.70891928,58.55071181,52.88158099,58.10186266
4520,1448,104.0593742,30.64382237,1451,104.0595905,30.64554588,192.1393817,,60.41063529,40.15685191,30.07399018,30.42676426,30.24934872,30.42676426,28.79690983,74.37653485,45.65688278,45.65688278,45.65688278,24.35569627,31.29872281,31.29872281,31.29872281,31.29872281,31.29872281,31.29872281,31.29872281,31.29872281,35.47188585,35.47188585,50.86042457,41.79466913,47.21513817,47.21513817,47.21513817,47.21513817,47.21513817,25.5712301,47.70357063,47.2958478,29.43411805,31.15773757,30.27141243,30.70818087,30.27141243,30.27141243,17.91973508,22.51266962,19.95533427,21.15700322,21.15700322,35.90147616,16.68761819,30.10016423,30.10016423,46.63158029,30.10016423,27.05659199
4521,1449,104.1358325,30.63115239,445,104.1365745,30.63082945,79.61011847,,17.36948039,17.36948039,7.549627075,8.73769593,7.961011847,24.49542107,8.171792202,8.178732741,28.37588381,7.089583834,35.82455331,8.835002165,33.13253485,8.922012792,15.00504851,9.22675373,33.71722665,7.737484517,34.52968994,8.572176267,29.51848449,8.855818509,9.281640296,9.580587324,8.627425134,23.88303554,8.851032319,7.367517391,8.39843008,9.353669272,10.25389719,14.02306674,7.961011847,10.41025273,10.82858034,29.32613559,29.32641538,10.04866945,11.84690705,24.28783275,8.619071084,8.744360839,8.82675802,11.18152359,10.16299385,10.26469872,9.232636557,7.386505837,7.379109822,31.4941128
4522,1449,104.1358325,30.63115239,1500,104.1354307,30.63132727,43.10862155,,7.307471835,6.274570253,5.067048815,5.998300805,6.504792238,6.980106639,5.594142245,7.368849345,6.197901944,6.411275836,7.49870557,7.293347436,6.166531294,6.831157431,7.92392618,6.910676902,7.612283366,6.72059924,8.128161589,9.520922551,9.499674559,6.970179096,6.411288973,9.639194881,7.181445515,11.98386391,11.98386391,11.98386391,11.98386391,11.98386391,11.98386391,11.98386391,11.98386391,11.98386391,11.98386391,11.98386391,11.98386391,11.98386391,11.98386391,11.98386391,11.98386391,11.98386391,11.98386391,11.98386391,11.98386391,11.98386391,11.98386391,11.98386391,11.98386391,11.98386391
4523,1450,104.0038276,30.70658516,977,104.0013005,30.71088213,534.2055542,,36.631238,46.95166004,36.631238,51.2837332,61.19777232,57.35009926,132.2882198,160.2616663,52.73692856,53.30145227,60.79473115,53.0521378,179.7327098,57.49297444,60.09812485,94.50319386,48.27840264,53.17437774,45.58948045,55.19295547,94.9698763,63.50489803,57.63656328,58.56090119,41.09273494,58.56090119,61.96182022,90.60730248,62.136995,73.85330242,60.3480033,60.33971943,62.30475146,56.64624433,58.42746453,240.3924994,66.36205157,64.31906338,66.22002852,59.86428,63.57487587,64.95432151,51.32283632,57.23630938,59.41730159,71.89308393,50.01664487,74.63673978,137.3671425,59.43479013
4524,1450,104.0038276,30.70658516,1606,104.008411,30.70810933,470.3230375,,110.1244185,110.1244185,110.1244185,110.1244185,224.2599914,103.0845014,101.0843543,99.16034758,54.09466246,68.13532938,71.74419216,108.5360856,75.75673087,81.95367546,178.2276774,92.77605123,112.4224856,60.90514155,142.6250367,91.79107849,88.22386112,73.7073417,78.87404975,78.87404975,78.87404975,78.87404975,113.0831347,92.93035651,102.0210469,102.0210469,102.0210469,133.670758,115.7208727,133.670758,124.0498466,143.4883843,101.185036,99.59781971,92.90331605,89.19207736,142.4821545,123.9655596,123.9655596,132.4940021,171.7701528,142.2825996,95.01475505,95.01475505,95.01475505,86.60679974
4525,1451,104.0595905,30.64554588,1050,104.0563422,30.64710146,355.8332463,,36.15239003,62.14895739,38.04264729,56.88734983,88.95831158,70.94767494,77.23068849,59.53877699,96.7522422,142.3332985,48.44930736,60.20605902,67.38557005,49.01784516,47.53245591,57.41532461,41.90838669,56.51469205,44.98681955,55.18577002,65.69229162,36.30363484,46.75181338,40.47392375,31.9983269,46.66665525,50.72352972,52.67268449,67.65843417,50.91413699,53.93682891,53.30835151,93.16361358,54.62685231,48.24857577,77.8460309,58.85144042,75.05857538,40.66665672,54.66570499,66.69201412,50.8333209,59.93982492,49.26220132,44.90796448,45.76815077,64.32566577,54.51062497,56.55627756,45.46006492
4526,1451,104.0595905,30.64554588,1616,104.0605402,30.64747371,232.2351497,,28.03173643,24.26840461,33.17644996,29.38652158,33.27548414,41.80232695,30.29154127,35.27622527,31.88988705,36.03648875,29.0967473,37.05880048,37.05880048,38.17564105,40.00222674,28.05525298,21.03261733,22.17630077,35.35080503,33.60315671,33.49545428,32.34222588,25.48922375,32.34222588,30.04659619,42.09700599,28.05525298,31.3713523,31.3713523,31.3713523,54.50996179,45.93662302,45.93662302,25.42462866,40.68352987,40.68352987,40.68352987,40.68352987,29.43825841,34.15920486,31.62350975,31.62350975,32.22147326,29.43825841,35.8818257,32.34222588,32.34222588,25.70473602,28.58278766,28.58278766
4527,1452,104.095579,30.62458258,88,104.0997464,30.62619552,437.604509,,117.031664,99.67731513,170.6183645,109.7398304,97.64728715,119.8004739,96.43754809,96.64884861,124.6999657,106.7448605,128.7958193,76.105132,151.0427835,121.1827871,85.6182735,101.1709507,83.95900465,91.99277269,110.7470111,107.7304733,107.7302283,126.2631999,118.1163061,131.5005202,120.5645076,147.3461791,92.23514241,125.2286353,120.8110608,136.7729957,142.8912682,123.2447669,108.1803421,127.0464704,133.8846656,129.3648366,92.66919014,141.3421667,169.7375065,103.2549965,117.5653905,122.9561937,157.5376232,155.1003323,105.988615,193.6937991,153.1349922,145.2703494,115.0509507,168.3394015
4528,1452,104.095579,30.62458258,1282,104.0962411,30.61995759,516.4972621,,64.37057865,72.24758593,76.99338069,105.6171624,89.02208068,105.278083,104.8225146,69.22524734,68.82381777,69.73802695,56.66404443,92.45938641,80.66768519,84.61954877,86.98223031,69.3112628,85.79914968,81.0107739,90.57368706,85.95720857,98.66517884,87.5595762,72.24758593,95.68045337,62.41468288,79.32153687,72.1681106,67.49147527,59.67234094,55.40495064,78.60268337,84.5177338,45.07612469,99.31460709,113.1015902,76.75501109,81.73143488,110.7054415,88.71841641,112.2573632,111.7188435,91.87574826,71.69884873,95.84485276,110.4806978,100.5075753,70.40719993,89.8256108,74.37560574,78.32308945
4529,1452,104.095579,30.62458258,1790,104.0948905,30.62569686,140.0193622,,36.79340905,42.29533028,31.13944117,26.25363041,36.68343524,32.98885497,32.10635057,28.34400045,32.10635057,32.71409653,18.46972961,22.59135928,43.686041,36.88314906,25.44521474,25.25204683,34.02683169,39.58662597,27.70743,21.63389287,38.04299652,31.95370548,52.45262268,40.10318592,23.67282204,26.44326763,28.82457206,33.65035533,37.19264307,30.72208127,40.81536064,40.81536064,40.81536064,40.81536064,40.81536064,46.67312073,43.54813857,45.05650985,44.28948524,44.28948524,44.28948524,29.49393038,25.27258993,27.22057212,26.21043694,26.70595602,26.58032802,26.51795621,26.54910547,26.54910547
4530,1453,104.0197676,30.69901835,376,104.0213322,30.69724433,247.2161626,,38.61076726,37.00532995,33.24358217,37.89444827,53.11037763,46.40136524,64.90926798,59.88078623,42.17906092,48.23730002,62.06263496,47.24502643,29.17961263,30.7596147,39.7223024,40.8246874,49.47759196,39.37956572,27.22339593,29.51834777,37.23758098,34.09878105,31.84179554,43.41357002,32.08284735,36.27628473,37.90367059,48.58843595,55.62363659,43.49844503,37.23758098,51.50585108,49.80640422,23.42047856,36.81398905,33.01106029,45.3492069,34.22993021,32.84052345,30.79509292,34.79195408,18.85547003,34.13147403,28.89539563,42.58268829,38.11469745,47.02658839,38.91323821,41.35384085,49.03461076
4531,1453,104.0197676,30.69901835,458,104.0216448,30.70036077,233.370582,,51.4157953,49.77753032,49.77753032,46.00565812,65.46499445,57.74117493,62.98290206,54.91072518,57.94028243,47.43170615,51.5683332,40.24594468,54.30731061,44.88695076,46.03474494,35.05427379,45.20799597,50.18334085,49.41738164,62.9313929,42.42208769,22.02186357,37.8968906,41.65248239,43.63687293,45.30294769,46.98169672,44.62631734,52.29050384,57.05494704,47.06633587,42.11198472,47.88386129,22.3143186,47.88225668,45.92089795,41.83023346,34.12907767,28.70617637,34.96916109,35.06384781,37.01031256,27.54538017,32.00510839,47.264928,35.48612863,33.4049342,30.84947718,36.74055809,41.59079679
4532,1453,104.0197676,30.69901835,692,104.0187006,30.69832771,127.6770045,,28.25638624,22.0568516,39.73808784,22.9400771,25.79815993,32.64468865,26.4726833,30.1586855,23.61999135,35.74956125,21.48347252,39.51036244,22.78251381,29.15246614,24.19143243,31.62641397,23.33183839,27.99820606,31.26783784,40.67585984,70.49650555,35.63079195,36.36370381,19.77359502,26.51753171,20.75111586,26.00493444,31.62641397,34.95340047,36.69758213,42.95674918,33.26686727,30.3641431,28.63783279,27.49231947,24.12002446,24.12002446,13.70006606,23.01422456,22.20469643,28.11236796,27.44102783,18.35337025,22.15119114,17.36937992,33.06742563,20.84522522,39.86939917,27.60583881,20.56542354
4533,1454,104.0537252,30.67093727,171,104.0534762,30.66779109,349.507551,,35.44301926,42.50767512,44.17216686,36.98158125,43.89164593,53.2770861,24.92773023,43.34444038,43.75491184,38.30219737,44.61798523,76.0258117,43.04785085,52.46673191,42.67807284,39.44285842,39.48706696,61.78794206,44.61798523,34.3777919,49.50402033,44.30377407,45.30790535,47.96291679,38.66181172,51.92134183,45.67067817,53.97800015,39.90752281,41.55503791,52.29539416,57.0301273,50.38507076,60.16627298,37.88414554,43.53727279,50.56704993,42.7241828,44.95273968,38.41915064,39.69170926,59.66303821,42.46463664,81.31903068,51.99285883,78.88571684,70.29202143,81.17594733,33.91447934,76.79921773
4534,1454,104.0537252,30.67093727,1423,104.0494476,30.6731609,478.1998569,,56.65999402,50.24500503,49.63535276,46.60102372,42.54604844,43.9786414,42.17933635,62.02814109,36.98215864,38.86846128,34.86621741,33.4600483,44.54765775,46.65364458,59.90735315,42.82386778,38.75114203,41.07004735,47.33784101,35.36763194,42.17113599,48.46620171,50.30221939,63.03623159,44.14152525,36.53091745,61.70320734,38.31985498,62.61968419,66.33986454,65.31141039,42.2070361,61.48283874,46.707893,47.53390202,56.65999402,39.87306276,50.63292602,47.31073816,40.81662101,37.64255434,53.83954605,42.5956477,45.15460944,48.65798431,48.49350662,82.96479445,104.9707003,51.18492027,46.25964067
4535,1454,104.0537252,30.67093727,1717,104.0543066,30.67334374,272.4641234,,42.75499502,33.49587402,59.08860507,28.27531981,34.29618337,34.29618337,33.24985913,24.20409239,57.36086808,30.42403363,31.27333711,32.17141982,29.67839166,44.31645381,31.29606522,41.82818099,35.80365059,41.82818099,30.8449951,52.87713446,46.83824166,46.83824166,41.89304736,33.83771778,37.89236153,36.63383172,36.63383172,31.20479887,32.47916703,32.47916703,32.47916703,21.77293772,33.78430004,26.48020277,29.68962071,27.99322227,28.81647674,28.39888443,28.60615667,28.50214372,28.50214372,26.29680548,28.50214372,30.13428093,29.29549716,29.70896981,29.6045113,29.55255702,29.57851135,29.57201849
4536,1454,104.0537252,30.67093727,1719,104.058001,30.66940919,443.2576751,,63.07223835,73.03101283,63.02241826,50.85174093,49.14972167,72.86427536,53.01420699,67.47262708,67.47262708,41.35539952,127.6582104,62.88581795,55.89238635,110.8144188,52.49104047,40.14409133,41.48338727,40.80275211,41.48338727,56.2866889,57.04120216,56.2866889,28.11854855,54.04665979,62.76214869,51.97809871,50.29874327,44.53193387,39.49820867,60.10273561,60.10273561,60.10273561,90.40949747,60.10273561,43.75852734,60.10273561,51.1392625,118.494626,44.50236419,41.82772295,31.06543083,40.0266128,40.0266128,40.0266128,28.97810467,39.73590281,39.44938518,42.96327476,39.44938518,34.21161842
4537,1455,104.1321073,30.62839123,696,104.1337947,30.6277929,174.798879,,14.13309297,10.77066263,19.51675565,16.35663157,17.5285784,15.49940799,16.45798676,14.60375875,13.87525751,20.49758842,14.60714866,23.81044189,16.52510411,16.85936944,16.01324289,18.38231545,14.90233575,13.21730654,18.4652955,15.83881108,17.45906255,16.24461993,14.5329322,15.64957582,14.58063636,14.39578986,13.76508083,14.77751776,14.0974733,15.42553093,14.60389996,19.15746911,14.18639996,18.83495853,14.12199202,14.90998612,13.98391032,17.45296484,18.15884287,15.54194204,13.95511405,12.42400719,15.78891463,17.01895779,21.21452893,16.41518102,15.54896473,20.93006552,17.92310306,14.1852259
4538,1455,104.1321073,30.62839123,883,104.1336874,30.63179186,406.1750909,,57.93305575,36.19381998,69.43163947,33.15715028,22.97298236,90.44723672,90.44723672,38.04588883,30.88131631,32.19758506,43.86690982,55.327634,35.50826438,50.07638107,45.28343218,52.71198007,31.04522988,30.14907891,40.9588327,81.62086335,84.52914156,33.84792424,83.04954928,32.98263896,47.91579444,77.5890512,42.01811285,28.84083486,68.89188821,56.23962797,64.91588578,37.06540753,67.69584848,35.86095223,35.7077003,33.30820791,35.51976503,52.643582,31.04522988,27.5372943,50.3622649,54.97106493,76.55656164,40.73064978,44.48525486,54.56083311,60.64387701,31.01230811,39.74433803,60.64539616
4539,1455,104.1321073,30.62839123,1198,104.1288734,30.62014553,964.9894002,,58.93065039,170.6268095,58.93065039,112.0632852,108.2231103,84.7307766,121.6586181,132.4928238,99.54045389,114.652206,104.2188552,109.1868572,320.1808148,104.2188552,112.4175581,107.5842242,130.6358795,416.0433342,124.5147613,132.8112118,91.95240447,174.0187125,115.9920481,128.9039644,97.17375778,68.58759804,114.1498962,107.5506407,116.1381562,138.6811114,117.1656607,97.72044559,142.0843289,114.2750606,132.8263252,118.1619674,148.4599077,109.3515433,135.6574751,110.3995024,124.9626561,110.9310504,96.63315273,121.7154513,100.2224837,103.3917215,96.03211723,159.3560477,154.7421755,159.3560477
4540,1456,104.0617409,30.68499207,512,104.0601849,30.68391526,190.9435949,,16.19309639,26.43834391,26.81652569,33.20758172,15.81131551,29.25093369,51.29827923,20.83021035,23.6829265,18.08146273,20.09932578,49.45301738,34.47326688,45.37273542,17.35850863,19.2779591,20.15826808,15.58723224,27.15374053,19.04146653,21.15067513,31.24531553,24.01386696,26.43834391,20.2473326,22.67709044,21.24669384,35.31148672,19.16089036,20.06217361,21.18326477,24.00687806,28.08567688,35.8306345,25.63001274,22.04431786,19.68490669,23.96781526,49.81137258,25.22557584,27.45926532,19.54220161,26.13676584,20.09932578,19.35420765,14.65665121,21.65029737,23.28186085,15.37800764,23.11873122
4541,1456,104.0617409,30.68499207,795,104.0589561,30.68618826,297.880416,,33.07230525,37.04704615,39.84035285,37.04704615,37.33227146,41.32819409,39.27493963,38.51287103,41.10445263,28.35081289,34.48133433,36.11431691,34.53685983,32.3734188,39.46888103,52.15170809,31.54027934,27.7277181,29.37998624,27.27634485,27.48608221,33.14897983,37.39736696,37.39736696,74.72958171,27.39130262,28.23882811,28.23882811,28.23882811,36.35150839,31.78568352,32.99915754,35.24994753,35.88395265,33.86875634,29.91267776,33.00021534,30.27866816,34.22911017,29.79907829,31.59603705,43.80594353,34.02997216,38.31601599,52.05677173,28.57112338,35.65650865,67.44462249,29.60302271,32.49956265
4542,1456,104.0617409,30.68499207,1413,104.0671503,30.682783,573.0878425,,60.41335968,81.28453903,74.0131384,140.6670159,75.09067272,74.96788637,80.4856788,124.6595911,242.7195568,83.80973186,69.93614349,73.68272261,70.05488058,75.92961952,74.8409758,119.3933005,109.449137,73.47280032,123.3552307,126.1844791,81.54609617,79.16982786,82.52464932,105.9366487,61.22006626,79.65699741,74.8183584,71.3911928,87.21691959,250.0746949,77.7068261,94.78328787,70.59422525,71.80218909,66.65965212,212.6923952,87.17392533,70.94012664,74.90891011,71.83343914,66.05142414,77.49854571,73.55138086,77.07181818,66.55213655,84.29484098,70.29356842,69.23208836,83.33952466,99.54722475
4543,1456,104.0617409,30.68499207,1480,104.0631296,30.68605134,177.4167256,,21.60203649,36.22118406,15.39036656,22.64894369,17.49863595,18.36224855,17.49863595,19.31553061,21.07921492,18.26597365,22.41053376,20.12710753,21.20753333,20.65320007,20.65320007,13.53178416,19.29607892,19.09417675,19.29607892,18.06424842,19.62212633,25.31654295,25.31654295,25.31654295,29.365527,21.10409009,15.04594139,18.09349043,17.76634804,17.76634804,17.76634804,17.76634804,23.96623685,17.76634804,15.9177623,13.9150373,14.41761201,14.54897978,14.6827635,40.68154218,15.15302994,18.09349043,18.09349043,18.09349043,19.07516811,20.97537643,20.56453595,20.36509246,20.36509246,14.56556926
4544,1457,104.0204302,30.64710515,1195,104.0222988,30.64833345,224.9339936,,34.63400923,70.34615245,43.88955973,48.72786555,68.11085413,41.00927843,69.80710146,44.07869596,44.07869596,43.80053425,47.06210691,58.78492755,28.32237249,41.8937001,45.70087489,51.03544392,46.62335175,45.22825163,47.84625201,52.03319521,59.10674284,44.67654494,52.81580876,49.81237229,50.12068871,48.03187505,46.19788922,50.99861457,47.51661869,53.39302144,44.05871014,51.61831885,44.18391963,47.53695847,62.38653553,55.85771947,61.94621343,49.36891309,65.58405325,60.88468726,61.4376007,61.29843301,69.46985484,95.266162,67.84376803,79.54443782,76.03402601,61.25182276,61.2523643,42.45150076
4545,1457,104.0204302,30.64710515,1771,104.0221269,30.64526787,260.5781451,,24.21896702,64.47294312,33.82504769,37.15173554,25.78917725,39.25026453,25.56079897,30.95977962,30.95977962,40.83052546,35.21656771,37.81632945,35.26621513,35.26621513,35.26621513,35.26621513,61.5808308,38.76369101,43.03125332,36.64380165,36.64380165,36.64380165,36.64380165,23.12823773,28.35796017,25.47749382,25.47749382,25.47749382,15.15478711,44.35372683,36.17280164,37.20084556,38.28903357,13.42033365,38.28903357,37.29945616,57.1304094,36.35974118,44.43776989,39.9949402,44.43776989,49.89794268,36.64380165,125.916956,42.29401814,13.4588425,79.49841715,39.8336018,54.22435389,53.60464699
4546,1457,104.0204302,30.64710515,1891,104.0201509,30.64753297,54.45037656,,7.148194206,9.761697688,10.57193828,9.789680478,8.508332944,6.713060124,6.713060124,6.713060124,6.713060124,6.713060124,6.713060124,6.713060124,6.713060124,6.713060124,6.713060124,6.713060124,6.713060124,20.41889121,5.065151308,20.41889121,22.97125261,21.62000246,22.27515405,21.94268906,22.10767169,21.94268906,21.94268906,6.173900964,20.5257964,20.5257964,20.5257964,20.5257964,20.5257964,20.5257964,20.5257964,20.5257964,5.521728327,8.702390926,6.75644483,7.606940795,7.156512698,7.264043751,7.319030239,7.291433331,7.305205722,7.298313028,7.300034982,7.300896265,7.300465599,7.300573259
4547,1458,104.1024174,30.63033867,525,104.0989873,30.63221536,389.0097565,,164.7570733,40.3583609,43.29011201,60.00150486,56.62136618,43.83208524,48.37427024,170.7847711,48.16629831,67.48407382,44.03884036,64.49902698,58.10934122,41.37179094,55.46277716,52.64793697,51.81998606,60.53754137,102.9731708,63.06490846,45.69119489,54.17543998,39.22787461,53.96667142,45.46867284,45.21178768,60.99456112,76.16234526,72.69087421,39.17301044,54.91902445,42.89234681,79.94872254,37.12712416,79.75900087,50.46613057,56.4691582,97.93252611,97.93252611,103.4804279,79.83478137,87.9394112,41.72100665,62.32812788,81.89679084,65.28835074,71.47356292,75.09035514,46.14283767,62.70605031
4548,1458,104.1024174,30.63033867,1250,104.1037953,30.63314518,337.9165302,,56.05988519,66.9632757,38.16469047,39.70946658,38.45422819,27.49151432,51.00626871,34.20977246,49.75458113,76.42928849,44.39779229,75.50686606,58.20571812,53.12224929,51.65603009,56.16341222,36.11130267,43.06192951,76.0312193,50.75797671,52.43532365,36.50411129,47.51951206,40.21960827,49.1514953,73.13624302,36.02960289,47.05994231,60.69491491,59.19705639,37.23028336,41.23727148,85.06989571,45.30372909,106.2444986,106.5769282,43.60213293,86.42980524,34.37559746,38.04609531,50.02739583,40.14353038,98.90239908,63.81636767,41.87680962,41.56197441,53.12224929,48.08298453,52.36009364,79.90144556
4549,1458,104.1024174,30.63033867,1870,104.1043552,30.63040107,185.8481412,,19.88271347,19.88271347,19.88271347,29.28023231,23.68330295,29.28023231,31.17918331,34.57639836,33.94773658,33.34152699,33.34152699,21.61723129,21.61723129,20.49167866,20.49167866,18.10699075,25.75758646,25.75758646,25.75758646,25.75758646,25.91974076,22.75691525,27.3082983,25.43928929,25.43928929,25.43928929,25.43928929,51.73092591,28.00558009,31.14773316,21.93617404,25.7427206,23.68749543,24.67238161,23.68749543,23.68749543,19.86795273,23.68749543,23.68749543,29.86845126,23.68749543,20.66733519,19.42875047,20.02891263,19.72426723,19.87542262,19.83741699,19.83741699,19.83741699,25.18701882
4550,1459,104.0267474,30.71669401,629,104.0279096,30.7154902,173.7443974,,22.85714202,14.97721811,18.69702719,17.66892177,20.06583129,22.14860038,17.94020278,20.11323901,17.20370599,13.21785325,15.5766363,13.63134251,14.27384369,16.1626711,17.12822156,15.31349812,13.87749343,18.66870498,15.58693357,13.74440659,16.38722333,19.95150975,19.50054032,19.08769271,16.39534897,20.54795764,17.98352972,16.25432135,18.73806125,18.15495147,15.50135888,20.85098253,17.84626816,23.31491392,20.1135085,21.2380015,15.27876704,28.1786393,17.48371295,27.77265344,22.81732168,18.7831781,17.57274327,22.40945242,19.13200269,32.91999109,36.90146493,24.42882983,18.80199892,17.24710758
4551,1459,104.0267474,30.71669401,1525,104.0280757,30.71936843,322.5496574,,26.91108385,24.09171354,28.76685921,39.54281108,29.18806156,33.98852725,27.69118549,29.67237053,33.43593001,32.89762936,30.69690817,38.34329522,30.12695095,38.68017211,29.8309693,34.94070127,29.36871718,32.40018532,35.32253807,32.90603188,36.06945359,43.15428201,38.29038663,30.95459222,45.88004985,38.96099964,36.79953836,46.06138655,31.44305085,57.32889074,35.4095028,43.13976841,41.04659193,77.67082051,77.67082051,77.67082051,77.67082051,77.67082051,77.67082051,77.67082051,77.67082051,65.60332015,60.87437833,63.15044278,61.99152575,62.565618,62.42110039,62.34909163,62.38507523,62.37607546
4552,1460,104.0497155,30.6693854,171,104.0534762,30.66779109,401.2949579,,59.2074528,63.39016448,99.11916627,83.38596528,64.01678436,77.46176131,42.05711349,64.63811402,92.01667824,79.73114188,61.16265235,66.30691215,54.25959994,71.1656083,42.31227172,48.6964668,68.70254496,72.96271962,75.16450824,65.71916357,41.94720814,55.45726865,41.99598397,68.63001655,45.16332469,55.41472376,49.81592581,53.70490143,88.44868462,52.27968089,69.85631449,111.1278345,57.41328757,63.52488889,39.94456723,37.32976353,66.17782173,46.86113503,49.79139803,38.11772687,61.86988644,67.92130258,46.08171765,48.19555791,73.70723717,61.28868448,91.75692759,63.87262239,70.47130968,45.39393082
4553,1460,104.0497155,30.6693854,1423,104.0494476,30.6731609,419.2282833,,63.86888785,59.8303992,88.45976151,61.60089061,58.87731418,71.66295441,45.2133559,64.91276645,75.03899664,65.93573251,68.07057178,49.18702292,58.15883699,76.51314676,83.00475878,90.31848114,73.78855053,112.628494,70.31178663,61.0711915,82.30921793,74.8993459,73.26319514,65.52337859,64.15395621,81.57955783,61.41289196,85.75123977,50.98722364,90.9169771,54.35255455,73.13639832,75.08566268,39.9617428,80.38465086,44.09245717,63.50607279,84.38141163,45.7802372,53.77274892,57.0810068,55.53714149,52.7884512,84.27785076,56.70720741,43.2029147,80.04551602,52.51293737,48.64534472,54.68195
4554,1460,104.0497155,30.6693854,1595,104.049146,30.6673649,230.4845608,,34.57268412,34.57268412,34.57268412,34.57268412,48.57040502,90.18961075,81.61420511,81.61420511,64.75632823,53.67040226,53.42848802,53.1887448,51.53692043,40.39651504,56.98794086,63.82649376,60.05387831,71.83934363,50.20133623,43.1260093,85.9838776,40.63390886,107.4102808,72.70487789,72.70487789,33.3766862,72.70487789,72.70487789,88.33333061,79.76074837,79.76074837,79.76074837,66.485931,73.06366076,67.40409577,105.2975151,82.19360266,82.19360266,82.19360266,52.34980561,63.96179756,53.38838083,43.44211617,54.46899906,48.33462633,48.33462633,34.93660711,40.55777201,37.53791904,38.98945874
4555,1460,104.0497155,30.6693854,1851,104.0460036,30.6710722,401.7579184,,97.06902726,97.06902726,84.49825741,104.0524105,74.24684324,71.6004211,89.55594466,111.6855989,111.6855989,121.3217441,97.39585901,100.5791729,82.78249832,90.02044643,113.5860084,108.7465042,110.782609,58.14385955,65.01681065,49.13913385,37.51824919,49.13913385,52.99524297,57.5080917,121.6862925,78.1045288,78.1045288,78.1045288,74.62995388,96.4678375,90.83710089,85.27321688,74.64921323,80.35158368,56.20447564,90.58424881,137.745572,109.2943456,121.8816157,109.2943456,99.73532968,35.80021055,64.66446376,64.66446376,64.66446376,64.66446376,111.2560389,86.26213753,86.26213753,78.99837086
4556,1461,104.074683,30.67600168,1009,104.0758934,30.67758218,210.06636,,23.35512341,21.64392948,25.36012394,40.70177051,16.15895077,14.54305569,30.7726916,20.54997,25.69328073,18.47059411,15.62477058,22.20965921,21.84609232,20.4960148,16.02201051,16.61664069,23.94423945,16.58319191,19.11839381,21.89501631,32.80862889,23.38194467,21.6068256,22.24232047,24.7947179,56.86006737,40.71272657,17.81361119,24.36672329,15.95440709,30.21502438,29.39704163,32.5614164,20.49427902,37.49944938,16.97505939,17.38480221,18.05584312,19.29180857,20.16637056,21.63773665,22.84709656,23.87117727,24.5134164,21.31250999,23.18306718,15.57649631,23.25281895,50.75428832,22.95110458
4557,1461,104.074683,30.67600168,1542,104.079532,30.67344742,543.9867244,,82.63089485,82.63089485,82.63089485,82.63089485,86.33441035,90.3854865,97.07628263,99.53505504,97.07628263,72.13083638,78.21118504,68.67395234,85.41099971,112.5489775,85.80751418,86.20772741,63.47981225,86.20772741,86.20772741,86.20772741,86.20772741,63.0100453,72.80570821,67.55462239,70.08193989,68.79507753,70.08193989,75.43911238,180.9101347,81.68309522,112.5489775,112.5489775,147.986313,215.9947288,259.3843984,74.1398889,115.3183214,90.2540726,103.9833031,96.63347801,103.9833031,92.84957128,88.13135758,88.13135758,88.13135758,83.53726665,64.73891596,76.45333624,70.11016586,76.45333624
4558,1461,104.074683,30.67600168,1724,104.0738388,30.67497315,139.768161,,29.61247942,26.34373715,20.35561586,26.69312359,26.34708994,23.2946935,29.52559684,22.71626996,19.14996687,17.02759322,19.90927229,23.56746509,16.71645779,21.0823483,41.9304483,22.33808566,24.54465266,30.31116745,21.46934373,25.38034702,32.35790223,21.94035086,19.05929468,24.63980639,19.05929468,22.48783819,24.11094961,16.07557123,16.07557123,16.07557123,16.07557123,16.07557123,26.62250686,20.53736243,20.53736243,20.53736243,20.53736243,20.53736243,20.53736243,20.53736243,22.3133206,21.84114507,21.61247268,21.72620719,21.6691907,21.69766149,21.69053677,21.68697618,21.68875633,21.68831126
4559,1462,104.0054097,30.71258206,300,104.0073133,30.70972582,365.3021892,,33.32077991,32.19309379,36.8028325,35.73608373,38.490377,37.43321309,44.37866866,33.377865,35.22556825,40.00267319,51.37062036,50.29016754,51.30381852,62.96052094,35.39940461,30.94324426,31.50225487,30.94779541,38.13230536,32.83615184,39.1492299,31.16552781,51.31049087,45.14031629,44.98333782,47.777943,42.37093455,36.17848366,41.35496482,36.8028325,23.65265973,37.92611049,38.17381368,63.53081551,39.63495724,43.8362627,54.11884284,37.14937517,38.22929887,44.24181265,39.19785041,43.33073743,33.54816023,40.24752505,34.60757582,43.25946977,39.25635466,34.49087736,32.95959602,49.43939403
4560,1462,104.0054097,30.71258206,566,104.0036392,30.71829539,655.5253337,,59.79327805,62.24230874,66.04173139,66.60252939,85.19462821,50.61971689,50.10384716,69.47059205,61.29587536,60.95285065,70.30460381,38.3306638,67.36771914,78.27168164,63.52331632,68.04311618,68.41607058,68.22908372,44.72314342,50.37121027,37.16364097,61.03166899,65.34078083,71.86026801,65.47977806,71.86026801,63.93022979,114.1882839,71.94790248,44.92891388,64.79323762,68.7201005,55.97133,68.0574247,55.5268518,75.96216312,73.86200943,66.42902748,69.61330977,47.23324896,52.47117735,61.90985741,63.5553934,50.56909717,66.42902748,77.62800004,66.42902748,61.89298767,64.41923207,50.96957238
4561,1462,104.0054097,30.71258206,701,104.0088378,30.71389448,359.0602097,,29.21167808,31.64300502,29.21167808,31.12863949,30.87767704,31.0026504,31.0026504,31.0026504,32.92714346,32.57602709,41.2976599,33.52221875,34.79452907,34.79452907,34.79452907,30.41451188,30.96397058,30.41898526,30.41898526,32.27507503,34.74776223,32.27507503,22.55875663,39.36104613,40.14337748,39.36104613,40.14337748,40.14337748,40.64832563,34.42388162,37.2780607,37.2780607,37.2780607,37.2780607,38.9577081,33.72336955,41.60783545,36.5145976,41.60783545,33.03109255,33.03109255,37.47620454,40.17977221,39.55980887,39.46795854,36.93190728,31.72065656,29.96937847,35.28526174,46.91893847
4562,1462,104.0054097,30.71258206,977,104.0013005,30.71088213,436.2835308,,61.47243487,34.79957262,56.34513761,33.54235368,35.49425335,35.99245399,38.69159249,38.74886623,35.89169815,40.04642302,36.92681922,80.33865529,46.36461674,40.70723225,33.19381566,45.32815904,36.0509727,43.42730076,33.75259408,33.61414041,41.22364071,54.78909456,49.72941565,51.19363464,41.4229638,45.49227258,74.31959201,50.69243823,32.65323723,56.21405551,41.18760606,66.55172504,56.37162012,45.49501787,53.01673286,57.03805816,62.3537115,30.32086314,32.77002973,104.0146166,70.81247569,48.95672378,49.97003654,33.67333837,53.12133182,29.87864383,43.26182925,43.72281596,47.6667894,30.19456669
4563,1463,104.0662788,30.6678427,226,104.0663159,30.66946366,179.6871226,,30.86229205,30.7432259,36.2812666,29.52797841,27.93408692,28.08677954,25.90542262,27.53719062,39.20446311,21.82574947,21.38425261,30.10270306,36.54653341,30.07442965,61.90178386,23.92284177,24.50278945,36.26481521,35.15617616,30.90160708,25.78653467,22.07759868,20.8975332,23.47390093,33.60382553,32.66253059,29.22621874,38.83377706,30.08714611,29.43010197,50.45816235,27.44866936,31.07479462,32.69645965,16.99615453,35.6433965,47.91656603,24.76071354,42.48759549,29.44796546,26.94745434,33.85839996,23.74183325,28.62272749,27.46809517,31.00342965,27.97685925,38.70790712,32.26302451,24.13707617
4564,1463,104.0662788,30.6678427,1715,104.0663676,30.66577495,229.3277673,,24.94199282,24.90437292,32.31232729,25.61639954,25.61639954,25.82819994,26.04353193,26.93572471,41.15553152,27.32954358,27.73504912,23.35445438,27.79730513,45.46145167,63.50615094,24.65889971,34.83459756,28.87652894,31.57697312,30.85559308,30.50712348,30.50712348,30.50712348,23.25577359,26.39243029,24.72501864,25.53152962,25.12180274,25.32500907,25.22299664,25.27389992,25.24842262,25.26115484,25.25478713,25.25797059,25.25637876,25.25717464,25.25677669,25.25697567,25.25687618,25.25692592,25.25690105,25.25690105,18.76318096,21.53107324,21.53107324,36.05152674,26.96050762,30.85021682,30.85021682
4565,1464,104.0847123,30.66162768,344,104.0859453,30.66383958,272.1220643,,21.09019228,40.34758779,32.46526699,36.14905651,29.46284004,32.69824538,43.66081032,32.69824538,32.54075507,32.2249813,48.1395298,31.17388803,30.05028931,48.4670096,42.31703808,44.9891817,49.98160365,48.43705471,55.81991063,48.79897542,46.48348429,46.98510463,43.53953029,61.48364634,46.98510463,46.98510463,48.25810007,49.60199653,49.91793281,44.9375886,66.6421382,65.30929543,44.8861137,55.66133133,47.78728934,88.65515217,68.50625395,58.57335913,49.35211242,32.11932562,51.15610608,79.00317996,46.1549791,44.60509648,45.36680435,44.98272608,25.41217721,75.66380883,57.13810064,57.10329861
4566,1464,104.0847123,30.66162768,1392,104.0833203,30.66231551,153.6166738,,20.79022653,28.72831302,25.16587148,12.344197,23.73476505,19.3026187,24.09673315,18.57330061,21.48345842,26.61593706,68.27407724,20.10981912,21.8963633,24.52416965,17.8681753,25.86892012,34.56375161,27.3096309,41.42472102,24.65674751,20.14644902,20.2571438,28.21530743,19.6454716,22.36683623,22.54595329,20.79476625,16.50806047,27.70377037,22.8206338,28.57984629,25.09924474,22.1081965,21.30740581,20.97421083,25.1945342,24.63340872,37.4928831,16.92486689,27.49298375,21.65617758,28.23864241,33.41510729,27.33212648,23.04648996,17.15677432,28.0365032,23.84349343,30.0523289,20.8293795
4567,1464,104.0847123,30.66162768,1617,104.0854998,30.6612243,87.70236731,,24.74684695,36.01466034,18.84946402,18.84946402,18.84946402,8.510202758,14.14237502,22.23440298,16.44419387,39.46606529,13.8174408,12.05070696,13.8174408,30.9537767,30.9537767,17.99022919,8.79466636,12.67986033,8.79466636,8.126860291,8.126860291,8.126860291,10.21775153,7.64475841,8.745942446,8.15835975,8.745942446,8.441939099,16.8838782,7.175648234,16.38020868,37.58672885,15.90571901,22.35246176,18.58593215,18.58593215,18.04807559,8.79466636,17.54047346,8.79466636,7.719523773,8.095603136,8.15835975,8.095603136,15.55312918,14.68504755,14.68504755,12.3331454,12.3331454,11.05879238
4568,1465,104.0221166,30.68845756,1361,104.0202459,30.68950455,213.477024,,22.02618764,29.89508755,17.43658052,42.63618787,19.83037802,31.87105142,28.50979963,19.21293216,27.81963028,27.75683201,32.52600789,18.55201657,17.76918581,36.70092103,27.56649109,52.6381703,21.43702333,19.60503282,30.82050957,30.39620118,28.11648609,23.54706354,21.14215368,20.013471,27.39812073,22.80466725,27.38185106,37.672416,19.04627723,36.91245372,22.17587553,30.1379328,48.95014563,21.33154214,23.37695168,23.09593648,30.44838694,20.74270679,34.87975582,30.37617733,38.98629227,27.31696516,44.85509455,16.76155477,34.83308084,42.88600929,16.0777675,34.12472688,23.43040507,35.6413814
4569,1465,104.0221166,30.68845756,1546,104.0240807,30.69024439,273.1481969,,61.738976,86.32042504,43.76206092,57.97102484,46.71418094,55.55556547,50.76205429,50.76205429,48.83529309,47.04945018,54.73099306,38.79027648,65.55556726,60.0509013,61.27382652,62.09339033,60.47561555,42.56855017,51.7543952,80.60110728,60.54831751,60.27438322,38.039981,54.15684155,49.16667544,68.92524593,64.63224943,50.89132594,114.3411057,84.13548739,73.38309767,59.59597023,47.87407541,63.77000706,74.68355761,61.60272569,100.8547189,76.98696512,72.57073866,63.2368816,72.57073866,90.35223667,63.60044255,66.99109062,51.84535195,43.26420215,61.41995683,51.29543604,76.52400847,59.59597023
4570,1465,104.0221166,30.68845756,1600,104.0253277,30.68653923,373.9026531,,47.90211926,47.8453632,33.35934451,47.8453632,33.35934451,33.35934451,29.38972819,29.38972819,27.44239656,28.38270008,28.38270008,28.38270008,33.15392983,32.33752675,31.56036462,85.91805644,46.16345989,60.05798332,46.16345989,27.75359899,46.16345989,48.56462601,51.22928834,77.80633244,61.78081704,68.87365788,67.30247756,67.30247756,67.30247756,50.77690351,87.86224224,50.77690351,64.35949346,48.32248089,107.469026,42.35524075,33.61762116,57.57269252,35.1448969,38.79105335,61.40737003,59.98438285,119.1194293,44.13277217,48.13049646,124.0598665,65.71438005,64.80739293,50.60336658,48.81412697
4571,1465,104.0221166,30.68845756,1612,104.0209353,30.68733577,168.1160787,,38.36563444,56.82797026,28.95779346,28.95779346,28.14966899,28.54801336,28.54801336,28.54801336,35.2896725,40.01440551,37.50381926,38.71845715,38.10146029,38.10146029,23.18842465,28.83062488,27.50990379,28.15478432,27.50990379,36.24059182,36.24059182,36.24059182,37.66916285,39.21498165,46.43615474,41.45327968,41.45327968,30.56655976,37.70827933,39.29986255,36.24059182,36.13241094,27.57256872,36.13241094,40.08065452,37.20601741,37.20601741,37.20601741,80.23721938,50.83830222,62.24082052,50.83830222,35.32400098,41.68440652,38.24153918,41.68440652,63.04352951,41.68440652,41.68440652,38.54890977
4572,1466,104.0222798,30.65034092,1195,104.0222988,30.64833345,222.4971754,,34.25880234,49.97262763,43.19945158,45.96785259,44.33523051,33.1672808,38.78102875,27.57279971,21.19020718,29.70296037,41.48552911,48.39817713,41.71822039,43.9802241,96.89393122,49.29168193,45.49739623,53.03882382,47.32791053,49.54576276,54.74529196,83.87328078,47.30254911,55.0272104,55.35144911,27.71591112,46.13609158,55.31697731,52.52392337,67.88049419,28.30352761,57.23911256,43.70525397,45.3029863,61.69369692,116.6490046,49.64813006,69.89440065,56.78655113,53.62286707,60.77201761,54.76705747,76.13971782,54.66984656,68.46066935,57.51582803,64.42277466,51.86720269,56.80778946,48.84084338
4573,1466,104.0222798,30.65034092,1679,104.0197036,30.65037561,246.8908187,,40.21750893,53.65031874,69.36063136,59.33290703,41.24394187,67.15217085,38.91448981,54.12953394,54.59502133,54.12953394,44.63562824,74.31496215,23.08589474,53.67191711,65.01200242,73.41178324,60.71085706,108.0616349,53.41387905,73.2281728,92.26369696,69.5936412,66.30283469,48.74626769,72.40789795,74.77943064,68.87751608,41.43622132,65.67539021,41.43622132,50.81316515,23.32826633,85.05329639,50.28610734,91.6295822,35.69505813,49.93297457,128.4403103,93.55862603,51.51146693,93.55862603,99.86594914,61.87616741,86.41178651,80.16297157,86.36180862,56.40660589,73.75991264,76.88641413,51.37612412
4574,1466,104.0222798,30.65034092,1707,104.0243967,30.65035249,202.8528379,,31.59974974,31.64768002,35.79755963,40.16151512,37.69136601,25.65352048,36.33185156,34.00559797,28.80750361,28.47057374,40.96066919,50.3634632,40.7972188,37.90329842,47.73007951,38.03490711,48.20265455,76.8705491,48.6846811,45.40540207,31.04890376,35.68095519,29.89847355,43.21125541,39.2043552,39.96304852,39.2043552,40.75168619,40.29077056,40.51991768,40.40501924,40.46238689,40.40501924,38.56339636,33.28487769,36.88233416,39.41015739,42.30997778,54.68327014,64.05879092,47.59675527,52.91813163,36.47703379,36.44062956,36.51351082,28.01548145,49.67824602,35.88551432,38.63863579,38.63863579
4575,1467,104.0895768,30.6755439,967,104.0903608,30.67653969,133.4917396,,19.77655401,18.65257465,19.77655401,12.93594246,14.17611394,15.51477845,14.8783363,20.19202784,12.58037337,14.83241551,15.14157395,18.31441549,14.90910846,16.71548739,20.72416082,14.71133457,15.08209098,19.14787543,18.96750934,21.59866349,19.07024851,17.84063108,15.67162115,41.42847091,18.40824563,16.10850042,14.97103622,12.33204385,15.55558204,17.37000949,16.50184038,26.99832936,22.09518449,21.17049615,19.77655401,18.18619726,16.18081692,17.60129152,13.57543115,13.77979247,18.77227588,21.38640145,18.87550128,21.24612446,14.87545792,14.80956125,13.62160608,12.89083322,29.30306479,20.81517109
4576,1467,104.0895768,30.6755439,1482,104.086665,30.67709933,327.9089221,,52.50431963,52.50431963,52.50431963,65.17444414,78.30660826,70.68695327,70.68695327,70.68695327,64.95032295,68.03873888,67.37854564,91.50946663,60.84907833,80.05667886,150.378614,52.54326941,88.53540899,88.53540899,88.53540899,107.805673,89.83806085,54.80371957,70.40589181,70.40589181,70.40589181,70.40589181,70.40589181,76.40596243,64.95032295,67.40740155,51.10268916,75.06976913,77.54218832,92.08050855,80.18301191,85.7209059,82.85953107,84.26593492,83.55681537,83.55681537,72.47100324,54.39963685,54.39963685,44.12979886,44.12979886,39.41476192,52.8175445,48.08440406,50.33996245,59.21605817
4577,1467,104.0895768,30.6755439,1856,104.0877571,30.6732325,309.8606787,,31.87788979,35.90808409,31.12191751,28.67038308,27.64244847,28.92617369,24.68910036,27.67986212,24.52992729,34.45022987,26.44098374,23.52545047,28.34411629,32.47084587,33.93385752,41.73728273,38.99965423,45.84723289,29.5526386,30.42960064,31.94439987,34.06680011,38.28629126,30.68523226,27.70185863,35.58208751,25.01818768,33.85427749,24.17829138,23.01051109,27.66774662,22.48988797,24.26755134,30.38470394,24.94724953,31.49555478,32.92714329,26.83906029,27.07520493,44.11409609,25.70272911,47.25019881,34.98854542,28.79944346,79.77342862,37.97903261,24.23240645,24.76134169,27.29048179,29.98651729
4578,1468,104.0247833,30.67972229,1096,104.0229629,30.68025139,183.9754773,,27.76988337,27.73800419,19.08679303,18.72700429,31.91863703,31.79652687,63.0773065,31.91351036,64.57078032,19.82227365,42.78499472,40.732578,40.41818796,24.85222207,45.05521893,32.01776467,47.82034067,41.39448239,29.60277418,27.88680919,24.4395468,46.47801532,42.82187833,45.36381632,29.112603,31.00801022,26.68997454,33.81477688,29.68343835,37.95482626,25.77088398,21.7151383,21.42008203,28.44599762,29.17672768,32.21315615,28.42577688,25.2912905,34.13233392,35.70413576,34.40580355,68.99080399,46.97246229,55.89128424,21.81048468,24.44181616,27.25355211,24.56333816,37.06968572,27.73180301
4579,1468,104.0247833,30.67972229,1648,104.0267466,30.67975536,188.1125543,,43.04270311,43.04270311,37.00574839,33.03439978,42.81592384,52.9066559,52.9066559,52.9066559,31.64510259,31.64510259,31.64510259,31.64510259,31.64510259,31.64510259,31.64510259,31.64510259,49.07284025,38.47756793,43.13408888,38.47756793,34.55128548,36.40888148,51.38127432,30.64276903,22.76319985,30.64276903,33.94512258,32.20952178,33.054555,32.62656768,32.83916693,32.83916693,32.83916693,43.22586353,37.32336239,40.05835067,37.32336239,37.32336239,36.80463019,37.32336239,54.83442878,52.09270734,52.09270734,52.09270734,52.09270734,43.20288328,79.67119947,46.3839175,46.70380658,47.02813858
4580,1468,104.0247833,30.67972229,1759,104.0241872,30.67793555,206.0965752,,25.8068755,24.05016761,27.84043793,52.69514707,36.43249058,43.08013765,39.47842611,39.47842611,32.58920954,32.58920954,32.58920954,31.70716542,32.14213736,47.94492218,35.22600217,40.61294126,37.72815106,39.11743218,38.41023331,39.04987741,39.04987741,39.04987741,35.38701132,39.10132652,37.1515629,38.10151727,37.62054423,37.85950323,37.85950323,44.12319859,52.87038035,69.99506328,60.23932372,64.75179674,62.41410479,62.41410479,62.41410479,57.7840865,57.7840865,44.42800423,44.42800423,33.34596273,33.34596273,33.34596273,26.59310648,29.58913941,30.58001734,31.63955952,37.47210458,37.47210458
4581,1469,104.0637469,30.64866629,1036,104.0637964,30.64608944,285.6313402,,38.26131441,25.23368895,21.40748421,26.05759104,25.12067162,25.67472721,21.64784894,33.53063559,23.22468266,23.86574858,22.37808106,25.68113948,24.4729748,31.72282844,23.00386632,23.70384566,22.17060855,33.2344158,23.18214062,18.93688443,23.7576162,24.76274111,24.23742663,20.88570396,22.78540606,26.59097038,22.22811986,19.73381706,26.5360729,22.35780738,33.07672938,20.44957557,29.35634848,23.6113163,26.63919235,30.28785934,22.64918116,25.90107871,35.19834184,20.59016469,43.37259111,26.29293394,50.09021254,21.83169479,26.52051834,23.96906351,19.26807292,19.78398893,39.15158296,26.54292268
4582,1469,104.0637469,30.64866629,1583,104.0575842,30.64905846,592.1280878,,77.1781722,169.8534754,73.75990021,92.3213332,83.22737398,103.6464076,123.2174056,106.5069794,106.5069794,73.65068023,79.83749498,95.84807177,105.7896336,84.33871874,77.94007737,81.94756813,114.3143133,79.68826602,167.1891071,86.49661879,86.18575942,84.84223348,186.9878172,105.527778,90.70898366,91.6449319,91.17455586,117.7713324,62.3292724,118.7922604,106.237783,101.9120852,110.94697,109.4843922,91.29169662,64.49806705,218.6319093,99.46508561,81.79035457,126.8845902,76.40362423,66.14929763,66.14929763,66.14929763,59.41912519,89.15692881,82.46271242,84.17220597,79.5890896,124.2951088
4583,1469,104.0637469,30.64866629,1837,104.0637012,30.64989872,136.6603375,,21.04359992,14.59873042,18.25142182,14.40776694,13.16053799,18.93433798,16.87286477,18.73485206,17.31845057,15.43630885,19.91810587,20.20440308,18.4689337,11.58761946,14.66837254,13.94632759,14.1627122,18.81366023,11.80273207,13.81519584,14.38179435,13.29154962,17.61555245,17.57061482,25.62381328,20.68869701,17.60204705,18.5932432,17.42540313,21.36554205,18.94649095,20.81121891,24.28767492,15.47540568,15.97564388,18.97084377,13.08836812,13.18973767,17.30283289,20.9901667,16.22616144,16.81494327,13.34477075,16.27523868,20.58482071,14.36811195,19.73481042,16.96473155,38.1377686,11.61236542
4584,1470,104.0987232,30.64521317,737,104.0985074,30.64632943,125.4311527,,18.38380253,17.65599803,22.95055399,22.05382905,22.05382905,16.39027767,20.52509771,21.37524969,21.37524969,22.63419297,22.46528108,16.19918026,22.93780267,23.70352492,23.70352492,23.70352492,22.94690931,22.31264483,23.70352492,20.06898443,20.15857811,20.1136815,20.52509771,20.13610478,25.15610862,20.43222397,20.80885483,23.1565205,23.1565205,23.1565205,23.60028657,23.37629765,27.8951135,23.43189534,23.48775811,22.96806458,26.40655846,12.29549761,34.8815179,30.10347665,31.97359914,10.80268301,23.51834113,20.66600228,27.70258587,31.58915405,21.98336953,22.04878125,28.47626169,21.81411351
4585,1470,104.0987232,30.64521317,911,104.0983198,30.64447256,90.72935611,,13.32078638,15.60935159,12.6844925,11.73505444,8.114923776,9.62078592,10.40209178,11.32151411,11.32151411,11.32151411,12.6844925,8.837958152,12.6844925,11.32282235,10.81541993,11.6296021,17.89729764,10.49640663,10.11225022,10.5227346,9.578465748,10.45330838,13.86393663,13.86393663,15.51665948,12.51439395,13.75266029,13.1043403,12.15916918,16.19080044,15.3525585,13.09495862,16.23947122,7.976207131,11.90977874,9.56444164,14.03216743,11.97627501,12.46662908,7.966480049,13.76715203,10.79159742,16.23404626,11.13496643,12.18752545,12.07240714,11.88450026,12.33480672,16.23404893,12.11969135
4586,1471,104.0558742,30.73252706,272,104.0557475,30.73512754,288.4706731,,28.4227006,28.4227006,26.44161485,30.54395362,23.42853961,29.25336403,36.08232523,42.85304417,33.63643988,34.27970941,49.28457899,27.59794535,29.3713209,31.34670114,41.91855859,64.90590145,45.25030166,29.6078239,37.08908654,31.53522636,33.14564287,35.68709358,34.73225496,36.37183685,38.44347534,36.17298681,45.25030166,45.25030166,45.25030166,45.25030166,36.44260483,43.9574359,45.25030166,38.21506617,46.88462407,46.24091537,46.24095091,43.53767233,45.25030166,45.25030166,41.58580288,47.60096354,42.83923113,43.51992998,43.17689787,43.3477353,38.33427163,38.32589007,43.29420356,38.32903274
4587,1471,104.0558742,30.73252706,1019,104.0494214,30.73264506,617.9361295,,60.88457246,60.88457246,56.64086738,74.83835378,52.77485454,59.78018317,75.90230537,95.27066665,96.26700612,97.28440521,73.22482114,71.14829635,93.53483111,86.71379175,83.66321648,118.8914273,109.1032627,84.78169314,81.94040863,84.64025082,84.66379175,84.65201965,84.6579053,84.65496236,84.6564338,84.65569809,92.2433801,92.20947899,92.22642643,92.21795193,84.65595098,91.54609326,92.22112969,84.65594235,92.22086486,84.6559438,84.6559438,89.8614479,92.58326856,92.76556568,70.84618045,63.92442719,88.51257714,89.18004783,88.84505887,89.01223818,85.47495376,85.47525667,88.95992707,85.47514306
4588,1471,104.0558742,30.73252706,1288,104.0620712,30.73250066,593.3136126,,64.92185427,64.92185427,66.23035676,98.31664006,92.41445129,76.04553646,74.21251702,92.09691864,74.88944933,64.335211,121.5322336,74.80415821,74.8183599,86.85899559,83.23445466,133.4955628,114.3019828,93.06880198,129.0591544,92.59807825,94.04200354,93.06880198,93.06880198,93.06880198,93.06880198,93.06880198,117.5790898,117.576622,117.5778559,117.5772389,93.06880198,93.06880198,117.5774703,93.06880198,117.577451,93.06880198,58.09417058,77.06298275,104.9424667,117.5774444,93.06880198,114.7834665,129.942449,136.918526,140.6952,139.4489243,79.69884348,76.83197861,139.8360072,81.83636036
4589,1471,104.0558742,30.73252706,1699,104.0558705,30.72777242,526.9643699,,51.13400894,59.65634376,56.60788457,57.31334537,62.63546782,71.85877771,66.93086595,66.93086595,37.69016686,59.90752836,61.14207163,59.90752836,45.01831352,51.40651428,51.40651428,55.09404836,53.18644171,38.17045738,57.73194558,57.73194558,57.73194558,57.41742529,57.57425589,57.41742529,57.41742529,46.32653801,51.27913858,51.27913858,51.27913858,67.15298165,58.15224865,58.15224865,58.15224865,55.7962274,56.54461197,57.31334537,43.3781646,49.63990575,49.87918664,49.40290968,49.87918664,56.72307504,43.3781646,52.40529645,52.40529645,52.40529645,52.40529645,52.40529645,45.52451876,48.11413812
4590,1472,104.0411563,30.63977679,9,104.0404044,30.6386652,142.7229606,,37.77960722,28.54459212,29.63106448,25.81922905,27.18532583,27.25743545,29.26608234,25.53691144,45.90451318,25.47781776,36.18328579,37.50384366,26.76055511,33.21999944,37.41281492,37.37295166,26.90066273,23.60502258,27.5867199,26.08135321,32.11266614,25.00256244,33.91794245,32.54490313,18.402674,25.62606774,44.04022783,33.25583548,29.988482,37.68723655,27.56029584,32.62239099,40.47247816,23.5149958,44.67849201,41.48797643,28.07664799,33.65950215,31.81440608,40.75272044,32.51915558,29.15192387,17.41703926,25.0635443,22.91204719,22.1466663,37.01748258,45.46926178,27.77311666,31.91320858
4591,1472,104.0411563,30.63977679,57,104.0442801,30.63824024,344.4107303,,54.0252126,65.12347628,65.81484908,73.68268459,50.60729098,66.7948083,76.17131802,70.24808097,62.22728377,109.9129048,76.33937171,80.36250373,79.4793993,67.02046644,54.53012113,79.35223226,47.68763958,74.85683011,78.15533909,75.08348583,80.1851395,67.86418331,97.0550786,78.84760757,75.8335553,90.06382291,88.72118992,91.57153834,84.77802592,84.44122334,84.82636001,60.04254862,65.4289514,81.15938117,86.02800549,40.45281008,80.77385206,80.51159929,93.20935663,64.71745781,75.50005185,103.2157027,79.03608791,79.92055621,94.58705374,82.93502536,101.3870088,51.0238119,80.46805599,73.14918166
4592,1472,104.0411563,30.63977679,1801,104.0418597,30.64092887,144.3851658,,45.99881388,19.76374893,45.66207295,45.66207295,47.79646868,46.70489825,48.88275207,38.07960417,32.48666231,30.16169808,38.15725426,56.0920788,28.74395928,31.57877259,40.9066052,35.09436888,32.28488179,38.43943609,45.23379784,62.24989184,28.32624506,47.98030127,40.60832788,43.49678635,43.67954596,43.31554974,43.49678635,55.29644648,33.75237642,37.94062751,40.60832788,35.6018217,59.06665874,36.99548732,36.99548732,36.99548732,27.47286453,33.53461915,60.67547823,30.66587592,60.67547823,64.97332461,26.79312355,35.40780633,30.93967839,38.93532561,38.50271088,27.21395795,39.98358438,40.60832788
4593,1473,104.1015145,30.64422921,597,104.103721,30.64768079,437.0810983,,100.0838356,88.08912268,122.6587771,103.7847386,114.2469406,104.603615,147.4227315,140.9242331,142.7851138,125.7452281,143.9718143,135.7433748,149.2404636,137.2550553,109.8987807,121.7738383,160.4344737,166.2671613,185.0130517,199.8085021,153.8203751,150.693563,168.5250683,204.9039983,168.2187122,141.5738262,170.4567302,143.8292462,111.2570069,127.0225593,121.179077,142.1154198,150.4425162,146.5661167,158.8494401,96.15155722,133.5893714,145.9511088,93.96531752,118.0540587,144.97091,143.0447231,155.5346247,114.6565076,100.2224174,98.63525939,79.35795788,62.41538889,85.51586706,94.22107508
4594,1473,104.1015145,30.64422921,1072,104.1010221,30.64333997,109.266746,,25.79411709,22.09889245,17.17730505,18.91155219,43.7066984,29.80002164,31.25450622,32.47928964,24.13253286,19.96752719,20.48751488,30.73127231,39.33602856,15.53312798,21.61320251,19.03970405,20.27630338,22.68513758,14.31702586,43.62590968,22.09889245,16.19933226,47.20323427,26.83221593,22.04728364,27.12829556,27.03507118,21.06346911,28.55610059,29.32598495,20.60458639,20.27630338,21.37827639,19.70249364,31.72260368,31.30187948,27.38006628,15.94569184,24.76440102,16.51965392,24.08082556,24.35667403,16.01421536,33.83744392,16.12949443,44.95546121,35.12145407,16.63715809,45.73956809,18.1272021
4595,1473,104.1015145,30.64422921,1782,104.0991292,30.64644369,335.3831085,,50.94426965,50.94426965,50.94426965,50.94426965,53.66129736,56.68446904,63.54627319,56.68446904,49.48275371,52.83935189,52.83935189,52.83935189,69.12476281,64.17962475,61.96322157,63.05195143,62.50284575,62.77619783,62.50284575,51.3778379,76.90313316,61.60097911,68.40675301,64.82572835,66.56811526,66.56811526,66.56811526,127.0925464,87.37253301,103.5543664,94.77771152,98.97184527,96.82938275,97.88889257,97.35625513,97.62184736,97.35625513,97.35625513,45.39019514,61.91424599,52.37993279,52.37993279,54.47719923,51.45081777,129.8257194,73.69557625,82.626463,87.95598902,85.2079705,85.87875031
4596,1474,104.0641104,30.71169341,749,104.0643009,30.71280217,124.232046,,19.4450159,21.91323182,20.23403322,22.0080672,11.52668468,21.5211003,20.77748505,21.72803396,25.59286785,20.32918105,18.20291721,27.07782233,27.34687585,22.9253498,24.46391549,21.45013744,17.71229171,20.52827558,22.93514695,20.63808864,21.68304383,20.3314932,13.7822917,21.37836356,26.82071158,23.99653202,26.27415403,23.19535121,19.29081171,17.40511724,18.63262339,13.69786725,20.79892412,19.05853674,21.4758879,20.4240377,24.53966341,21.02163881,21.8163593,23.60081085,26.95276222,25.43933111,27.16684505,23.1937066,19.27738645,23.5221604,23.11293879,23.1428391,24.35341911,28.40350348
4597,1474,104.0641104,30.71169341,773,104.0617491,30.71034299,271.1658856,,45.55991854,46.88747301,44.30546997,55.36089915,38.57118721,45.24668311,40.26420196,35.36946334,65.37034744,56.67327653,50.84360355,38.907511,40.11898074,39.65961646,40.42780211,55.12379485,43.80840037,63.90816289,37.61838875,44.84139587,52.04204195,46.75833736,68.89182697,51.18349394,62.54333294,94.3185689,46.69682794,54.6889181,41.8340342,61.29966645,41.30849491,41.30849491,40.42224382,46.26526958,37.69101113,55.15238351,48.69477994,44.21357237,50.97011629,46.88497088,41.85025625,51.94840912,36.43217146,65.07981254,48.15772358,53.34410864,46.93255712,47.93112216,36.56902972,51.37879938
4598,1474,104.0641104,30.71169341,844,104.063411,30.70790007,425.7217866,,62.59762146,68.35599771,67.28686064,71.78941473,63.65933258,64.03614618,66.59851958,72.20722882,76.7738726,61.0356348,61.30904635,61.35890461,83.27807068,71.58604178,71.58604178,71.58604178,61.47372184,89.43387073,70.19439118,79.89788786,110.6898349,79.89788786,93.24805754,91.12729838,88.02616632,102.6580027,97.05108801,82.12181818,75.18660726,73.62257102,74.107296,74.39636985,71.08733123,84.90850037,72.31293616,78.1061807,75.09799787,78.1061807,78.1061807,107.496884,78.37392305,78.30135436,70.7489178,56.61097582,68.84215303,71.0276182,79.2552518,85.65990302,75.50520857,60.34458397
4599,1475,104.0214793,30.67608461,733,104.022412,30.67849209,281.387117,,59.19612103,49.20430461,59.19612103,64.24906687,54.06236804,104.4323321,56.43418503,55.61533608,57.32844489,67.34050665,99.03568921,47.43510561,75.97452161,46.73557653,80.76583605,70.71508699,80.7166232,43.42952288,53.3505528,63.38142476,67.14125078,62.67555274,42.67482343,57.23127803,81.0394897,59.83928564,46.44096831,53.63301767,59.26105279,53.63301767,89.25053931,119.1757201,65.77880657,64.79703335,28.2564469,55.45712016,58.82657498,81.0394897,64.6591673,71.46339479,53.14064898,56.19936872,46.93044342,70.67397359,112.1395153,67.26385267,103.631061,77.4533974,52.17134529,85.84691705
4600,1475,104.0214793,30.67608461,1747,104.0255582,30.67516952,403.6988235,,58.36609496,68.44501247,46.32082118,70.06343219,63.18764194,53.59193231,53.38166261,56.58594801,47.72793972,59.07787661,58.28806543,61.4769782,63.03538255,37.94558132,45.71972519,52.27754549,47.49397924,52.27754549,54.57280456,74.1487635,169.779879,103.2184492,128.3847849,103.2184492,75.81198563,59.90584355,48.52473338,69.15063114,69.15063114,69.2055126,69.178061,69.178061,69.178061,62.91410236,69.178061,109.8915512,70.9655714,72.847908,52.46627309,58.83869492,49.51672111,60.55482353,158.832324,73.81921344,89.84950631,62.64292089,87.70765025,71.24096885,73.39978609,85.15522057
4601,1475,104.0214793,30.67608461,1869,104.0192811,30.67648682,215.2489947,,33.18614051,48.35546839,48.35546839,89.06854953,48.35546839,40.49099312,34.82680364,27.8239275,49.04407474,30.42786836,49.04407474,49.04407474,51.83253384,51.83253384,90.10423034,46.51238781,46.51238781,46.51238781,35.87483245,38.05039926,38.05039926,38.05039926,27.38149756,31.84614737,29.44554718,31.84614737,31.84614737,71.09141109,43.98758992,54.34770567,54.34770567,54.34770567,65.11734293,59.24708907,62.04367205,60.61314034,61.32006416,60.96455301,61.14179178,60.96455301,60.96455301,49.76225942,45.57503204,47.57669393,46.55435693,47.05997374,46.93254269,46.86908561,46.9007927,46.89286191
4602,1476,104.0783778,30.64675931,721,104.0808711,30.64973437,407.188637,,51.15514477,57.86364842,63.70309918,66.09013044,94.81753514,79.39764892,80.80921131,104.7056495,52.5169402,61.75914725,66.42956615,83.76451961,74.41010625,68.95936593,51.61546103,88.149757,67.13950046,81.89268677,47.82639782,90.96767425,65.36145125,54.09147945,63.25260381,73.47764878,72.74834209,92.63059041,56.19983745,77.86874333,72.12197261,54.59512451,78.32941721,67.01161569,43.26254088,68.60588579,67.04992993,56.44509408,85.3495833,65.15018192,62.95186289,48.12472401,67.46723859,66.26511884,58.55708762,45.61864398,81.57368354,53.8266497,94.72562799,71.7161983,80.24885545,62.55529559
4603,1476,104.0783778,30.64675931,1044,104.0751968,30.64830309,349.5513005,,72.55153463,61.88269888,61.63013707,72.59911627,46.13692692,54.00792626,53.69823952,51.53090425,77.0537884,83.85853575,82.39040372,81.96315101,80.07737586,75.63588691,69.76529425,74.13249842,76.45951999,62.92638482,64.08335603,61.38461862,65.38950427,59.92308009,59.23801462,77.91855615,62.17656951,52.19708325,58.25855008,72.52937647,65.71199383,51.46203833,65.84092514,49.78772233,59.70983069,29.43589899,55.89715411,54.78874867,48.39076962,34.24176005,50.94674825,57.85676698,54.1726141,49.05983165,63.15475862,65.80219266,74.28481002,71.86662946,52.03115018,44.2937234,66.46397968,61.27999424
4604,1476,104.0783778,30.64675931,1596,104.0780189,30.64613707,77.06165691,,15.43376717,12.24821037,16.56250537,14.08233324,15.80751937,15.80751937,15.80751937,15.80751937,16.22350672,14.30010128,17.3388728,18.61892382,27.19823185,18.61892382,17.23117794,17.89819128,17.55835221,17.72664312,17.64209634,17.66315733,17.6737067,17.6737067,17.70013533,24.33526008,17.72664312,17.72664312,17.72664312,17.12481265,17.42053155,17.27140637,17.34564845,17.3084478,17.32702816,17.31773299,17.32237932,17.32005585,17.32121752,17.32063666,17.32092708,17.32078187,17.32085447,17.32083633,17.32082725,17.32083178,17.32082951,17.32083065,17.32083037,17.32083023,17.32083023,12.11449628
4605,1476,104.0783778,30.64675931,1824,104.0804742,30.64586314,224.102953,,32.2155985,41.69357265,27.11834053,27.46787167,21.15921474,27.83661604,22.8708896,48.40623784,25.81666019,21.51388349,42.49889188,33.52679038,35.11221359,33.50376374,47.66739325,40.84914586,43.2352964,38.33940541,27.07283996,48.02206136,36.45963182,33.73844771,27.39881734,29.25732115,40.54123773,23.36530581,39.74239561,26.69461646,26.27917364,27.68947562,41.63977449,27.71866455,26.45149609,27.74791507,20.86835569,23.68674782,30.23877927,47.17956905,30.84378606,19.7254433,31.47349665,25.13304146,24.04681463,36.58823722,26.59098981,22.46489748,29.99147326,24.83462803,26.9282587,24.50328415
4606,1477,103.9994992,30.68075283,97,104.0016803,30.67972348,238.0516,,37.15256184,37.15256184,31.17445471,35.94738926,31.23125948,29.91224293,44.02324109,35.71464909,27.20589714,34.46727706,33.28369324,48.87751484,35.75740305,40.30977234,43.50181523,53.47805055,35.70774,33.34574942,28.05190704,42.77799135,34.61170275,34.79262157,32.96099077,35.50432978,48.32626467,67.21456941,35.05054233,33.31334344,34.52880511,34.52880511,37.80942607,30.62030406,40.04606355,31.62309077,35.35176734,44.43623437,21.91779437,32.05682394,36.54523497,37.26362576,33.07569891,30.06967579,32.88457628,32.42787974,38.18352195,22.6416317,35.85714477,34.99686616,34.90986628,46.95812384
4607,1477,103.9994992,30.68075283,637,103.9964967,30.68224322,331.680824,,42.95147361,42.95147361,47.61918111,47.61918111,45.632521,39.03190301,46.25116719,40.86008867,43.86533476,45.92135758,42.18019311,32.80359798,51.37314247,55.32282471,49.42631536,40.69703362,58.1046699,38.02710084,39.80169888,55.17795593,39.69144487,45.10107522,44.68614252,42.9901338,44.36171333,40.27153344,51.63463638,46.41597537,50.01115127,48.11555433,49.04504338,49.21543188,50.84373386,60.38184407,78.55598463,43.08708945,45.94049791,48.30923364,59.3661402,76.63998501,78.81524531,40.75750573,39.0638266,47.44090911,50.06448338,56.23404971,55.95365353,45.80466749,45.57446437,91.85007434
4608,1477,103.9994992,30.68075283,772,103.9978433,30.6784115,304.1354992,,42.2193238,54.11307071,34.61183764,43.19084012,80.95288703,41.46759344,43.27619751,35.00280681,40.05931326,42.93677636,50.52217917,35.49069034,38.62623524,49.20844032,37.3045246,54.47202971,41.16119538,65.66043761,34.92465063,56.20573907,51.16298117,34.53904723,31.78193896,42.16512697,44.1487015,52.13751415,115.2513471,38.99867488,40.47644352,38.99867488,38.99867488,37.90178441,36.25456282,39.57425772,50.80685834,81.10279979,50.62577234,42.28386376,58.27746092,55.36727166,34.39952684,37.42246594,46.52123324,62.23163323,52.13751415,38.68861474,47.88139054,50.45565885,46.00368895,31.53478678
4609,1477,103.9994992,30.68075283,1241,104.0008267,30.68310339,289.8960949,,37.40594773,33.13098227,37.02716032,36.79057373,41.35219184,33.70431224,37.69303627,33.15729759,39.41557706,31.85023219,29.11090493,36.50074909,35.91633034,31.09114026,37.00271566,35.57007299,26.32095691,35.81501345,35.95979898,35.8019191,38.59240966,26.02558458,25.41296936,25.31536547,23.03810026,39.50634479,36.57140316,38.51018235,34.32980071,100.8334243,36.30003275,19.00957999,27.14241721,22.68752047,42.94756961,18.60295796,34.16923102,42.3377664,46.58871062,44.16295971,35.09952719,39.81405595,38.78129814,45.89888693,25.73676798,40.68981513,29.93548775,18.53687285,35.45728001,29.4809588
4610,1478,104.0461067,30.62830695,1085,104.0479102,30.62708542,219.5580875,,43.66901188,38.18401522,52.43178209,29.82675906,53.76932755,46.16875672,55.81985275,109.7790438,62.5182351,46.22275526,30.16828683,39.7856937,67.41229126,63.2327292,60.56774828,43.47684901,58.11831728,80.34654282,32.78345562,76.18401108,37.53129701,38.68864978,37.46014763,39.91965227,33.80224298,28.79450328,42.72481703,57.22994397,82.76535236,34.66706645,28.12843826,30.56493097,43.22972013,41.11360806,46.49465382,68.25640026,49.71126509,60.33657366,53.40602128,46.7144867,46.7144867,26.08610941,44.79084519,54.88952188,94.37720776,55.10820524,48.71926127,77.49108971,106.0951832,70.258588
4611,1478,104.0461067,30.62830695,1817,104.047209,30.63016364,231.3100941,,27.30217504,27.86557743,27.86557743,34.91473118,41.33869507,38.39930415,40.79130936,30.6709517,30.27142098,28.03758716,29.88216526,42.53214873,29.88216526,29.91795229,30.26225337,30.61457128,42.334541,28.65945334,35.66236997,26.07126922,28.13230874,27.47105447,42.33139478,26.84017208,26.26865422,27.52781285,27.75721129,27.25749063,26.41447546,31.30512552,33.10999359,33.10999359,33.10999359,35.51029163,34.26816209,34.87817126,34.57047592,34.72364196,34.64688966,34.68522335,34.66604591,34.68522335,42.70340199,38.27893387,40.37030256,39.29681233,39.29681233,31.18787786,34.77589758,33.80365929
4612,1479,104.0879033,30.64936446,753,104.0858231,30.65025995,222.6732767,,23.96483695,39.68434634,23.96483695,38.69463215,41.79659158,42.30204729,30.53804938,31.1915874,29.94858516,25.8171915,43.92459157,43.92459157,22.87086437,37.24152363,33.62868573,25.94251767,15.18946085,21.72422212,47.08509816,81.79834654,57.72268559,59.5725998,59.11271224,25.57013704,54.53223103,27.23523656,54.53223103,30.47999225,33.43582048,39.06786701,26.23973146,52.97098112,40.33327276,40.33327276,40.33327276,26.70549318,52.73840764,39.29528412,36.68758792,39.29528412,39.29528412,51.61775893,58.94292632,55.28439973,47.25858783,43.50739735,59.82267135,51.96912779,48.58326037,48.58326037
4613,1479,104.0879033,30.64936446,1202,104.0888813,30.64903065,100.7554867,,10.85169057,12.22454629,13.55859111,19.45921417,11.58849048,14.52816096,13.77309231,11.5625915,8.838200588,15.67952819,11.83424966,14.90509013,15.04021087,20.76243573,10.60584071,13.94908312,12.05716628,10.83958916,14.45098614,11.41188877,11.71953965,11.12637276,14.71272221,14.42225655,11.95939167,11.55158446,12.84217402,13.39277223,9.964828355,14.44151154,15.95836971,15.47879455,9.812076251,16.12087787,16.12087787,10.49840093,15.09759634,14.83516369,14.31367214,12.58624167,22.49424819,18.28070989,13.21082639,19.50106194,15.11791612,15.90876106,23.81092465,18.99056294,20.20722853,17.10942227
4614,1479,104.0879033,30.64936446,1566,104.0886263,30.65131513,227.0197702,,28.33424248,29.20390112,28.26390563,25.91769047,49.38194397,49.38194397,49.38194397,49.38194397,49.38194397,49.38194397,38.68739279,31.80043474,24.76579311,31.80043474,47.15025997,47.15025997,47.15025997,53.69718612,47.15025997,43.8215106,43.8215106,43.8215106,44.90500949,44.35664438,44.62914254,44.49247623,44.5607046,44.52656428,44.52656428,44.52656428,41.27632185,42.83988292,42.04357056,42.43799155,42.23986034,42.23986034,42.23986034,42.19988843,42.23986034,45.91411083,44.00041435,44.46372548,44.69905931,44.58108183,44.63999262,44.61051777,44.61788282,44.61788282,44.61788282,44.61788282
4615,1480,104.0631296,30.68605134,209,104.0675126,30.68327023,520.8336374,,93.19090928,91.01947061,58.66252936,66.48940052,94.69702498,64.32250753,75.528745,64.32250753,77.00209834,57.47129792,115.9794491,163.7555541,79.47726292,67.90187298,79.44919893,65.99211948,79.44919893,66.6370891,73.81894073,56.56111899,57.60372027,72.39386466,91.13006535,81.64010571,109.3295099,110.9468103,118.6709554,94.69702498,115.030742,77.15330408,69.32758497,86.30614935,70.35651387,64.34487227,70.63889672,64.35136004,76.53065692,76.16238793,70.57720556,89.0972856,81.7919108,152.4391134,81.04312562,81.16696962,81.16696962,89.85628248,80.83171523,114.2972712,73.05199069,101.5489741
4616,1480,104.0631296,30.68605134,788,104.063652,30.68685923,102.5726045,,15.25873455,19.27838379,15.25873455,13.02509263,26.23526652,19.48608845,24.53563961,31.92461465,27.86502772,19.43480927,27.76401325,18.36550208,33.56921602,18.93648083,36.20209571,13.39521316,35.16775011,40.57817321,17.83691865,16.25918684,14.46665529,17.72834499,17.29838792,18.46306881,15.23441215,16.69308464,11.74922561,15.70489638,15.82266208,17.87142684,12.06736524,14.58797511,17.08101868,11.92127123,14.79511357,11.73966489,14.79122632,14.65877257,14.72470158,11.90345767,14.72473563,12.72377962,13.5674749,14.82037088,14.3148842,15.18211149,13.90596741,14.8770741,11.57559173,15.73743286
4617,1480,104.0631296,30.68605134,1456,104.0617409,30.68499207,177.4167256,,19.69777061,25.16409473,24.91678331,33.88330038,26.72385825,27.17873243,22.04314796,33.88330038,34.71196805,15.35337048,20.27619721,22.81072186,20.34077109,36.39317448,28.02545907,34.3849374,19.35455188,15.31655185,27.63440615,14.4339031,14.63230727,29.03182783,25.54800849,25.54800849,37.12136846,24.66023985,23.16229237,32.8099424,27.00064308,39.82275503,24.05650517,19.13708501,21.85458382,22.68917272,19.91271121,24.04895685,25.78002875,19.47256744,25.93706445,23.4385399,25.20252389,25.20252389,17.47469801,23.8599192,54.58976172,14.9578504,21.76150638,12.87702041,17.5708449,15.04594139
4618,1481,104.0350137,30.65903884,1029,104.0316515,30.65804403,340.4914895,,37.31413584,48.16382563,34.45371913,36.23856208,40.55481761,36.62657456,38.35773478,43.46699866,43.46699866,44.24161921,48.96344974,48.94512053,50.33637419,46.34288704,44.89997664,47.23581357,44.89997664,49.9634251,50.65162654,46.91940142,51.66442401,48.38961213,43.00945131,48.77167496,42.1936349,45.75200028,48.91650858,50.54719019,48.91650858,53.99865032,120.1734669,56.57397055,64.85552181,59.09695598,59.09695598,59.09695598,49.36646646,56.8253133,50.39134069,51.35905148,49.0169765,48.68501992,48.52072202,46.62197257,38.75950552,37.78865086,39.22060297,38.99584398,40.51487174,39.7203293
4619,1481,104.0350137,30.65903884,1411,104.0385396,30.65746299,380.3083831,,48.2081049,48.89679211,48.2081049,115.0512756,53.52268097,41.61429116,61.23033002,37.873034,48.55000635,64.7333418,59.2047645,50.24257538,61.70637427,95.29769226,61.28753236,47.78744081,57.58146984,54.45943433,55.99632635,64.32761117,64.32790634,75.43306772,64.32783253,64.32779566,64.32781409,60.23493158,65.82260477,64.32780717,53.97635242,53.98699445,64.32780805,64.3278079,64.32780796,82.97637449,64.32780796,64.32780796,145.6500191,64.47928631,58.9234133,61.14657329,60.01441178,62.16948342,60.01441178,36.41250476,56.69193288,49.60544127,38.7484013,57.70073337,61.95068684,42.95247621
4620,1481,104.0350137,30.65903884,1427,104.0314734,30.66097788,401.5502994,,45.03367844,61.60146638,45.03367844,63.26394214,61.57959863,59.24512614,87.61097441,28.62536788,63.05697177,62.54832208,60.16986796,52.37612601,55.01735786,52.87421645,67.90750806,65.77466986,115.6464862,44.18035079,53.93959246,38.24288566,64.96993608,60.48456393,48.75484242,50.63331271,51.38321367,35.87049821,54.38604507,57.28854999,38.44630526,56.9874275,61.60146638,58.76345845,72.94774151,60.09201078,73.75413662,62.57926744,64.53486955,46.14783968,54.75685901,56.57851577,57.8069708,57.41548593,54.98248156,70.47317869,42.47544793,75.88352115,46.25859449,45.98879357,46.8431976,47.04354972
4621,1481,104.0350137,30.65903884,1835,104.0362324,30.6594657,125.9860167,,14.99337719,17.89346604,16.88673882,16.71976168,14.76295655,14.07301009,17.22535968,18.38093861,21.31531297,18.86720586,18.58447388,19.15867334,17.64212617,18.41202951,20.31008833,21.81510465,19.61251655,19.93501655,19.94343994,23.03253036,21.31011843,21.31006953,18.62499771,18.76757056,17.13124372,38.76492822,38.76492822,38.76492822,38.76492822,38.76492822,38.76492822,38.76492822,38.76492822,38.76492822,38.76492822,38.76492822,38.76492822,38.76492822,38.76492822,38.76492822,38.76492822,38.76492822,38.76492822,38.76492822,38.76492822,38.76492822,38.76492822,38.76492822,38.76492822,38.76492822
4622,1482,104.086665,30.67709933,718,104.0839234,30.67841788,300.5571136,,29.88965771,29.88965771,51.59107802,50.09285227,58.539528,57.55348984,53.10456976,60.8489862,29.86216032,100.1857045,54.69278563,51.21920042,67.45670879,37.5696392,62.99887097,71.65600059,29.48244166,56.50095135,61.65949773,37.43964045,61.82889194,51.15975715,58.0411421,50.41377328,56.11092182,49.62844905,58.37372346,34.13266905,65.31220978,59.22874982,53.77469631,57.60455772,70.94278803,55.58112029,70.15049433,60.24530117,64.85336439,67.63320802,49.36156975,64.25916993,66.13950816,90.16713408,50.82821416,49.4151103,73.35631247,49.68588101,36.67815624,54.21331899,50.7091088,60.67037664
4623,1482,104.086665,30.67709933,1264,104.0890923,30.68076523,468.117835,,107.6329328,63.26510393,97.8517281,101.826236,93.43817378,156.8692745,65.5729263,100.2736605,107.0312444,106.7348195,79.37581771,78.99488467,99.21420891,137.3824081,70.31533543,95.99378386,89.86019148,129.8323733,110.5582891,117.2737791,168.8601409,107.6507914,107.7968575,113.4285523,112.8692152,74.78805649,67.2744194,81.02039452,79.11850732,144.6544383,143.1622505,106.491261,62.76440246,126.8145305,91.09320032,123.4596488,132.6948194,99.71740864,69.11377469,94.71644912,68.79803328,78.01963917,68.79803328,68.08986691,56.19755585,66.60965241,84.354938,98.71606228,72.85638403,108.374547
4624,1482,104.086665,30.67709933,1412,104.0851123,30.67463565,310.9380791,,63.31318353,38.7327711,44.30205823,42.43023435,38.64362778,30.01010951,42.24064471,44.87980292,39.2567114,39.46813697,37.90956413,42.78704571,46.88579672,50.18221731,48.24901227,42.24064471,77.19841964,57.28562804,57.24306281,74.62513898,46.51151321,38.4005861,60.1815637,56.74915512,42.24064471,55.65579042,63.24164321,68.67344078,54.87142572,54.87142572,44.12787456,30.86517697,48.6685689,48.6685689,54.01095705,57.60087916,38.20399607,60.1815637,46.82055645,78.55277788,57.64935546,40.43157684,51.58419745,80.53072552,46.8359809,46.83580148,48.22076046,46.83589119,47.73463048,43.98338251
4625,1482,104.086665,30.67709933,1467,104.0895768,30.6755439,327.9089221,,42.12962597,37.99959775,48.57909957,41.36823447,38.38933722,42.88727047,44.54611772,45.9327673,80.30422582,41.62228792,37.19374104,44.98750456,137.9056214,41.05989981,50.9067996,44.16832575,41.27124046,47.03481437,42.66766697,42.87429006,46.84413173,43.82370119,41.01709936,65.21945412,45.71044025,43.3731336,54.15009723,56.75346729,55.42122627,56.07943561,47.12463551,74.95061077,54.27458021,52.00317707,48.57909957,55.55162916,50.31314308,50.75740071,45.8732689,48.19190223,48.19190223,58.05600589,46.36575489,45.23294318,39.36547293,40.97972209,42.2304168,45.82874616,50.80941692,57.72479802
4626,1483,104.0289982,30.69883277,440,104.034183,30.70224286,624.0356267,,67.32497929,53.85420727,60.54590425,62.02071873,54.40790379,64.67278312,67.18947999,62.12744071,55.55556738,52.48897795,63.00640169,61.71175431,62.16182225,65.84197703,67.16078494,64.82266954,48.77972921,67.0891544,66.02954405,57.66447108,121.5982818,56.93178551,61.38055345,64.42077899,61.01380381,60.88152456,62.83576636,52.34628946,58.88157233,65.38207963,66.39984994,61.60064824,65.56596132,50.94168381,67.56475958,80.13774993,49.92285014,70.32959658,72.62483587,55.48124937,67.75397584,52.77310784,49.49662916,57.99769883,60.69875204,61.91219603,48.00274052,58.01114198,61.25181906,81.47363403
4627,1483,104.0289982,30.69883277,1033,104.0335529,30.694869,619.1076603,,68.78974003,61.02923267,43.51684172,50.49360166,72.73319626,76.59377184,77.64683095,82.80645822,89.49157105,83.9468014,72.01737037,80.78244208,75.22698767,99.31470821,65.88332883,96.52191664,92.20979462,94.69092202,94.69092202,105.3687046,84.76675027,97.76915582,88.60510492,87.92061448,106.6724536,93.86648903,106.6150479,100.4712657,72.95881518,117.5107685,115.4064765,83.71926445,110.512684,66.28364542,107.2363682,96.81977239,97.04307637,117.2541865,93.43357093,88.51727335,90.08228001,86.58286061,67.55608232,120.8014947,105.0561888,98.81932589,73.44423015,78.56488485,91.83212649,121.588654
4628,1483,104.0289982,30.69883277,1323,104.027512,30.69823421,157.0425144,,30.85146258,22.88878752,20.33644071,26.3936999,31.76140741,19.59629296,33.17243389,16.23855577,14.83520166,15.57446424,14.36037034,35.70650854,34.12593874,37.31703312,25.05257246,22.61412207,20.08656291,37.69020346,27.28537895,25.01562176,23.45863286,26.1737524,39.2606286,29.80771802,28.17374012,41.77485606,30.23278352,26.87890897,50.65887561,27.31174163,37.72163815,25.87428155,21.61187153,27.41770377,16.748194,17.42228203,30.11201341,17.57314104,30.07197084,16.43468174,19.24606134,18.3854651,36.95117986,15.84788865,31.94085039,23.95563779,37.44059946,20.48380623,24.68790619,28.30809273
4629,1483,104.0289982,30.69883277,1585,104.0263028,30.70117585,366.1637996,,28.48819929,44.91276588,32.22563693,24.42599775,35.66382065,32.12485001,26.20655425,33.21771555,25.80890217,36.76958657,33.71329101,29.53099252,27.75136165,25.51334862,34.41748508,33.94479859,24.1353008,28.79400783,25.47226432,25.97418086,27.43062993,26.83793034,42.98444604,34.01988847,28.43990677,35.45426785,30.53249719,33.9608316,46.59011588,32.58812555,34.13525279,34.13525279,34.13525279,34.13525279,38.13470622,31.66888788,29.53491025,28.21467634,31.44369761,35.34020586,30.22215541,28.11838052,27.49665579,27.804043,25.40680396,50.37667561,27.72218041,36.70634649,27.5964343,30.83083967
4630,1484,104.0580837,30.66598975,1652,104.0600469,30.66597437,188.0975574,,20.92976102,18.53854371,19.52041041,21.7462724,18.46995898,24.19144842,21.02432621,20.0151665,21.15281076,23.22988702,23.22988702,23.22988702,23.22988702,23.22988702,23.22988702,23.22988702,23.22988702,23.22988702,23.22988702,23.22988702,23.22988702,23.22988702,23.22988702,23.22988702,23.22988702,23.22988702,23.22988702,23.22988702,23.22988702,23.22988702,23.22988702,23.22988702,23.22988702,23.22988702,23.22988702,23.22988702,23.22988702,23.22988702,23.22988702,23.22988702,23.22988702,23.22988702,74.41222051,35.40659904,47.98237071,40.74621777,42.34262553,43.18867629,42.76146645,42.86747461
4631,1484,104.0580837,30.66598975,1719,104.058001,30.66940919,379.0605032,,34.0910945,35.77113796,28.38518589,36.9632995,36.60184659,37.34092898,34.20094766,31.5979157,36.22204306,33.99739876,32.20337018,32.03328196,33.27254092,40.76294014,33.08164392,41.59108411,35.10270898,36.06919326,32.82112822,37.22361734,35.13283359,34.00613984,28.25804417,29.00119593,41.42178855,44.25189498,35.73148281,31.48149365,35.6607442,42.59106778,33.30956862,64.93541811,29.71119723,39.37479258,29.72375978,33.87529365,29.72375978,95.42781899,49.04286834,49.97074684,45.97768907,34.50361091,49.01915322,33.26713339,47.58911287,50.09610174,44.32633262,44.32633262,31.19126426,34.17953191
4632,1484,104.0580837,30.66598975,1865,104.0581438,30.66240031,397.8612813,,66.96675033,58.81654947,39.08304686,38.57032442,45.32596876,53.1794782,57.79289628,55.08260021,35.91225941,43.05766652,39.70524707,47.4414536,62.73682004,46.53348319,46.32466101,30.10440335,42.85881001,38.90007096,47.49597887,66.83178436,43.54700591,35.26919601,36.26995727,42.48159795,36.73612287,38.74573343,35.94229894,41.62212637,32.73580556,44.95254963,46.43864886,36.86745464,36.40825147,35.34438204,43.08390881,48.36402542,27.93710813,42.02055443,39.33991154,54.90978463,40.33432279,42.31316433,44.20680903,39.20719153,41.18271798,41.22751143,39.20530874,39.14408234,47.22611535,33.86053458
4633,1485,104.0877355,30.64267114,1587,104.0896025,30.64396027,228.9557312,,55.31083667,56.35833383,54.30156731,47.64396719,42.32301065,55.04111067,47.85141552,47.85141552,37.98343928,44.94836441,59.8142694,42.3774104,45.72763563,58.73448688,49.20839596,66.79421656,74.79497571,63.25714753,44.55354769,42.39920948,38.490223,40.44360316,96.96948616,56.49783466,45.28794683,51.69453445,77.16705744,65.70563059,39.39023332,52.56636686,67.71930079,58.71705306,84.58569773,59.87220088,54.10770016,44.85663305,49.35572649,45.53815648,45.53815648,45.53815648,44.48484523,60.07584784,90.45164689,63.5497789,31.39964314,36.43857791,42.9291996,80.02336236,86.30791961,54.31569241
4634,1485,104.0877355,30.64267114,1695,104.0875368,30.6431534,56.73875603,,11.61390315,10.13223484,8.475498826,8.475498826,10.34225426,7.214464343,7.682539603,9.326918799,7.917035725,9.253852799,9.263470372,8.612236444,10.44678509,8.335174207,10.56272894,13.94262947,10.01873269,8.940675984,10.35723761,10.89739795,9.268615223,9.968741909,10.74259371,21.72973635,21.72973635,21.72973635,21.72973635,21.72973635,21.72973635,21.72973635,21.72973635,21.72973635,21.72973635,21.72973635,21.72973635,21.72973635,21.72973635,21.72973635,21.72973635,21.72973635,21.72973635,21.72973635,21.72973635,21.72973635,21.72973635,21.72973635,21.72973635,21.72973635,21.72973635,21.72973635
4635,1485,104.0877355,30.64267114,1740,104.0901163,30.63838237,527.2409087,,47.81025872,63.26890904,63.26890904,66.68659715,70.49460618,71.0221617,66.51133671,50.54773026,52.57804076,56.29462989,54.21113235,53.61771953,54.81782733,161.1013888,93.27111898,132.731977,84.09158798,102.1250645,112.6449419,45.6266171,134.9627666,129.4872499,64.1238943,135.5762337,98.15473931,73.00258736,97.13752668,108.2922198,53.01863886,188.3003245,73.21378096,101.4331207,73.52100469,73.52100469,69.56874544,52.10891617,66.01973118,62.12986158,69.02062805,51.66214674,54.88009458,87.60310482,97.65547231,73.19025469,59.37645269,62.84990965,67.30735005,59.91373963,44.03868379,91.76795834
4636,1486,104.0429071,30.71895045,83,104.0467513,30.72074964,418.6414886,,72.71939006,78.92346634,72.71939006,78.92346634,72.71939006,75.68659681,72.71939006,72.71939006,55.92242519,87.35810801,68.62194008,85.18752852,67.66872385,74.98202231,67.31805974,74.94597312,67.34714288,57.00823785,57.00563198,67.60202078,83.03655867,93.10313604,67.35691866,72.45718072,71.54000121,73.92320583,70.45653947,70.47197868,70.47198062,80.0235058,78.70022762,67.35684271,82.13829428,74.01680483,78.76878184,48.64781662,90.22918525,75.73017468,76.68344969,56.34053678,64.87004461,98.83454369,76.35306611,59.27667095,74.08353634,74.08529603,69.57227277,71.93839422,71.93839422,61.20241052
4637,1486,104.0429071,30.71895045,1054,104.0419706,30.71987075,135.8142701,,14.74906101,17.84421067,14.74906101,17.7149048,24.81885139,17.7149048,18.26642736,25.13785976,31.24162124,23.17210296,17.48411266,19.52755674,28.62595857,19.69801361,23.19188177,29.54268111,23.04468369,20.17652716,16.27059475,17.09809082,13.58142701,16.60208395,18.0139526,22.0985931,26.42872283,23.79228089,17.01771352,30.4946802,18.80505278,20.64453367,28.52297748,20.21742476,22.37672185,21.31968194,33.37415511,23.39384557,19.99265039,24.95608876,17.33799193,16.93268822,22.32563344,21.03835509,19.54684055,14.60223113,45.48198813,25.80112783,20.40934505,37.65838556,15.32700227,21.2117732
4638,1486,104.0429071,30.71895045,1654,104.045209,30.71599628,394.6998468,,74.78523413,61.15238941,51.72353687,44.21620866,38.61194153,34.37708343,57.06503809,57.06503809,69.82405152,74.8837654,72.26545193,74.94300889,48.57844268,55.07439723,65.6313833,59.89123071,89.55374673,55.07439723,74.78523413,74.78523413,62.64156276,68.17686277,65.29210562,66.70330908,65.99016353,65.99016353,65.99016353,44.33446017,75.58082173,56.3856924,56.3856924,56.3856924,56.3856924,56.3856924,56.3856924,56.3856924,56.3856924,55.77701466,55.18133781,50.38721449,52.67541978,36.90699866,46.8950313,53.61960183,57.03958536,55.59152772,55.94660528,56.12585049,55.94660528,44.33446017
4639,1487,104.0430632,30.65952867,805,104.0456983,30.65616209,450.5168961,,45.62196416,36.41357939,43.30736518,47.46248237,41.42684102,39.48535182,64.50888269,42.23595901,27.81922515,73.99422075,67.25352654,50.72277798,62.46560321,33.14994023,44.95802705,42.90637106,41.18643885,54.93850412,35.33465852,45.55788837,41.53292768,43.42331529,40.75027201,49.52246797,41.45861007,52.28435932,32.21173438,39.31783821,35.76319352,30.0901823,42.86101549,47.4922643,31.31005456,45.39848358,47.98404811,35.78949965,48.55870736,44.37375721,34.47100587,48.58780186,62.62010911,52.33497341,42.83083167,43.95286791,31.40098405,40.04594632,46.17397369,56.80773471,50.0574329,40.47905555
4640,1487,104.0430632,30.65952867,1310,104.0449103,30.65422889,613.4618001,,65.43794504,72.33794794,76.79939075,83.71730403,73.61541601,95.33911419,63.58337276,65.6722063,64.26955199,84.37296964,85.14554141,75.02208001,71.70332728,101.3056184,71.47127768,78.68631164,43.17619707,72.64679212,79.58423353,72.01508087,78.05970832,92.93897866,123.0341215,90.91724283,96.55988359,120.4342184,86.18390167,72.17197648,83.33820681,80.95536951,98.37249356,113.6430093,73.73085321,93.02286491,121.7622319,85.4750839,89.95773851,80.9702101,69.79339668,74.59083461,73.17276595,79.4768324,75.52450773,84.50749288,84.50749288,90.75873208,67.12651916,83.44645102,66.88691126,80.58856549
4641,1487,104.0430632,30.65952867,1508,104.0421319,30.66058405,147.115181,,17.93378808,16.86939486,14.83618325,17.3133263,14.96086586,14.96086586,14.96086586,14.96086586,16.7334803,16.7334803,16.7334803,16.7334803,23.1778841,24.39215436,27.15972572,25.74068781,23.22871279,19.72494047,29.4230362,50.43949063,44.69321954,44.69321954,44.69321954,29.29284577,29.53241552,29.53241552,29.53241552,33.80519052,36.65153298,26.96612279,46.73070457,22.02139923,27.12495015,29.83744516,24.86453763,31.15380304,21.93021332,25.40118233,19.14269825,28.51222889,40.67700857,25.89802697,28.83377454,17.35019334,41.19733676,21.3554295,22.26831051,18.48567719,30.88132079,47.92892775
4642,1488,104.0879327,30.65204871,1051,104.0887253,30.65173133,83.70083354,,17.21845719,17.60407015,17.10442766,17.56985427,17.10173109,17.70752208,16.67839487,18.09747752,18.09747752,20.32532889,18.48607367,18.09747752,18.09747752,15.67349809,18.09747752,16.17841615,18.09747752,18.09747752,16.17841615,16.83368719,18.09747752,17.83965962,18.38912182,18.09747752,18.09747752,18.09747752,18.09747752,18.09747752,18.09747752,15.69390629,16.84535881,16.24925958,16.54194074,16.39429397,16.46778642,16.43095802,16.4493516,16.44014967,16.44474935,16.44244919,16.44359919,16.44359919,28.29323951,24.58107417,33.85651694,21.73002409,21.73002409,24.1380241,20.1073499,20.1073499
4643,1488,104.0879327,30.65204871,1124,104.0864662,30.65274298,160.2042889,,24.16714294,25.80471768,21.95414694,22.93182664,34.84806284,30.72713069,35.30492926,31.03509095,30.89654143,30.41703186,33.82612552,34.97132531,26.00836257,28.41061281,29.1203925,34.32949048,28.28199046,31.96870619,24.66822707,36.28098832,34.84806284,31.1906069,33.0619418,30.13855755,24.64681368,29.56995677,37.97776875,28.85480626,27.10905509,27.00357884,31.84183193,26.32036981,25.81473529,26.32036981,26.39684092,27.39833636,25.02334731,22.83456886,22.09074914,25.55814045,24.24977542,28.0338646,36.07414793,36.71921037,35.93367228,36.25366832,39.36760683,32.14503149,40.35130516,31.44196325
4644,1488,104.0879327,30.65204871,1368,104.089307,30.65441059,293.0218828,,28.98018621,47.19815562,36.72603274,40.66675878,47.05560277,48.31874698,44.19883148,59.01419738,49.35105395,51.47319442,53.82797451,91.7285894,46.88350125,61.12040559,49.46676568,61.10694725,54.98575392,48.48425112,58.96059683,69.62896225,48.80167833,86.22987289,54.75741468,58.86882635,50.88398993,51.91946389,60.56963648,52.59575651,60.59585604,43.5001558,58.89734014,45.96041309,78.42964893,56.44336968,47.16538599,55.31797274,55.81369196,52.21722012,49.49768724,44.24277809,35.84489089,57.60683755,96.77786955,65.07831302,39.8978447,73.37991213,64.13166637,42.47400212,67.30389221,36.18896327
4645,1489,104.0577429,30.68833203,1047,104.0585759,30.68835846,79.84547441,,6.435246863,7.999361073,10.40991246,9.408959341,10.56917114,10.26584671,12.46773836,8.319644222,12.1717595,11.11967922,11.50004832,11.48626205,11.61068865,15.04940879,11.89668378,13.77122732,13.11098308,12.51115159,9.860847612,10.41226925,10.71177204,10.71177204,10.71177204,12.3029051,15.4812735,13.01702057,13.58536627,14.28291716,14.85797141,14.56477034,14.56477034,14.56477034,10.37702917,10.88801924,11.18071393,11.63112,11.40147047,22.6929243,9.909960318,9.486591019,8.488311713,8.810535107,9.279861433,11.25024297,10.30264186,9.22772738,9.70292339,8.671001746,9.103522023,9.611269665
4646,1489,104.0577429,30.68833203,1068,104.0566467,30.68829729,105.0625162,,21.73707232,46.69445164,11.3552682,12.15376151,15.80327542,11.40950402,13.61065784,10.88790435,13.57193163,11.31888987,15.7331555,12.3769509,10.91483609,18.03935095,12.41099453,17.11425603,17.08848155,12.64085977,10.04346453,25.3842321,14.04996502,13.82148943,16.65061211,23.16845686,21.54821583,15.95633848,21.55256461,17.34803255,21.85778476,33.17763669,19.47300342,22.1955939,17.7811256,19.5034021,30.93989085,19.3488216,32.32692806,17.96793626,17.23756567,26.0878031,12.6761645,11.86339723,13.61517663,15.93823499,13.94571336,12.75053847,13.32619695,42.98012026,18.34258206,13.50182372
4647,1489,104.0577429,30.68833203,1313,104.0566951,30.69008656,218.825391,,39.88715988,30.15674782,36.5385625,46.33949456,46.61369276,83.80546889,34.16922176,35.09004043,33.35805881,33.49056747,68.50186153,33.45734171,28.646233,58.13811126,43.9686367,48.5280128,46.13595359,48.5280128,38.61624547,49.54537155,72.941797,38.47479402,36.98457313,59.90657092,42.42814953,42.42814953,54.51705243,39.14392087,35.01206256,56.58832716,54.85145743,43.22476859,28.439401,60.9101604,48.75954554,57.71219103,48.75954554,51.91244861,36.76879382,49.93796562,31.44099106,31.45075405,31.45563783,31.45075405,31.45075405,27.13934284,23.4107402,27.29473133,27.25213265,27.25779675
4648,1490,104.0247463,30.6718376,185,104.0273319,30.67140608,252.2814082,,31.84850039,51.11893448,46.19598522,41.37644964,43.09433307,69.86254381,80.73005062,75.18320112,113.8825166,66.69121337,66.58453589,84.28891596,76.08791898,73.65880531,73.59911422,75.29227519,48.00280494,80.50985274,78.29423013,54.45647984,133.5607455,47.22896877,90.51957507,81.09045264,58.46865256,74.1734812,75.05893137,71.6256364,125.1474702,61.61062323,89.41619529,136.7790767,75.12791935,84.87972612,98.10943652,76.89861103,70.04213902,64.10915783,81.29784511,82.94183283,62.14556685,62.49172498,50.3630168,52.34657461,79.7455378,47.057672,63.8622952,78.63316619,76.44891158,97.30854317
4649,1490,104.0247463,30.6718376,1747,104.0255582,30.67516952,377.3852395,,53.45259785,50.25598751,57.08348161,60.24775442,67.81631593,61.33574999,67.81631593,109.3870259,83.72556668,83.72556668,73.66466334,87.6507653,86.2899207,98.66280771,97.9968884,98.32872064,98.16252408,98.16252408,98.16252408,86.81066212,66.87839689,77.08294254,97.04191873,69.31565623,85.71525944,73.53650134,73.53650134,73.53650134,52.70948059,156.7600226,73.38754151,120.7632766,49.13514872,60.44880366,54.2079546,60.44880366,60.44880366,97.89097308,97.89097308,129.389225,97.89097308,61.47451865,78.336969,68.88886661,78.336969,59.81670279,95.97552399,95.97552399,95.97552399,81.21741453
4650,1490,104.0247463,30.6718376,1773,104.0227021,30.67217959,199.471172,,14.51432479,17.47192747,24.09718856,17.32439612,15.62210774,17.32439612,18.60352899,17.32439612,14.40032525,17.32439612,17.32439612,18.54347887,18.54347887,19.42112831,12.75481739,16.44652091,15.69609222,17.27230834,12.82314677,18.45215124,17.84274693,18.14233303,18.14233303,18.14233303,19.14923251,18.14233303,18.14233303,13.54898527,18.14233303,18.14233303,21.24545027,21.24545027,21.24545027,25.83079925,20.60534345,20.0026802,14.17761538,17.87420583,16.70962697,15.57692449,15.57692449,11.61028649,15.57692449,15.57692449,17.14515446,17.14515446,18.3656322,17.14515446,17.14515446,15.50126755
4651,1491,104.0917234,30.66939289,1692,104.091162,30.66894156,73.45162392,,12.15751017,10.67189513,9.577754765,14.39052224,14.39052224,14.39052224,14.39052224,14.39052224,11.82892881,10.86216569,11.32495259,11.08873265,11.20559785,11.17615122,11.16148587,11.16881373,11.16881373,11.73260788,12.35634795,15.06699978,15.06699978,15.06699978,16.73581305,18.82034492,22.12768587,18.82034492,18.82034492,11.70025868,14.42978696,12.92246041,13.63459084,13.26897769,13.26897769,13.26897769,12.12962597,12.67374684,12.39571811,12.67374684,12.69323394,25.54839093,12.71278106,14.53887814,15.66387833,15.08042608,15.36661595,15.36661595,24.1484791,18.78170374,21.12963654,20.48928638
4652,1492,104.0396273,30.6876936,352,104.0402926,30.68684125,113.9476218,,26.0451707,26.0451707,15.67187922,16.67526173,11.15137891,14.78461409,11.87297941,15.47967692,15.87915246,18.07098848,12.30019306,12.44951255,23.57537003,21.76979666,24.07697365,24.27286618,19.8169777,11.67031119,23.55454372,19.72170377,36.93345661,17.21166875,37.10353256,22.47429249,11.72032681,9.095597306,25.71052576,32.50486834,13.5383313,37.77269231,20.84937426,21.03648402,13.23262705,15.68686189,17.75807093,35.74243324,35.69675042,30.38503605,21.85585986,32.81691508,27.62366589,11.92475112,24.49993041,22.53909003,26.89911072,17.87413675,17.87531687,11.2540861,21.62089496,18.53975712
4653,1492,104.0396273,30.6876936,1247,104.0433067,30.69163822,561.5491197,,81.44950971,88.12613559,85.85709423,98.37356841,76.22838729,106.5389634,97.76971279,114.5369309,126.7446289,89.84785915,99.42860295,117.4652429,94.68743939,100.9358491,115.8892371,114.3210272,87.21211523,122.2503856,81.02512348,108.8873055,101.6808695,165.7030189,131.555976,90.70152054,85.66003521,119.1499114,174.2738647,121.4160259,103.141675,92.97277751,179.8956023,97.34586256,125.7590564,73.71292,89.05624806,142.2057951,161.5107987,128.7628555,73.1792518,103.6706067,104.5128347,172.9691406,96.52411084,94.03138615,95.08827991,146.4910747,162.1585693,112.7273326,95.02301867,107.5306825
4654,1492,104.0396273,30.6876936,1516,104.0385937,30.68899368,174.8263326,,18.81539006,18.81539006,17.95008335,17.13750299,17.160867,17.14917704,17.15502003,17.15209804,17.15502003,17.55578235,15.4471495,12.01096942,14.04854458,17.36685423,19.69257814,17.36685423,18.3651823,15.31325541,19.48528784,17.14917704,17.14917704,15.8599277,15.8599277,15.36934792,15.61078455,19.42514807,13.37672258,15.84329257,15.84329257,16.29449314,18.7453402,16.7721465,17.70393242,21.62799991,14.45177491,14.53521472,18.15067909,12.91025225,15.0883979,13.91460102,14.47774676,14.33272974,14.33272974,14.33272974,18.71746609,18.71746609,23.48413423,19.42514807,19.42514807,17.18038573
4655,1492,104.0396273,30.6876936,1576,104.0376705,30.68553984,303.5026595,,51.41692114,62.79365369,32.78648385,33.3519406,33.3519406,33.3519406,48.00244835,59.2601803,56.78843941,56.78843941,56.78843941,52.44525957,62.88400427,40.46702127,86.54333261,54.4942431,106.7262099,69.88973824,54.4942431,54.4942431,43.7481311,48.53346249,46.01672331,47.24159759,46.62111657,46.92930623,46.77470375,46.92930623,50.40057137,54.42637979,56.32008114,54.35868528,60.14364628,54.29865361,78.69936911,68.50216766,68.50216766,68.50216766,48.92281676,54.90500373,56.96608833,92.98804887,51.90544295,50.04318661,83.72487159,59.22003112,59.22003112,67.36187264,63.02910725,65.12350316
4656,1493,104.0072364,30.67483213,973,104.0064463,30.67175686,349.1433554,,49.68047745,33.51776212,49.48488502,36.96811998,50.54622303,40.65496752,38.67434091,28.34083606,38.58529791,34.44785418,36.62476283,33.6523716,36.14424384,35.4873077,35.4873077,39.89813961,45.5610722,55.49298364,42.06244798,44.45326541,43.83316755,50.25749746,43.83316755,39.29617041,39.87045454,51.19175677,30.86729075,42.89449977,50.27664318,37.94463636,50.27664318,51.73001012,45.71642935,38.02252617,46.9582595,30.43380338,37.53855887,23.89574296,44.83648322,52.44798996,37.23407768,52.37150331,42.13200078,38.26228552,44.79653387,48.7176775,31.79785166,41.68184644,38.85366552,37.73389611
4657,1493,104.0072364,30.67483213,1439,104.0147899,30.67361433,736.0948352,,148.4561012,42.36033306,78.86730377,39.96895033,53.84070091,109.0510867,111.2252427,103.3665088,49.77350501,108.5554951,72.85062287,72.90072646,154.1503818,38.28473017,136.9751025,39.9187759,182.0014702,41.91287318,40.86262771,72.90072646,162.7157004,69.87320782,91.32003594,79.16180453,91.53510904,101.2877747,73.37654213,102.0778662,176.8592708,40.4880276,35.85847641,72.8005881,106.1343444,47.27816961,40.4880276,55.20711264,120.1398306,161.090663,35.61749203,89.88946427,180.2681229,48.18075285,133.3303852,72.56137477,106.4622187,75.83298144,73.96905532,81.07928833,59.61622962,55.11525388
4658,1493,104.0072364,30.67483213,1547,104.0048806,30.67522349,229.8198915,,24.31599146,22.06270958,29.41694611,33.49601657,24.00439872,27.41087607,37.87744452,41.65395139,12.37623948,35.8382504,26.99352722,36.05017906,13.99326189,29.04261902,29.97650759,35.6617073,12.70893409,20.21628856,25.90330649,20.65796778,31.55421851,54.11456747,53.55026598,29.48809198,20.58088581,31.69929538,21.57370559,29.97650759,23.84298586,28.89470115,27.88825649,30.94831457,31.69929538,27.90393286,35.9718091,31.42836123,37.66395793,12.23892913,18.11388307,21.32349509,15.74408391,20.27822572,27.44118107,22.59288939,22.59288939,22.59288939,43.54482155,25.7541357,37.95190869,33.63217924
4659,1493,104.0072364,30.67483213,1550,104.0077715,30.67693868,239.032545,,21.95196842,21.27360104,20.63590317,20.94990047,20.94990047,20.94990047,28.12147588,20.94990047,20.03532391,36.34708182,75.70532215,32.03414284,28.63617844,26.57968068,26.57968068,26.57968068,48.54821788,48.54821788,48.54821788,31.34853049,23.60815259,26.93324451,26.26731264,26.59611071,26.26731264,27.80346242,27.80346242,32.35026925,32.35026925,32.35026925,50.37173632,35.70610631,24.7630838,39.8387575,40.25288179,48.75451343,42.39000798,42.39000798,42.39000798,42.39000798,32.28957456,24.26726345,25.13926854,24.69557073,24.91544443,24.91544443,41.4707066,24.91544443,24.23992006,24.5730405
4660,1494,104.0973389,30.65838887,705,104.0909494,30.66142069,698.3434451,,237.1732455,163.6032366,131.2812743,136.0777484,134.2968164,144.6511164,124.9831669,176.1146341,176.4236072,159.116228,239.4320383,220.529509,123.3882897,273.2648263,154.2471909,146.8479207,158.115497,138.8970388,124.7660746,105.8970376,122.3623477,159.7481431,276.2677365,288.3069269,121.061143,131.2241707,136.6324132,136.6324132,137.1916181,158.9904444,178.3004541,117.7075179,80.43307826,133.9628633,133.9628633,191.1814755,191.1814755,231.7084242,227.0010296,171.8999249,188.8224766,189.2031159,162.3704889,203.1544568,124.1499458,214.1884049,132.039727,270.3264949,194.5513983,237.4719523
4661,1494,104.0973389,30.65838887,1560,104.0960134,30.65626308,267.6487565,,36.38729318,36.38729318,36.38729318,36.38729318,74.69267623,39.28388639,31.15717133,42.68152928,46.32382324,18.5295293,29.46591815,29.46591815,29.46591815,35.11061252,43.16639145,38.72397682,40.82468739,39.74659445,40.82468739,53.97958114,36.35983107,37.47545251,22.00857751,43.14338165,29.14799405,32.22526834,30.60948346,32.22526834,21.65248367,32.22526834,36.21179543,44.40255868,41.32389664,32.88517145,36.6247269,32.88517145,34.6543572,27.45115451,55.37560479,39.32798055,39.32798055,39.32798055,39.32798055,39.32798055,39.32798055,29.57898767,43.59889246,29.78471479,29.78471479,23.57754135
4662,1494,104.0973389,30.65838887,1665,104.0982051,30.65973129,170.3639099,,28.33568112,40.34934708,32.05453358,20.19127821,21.17296003,20.08218977,28.59254432,46.74619479,22.6313681,19.87578949,18.84209142,26.36758709,21.85190293,28.06911101,23.63429964,26.51196293,26.51196293,34.96636691,26.51196293,15.1061595,29.27494394,27.8145159,24.0379089,23.98084362,32.88525875,25.40901401,19.14798862,25.40901401,26.97202246,28.73992857,37.24555114,25.07143896,30.97525635,11.67098146,20.70244981,31.94323311,49.26185347,24.83036743,22.67320058,29.91756467,26.84070353,23.59338625,21.04701701,30.78865842,11.32613251,31.50565457,25.29113714,31.63203828,14.32967466,20.42664698
4663,1495,104.0407045,30.69517994,741,104.0403035,30.69333808,207.7167499,,32.09701898,33.46085054,36.85916449,45.0809525,34.18424227,28.61860499,40.97738152,40.64023368,30.99446867,54.91654586,33.1937001,32.01342703,36.65589704,36.0897828,27.272589,27.24981353,32.23190947,31.86563776,61.79299599,40.75097001,32.44826034,33.73722405,33.17363129,33.26528866,35.09852758,33.24232687,54.98384556,33.23659138,33.23372437,29.58595786,32.49441268,36.03767504,37.74546174,37.57689948,52.78449173,43.22850363,40.14927512,33.83621265,51.08661313,51.48229257,61.81720954,41.86313859,42.81899973,44.15986645,34.77289808,61.81720954,42.87636517,44.4054182,43.49295526,59.59200158
4664,1495,104.0407045,30.69517994,1498,104.0390211,30.69392231,213.1285298,,13.47256729,13.47256729,13.47256729,13.47256729,13.47256729,13.47256729,13.47256729,13.47256729,13.47256729,13.47256729,13.47256729,13.47256729,13.47256729,13.47256729,13.47256729,13.47256729,13.47256729,13.47256729,13.47256729,13.47256729,13.47256729,13.47256729,13.47256729,13.47256729,13.47256729,13.47256729,13.47256729,13.47256729,13.47256729,13.47256729,13.47256729,13.47256729,13.47256729,13.47256729,13.47256729,13.47256729,13.47256729,13.47256729,13.47256729,13.47256729,13.47256729,17.82259483,21.25381461,19.38756051,20.27783832,19.82270841,19.93456472,19.9909676,19.9909676,24.43511807
4665,1495,104.0407045,30.69517994,1693,104.041902,30.69606019,150.5712968,,7.570623861,7.570623861,7.570623861,7.570623861,7.570623861,29.62058298,17.42947487,17.42947487,17.42947487,17.42947487,24.58306887,24.58306887,24.58306887,24.58306887,18.91995352,21.38290605,20.07617291,20.70894626,20.38765091,20.46703645,20.50696151,20.48697953,20.49696564,20.49197137,20.49446821,20.49321971,20.49384394,20.49353182,20.49368788,20.49360985,20.49368788,20.49368788,55.03113386,18.14417666,15.94284319,16.27797803,16.10866771,16.27797803,16.27797803,16.27797803,16.27797803,16.27797803,16.27797803,16.27797803,16.27797803,25.09521613,20.68918582,20.68918582,20.68918582,20.68918582
4666,1496,104.0630465,30.66775544,1071,104.0632366,30.6647108,337.929925,,31.63661624,30.80576664,32.51352508,34.31190714,26.90626891,38.40112784,35.02019595,37.2032945,26.53321112,39.13826478,27.80327468,36.58790165,32.24066423,40.19984238,33.05836223,34.62659573,36.31485761,39.9062324,39.87710711,32.58609991,32.59337522,34.97501859,31.03438087,39.88665916,21.70468742,39.88677291,48.6132959,39.19290367,38.4577742,39.59471863,32.13774961,40.23862393,34.5364863,35.36475959,42.33924815,33.43082523,30.78309033,32.47013514,33.65804399,33.67341964,33.98178017,46.43311947,33.66861324,25.38440751,35.41623668,29.85393202,42.63601858,24.52717198,43.56148196,35.05901239
4667,1496,104.0630465,30.66775544,1463,104.0662788,30.6678427,309.8162877,,37.53051389,49.1338606,51.88828266,56.23556147,54.56646946,60.7262415,31.21574687,53.84107784,50.77414122,43.03770336,37.61681739,44.1984642,48.70474392,48.52463066,45.15541035,38.81126179,50.6588328,67.73311552,42.57017694,39.41125921,48.81953624,57.31442116,89.62542612,53.88109351,37.04565779,47.26011168,50.51066564,82.16122547,72.61319243,38.56876766,41.38547813,61.19827905,50.24047909,90.86261798,143.2983258,30.063036,104.2372557,52.14908875,51.47716779,52.28149856,39.18051413,33.39337233,41.30883836,25.09198281,34.21284159,32.68391607,30.01449504,159.3340908,34.53060792,66.44570594
4668,1496,104.0630465,30.66775544,1655,104.0629728,30.66960555,205.1709611,,28.82964325,19.51427899,19.51427899,19.51427899,19.51427899,19.51427899,19.305161,19.51427899,19.51427899,19.51427899,16.4076,18.92672543,18.92672543,21.0132421,23.61680128,24.74423651,24.74423651,24.91114536,24.82741042,24.86920741,24.86920741,29.25209742,16.67303521,29.87322386,20.92818547,19.70391852,22.31466646,37.20984685,22.31466646,14.0688659,17.25737056,15.50084911,16.3320168,16.3320168,17.36386623,18.53489235,19.90877251,19.90877251,38.27023109,25.94769171,30.12297961,24.09838369,24.09838369,24.09838369,24.09838369,17.11739189,22.58762874,24.13776013,22.58762874,22.48448889
4669,1497,104.0852545,30.66570422,1440,104.0844988,30.66419702,182.0563059,,29.79949764,30.9700036,28.71424759,22.10464422,28.92014126,25.96682652,27.56688544,30.70829257,34.20682157,45.99317202,20.16623696,28.19802649,35.92231851,24.63919929,33.39631599,51.50512387,37.0982661,41.11685704,28.77728655,30.23251119,26.21610805,32.58818436,21.81040603,30.93089466,34.76015387,24.73217741,30.91522176,31.89307549,24.5929719,33.08026252,40.46761361,31.20965244,24.36441269,28.09537657,26.56375147,31.01274612,30.57866414,40.17794337,21.24482014,25.91988084,28.83425874,44.43408144,50.03074055,41.15558564,30.98830739,37.77537183,37.51589589,36.82037647,35.52318164,30.55490449
4670,1497,104.0852545,30.66570422,1768,104.0834323,30.66647581,194.3947913,,29.84073762,23.20490463,26.10299324,23.14415043,23.91954992,22.25068884,20.52010992,22.10792963,49.28318653,49.28318653,49.28318653,49.28318653,49.28318653,49.28318653,32.77851282,53.11736233,57.59845668,81.1386955,40.4520953,53.64898842,71.89944336,59.36278263,61.38782883,66.64964273,87.63414563,39.38956371,56.60839221,56.60839221,69.41810278,92.48738969,89.72067291,66.09881924,52.32308401,27.33676753,52.32308401,52.32308401,67.03268666,52.32308401,21.86941402,36.63985595,36.63985595,36.63985595,34.47395314,35.16689692,35.16689692,37.25756427,43.26561043,23.17288903,21.07895327,45.36928679
4671,1497,104.0852545,30.66570422,1880,104.0867203,30.66501226,160.0071722,,18.14254551,21.14632232,23.36818742,19.28657879,17.14362559,21.09984688,23.48729133,26.48394574,20.28259929,25.94710901,21.1385622,16.52871793,22.06995479,16.18050056,22.85816746,18.22866519,22.76781897,22.76781897,22.76781897,24.40787373,26.30254885,26.71424092,21.63883621,23.26437076,21.1969023,25.15396594,20.71104072,20.24695325,13.89688347,21.44016699,21.34746708,21.34746708,21.34746708,20.64608674,22.19752678,17.40259275,18.17116151,18.53364929,23.22684758,18.91089363,18.91089363,16.68189458,16.68189458,16.68189458,17.55284367,21.23923749,26.88568588,25.18145661,24.51173702,24.00107583
4672,1498,104.0390211,30.69392231,420,104.0364018,30.69170185,351.4324351,,51.68124046,49.38160681,81.44786051,32.90870202,50.16482024,32.69138931,52.11172035,30.76992541,38.62418893,29.10078819,41.87412069,48.275265,54.15910815,43.76190821,60.49246835,40.64294339,28.36674364,39.14097564,46.35272635,46.27916841,37.23239454,31.33946439,31.71481344,39.37209854,33.8820773,35.94308816,40.3023127,36.47179305,30.0512296,32.19228413,40.87743995,25.3843653,25.7750164,34.31709131,37.60550898,62.63152309,50.80950869,41.70846483,30.2759621,34.02788506,35.01679398,60.37624483,28.58034864,30.48570521,39.99441833,28.00258447,47.47304939,66.3775848,27.47354541,25.07743838
4673,1498,104.0390211,30.69392231,741,104.0403035,30.69333808,138.8510248,,34.95550275,20.14588152,24.63899886,27.84755929,18.50204895,17.46757213,23.62180732,21.72139877,37.58373604,16.87303593,14.30907508,17.86138757,15.82681866,19.42056207,23.77472957,33.50292824,22.77283322,21.30100948,19.68613151,19.8063869,25.43835569,20.57735838,31.24148058,24.44321219,18.17066688,19.37299725,19.4206337,18.34542491,17.8387975,19.23873993,21.26594743,22.46582462,17.29632143,43.2782415,29.49048314,25.10506892,14.61589735,24.03190814,22.25738103,28.72779823,26.2118177,32.67082936,28.62293,38.56972911,25.69374062,24.40507103,30.05192521,20.83164714,37.37298611,21.00267602
4674,1498,104.0390211,30.69392231,1089,104.0361937,30.69651471,394.8262584,,40.1768096,34.50943309,41.53030037,58.52288339,48.21351263,52.75748333,57.31348912,45.47575602,77.8835359,83.12131756,43.94333176,43.84953419,43.45437592,55.74017766,63.75067974,42.75231973,54.77358498,47.42564673,48.42995456,55.92659966,55.30864372,54.31344617,68.06177841,49.03827946,52.06138934,50.88115653,54.94473588,61.13986687,57.51256807,51.64596758,49.89900283,57.44426173,64.77064686,59.12875066,88.39393845,52.27243138,60.54487717,48.78859944,53.08588348,47.85772829,68.48834408,60.53906986,43.63869172,44.53102112,67.67266839,49.81518923,46.52891537,64.91060008,64.91060129,52.63635135
4675,1498,104.0390211,30.69392231,1495,104.0407045,30.69517994,213.1285298,,23.90226502,26.60411606,19.51081265,27.79937345,29.22905552,32.20410104,31.50976211,36.36316148,28.27054927,26.50302961,27.33715109,20.59370763,13.25914817,33.21483581,15.33503079,14.26138861,24.59175344,17.04270785,28.85802378,15.22346641,32.75401098,22.4674292,29.01275506,34.13197091,38.17227399,33.74437415,29.00833639,29.01391829,29.0081155,19.30220647,25.0194361,22.53341284,15.23858406,36.10648034,37.49199777,25.61812044,20.36530079,35.19553703,34.22733266,52.8235943,50.81209982,42.95382623,18.57778952,12.57807717,27.53335074,35.76224484,25.66096011,12.45556343,19.75444663,44.47899752
4676,1499,104.050223,30.65267368,833,104.0510539,30.65392886,160.2835448,,13.83328166,15.87402369,19.29297614,29.14246269,15.31913525,20.64167278,15.7012452,15.49395644,17.31062284,16.93798712,15.45591325,14.21233402,10.33161614,10.33161614,14.71804008,10.33161614,21.57759157,12.76594605,16.30002151,17.34096954,33.54771868,12.8512419,16.23124504,15.30559048,15.30559048,15.30559048,12.18628852,12.18628852,11.75195033,16.1066507,19.39565584,15.459364,19.91443525,15.87402369,18.56267529,16.3693833,22.28955138,16.87195208,15.30559048,43.38501965,15.3872203,15.3872203,19.05931499,11.78796244,13.34923681,13.11410821,13.11410821,14.89085836,13.94612112,13.94612112
4677,1499,104.050223,30.65267368,1781,104.0536897,30.6502576,426.6785023,,41.62717096,41.62717096,41.62717096,134.1521929,68.67552644,68.67552644,68.67552644,68.67552644,70.94885027,109.7173292,86.17349836,96.53056454,91.05847252,93.71470632,93.71470632,103.3502175,103.3502175,125.2208648,102.1050342,71.44384225,83.65106104,77.06704839,80.22419368,78.61393597,79.41090265,79.01040962,79.2101499,79.11015368,79.16012021,79.13512906,79.14762268,79.14762268,79.14762268,96.91120557,79.14762268,64.53960539,71.10104917,71.10104917,73.93056381,82.14131595,76.99461696,78.21986548,78.84723045,78.53229504,78.68944763,78.6107928,78.68944763,109.3824848,91.53143906,95.4247297
4678,1500,104.1354307,30.63132727,799,104.1344607,30.62917938,255.5581052,,39.90497414,42.64237213,45.30948923,50.27372561,49.52943089,47.62774005,49.93890721,47.05929303,62.58565842,39.42896481,40.70837074,41.79485196,21.29650877,44.90865078,46.63615414,44.48210178,33.0654919,45.96899206,45.12943401,82.14367667,51.33144318,41.4418549,41.39911931,73.01660149,46.89139545,61.17082305,50.9700376,88.46242103,38.90102236,37.24733517,37.24733517,37.24733517,79.3111361,43.80996089,68.14882805,44.73302327,44.26668062,66.72777362,37.62818727,54.11818698,49.66311356,71.04317982,43.70589923,71.04317982,62.05795472,69.00068842,45.7147418,47.17995788,41.88205669,46.54346603
4679,1500,104.1354307,30.63132727,883,104.1336874,30.63179186,174.8335651,,15.68795699,15.07998405,20.55018641,18.81898144,21.59853121,25.02587811,16.74680712,16.89288753,16.37288101,25.0971566,15.73174341,16.75052121,15.73174341,17.0684972,19.10169452,16.49805595,22.61388069,19.55571957,22.25301435,29.41125394,27.05936519,28.18633383,17.08007692,32.11228747,26.66952688,29.16142862,31.08791938,32.18069882,34.28420342,28.71245016,30.6713097,32.53207854,34.63320806,45.49885551,35.12118118,43.68311171,25.58539977,30.49176428,27.82394553,32.5166721,22.246044,25.88340953,26.15366274,27.81553976,25.46278813,23.32091248,24.6047068,33.40473247,26.03651717,23.76339338
4680,1500,104.1354307,30.63132727,1449,104.1358325,30.63115239,43.10862155,,7.368995137,6.575891423,6.444810531,6.567542851,6.933799405,9.599445622,5.705552852,5.84523682,11.93777212,8.186414943,6.901761517,5.181670704,10.97310367,6.493348853,8.125185214,5.867336014,9.447095557,9.447095557,9.479038107,7.251917644,18.69771537,6.949889726,5.025978187,7.917910081,6.575891423,10.31855303,6.302174115,6.158374507,7.022218895,5.547490173,6.164490073,15.14058903,6.283037959,7.390049409,7.390049409,12.20375131,8.86805929,8.86805929,6.415061835,12.5830571,5.201934221,7.013065052,6.846663422,8.249357479,6.74011021,5.633068515,6.273513394,8.034048536,7.064842377,7.851148611
4681,1501,104.0472504,30.70550355,326,104.0473091,30.70833999,314.4173764,,32.55144603,39.57701241,33.19362331,48.68398086,31.05356804,40.06734708,43.16120324,53.90012167,36.45418857,38.83027633,43.70280135,54.76947846,57.88644067,30.65409763,58.74926755,50.13964806,49.51454746,56.33691687,66.05792559,69.01844848,54.34374407,64.22142156,70.37736095,50.6066716,66.97648255,46.64433605,52.91512157,60.40530876,51.05847443,72.46495231,62.02205781,51.53063275,50.70112229,82.98405829,55.30468509,78.74104731,46.33519231,85.75019356,55.30468509,64.680146,65.3020705,58.54668389,55.067018,57.4986784,54.17097655,38.66447669,60.69182601,75.76322323,34.93526404,50.04392325
4682,1501,104.0472504,30.70550355,683,104.0435485,30.70448881,371.9397429,,49.54608971,83.68644215,68.49018284,72.77081926,69.27516356,66.748907,68.66579869,107.982506,58.84202963,67.09039665,66.94915372,56.49717614,59.73793195,70.34937345,56.18110803,70.34937345,70.34937345,66.6437034,73.48637958,84.21277198,54.28309761,88.09099174,82.27238553,54.28309761,57.2980187,54.28309761,62.56930254,56.89729779,60.39957483,60.95811407,60.95811407,74.11345429,78.30310377,72.54289068,63.30889241,66.39585492,63.21921976,66.39585492,69.59569305,66.39585492,66.39585492,67.45506672,57.90197079,52.5709884,59.90975725,59.33455277,71.79533911,64.37418627,60.21284202,90.41074102
4683,1501,104.0472504,30.70550355,1109,104.0482948,30.70407439,187.3304693,,25.71552677,26.09979447,27.09947087,23.83002436,25.44866753,26.03821195,23.07578065,20.49816685,18.25141244,28.36549693,30.93530686,34.39593791,50.51608161,21.64974926,37.99378532,32.07016186,36.25751019,43.09199294,40.72811412,52.68669449,57.1516686,32.44045206,34.85218033,32.3189947,32.81701652,25.92975416,30.06259049,39.78700233,29.46809749,33.17350388,51.55884476,32.30609291,33.5278965,30.4636788,50.32758877,40.41719028,31.66148777,67.43896895,36.48636734,26.81469938,32.89705802,29.06140379,30.55936801,18.83770082,52.52256149,34.2619656,36.40430173,31.10423749,72.12723952,40.68716075
4684,1502,104.0389672,30.64457082,840,104.0358847,30.64300854,342.4038846,,32.73774336,51.53235721,30.71761442,33.82926887,46.4355953,51.28045698,38.77794682,75.62294384,57.87107909,54.71310115,39.80889455,47.79787101,56.2213904,47.51942886,38.24878372,33.56770236,31.89272923,31.3298104,38.54169163,29.90668786,48.15054627,37.37929041,44.34007139,33.19534968,31.52567735,41.31381422,38.46034273,43.6595272,28.89032776,65.74154584,44.8564041,31.28563413,39.75501664,48.14331321,43.97101016,43.7014486,48.59345536,32.48100091,42.66879177,28.45680611,43.15637583,38.38335362,40.20616422,38.54452735,51.64030099,38.37652505,45.3181612,41.56347732,44.33069122,36.14821069
4685,1502,104.0389672,30.64457082,1415,104.0430817,30.64612102,430.0905982,,53.86419042,46.46305977,54.23208944,53.08304147,46.31744903,61.84028571,109.0370531,56.61155954,63.86811411,76.88947239,57.7450131,103.0499936,47.84691451,37.40613268,55.40729775,70.18993484,75.21362299,94.96924374,64.55393594,59.25298792,94.01135566,86.74096098,62.16455552,47.02981904,62.7888347,70.13720332,39.31862726,59.90815065,49.8566561,48.13805497,55.67293401,87.8981637,65.02696046,56.13691017,94.12317043,76.95055433,55.71745454,82.13931849,71.68176637,56.81930839,46.1128064,53.07030518,50.02669317,35.43080443,59.83869192,72.19425645,108.1411036,61.53919529,56.16461028,59.25189777
4686,1502,104.0389672,30.64457082,1523,104.0388748,30.64572827,128.5858497,,14.90850431,15.85304996,16.92537693,16.64641507,16.37649972,25.61045969,32.83042971,35.12800615,31.27763912,60.1180596,37.33137572,37.33137572,37.33137572,40.38465072,44.08657704,15.34081388,16.86371799,14.71421039,15.71580577,52.01225381,10.21874302,8.480406732,10.05777423,9.901798052,23.3792454,8.085747754,25.77085923,15.90850402,24.27238511,11.83154144,24.36363468,18.91354684,18.15329643,19.26780682,17.80419457,17.46826637,15.55996837,25.86084128,27.75234166,13.41765388,22.66384621,24.23607638,23.42360829,26.37658455,20.48270172,18.37852343,16.66639276,21.77114916,31.38366501,32.40903564
4687,1502,104.0389672,30.64457082,1801,104.0418597,30.64092887,489.649266,,81.98778407,81.98778407,81.98778407,81.98778407,81.98778407,81.98778407,81.98778407,81.98778407,213.6651343,118.5033518,152.4529607,118.5033518,118.5033518,90.68745248,81.16200783,85.6607372,83.35071362,84.48993888,83.91645996,84.48993888,157.3872641,109.9536472,129.4624428,118.9132089,123.9637975,121.3859901,122.6613518,122.0203385,122.3400055,122.1799629,122.2599318,122.2199343,122.2399298,122.2299312,122.2349303,122.2324307,122.2336805,122.2330556,122.233368,122.2332118,122.2332899,122.2332704,122.2332606,122.2332655,122.233263,122.2332643,122.233264,122.2332638,122.2332639,122.2332639
4688,1503,104.0811962,30.66967255,305,104.0821882,30.67110531,185.0591174,,38.7145466,37.74576899,37.74576899,17.25939955,31.05887285,28.67487042,30.22515641,41.06088275,30.28240103,36.08464848,25.6235701,31.97821549,36.08464848,36.08464848,36.88942801,39.65552516,36.84805435,35.68997264,37.8811867,40.58149173,37.8811867,26.70191674,22.69890367,31.72618564,33.17558723,28.51312957,36.53818041,36.53818041,39.41116032,39.1432254,40.53637642,39.82762169,34.84376687,33.32740858,44.28134414,32.71094055,32.25073419,34.94123195,29.59986623,29.48931712,29.08234135,28.36000997,27.35986951,29.60945878,29.60945878,32.39284388,38.43535516,24.00766928,43.54332174,39.42087708
4689,1503,104.0811962,30.66967255,444,104.0794847,30.67048239,186.9244155,,33.56248857,32.30700039,32.64020774,33.27208385,29.27364419,29.53867307,30.26520403,31.50042812,30.93625036,28.88102557,24.67196685,31.93014927,35.04072358,33.59041078,20.39175442,43.15369272,36.80973105,38.30709084,32.56102721,25.15618302,34.01488943,27.59239409,29.83789769,28.6712467,29.83789769,29.83789769,31.74188188,33.2287166,32.35230268,34.97495101,35.10228006,40.59896807,36.95114546,29.97451652,45.23885014,39.66521093,38.72966307,34.10107581,67.80129932,53.83423166,37.50207709,39.0103128,40.32526716,35.46976226,35.28667377,37.29423738,40.98533054,48.47436267,32.12066328,45.03700361
4690,1503,104.0811962,30.66967255,904,104.0802769,30.66813158,192.1580615,,34.24599116,27.30095699,34.24599116,32.47106691,39.55441351,29.77485028,34.83520041,30.69980865,33.32622047,41.39231242,52.90776454,53.41845725,38.63507247,29.42784865,28.84987052,36.02963653,27.25484063,30.02345849,27.32515809,29.00336156,26.99745685,31.05491939,31.92859894,27.03798901,30.86721509,27.03541539,31.5567491,34.64619472,30.90802913,36.44980761,61.7650912,39.55602906,36.35640428,28.99322607,32.7554613,29.19698915,33.65078594,43.46192804,26.50456021,32.46173035,37.32566663,37.4929661,32.89886016,32.38095078,31.74553602,42.09547798,32.27733269,32.26700734,32.27216918,32.78526168
4691,1503,104.0811962,30.66967255,1136,104.0845712,30.66808938,367.8769472,,103.871138,96.45717479,91.9692368,71.01109973,64.60278097,61.48361235,35.95539394,43.08253123,92.61237832,110.3630842,62.17638544,36.26305561,66.88671767,55.22708526,50.79942981,105.1076992,51.83842491,52.37402496,67.34018693,100.5840767,52.20546486,52.1886685,94.59692928,52.19286659,59.1230808,84.53342615,63.36636411,59.87147423,52.44978257,65.74754976,65.74754976,88.29046733,72.49716199,71.29043945,73.98642514,61.36609371,61.36609371,71.97592445,61.36609371,81.24889631,114.7338994,61.06765275,61.03796822,46.30618916,60.50745905,98.4652052,93.82365735,55.21569241,83.29289371,178.9671635
4692,1504,104.0535507,30.68136594,548,104.0489797,30.67856027,537.0465409,,113.4203887,108.9562175,118.266002,111.5136293,103.9755478,104.3934961,91.5667986,127.2789695,110.997093,107.4391524,87.73080192,124.3767543,98.71990029,102.5659176,92.8511629,131.393911,111.3826058,132.074504,94.232132,83.37074374,93.62554708,67.11236947,95.23978065,115.6550875,91.75925711,65.64915271,67.86722412,52.39478448,70.9926884,62.46744902,73.54003603,109.2298049,89.87182091,81.72995736,103.3886389,71.34197591,95.61659482,106.277648,79.95730137,133.3356929,93.21926457,65.1696926,72.77418621,92.95036285,65.67145201,66.61042368,64.12496011,93.58022978,62.44503114,69.37921819
4693,1504,104.0535507,30.68136594,921,104.0552225,30.6801717,207.7638298,,25.79137198,25.79137198,26.42737563,23.30061643,22.80334717,22.94324501,25.97047873,25.70274183,20.16037162,22.06341555,24.36318525,24.93165958,28.11841306,32.3088461,22.83816144,20.1875786,25.26857389,29.46134071,21.36999392,20.8052792,22.73403609,32.80481523,16.92194089,24.52294385,22.39370621,21.80611625,23.19224147,25.44046896,30.57848681,22.26041034,14.36983261,17.78715309,21.33950891,21.36999392,20.40790688,28.11180784,29.27396428,18.7456087,33.16850498,24.16639054,33.9977176,30.70086351,19.8658642,26.97860793,26.5701523,22.03092157,27.37236184,21.58585245,24.64414456,24.60361142
4694,1504,104.0535507,30.68136594,1519,104.0589175,30.68386085,583.736897,,55.33051156,114.4166694,96.27074479,45.04722035,89.42352465,87.92689662,90.97198395,108.0438473,98.77569115,97.49636167,96.24974792,64.06868382,63.10669157,82.53938842,97.81781984,86.06632746,67.72921512,64.23654937,66.4729867,65.26251022,88.91901958,80.61839497,125.4598704,74.78479819,92.16898374,74.78479819,48.98491443,59.19585434,59.19585434,59.19585434,80.25188108,75.07103754,70.51855132,151.4560598,92.16898374,69.21211459,79.05771283,51.38026477,95.90809059,53.57432324,102.0122733,72.54727833,50.75973017,77.87278879,55.8897029,61.74689998,54.73829297,161.0308681,62.27365603,43.1067247
4695,1504,104.0535507,30.68136594,1618,104.051193,30.68263452,266.0299366,,28.64172775,22.56084268,25.79877266,37.86831709,27.95410892,26.01961732,32.09476447,30.08281087,27.53792315,31.35912809,36.60029701,32.03036026,34.76253255,40.29060882,46.04364287,25.60715967,33.22298005,29.89333661,30.33120417,29.09491965,32.91091999,31.50354512,26.77966506,37.08452166,23.55019111,33.98029442,30.29351289,30.29351289,30.29351289,25.68958615,30.39652869,30.50024751,34.48092788,28.89012886,43.23737119,32.11824844,37.74874129,32.68627207,40.58083779,32.20990264,28.74560595,43.30719899,32.44175939,31.49491165,26.84158553,36.13991592,32.71977355,36.67371118,29.149036,29.52850273
4696,1505,104.0267297,30.64356199,1517,104.0291648,30.64095505,371.39422,,57.07050227,47.45409732,71.57490321,62.30285144,66.61779731,56.92904101,135.0524436,59.16014124,63.21603745,63.21603745,63.21603745,53.50752144,63.21603745,71.21273992,81.52556049,81.52556049,90.03496242,81.52556049,81.52556049,58.35326534,51.092207,51.092207,50.60007717,50.11733747,48.66311891,83.5636995,66.05826047,73.78693113,66.05826047,59.43628326,54.02097745,52.02409307,64.20260226,57.47530111,64.20260226,64.20260226,73.46259297,64.20260226,53.37401964,58.28966505,55.72364437,56.34373365,56.97777886,56.97777886,103.6448986,56.97777886,42.79439572,56.97777886,61.89903667,60.59070865
4697,1505,104.0267297,30.64356199,1753,104.0282073,30.64453875,178.2376267,,28.87088666,25.76929543,36.25172068,32.13633336,34.07020122,34.07020122,38.82546123,91.66506516,23.94236777,32.21701034,32.21701034,32.21701034,32.21701034,30.701218,34.49760517,37.41431231,35.1271235,37.41431231,51.12792479,38.49932736,38.49932736,36.66602606,22.59350198,48.028103,32.98999774,43.65003103,26.51468827,39.22099365,32.96175288,37.7444386,28.94686268,28.8168618,28.94686268,51.56159917,51.56159917,51.56159917,66.49279338,66.49279338,66.49279338,69.36815742,59.59648197,59.59648197,60.41953447,50.49092115,43.79900724,33.7121956,46.58115834,46.58115834,46.58115834,38.4224824
4698,1505,104.0267297,30.64356199,1775,104.0238047,30.64667783,444.7725155,,44.55976965,57.85658738,116.4495313,80.55774357,80.19270729,80.92611833,77.35174183,135.1207642,69.73785086,115.6087405,84.27268715,93.36332687,93.36332687,129.1275045,124.1225625,124.1225625,124.1225625,124.1225625,124.1225625,154.7034837,137.7360048,145.7275136,137.7360048,137.7360048,82.11184902,113.5589401,113.5589401,113.5589401,113.5589401,113.5589401,101.4047534,68.72021699,91.6007469,87.6558972,91.6007469,129.6502879,107.3537416,117.4532225,112.1766218,114.7542974,114.7542974,127.4149381,73.99173086,192.9133802,60.19477653,82.02771802,170.3384102,122.2275615,122.2275615,122.2275615
4699,1505,104.0267297,30.64356199,1815,104.0250489,30.64238503,207.2705401,,56.31501467,52.2452374,50.42324227,48.72404489,44.3564432,49.14813088,51.35907188,49.57966408,49.09039108,35.75913471,48.21802548,51.81763503,47.37612345,48.41355681,48.94950025,48.68005345,48.81440503,48.68005345,48.74713667,53.81062097,37.4209601,37.4209601,30.08765905,33.35601003,33.35601003,33.35601003,53.55315391,21.88193385,32.66961227,32.66961227,32.66961227,32.66961227,32.66961227,27.18302165,40.58233924,53.55315391,55.27214403,32.92912376,55.27214403,57.39799572,55.27214403,40.73743099,36.10519085,37.30869722,37.30869722,43.89258496,39.34133274,61.66726813,33.61143894,30.08765905
4700,1506,104.0741366,30.65259729,579,104.0726028,30.65083318,244.5961223,,29.2669856,21.90413036,30.95669673,60.92504144,26.18547294,41.74852818,46.08982153,38.78424648,50.8036066,52.04896622,39.87980255,62.09774614,48.97363962,54.65458181,56.01635882,38.15799924,48.44820029,40.88605622,33.29096561,26.26404972,26.395265,53.80118371,55.23457559,54.72629212,36.96189385,39.2357809,28.34527733,27.97922053,33.87801373,39.96891943,34.90767256,37.63017266,35.33749158,34.64956492,35.13595373,41.50064509,31.01034185,27.48541936,26.56648183,49.71783214,22.24192338,46.38521723,30.54660355,35.57761779,39.57510293,26.40812867,30.6757025,41.41796991,23.90622734,37.31127289
4701,1506,104.0741366,30.65259729,1112,104.0745269,30.65307435,64.76008361,,20.63153106,23.08280208,26.72049295,15.54242007,33.78786971,7.154796774,21.43782078,26.43268719,33.86968053,23.25549137,11.11348892,27.10887221,19.07825704,14.5441617,11.73898797,13.82619165,13.14184335,14.84944592,6.476008361,9.081547619,19.98692873,33.66589184,21.33970718,19.67394945,24.90772447,34.69290193,40.90110544,7.377731044,15.13872084,6.897523698,6.613795773,9.744463991,9.564566195,9.557214491,9.564566195,9.564566195,9.564566195,12.15834686,8.695060177,9.248382189,9.068383094,12.48387154,10.48874974,10.03006404,14.04737772,10.0042397,9.611803693,11.89470923,12.97003065,12.91613856
4702,1506,104.0741366,30.65259729,1446,104.0719955,30.6538646,248.6309867,,32.78650374,32.78650374,48.057533,34.76006028,46.52511066,44.85169068,45.35596147,39.42403248,31.62797004,62.37432419,22.83345796,33.02847056,24.0287665,30.54851714,57.38683224,58.96011871,56.57075921,47.23332729,50.14481896,27.68976186,37.24292173,69.13030376,70.85072114,70.84962581,62.10446829,59.67114545,25.35613462,24.89767878,22.68875924,50.18945144,50.18946779,23.12846388,50.1894596,50.1894596,22.43287098,47.49308819,31.90985926,45.75445634,33.39819224,41.20007144,41.20007144,38.25092103,42.64784048,41.34279686,65.59302979,43.12298956,42.64784048,48.07689282,46.95457323,46.95457323
4703,1507,104.0458737,30.71002528,235,104.0428838,30.70972262,288.2871533,,41.74993303,66.24470755,30.47969903,34.42234666,100.7605584,45.87110506,59.02880699,45.25437872,42.75319266,43.92947098,46.65357425,51.54003424,36.0776507,54.6767864,33.88844904,38.92849782,49.97092997,51.09964313,46.81956775,56.96123775,33.61404864,51.20890222,41.29140875,45.02997683,41.40294222,27.93630557,51.12481536,77.56605022,54.82481521,59.99039028,44.97654396,48.3838579,85.06834032,42.15757045,48.69193207,48.80096011,48.52757426,50.34536566,43.35597919,43.18684013,43.27124438,45.92184743,48.81530387,43.12328608,53.08612542,45.71954854,47.68360909,65.06794683,54.05384124,56.91958421
4704,1507,104.0458737,30.71002528,326,104.0473091,30.70833999,231.9120538,,41.74416968,41.74416968,27.19489882,61.97437706,41.74416968,28.20552006,31.74461573,39.8618066,61.19564143,58.79460519,41.74416968,71.42538538,129.9429407,85.09570264,101.815048,32.02877469,74.21185722,82.38980861,62.30473087,43.59704406,33.84662406,41.16105475,33.84662406,37.07846307,27.01888005,37.16098191,46.70676328,29.25565987,32.35198425,31.23005214,72.7933207,61.38848483,107.0363325,74.32196385,42.3798677,80.084738,39.4184794,35.52695292,29.43184701,34.74157165,133.0491464,36.10306567,59.77685395,87.61894686,37.54585989,97.24099427,44.90919894,28.88869874,123.5034606,82.48671498
4705,1507,104.0458737,30.71002528,557,104.0456126,30.71340305,375.198357,,49.65860607,49.65860607,45.71911437,51.3051168,45.71911437,42.30424428,85.24843457,60.57013835,104.7065182,39.72688486,90.28837468,87.70870683,50.71517217,54.57430647,46.77797698,50.66444431,49.87252008,48.38378812,76.96376554,62.4318967,65.48916777,52.35325912,44.66647107,48.47060114,113.5053853,101.55745,50.77872501,54.53758082,92.46594579,72.73075844,62.05424586,75.8118289,62.97035362,54.46427763,63.01931969,63.37130428,48.93891613,69.14918526,55.26545697,43.10789634,55.26545697,75.45888744,58.40925774,66.31984051,47.7284129,59.50282314,53.05239926,46.51369462,40.84820822,71.0368039
4706,1508,104.0421319,30.66058405,1487,104.0430632,30.65952867,147.115181,,17.95430699,18.38407816,17.54417065,20.07637042,20.7601562,16.74670835,21.0652165,15.87369969,14.55985296,26.95239957,24.43435532,25.83486105,20.39798863,15.66907253,17.87226046,20.89209671,13.44933,17.67698248,33.7334173,17.27004299,22.37358214,19.68827701,51.25303082,21.80299838,23.1561684,28.55065507,35.54460749,19.4711269,19.98545855,17.35019334,16.8891199,20.36979429,16.30952175,20.62763979,28.62781901,16.97482858,21.57289823,15.78112788,16.73725761,18.18179302,27.12495015,21.72889488,16.37139572,20.26586677,20.26586677,21.76498569,21.72778058,17.7128646,16.22096942,22.0826123
4707,1508,104.0421319,30.66058405,1544,104.0385394,30.66145875,357.5976308,,63.0816778,44.08737914,32.44742208,36.99285836,33.78875252,36.26342171,38.00299545,66.97204185,47.0838697,68.62214664,79.58896265,81.15690912,138.9228206,33.43770054,39.88695495,43.77629757,71.76316654,48.50608406,73.45800119,28.046873,39.54321924,34.76196591,30.43384092,47.28274256,39.21862821,46.37433252,58.44007974,30.90879882,39.57022964,37.75224255,58.75878083,52.95018903,61.59576416,56.54545259,56.54545259,56.54545259,36.2804548,30.63299157,52.69385744,42.08750211,40.85832305,44.95988839,61.08429281,46.09344368,29.34134407,47.28563713,32.6877225,33.70030028,30.83476577,35.66290088
4708,1508,104.0421319,30.66058405,1727,104.0447227,30.66539556,588.2029864,,96.25139777,96.25139777,96.25139777,96.25139777,96.25139777,96.25139777,96.25139777,96.25139777,96.25139777,96.25139777,96.25139777,96.25139777,96.25139777,96.25139777,94.11247782,92.06655439,69.08746333,78.93870461,73.68528059,74.93197394,75.57127534,75.25026684,75.41042946,75.33026302,75.37032494,75.35028867,75.36030547,75.35529672,75.35780101,75.35654885,75.35717492,75.35686188,75.35701839,75.35686188,75.35686188,74.95684074,75.15631905,75.05644735,75.10635,75.08139038,75.10635,111.8414129,89.86467848,99.65581645,89.86467848,89.86467848,87.14677365,85.84855393,86.49279266,86.33082816
4709,1509,104.0698233,30.65116749,381,104.0696483,30.64887984,254.0940805,,50.64998282,44.89068442,50.22094769,48.34074268,51.20023197,48.65631329,36.81041005,48.23299182,47.18123913,107.6163164,119.5736849,93.57940561,53.02832984,41.64528522,36.08436646,61.09895829,73.9680881,45.6798347,59.09320473,33.26322508,48.78606346,51.98050156,61.886316,57.94486372,66.43192252,40.66336212,44.19027487,56.99306479,41.32855527,51.91760131,36.26317898,29.7046661,49.59266436,50.46834151,35.42268275,49.1134867,51.32193481,31.44544306,35.04745938,35.33514977,33.7541952,35.37663441,27.5247349,26.96071928,60.77997939,28.65273891,24.8908487,25.74656545,35.1822573,32.03988406
4710,1509,104.0698233,30.65116749,1396,104.0701792,30.65189819,87.8722986,,18.07658714,15.55503422,11.23766519,34.3848125,17.87990815,16.08120497,25.67697037,13.33311857,27.15367167,11.89249154,13.65743227,15.45479206,14.60256693,14.44944059,13.40582684,12.95827443,16.11719653,11.87760732,12.41767517,15.99563163,15.18404398,41.35166993,12.69773563,12.97703873,10.7598733,10.47566944,13.58898621,20.67583496,10.99676506,17.63042934,10.62584549,9.824232142,18.7080803,10.90201981,13.26374318,12.17083456,17.83873731,10.75073152,10.61099455,24.52250193,12.653611,9.352262379,11.53123724,11.13874208,11.07052581,11.54526551,10.02663312,10.06287746,9.919214265,18.99941591
4711,1509,104.0698233,30.65116749,1691,104.0665173,30.65097336,317.5138636,,59.9851264,59.9851264,59.9851264,53.79058395,59.9851264,68.54872018,63.9816477,66.18649197,59.27870742,55.21980237,50.35462154,49.61154119,28.79218914,42.01286092,51.79202125,43.29734504,37.63127272,46.02113373,68.72043542,56.55163433,44.69403359,56.797511,65.06925477,58.25942451,48.74413258,45.90561883,86.59469007,52.51377835,52.51377835,52.51377835,52.51377835,52.51377835,62.12227766,59.68929029,57.43969392,111.6259677,63.85753681,71.88993138,41.76796256,46.75050752,46.75050752,31.48897821,44.86947631,45.75860324,38.57311279,65.31713765,60.96266181,57.15249545,47.82635602,46.52849018
4712,1510,104.0140284,30.71606518,674,104.0182871,30.70949657,834.4591962,,65.59067918,43.82280243,66.38791395,106.9295878,113.3604946,100.5540789,85.15588533,60.68794154,107.4581795,84.00595935,94.10538795,122.9280044,105.7765178,118.3630066,114.1743157,96.20849561,163.2637558,131.3725848,155.65042,133.5833189,195.0683835,127.0356692,93.40235076,116.027131,125.7296121,132.1915558,112.4271372,231.526251,132.7269414,115.3187373,112.722443,218.4765896,128.3783379,157.6930764,154.5294808,155.65042,115.9866064,101.6256125,145.9458999,94.13405739,125.1688794,76.63400781,145.3164582,107.6721543,185.5394956,141.7006182,175.942576,120.7528067,137.8909622,99.14366688
4713,1510,104.0140284,30.71606518,1151,104.0096791,30.72093684,681.8958421,,94.48903124,82.1286394,81.6453582,79.57293457,80.65434691,69.4925699,80.65434691,127.0284622,89.26636478,93.48153205,46.31745343,123.7726907,146.7757866,85.06877908,123.3580418,120.6302227,54.999814,136.9225117,153.4265645,122.9461618,54.01155185,69.64042643,49.79361119,150.1775313,108.2613024,125.5664978,73.38789332,77.84857395,162.5711941,114.310828,128.9750455,107.4909702,97.41369173,71.15434874,69.93803509,85.23698026,85.68324717,108.8614205,108.4606052,110.2720298,59.69905232,114.7114501,65.90134313,124.4524731,116.6583518,91.99968827,52.23031982,91.99828359,100.7107705,91.99851769
4714,1510,104.0140284,30.71606518,1543,104.0116103,30.7148958,265.3543884,,24.84462414,31.95971222,25.28857176,25.28857176,25.28857176,23.21447869,25.28857176,31.89568608,28.21043332,28.21043332,17.47988652,25.30531916,25.30531916,25.30531916,25.30531916,25.30531916,27.33264087,26.27993943,26.79595507,26.66506066,26.60009184,26.63253663,26.61630435,26.62441801,26.62036056,26.62238913,26.62137481,26.62188196,26.62162838,26.62175517,26.62175517,26.62175517,39.74795278,31.88684417,35.3860646,31.88684417,31.88684417,24.84462414,27.9286499,26.29652309,27.08802375,26.88571505,26.7856897,26.83560917,26.7856897,26.7856897,22.82618395,22.82618395,22.82618395,25.4288145
4715,1511,104.0291032,30.63837159,819,104.0275948,30.63737767,181.7405365,,25.35914463,23.47142355,34.61724505,16.79399182,17.00496248,21.31159386,36.14728903,21.73640968,53.40946379,15.91758815,66.08746782,39.29525114,20.76527614,52.76338156,52.13274354,22.44480039,43.76360745,25.83478505,27.27528635,25.86031349,39.53268468,21.0883459,17.58779385,23.94385842,18.30114493,36.0504684,25.14594019,28.1102441,24.65439214,27.37514357,17.54064159,24.27702899,30.40403753,24.00975895,28.72387016,21.45134201,26.92452393,16.10005368,20.0234409,39.17760068,25.38374128,22.44480039,29.20830051,28.78002631,17.56418608,24.78280043,44.99146826,23.36664041,37.17420065,22.39103119
4716,1511,104.0291032,30.63837159,903,104.0307816,30.63957267,208.7901995,,20.93717878,30.55466334,20.07061998,22.95974702,36.75524294,22.07473475,32.14904697,38.15455422,25.0826936,26.39665384,32.30564691,28.79864821,31.18857752,38.99583493,30.38994818,51.71867328,39.59498077,28.33721841,23.25273684,25.19479503,17.5208559,69.9204389,93.37201468,27.13518838,31.12440764,37.77109137,27.77012505,23.47342424,34.71800084,30.30825477,31.91697317,21.26293404,32.02329425,23.67384939,26.66457416,33.89604141,24.16144241,22.88111775,22.02741325,23.06018827,23.34501596,28.47139084,45.51481859,16.89848737,23.29090897,25.39340264,58.95252692,21.18303574,36.96613369,41.5273325
4717,1511,104.0291032,30.63837159,1735,104.0310773,30.63634952,293.289081,,60.6282338,85.28600094,47.03076577,25.03475262,32.67592082,25.03475262,28.34947318,15.31313548,17.14027097,17.14027097,17.14027097,13.51043751,31.11951512,59.82100236,15.86537478,14.9977371,15.86537478,51.2544025,59.65201647,94.69423243,63.99034495,14.51327411,58.01322481,14.77733648,14.77733648,14.77733648,95.12078303,23.71343496,15.17012488,54.28486846,15.65367964,15.65367964,15.75293833,15.85346384,16.34428315,16.09513249,16.34428315,16.34428315,49.39605575,16.34428315,15.26884587,50.76157171,16.35694332,15.70023333,16.36962313,20.42245051,18.80393039,17.42311372,18.08720671,87.9867243
4718,1511,104.0291032,30.63837159,1815,104.0250489,30.64238503,590.6079178,,33.96467259,33.96467259,33.96467259,42.21769182,55.7688788,57.51637071,55.7688788,47.55244068,41.44616967,56.69836011,59.55710095,49.21732648,41.99878527,36.62684762,33.53609628,33.53609628,31.66326886,33.93756591,34.3487642,39.09153345,40.62306214,39.84258543,40.62306214,49.56760165,63.56318398,73.0091436,62.534956,64.21105335,62.534956,63.36192227,46.20140165,175.7180582,40.91971717,36.72173582,36.01674485,44.16677408,35.97611682,53.82755707,43.40425642,37.17112769,30.7252674,44.69912762,45.54816847,41.77187631,52.17640501,48.62638088,67.65914094,62.65012167,58.3316462,67.78496824
4719,1512,104.0904021,30.62313887,1210,104.0910757,30.61650609,737.9344877,,145.9650635,157.3483212,120.3426571,120.7529162,113.3668914,180.1060445,130.6506962,159.5534027,160.177216,122.4850277,135.0035581,137.448296,119.3961418,156.2684797,167.229758,124.1335554,162.4313149,131.9975834,188.7873684,179.8012965,148.2339505,198.2510564,183.2113211,108.8735882,161.1015255,138.7239768,110.4256118,144.4401653,96.4270111,139.6354353,173.2918562,99.87083292,152.9272129,139.5742989,197.6977976,159.3141922,141.9863258,116.0071684,101.7840673,160.2995418,176.3694045,154.9017,240.6853142,148.4252252,114.7543912,113.2863179,165.0039848,166.0352597,149.5164208,131.5809302
4720,1512,104.0904021,30.62313887,1244,104.0830681,30.62309815,702.9666312,,151.0853655,116.1979946,125.8430904,124.7095393,134.9579839,133.2688291,116.7679471,122.1642716,131.2394065,135.8624033,166.2817202,155.1802718,151.0994606,138.8449088,169.803586,183.8076866,158.6810803,157.8691927,151.8981124,151.5895868,127.5115824,170.1939524,178.3450507,112.9647727,160.709974,169.8442867,162.0997855,135.0992885,156.8867836,132.0887994,140.3134987,141.9672024,115.0407695,123.6346735,135.7302069,134.3808769,123.0084826,120.8518371,118.9229263,118.6698989,127.2307333,90.13105995,62.78247985,58.05791193,48.48709212,67.01177232,42.19206189,55.53288556,62.22983292,54.05373135
4721,1512,104.0904021,30.62313887,1784,104.0915652,30.62800793,551.025639,,151.2825396,108.5467743,113.0309003,113.0309003,113.0309003,141.0207796,107.6144105,181.4352714,172.2453516,163.9415124,208.8097158,151.7164283,122.6015019,103.3173073,87.67700775,103.3173073,149.7126264,110.3584034,103.5870653,110.3584034,114.0872639,114.0872639,114.0872639,139.6966409,125.5998291,147.4864164,91.97955024,103.4969896,120.3149235,121.3267462,98.20258913,98.20258913,86.81366741,98.20258913,105.1427014,105.1427014,213.7599462,140.9539769,156.8136206,156.8136206,156.8136206,156.8136206,120.0159559,120.0159559,120.0159559,110.3584034,127.9801484,126.5109885,126.5109885,110.8207989
4722,1512,104.0904021,30.62313887,1790,104.0948905,30.62569686,515.2104813,,174.9771446,174.9771446,174.9771446,174.9771446,174.9771446,174.9771446,174.9771446,174.9771446,190.7205895,209.5771449,210.7679242,210.1708479,210.4689626,210.3943546,210.3570705,210.3570705,210.3570705,115.2023436,148.873763,115.2023436,31.9785816,50.06093745,39.02699069,43.86066172,41.30288618,43.86066172,70.67426464,181.8389934,203.8195311,167.0952912,183.6393795,174.9771446,179.2036457,177.0651773,178.1279935,177.0651773,177.0651773,115.2023436,137.8148161,132.9575436,143.0404421,140.3790148,139.0850979,139.729061,139.0850979,139.0850979,139.0850979,139.0850979,245.6632759,150.7933116
4723,1513,104.0375073,30.70419899,440,104.034183,30.70224286,385.1798218,,48.54074767,54.33347043,84.5516682,49.32737639,46.50058211,39.11558134,41.02506978,30.52608384,44.68937159,34.04904502,40.94431176,58.04570338,38.8416627,41.4543306,50.42354031,41.72459454,50.83432271,75.36126948,57.4289192,47.74486724,68.707752,46.3198328,37.71479669,48.06403322,78.56358972,42.06742081,38.59455868,51.59870703,42.14733612,43.19773702,48.80842515,37.37593958,66.03082659,45.3894389,45.93887784,62.6874936,46.68846325,49.20679058,43.14014005,52.0904342,39.11558134,44.09053604,49.84951558,46.43263606,52.30837086,51.07356753,51.79210752,46.59135125,48.20825615,45.19220072
4724,1513,104.0375073,30.70419899,1253,104.0407784,30.70588248,364.6226101,,34.00625379,61.917047,52.0889443,41.67115544,29.88369713,64.34516649,29.63073129,48.45185098,65.80924855,67.14278242,47.62777762,44.83405149,41.83717598,24.81363698,28.6602925,35.98249442,42.15628732,40.20341183,102.8715828,27.92854035,28.28968527,25.1463869,36.53475059,46.38308821,70.83577482,40.08065332,52.33121847,43.28578389,56.7969835,41.80386613,150.0161596,74.10819457,38.75909635,36.58930722,49.5336376,78.33324615,66.31176541,73.33192158,31.49709409,75.43916071,38.19519097,29.83275901,44.81916846,91.70149478,31.95329592,38.00351466,36.87194934,52.89541153,57.91839295,46.92194446
4725,1513,104.0375073,30.70419899,1555,104.0341203,30.70829335,557.793825,,65.47302804,65.47302804,65.47302804,80.7259405,115.8494868,105.2441179,84.23061116,116.7475448,104.2759969,87.52431128,95.16861469,95.16861469,95.16861469,95.16861469,91.92533028,95.16861469,93.51886123,142.2137231,91.02709746,100.0277843,105.2303299,102.451927,103.8225435,102.451927,110.806376,101.4170591,110.806376,106.6068127,167.3381475,102.7139524,162.5957709,162.5957709,162.5957709,126.2267849,103.1536526,84.58541575,103.1536526,111.6621559,235.3192699,121.7004709,181.3144713,181.3144713,117.2588479,118.5083274,132.8959477,125.2904429,127.1090241,128.981176,128.981176,130.7388386
4726,1513,104.0375073,30.70419899,1675,104.0400369,30.70247519,308.5269538,,41.29752867,44.90310588,40.66749375,41.62512307,41.97348199,37.23422842,78.77283927,78.77283927,78.77283927,78.77283927,49.29128848,78.77283927,83.93176579,121.6091643,86.43556682,71.42746197,78.03492042,77.67112124,78.40214354,78.40214354,78.40214354,86.77320576,78.40214354,67.17925608,38.83556062,58.76703882,46.76619089,52.08426887,49.28217565,52.08426887,51.46285341,58.15167716,50.85609129,55.67403678,75.23773302,146.1443465,115.9996902,58.94029072,61.02730954,61.02730954,61.02730954,52.30912247,49.21848007,46.47267923,49.21848007,108.5371695,83.40653567,74.75246443,78.84273531,77.77876961
4727,1514,104.055294,30.67517099,476,104.0577632,30.67840135,429.1016293,,67.32523308,81.91940194,70.68069541,54.87622968,62.68211358,73.17697136,77.41694778,47.839033,65.78561565,64.9061288,94.11106233,46.01121092,59.34693722,34.71383967,39.54178836,53.60048111,49.40615774,50.28534718,50.95179766,56.93778353,68.05135971,73.3274936,46.88212035,64.32950579,56.20736928,66.84083072,73.14232318,62.84645506,65.35233698,42.15872273,47.40969409,49.93855169,57.02873523,50.01940202,53.50147307,73.67722728,61.62257305,53.51382905,58.96052922,57.21355057,63.24527597,66.78402478,58.70844144,64.33545946,56.86254719,108.3623756,49.20289419,77.6264254,63.70168517,64.3652444
4728,1514,104.055294,30.67517099,1685,104.0579058,30.67416757,273.80019,,36.506692,39.987046,27.63221781,35.30093974,64.98993519,45.4714297,54.4909469,42.30389202,31.59232962,35.2838905,33.07653302,42.64708206,67.97797821,31.29145029,52.15241714,62.78220917,32.47712303,100.069105,24.95394137,54.760038,31.46626286,22.15012773,29.14490491,34.95321574,39.63332063,32.58448542,42.80915023,23.73704236,50.74289236,33.46963273,33.46963273,33.46963273,24.9296671,38.97371504,29.52907981,38.33468873,42.76271948,38.46558767,32.15923928,40.79804156,57.98121671,62.66816337,38.95971083,29.58891359,25.73578809,31.12207843,23.60911818,38.24173362,43.57912992,42.1681576
4729,1514,104.055294,30.67517099,1717,104.0543066,30.67334374,223.5203052,,29.29635068,29.19550735,30.0732071,41.47799478,32.04366989,37.81358547,30.26509069,21.23148018,27.63473021,27.95945444,28.28376445,38.71484192,27.5572979,22.92515951,29.33194771,28.12137639,25.28033612,22.43512357,27.52587567,21.95560979,41.23507827,35.22830056,25.42411054,18.9557856,24.79732199,24.2006947,25.5046941,26.04120061,19.63575155,56.58741904,40.56323119,23.99962374,39.21408863,36.30104204,27.76944593,26.36111708,33.51807016,22.92515951,24.79732199,79.67060383,23.25644794,22.79527192,32.2126941,41.26528711,32.84379995,32.84379995,22.42678647,33.38892526,25.51817438,29.32482138
4730,1514,104.055294,30.67517099,1803,104.0514072,30.67709606,429.1385636,,48.32843052,69.92074356,42.70822417,45.50990764,88.44840622,47.49359597,61.97301892,50.57588712,78.5098219,74.17796777,46.87548597,54.79141825,63.2566057,52.27531197,74.69840492,68.73854634,45.78394608,63.12924277,49.88909027,63.39615966,44.56586695,59.91297397,54.48310916,54.10019974,48.96668238,52.25136963,42.21035052,57.33088866,38.40643453,41.39441839,46.75351719,54.85659402,47.34112857,77.97596613,80.3008343,54.82939476,78.28879202,79.022958,52.99824456,66.30467077,48.90467961,68.24511669,43.274477,45.19891249,41.69255918,44.1329613,36.48649074,53.93885931,41.00049971,49.47939093
4731,1515,104.0748457,30.66695776,186,104.0756937,30.66829634,169.1415537,,37.48783777,42.1390722,25.31848621,30.19386413,31.25284483,32.60560071,29.96602329,42.73049778,46.1586552,46.83919949,31.10649263,20.53657988,19.14810042,20.06291906,43.28741184,36.21382459,31.01407097,39.96159453,18.06853393,29.84850948,39.8631485,27.93163272,17.44726628,26.79470158,40.59397289,28.49440448,23.87880758,38.29620084,42.38349837,36.46165229,33.76578152,31.90547891,34.99480421,34.30476582,20.06291906,28.79005169,32.10419648,34.48284625,38.24809003,37.78136049,22.51052101,32.825315,25.33604411,25.91104652,25.05800796,29.06489706,33.70913703,39.09531899,31.48446708,20.74649381
4732,1515,104.0748457,30.66695776,1331,104.0713876,30.66829663,363.0218572,,116.1669943,67.53895018,116.1669943,63.7501798,80.07426211,71.39671859,85.79072338,92.75008989,72.04686595,67.00868122,102.2774624,70.60498642,58.89825637,61.06909747,61.868961,67.91920411,60.01739086,93.6311225,66.79107423,57.40316336,70.68985455,59.4663252,58.2011569,68.42296785,77.41599028,61.50017346,74.32485419,64.28336342,66.33901959,76.53755115,79.71607903,67.62632269,82.39226767,74.71880999,67.13238294,58.20070691,82.30455061,65.95638647,57.95470891,74.00917524,64.29907434,74.36009593,66.84801463,92.39973033,89.87131362,86.52438195,74.89276137,61.64522103,65.44619397,61.82978074
4733,1515,104.0748457,30.66695776,1605,104.0765093,30.66612382,184.2386681,,35.03129605,28.51501312,34.18861882,36.17777483,34.18861882,31.17552081,33.42003746,37.2617531,50.63047368,42.46712023,49.13031149,42.0808671,44.20028024,46.54450563,35.00048576,22.7533175,28.24783668,30.4946761,31.13892982,31.81099305,39.59756449,22.79241255,39.50911125,39.42105231,47.41799501,34.72561284,43.99729387,33.55442859,33.55442859,28.03293344,33.55442859,39.14683336,39.57056538,40.00357088,61.41288937,25.46100596,39.29260694,26.3546704,26.3546704,26.3546704,26.3546704,22.19495388,22.19495388,22.19495388,52.43155772,31.18773691,38.52958039,38.52958039,38.52958039,38.52958039
4734,1515,104.0748457,30.66695776,1626,104.0732972,30.66451347,308.8657347,,75.72367308,69.24423549,76.33295043,68.49104227,70.28550221,57.06638921,77.82443709,100.3987941,80.1220961,64.64631657,51.65698699,84.15110837,106.6379364,73.98684899,86.98174539,60.98263136,52.75998315,62.77581623,67.32088666,53.84584237,61.63617766,72.60128769,62.37961542,63.44544349,63.67960423,63.21299857,65.49442084,43.2652391,69.06314565,35.41135812,63.61079204,49.57590136,58.95634385,150.2590061,58.95634385,53.45753101,53.45753101,53.13819092,53.29738262,50.25611954,54.23983634,55.95791285,51.59706009,50.08633536,76.55192048,40.84175004,65.90145659,57.53773066,67.04062457,44.12367639
4735,1516,104.0385937,30.68899368,420,104.0364018,30.69170185,366.2891095,,26.91392748,38.51451754,25.12822946,39.02227729,29.46317564,30.58072343,31.28860308,31.23395507,29.4339463,30.24405491,27.05597936,27.68885067,41.81543949,47.06465148,33.76595132,36.44667756,38.09134658,38.26413019,41.57469263,37.18471422,32.06142952,23.41128796,35.45466458,40.58248213,33.77665969,39.24526173,37.63960402,30.78881107,30.63044818,29.45586286,30.99038294,32.00584452,52.23489062,30.76623412,37.91791959,37.97381697,31.24741218,40.95157746,42.21902223,40.44910412,36.87474257,59.62204042,27.85860833,31.67634029,31.52322605,30.48175669,21.94077861,30.50643827,33.47303793,32.91116791
4736,1516,104.0385937,30.68899368,741,104.0403035,30.69333808,508.5857965,,54.7356911,70.89676156,68.75039164,66.66941711,66.73016373,63.57322456,69.23604962,68.45318817,55.31446729,55.31446729,55.31446729,55.31446729,55.31446729,55.31446729,57.2875115,55.31446729,106.0357938,72.79955735,86.46558996,82.56635253,80.77910348,81.67433437,81.22425225,81.44867151,81.3363071,81.39245053,81.36436913,81.37840742,81.37138767,81.37489739,81.37314249,81.37401992,81.37358118,81.37380057,81.37369088,81.3737457,81.37371829,81.373732,81.37372516,81.373732,81.373732,90.08161988,95.17395181,92.55779644,93.84764525,93.84764525,101.4353943,97.4941083,99.42570799,98.93566786
4737,1516,104.0385937,30.68899368,1492,104.0396273,30.6876936,174.8263326,,17.08516586,14.76539114,16.71646208,13.33421181,15.88327564,15.31325541,18.21634725,16.42204298,12.58749595,15.68535321,13.37672258,13.13021135,17.95648495,12.6507497,34.86840983,31.39026421,16.7016753,17.24314513,14.79141709,31.39026421,25.20019209,15.87326097,26.50696699,27.21253008,20.43424667,21.80282208,29.89904025,27.03264121,29.00344688,28.94508985,19.63727917,13.45536713,20.20464839,20.43424667,27.725762,44.27273903,42.66947779,39.45923494,28.18096108,21.96770671,16.43991635,16.97571942,30.05072168,19.35346855,29.60370637,34.11245514,11.299368,20.23713175,28.18096108,21.92943545
4738,1517,104.0291648,30.64095505,903,104.0307816,30.63957267,217.9040005,,47.30378303,31.88839032,41.99434699,23.31216647,43.31609066,31.8167933,46.69371439,34.71037176,37.09004264,24.51420006,54.47600013,33.93152319,57.05122922,40.43579391,47.83258548,28.31965349,52.47186634,47.83258548,47.83258548,44.46300254,29.97676243,57.46918695,37.4084121,38.26606838,39.45947695,47.76785939,38.75762855,43.29218553,43.5002441,34.8723895,36.0945277,46.38082786,58.32374735,33.72184425,42.41249301,37.66887884,59.73003061,43.43000148,31.31554498,34.19964694,37.65946021,33.05793225,51.45837914,33.42993855,51.77284002,29.16187367,25.1082799,33.42993855,86.6800444,35.54971267
4739,1517,104.0291648,30.64095505,1505,104.0267297,30.64356199,371.39422,,28.6606472,53.05631714,64.59029913,51.6972138,84.22168139,57.05049889,55.07803057,74.07308543,69.15616512,57.63013759,63.60700247,80.48272036,64.82517295,96.14520032,81.12980534,87.2265324,65.99304995,82.53204889,71.21273992,87.57767631,46.61102038,72.01180566,80.54332482,93.10718607,68.65310357,70.36943116,58.13126922,87.78852213,79.32590208,56.4143119,92.20822014,60.04577209,72.14132332,45.1695673,76.48851213,101.3746649,139.2728325,76.29210796,106.4293884,99.21069946,48.61887971,59.88887758,72.92831958,83.95724911,67.10259433,56.4143119,81.67080839,99.49910266,78.39838896,64.43465986
4740,1517,104.0291648,30.64095505,1631,104.0304369,30.641869,158.5035476,,23.63886992,20.52563926,25.8020697,26.58959792,29.32862148,24.29616423,27.66607376,28.13210048,21.65513364,21.65513364,21.65513364,21.65513364,31.83334847,21.65513364,20.74955532,21.19267489,20.96877433,21.19267489,21.19267489,22.63213768,23.42777609,23.42777609,23.42777609,31.58373273,31.58373273,73.78613423,44.23354817,55.30980011,49.15544335,52.05133604,50.56195868,51.29583862,50.92625487,51.11037861,50.92625487,50.92625487,25.70327799,34.16363475,29.33565005,31.56610147,30.41003201,30.43268114,30.43268114,30.43268114,30.43268114,30.43268114,28.248157,28.248157,20.74955532,22.22445069
4741,1518,104.0964616,30.64524213,911,104.0983198,30.64447256,197.435632,,29.10598998,17.12694639,13.4297265,23.8512844,28.61385971,18.82331237,22.74978476,23.40620006,27.98300296,20.14141838,24.55158118,19.7985592,25.51475859,26.23971482,21.93729244,24.50321559,18.42561958,30.20261793,25.40726632,19.51319904,23.5431691,18.538557,29.84331456,41.64657862,29.86421324,15.43470739,27.42766222,20.78269811,27.51361066,26.12379863,26.17931032,20.9820893,26.731778,33.05898954,21.77765684,18.87830744,32.17116515,28.71791011,34.81314,23.15206108,19.36038884,25.90263394,23.86908387,28.17713678,32.49756974,22.41287427,26.33558862,25.02705194,22.58797485,24.94597078
4742,1518,104.0964616,30.64524213,1712,104.0946578,30.64250692,348.9631013,,53.52826332,57.78597814,62.65671644,63.03849571,62.65671644,53.50371229,57.71960325,47.18078985,63.87799141,47.13948085,53.64078415,47.94912842,51.88123985,51.57695104,51.2762108,50.25068659,50.86101881,75.45148136,50.81986912,64.42395716,42.62661247,50.96418518,49.32064023,47.94912842,50.77292237,56.90904483,40.52474725,54.19616759,45.76565263,41.59825049,83.75114431,60.5673201,53.87850598,69.15232098,60.33944115,61.0431081,61.28132511,52.43185161,77.0716052,64.02267544,66.82272153,51.6628032,71.37881618,51.6628032,51.6628032,49.55689013,54.22345867,57.05118822,94.93202758,65.23642546
4743,1518,104.0964616,30.64524213,1718,104.0932502,30.64666933,346.0063643,,33.00537656,34.80365777,37.9531661,32.57595061,33.53256222,51.47202114,45.02251487,39.79625915,37.05832388,50.25205896,41.24579177,22.57926728,26.16854856,38.82864437,47.72501577,30.29484178,56.55495625,39.44965674,30.38104662,38.0536531,31.64692356,39.46007111,30.27450568,28.30961162,29.01617431,29.00169759,54.84909342,48.8692511,39.08858508,46.33439225,75.49229767,42.11030803,48.6333982,55.63300185,81.14807241,81.53168147,26.799116,48.31116658,49.54745074,48.62548775,21.11225274,36.74403869,33.25461625,28.71989585,48.25118548,40.9183546,53.61361169,60.97691706,115.9797869,29.48537126
4744,1519,104.0589175,30.68386085,512,104.0601849,30.68391526,121.5519876,,26.20282367,24.77843462,32.65575786,14.06128391,21.08853761,15.41054923,18.98425837,28.09548349,15.70203461,21.1394761,18.04483115,13.34107181,13.4458327,32.48260963,23.27591252,24.40077075,23.73890536,13.37602658,28.88364062,13.58966321,40.5173292,34.45568152,13.52665086,13.52665086,21.55601751,25.40418899,31.03455003,20.59233672,12.32639874,23.84671146,26.12460629,13.83948307,13.83948307,15.04597669,21.60924224,28.29227297,23.27591252,22.15631166,12.88916511,14.3848506,12.89296274,21.95253288,21.45035075,29.90345026,11.63795626,23.70461297,27.82748206,22.73180028,12.12152785,23.03090291
4745,1519,104.0589175,30.68386085,1068,104.0566467,30.68829729,537.6552034,,50.43801257,92.35054293,50.43801257,86.40115759,84.15472749,79.89922527,84.55914077,76.65579138,83.07119022,85.50231838,85.2626985,79.11002992,68.09886925,78.04672307,91.39455344,53.11996521,68.97928483,66.06002499,110.8144312,64.72764075,48.10833635,65.91005898,63.46094204,91.92794505,84.89292685,62.27666449,54.46377385,54.52278119,93.73165774,54.52278119,77.65531524,123.2839957,64.95163531,66.18323299,77.61992728,135.3537575,159.9635316,75.60776298,88.33685898,95.3477208,73.37220365,59.01093696,77.2866772,77.27467772,46.30523283,63.87982615,65.33654271,59.2638926,57.35761329,66.40517921
4746,1519,104.0589175,30.68386085,1504,104.0535507,30.68136594,583.736897,,67.49848489,54.16115539,48.30926044,83.09265565,87.80443577,54.58319037,47.54418166,41.87551304,54.76098578,49.97509701,104.7453124,58.49555544,38.87979332,152.832933,107.9051517,100.0691823,73.68347928,65.28503784,68.36772116,60.09056293,42.07112771,63.25866433,50.42478294,90.48236078,68.93776368,123.1320017,66.47162136,66.12501036,77.16473058,45.36325589,50.03459117,87.46942057,42.755907,118.4827325,57.00143297,54.82731943,82.83027612,69.4121496,48.30926044,80.12075056,57.31234988,55.12007421,102.2604783,101.031386,93.39790352,43.64388015,41.8199568,119.4007289,67.87394747,68.65000168
4747,1520,104.0139132,30.67782934,768,104.0122093,30.67825796,169.9984921,,21.89604907,21.89604907,17.94705488,25.49977382,37.89440072,25.71405763,19.80564957,18.61580446,23.26975557,51.42811526,30.07344332,30.07344332,28.88469954,30.90881675,29.19763386,15.6921685,20.60587783,20.48517394,24.47978286,42.79682319,30.67641963,26.32234716,23.57812991,45.11016497,30.54881389,25.27593728,26.48130874,26.24789288,28.14025053,24.23740877,22.33556831,24.28549887,25.18496179,51.64511152,24.7270534,24.82736599,22.54123652,29.76466438,65.10580549,49.95874054,20.45094642,29.58877865,48.74508734,26.26586144,22.75072757,44.24057145,14.85423717,25.82255576,16.95275821,25.66014975
4748,1520,104.0139132,30.67782934,1660,104.0160533,30.68223444,529.519934,,95.31358812,95.31358812,95.31358812,95.31358812,95.31358812,95.31358812,95.31358812,95.31358812,90.43647805,90.43647805,90.43647805,165.7627619,117.0261113,126.3103812,131.5277606,128.8662838,131.5277606,130.1834208,143.3287039,98.16023493,84.79856594,90.99149224,87.78594347,90.99149224,90.99149224,254.1695683,134.0085597,175.4910713,151.9698465,162.8857047,157.2385524,160.0123192,158.61331,158.61331,125.3369216,103.6017262,99.28498763,101.3974342,100.3300928,100.8609398,100.594816,100.6612152,100.6944477,100.6778287,100.6861375,100.6819829,100.6830215,100.6835408,100.6832812,100.6833461
4749,1520,104.0139132,30.67782934,1897,104.0156394,30.67735996,173.3499564,,45.30379986,32.10184378,22.09061391,22.8872803,25.31112477,27.73256925,30.66633135,31.55801988,31.55801988,34.35979865,42.24776501,37.70754339,23.81907798,37.48107165,69.72735676,34.47844437,34.47844437,26.00249346,24.28248416,22.77590668,22.77590668,22.77590668,51.0130662,38.47471289,38.47471289,38.47471289,42.86125296,48.37673202,58.59716836,27.46137923,19.17234541,18.51809623,19.17234541,46.48490451,27.14779089,34.27723134,34.27723134,34.27723134,73.41880506,32.22339981,64.00613775,42.93989747,31.75877064,39.24904673,41.60398954,39.24904673,35.05954174,33.68744092,34.35979865,41.00261781
4750,1521,104.1237274,30.67169125,1734,104.1225333,30.67210855,123.3912942,,14.10186219,14.10186219,14.10186219,14.10186219,14.10186219,14.10186219,14.10186219,14.10186219,15.61366113,15.61366113,16.45217256,16.02195344,16.23421322,16.18062276,16.15395999,16.18062276,16.18062276,18.66422937,17.33391512,17.64839244,17.97449131,18.58097363,19.63353189,19.22981208,19.22981208,14.51662285,16.54408414,15.46418309,15.98591666,15.72072229,15.85221043,15.78619256,15.81913262,15.80264542,15.81088472,15.80264542,15.80264542,15.61366113,15.61366113,15.61366113,8.796211072,12.27943771,15.31094043,13.62864534,14.4208959,14.01358219,14.4208959,33.65217115,20.18986875,22.43345302
4751,1521,104.1237274,30.67169125,1792,104.1237401,30.67079064,99.82069604,,25.66817898,14.78825127,8.796927925,8.796927925,8.796927925,8.796927925,8.796927925,8.796927925,8.796927925,8.796927925,8.796927925,8.796927925,8.796927925,8.796927925,8.796927925,8.796927925,8.796927925,8.796927925,8.796927925,8.796927925,8.796927925,8.796927925,8.796927925,8.796927925,8.796927925,8.796927925,8.796927925,8.796927925,8.796927925,8.796927925,8.796927925,8.796927925,8.796927925,8.796927925,8.796927925,8.796927925,8.796927925,8.796927925,8.796927925,8.796927925,8.796927925,8.796927925,8.796927925,8.796927925,8.796927925,8.796927925,8.445464295,8.617614047,8.53067076,8.552241696
4752,1522,104.0306416,30.70598336,440,104.034183,30.70224286,535.6265217,,45.80179283,52.79998571,58.21148613,46.55372955,55.51599266,48.20638695,38.07556657,58.80508463,66.0240335,42.37924128,50.51921999,46.49199465,67.93618832,46.80231743,49.22943617,52.46953682,181.9108942,49.3664997,42.51941517,64.38248675,65.95401199,51.03905448,41.43815498,49.44244816,45.63146838,66.90863797,49.56954957,58.13835612,45.58523589,71.97221068,52.99831823,72.60779099,62.58029949,77.43997904,74.74824181,51.53007691,69.07183801,69.09297841,44.84315065,50.92223973,64.67942904,51.62665269,43.16989876,60.31183355,59.54622028,78.94597659,61.74651576,70.11306943,66.72164284,83.02002895
4753,1522,104.0306416,30.70598336,1205,104.0271056,30.71034592,590.29758,,44.47084907,41.02454224,48.54927877,115.2841567,55.53926921,63.39441303,58.86624066,45.13425745,77.41607607,53.39375095,79.74001081,58.6804695,60.97765532,68.75663977,94.16859473,78.99893264,68.41826426,49.69764471,53.43850682,64.21842021,58.39444803,89.16383028,67.37091946,67.62358912,42.93073309,61.47747216,59.44255351,58.64962157,55.93631053,68.55068671,67.46258057,84.38109606,86.15153869,78.03199345,70.62383809,63.45390529,47.67406142,109.3143667,51.45451061,59.65949714,64.00817133,58.06205705,68.99582104,119.0516128,59.52580639,53.95103411,49.73419932,52.34165734,55.48489003,65.85964735
4754,1522,104.0306416,30.70598336,1555,104.0341203,30.70829335,420.159762,,46.32797044,129.5567574,129.5567574,129.5567574,129.5567574,129.5567574,129.5567574,129.5567574,129.5567574,129.5567574,129.5567574,129.5567574,129.5567574,129.5567574,129.5567574,129.5567574,129.5567574,129.5567574,129.5567574,129.5567574,129.5567574,72.37201642,92.86723826,81.34857913,86.72711805,83.9517901,85.31688994,84.62883544,84.97146986,84.79980655,84.88555141,84.84265731,84.86409892,84.85337679,84.85873754,84.85605708,84.85739726,84.85672717,84.85706221,84.85689469,84.85697847,84.85695753,84.85694705,84.85695229,84.85694967,84.85695096,84.85695063,84.85695048,84.85695058,84.85695053
4755,1523,104.0388748,30.64572827,413,104.0351193,30.64569618,359.9021833,,54.76772354,66.42644757,57.07699823,72.55628014,54.32485786,72.55628014,74.34045097,65.4367606,77.85565506,73.43753053,104.4877306,79.24451742,73.13520304,59.36286213,78.52411272,59.12242135,59.62998087,57.52043773,55.60720429,59.63159679,52.04016684,51.18355078,59.63171799,59.76120324,137.8348787,78.28687975,67.7832123,59.63170284,48.16534795,52.71146704,68.19199263,52.52626458,52.13874688,69.65848709,87.54377432,96.6901388,57.20299602,69.44513796,61.77105411,64.06264159,69.47173511,67.83496649,76.43940176,81.6334683,91.01247177,74.06583446,128.2819663,93.38002594,140.4496325,74.14293905
4756,1523,104.0388748,30.64572827,1502,104.0389672,30.64457082,128.5858497,,20.99360811,20.99360811,18.49786449,18.27224516,31.27763912,24.68848314,22.80340192,36.93423343,30.25549405,12.85858497,19.13209578,27.80234588,24.4925428,22.1487588,15.85304996,21.71385017,19.04383697,21.39962783,26.45194622,19.70075166,26.28031965,25.93328061,23.49380943,11.6017308,37.45218923,25.2973543,21.3322147,22.97813847,20.36373296,19.61479063,53.82663476,25.63527946,24.23607638,20.61779106,25.15810103,27.39106858,23.26894633,24.22550679,21.5306539,14.83682881,17.90750711,31.27763912,20.53748617,31.92476268,32.09944154,35.97738799,33.30280999,25.57508613,22.93900193,22.83019999
4757,1523,104.0388748,30.64572827,1875,104.0387774,30.64694972,135.6962011,,18.50402742,13.82565068,71.24050558,42.35603966,34.81869736,41.12006094,66.0143681,55.26089638,43.23064814,17.82869795,31.37316505,31.38156256,31.364772,41.39884101,66.19326883,27.75604113,79.11033586,68.88455802,21.02609716,32.35141218,55.23312708,23.42153608,32.5129001,45.20744425,29.71449659,35.91958264,54.2115526,49.9325033,35.10825738,17.99949609,31.97030916,16.50359203,19.23253244,41.72720277,18.38794193,60.87306218,27.13924022,24.00522476,16.08692614,25.53804531,30.17333687,27.66285862,23.17431691,19.93903363,18.6275052,39.44111034,11.61727286,19.50774006,16.17570609,15.91225811
4758,1524,104.0712373,30.65325114,1214,104.0688632,30.6551454,309.5487818,,60.02023057,60.02023057,61.73826119,84.32411515,69.1545151,80.26715112,65.43307583,64.6014849,77.29773047,88.58311721,72.03462278,85.72120111,69.37256232,70.24667021,65.16816459,57.62769823,80.75185612,79.31499035,64.15980508,68.34694713,66.19336334,81.09756753,84.6361226,76.43026219,69.04496457,72.01100746,72.6768441,64.0303547,81.19317728,62.16877711,61.5677213,68.89493267,65.74486959,91.75590859,57.61910305,151.6157299,65.79339421,85.39276739,107.1515014,74.22984942,50.45277259,66.18414934,67.84630834,86.84010243,53.89501203,59.23591306,64.30635908,61.18740505,59.4756599,56.84864759
4759,1524,104.0712373,30.65325114,1446,104.0719955,30.6538646,99.50670832,,23.94146366,19.70520192,18.89118787,18.60214428,19.22061167,20.68293642,19.46110181,22.8315276,16.83779788,19.43536528,16.86690866,15.84843467,18.32983418,19.36264989,16.45057625,17.84265962,21.55073523,19.96834699,21.41082704,16.38249769,18.08827976,22.96308654,18.01574934,21.16479034,21.07133543,18.15278204,16.17264785,16.38142582,16.38141951,16.23947276,21.3222046,16.38142188,18.6004915,20.78607317,21.11859395,16.38142188,20.25772762,21.46340024,16.23985569,15.64297598,18.97457426,16.92930765,18.691581,13.89812415,17.33342661,18.20707242,16.47007586,13.69882027,18.52085221,32.41847511
4760,1525,104.0280757,30.71936843,274,104.0293725,30.72050051,176.5290593,,16.55346798,16.04022021,17.79034873,20.30366177,14.64622929,19.80896504,15.35035298,18.61943566,17.83663983,20.23838068,17.82121743,21.70902647,13.63256232,21.81990089,14.4943463,22.02788955,12.98746747,16.18982541,18.09008293,16.5650728,14.19046148,27.11692956,24.14536666,15.16164623,32.85408789,21.18720417,21.81178778,20.86186667,16.70512226,74.76524864,19.51752679,22.39006272,20.41547634,26.9697174,42.5086698,30.33434909,42.5086698,42.5086698,42.5086698,31.86627718,40.17472386,35.90421545,33.31610031,34.56177368,28.70715363,34.24170337,34.16260994,34.12320008,34.14289364,34.13796813
4761,1525,104.0280757,30.71936843,1459,104.0267474,30.71669401,322.5496574,,34.82983712,27.91274144,32.100362,30.03048534,32.24607285,41.50576372,32.37237448,33.68117345,31.42197728,27.39008442,29.15719757,29.36232452,28.50196686,30.09767121,45.43668919,35.29910499,25.95711154,40.73218076,32.19524141,29.00740123,30.83831951,39.53369564,39.46689253,34.75652933,30.85171272,38.42317247,46.86725422,34.15189813,31.72085638,34.2988724,48.30696897,47.55803715,41.15680518,39.20240282,32.32083325,39.75954376,39.07203309,54.66370792,42.42948275,60.27177343,46.38916421,42.68690834,41.49701242,45.30419065,37.31940565,59.83515601,53.27708234,52.91564763,35.99004356,32.02416657
4762,1526,104.0621684,30.67466021,317,104.0623267,30.67481854,23.19129935,,4.259626411,3.346239586,2.752373989,2.296799936,4.4766047,4.664171936,3.938145173,4.680514515,3.844451772,3.938145173,3.938145173,3.844451772,3.910476705,3.442832068,3.400760801,3.535159251,3.52911077,4.190146934,3.829755856,3.261541896,3.695466748,3.328894644,3.548914583,3.731685005,3.811361956,3.496910349,3.505471623,3.501185752,3.503327377,3.502256236,3.784845516,3.784218669,3.784532066,4.226053478,3.877684551,4.283607058,4.173347577,4.133067744,4.000330378,4.12180309,3.971328324,4.578365364,3.986090674,4.57999491,3.984856288,3.984239381,3.984393591,3.876366496,3.984432144,3.984441783
4763,1526,104.0621684,30.67466021,1745,104.0579073,30.67652495,457.5318851,,53.95953436,66.0166247,68.93496359,52.80624481,81.21534059,87.16814747,58.96680271,82.35573932,53.68109027,119.0685388,119.0685388,119.0685388,119.0685388,119.0685388,119.0685388,119.0685388,119.0685388,119.0685388,119.0685388,119.0685388,119.0685388,119.0685388,119.0685388,119.0685388,119.0685388,119.0685388,119.0685388,119.0685388,119.0685388,122.9190139,120.9631422,121.9332353,121.4462515,121.6892562,121.5676325,121.6284139,121.5980155,121.5980155,121.5980155,69.49851419,178.0664634,128.0555713,112.287331,119.6541956,115.8537711,117.7233194,117.2502983,117.0152104,117.1326364,117.1032578
4764,1526,104.0621684,30.67466021,1847,104.0608677,30.67261623,258.5427268,,45.32891964,45.32891964,45.32891964,50.72227883,47.87417829,49.25709283,48.55579088,48.90392774,48.81642635,48.77279297,48.7945999,48.7945999,48.7945999,57.46292248,57.46292248,57.46292248,42.38956873,57.46292248,57.46292248,57.46292248,57.46292248,43.90348191,49.77630199,46.65580733,48.16556584,47.39866728,47.77903938,47.58809327,47.68337518,47.68337518,47.68337518,70.19259551,56.78884079,70.19259551,74.95500837,80.41069689,106.3718647,66.48241546,81.82451134,73.35990672,77.36135617,77.36135617,77.56281804,77.36135617,73.02535705,58.41551151,58.33009085,47.40681579,58.24491968,58.20849384
4765,1527,104.0854983,30.62349813,1802,104.082953,30.62339951,244.2100091,,25.34275565,28.35225045,34.06131296,27.48794266,25.34503878,29.01520405,29.07742791,20.35476055,37.88104989,36.64030913,40.04389586,27.54535873,26.3763295,35.59336165,35.59336165,35.59336165,35.59336165,35.59336165,35.59336165,35.59336165,34.8180607,34.8180607,34.8180607,30.68607444,32.62174519,31.62431773,32.11528887,31.86791238,31.99112241,31.92939853,31.96023067,31.94480716,31.95251705,31.94866164,31.95058924,31.94962541,31.95010731,31.94986636,31.94998684,31.9499266,31.94995672,31.94995672,37.49066238,34.49926155,35.93281105,35.20144732,35.38148288,35.472193,35.42677987,35.43812224
4766,1527,104.0854983,30.62349813,1854,104.0894085,30.62850815,669.8970705,,75.96466607,92.51775397,85.36741429,118.7994805,87.41747001,76.97676814,89.07424285,60.75271008,65.53340907,65.53340907,65.53340907,65.53340907,65.53340907,65.53340907,66.07203983,65.53340907,65.53340907,56.21513878,65.53340907,116.2231062,83.80988545,97.39038683,90.09122405,93.59871743,91.81148358,92.69648662,92.69648662,92.69648662,95.447076,78.94040765,106.7092679,90.74805094,98.08355684,94.27332338,96.14070328,95.19785668,95.19785668,95.19785668,69.80114193,80.54496284,74.7891725,76.14959622,76.84853812,76.49747069,76.67260256,76.5849365,76.60683422,76.61778777,76.6123106,76.61367981
4767,1528,104.0496097,30.72806879,1019,104.0494214,30.73264506,507.5159509,,51.43018785,51.43018785,46.51960339,44.23867853,37.95497114,49.92812771,51.80692126,58.40256809,54.58124487,55.54256303,56.35346319,45.41596276,46.93898071,51.13610306,206.4471665,64.34834912,51.70917236,60.34871753,58.41910226,55.33393673,56.99535732,61.6468131,54.6554423,62.40555997,65.16235562,61.75805662,79.61034524,63.39625484,65.28410999,47.21078613,62.09565181,64.64778167,63.01471206,62.17753408,66.43821581,71.8708993,79.61034524,68.94559491,68.94554727,68.94557108,69.53595475,71.63760521,75.61541387,73.71191929,74.52782637,84.3389051,74.21975345,77.76813059,75.95252101,76.39842899
4768,1528,104.0496097,30.72806879,1678,104.0456118,30.72816811,382.935062,,37.6657438,36.71281553,35.88147379,42.09362514,42.09362514,42.09362514,42.09362514,42.09362514,42.09362514,42.09362514,42.09362514,42.09362514,42.09362514,42.09362514,42.09362514,42.09362514,42.09362514,42.09362514,42.09362514,42.09362514,42.09362514,42.09362514,42.09362514,42.09362514,42.09362514,42.09362514,42.09362514,42.09362514,42.09362514,42.09362514,36.90940357,127.6450207,57.26131768,79.05756119,66.41692132,72.18805292,69.18234006,69.18234006,69.18234006,37.6657438,48.77587323,45.42608114,43.91799784,44.65931164,44.28555267,44.47164686,44.42497684,44.40167855,44.42497684,117.324785
4769,1528,104.0496097,30.72806879,1699,104.0558705,30.72777242,600.3521143,,53.6827524,58.12492927,55.98685628,62.93732124,53.02020366,74.38219355,77.46478894,77.46478894,77.46478894,77.46478894,77.46478894,77.46478894,77.46478894,69.56869993,73.30472397,71.38786495,72.33359736,71.85761956,72.09482286,71.97602577,71.97602577,46.18093187,56.26278823,56.26278823,58.04881167,59.95194484,74.6551852,66.50054189,70.34231445,68.36750056,69.34084978,68.85073526,68.85073526,68.85073526,45.21480359,74.39819661,75.30549169,74.84909477,75.07659962,74.96267458,75.01959385,75.00535593,74.99823898,75.00179729,74.99823898,74.99823898,66.99779113,63.60524198,66.99779113,86.45070446
4770,1529,104.0160869,30.64749339,1300,104.0114083,30.64760226,448.4981114,,49.04138228,56.12722599,60.60785289,65.82116596,53.33090672,54.90676822,42.69151774,38.83100532,85.57914492,69.99681506,60.1898677,58.37285615,82.16759293,58.80412282,63.52497839,42.15648044,43.97439494,61.94091563,50.55082032,46.80949434,61.78290311,61.48488961,46.16420875,38.38177181,39.29645759,64.58372804,75.53652403,166.4529073,61.79866806,59.51633705,57.66404289,65.36814579,54.75517426,49.00131111,60.81330324,61.19746815,53.70788195,145.4588469,56.17930414,51.55150706,66.62695466,59.36004416,62.33950583,69.08022253,55.05432489,58.42918702,52.83354715,54.56382554,53.199117,43.75591331
4771,1529,104.0160869,30.64749339,1741,104.0159762,30.65041126,323.5660561,,50.95185541,37.44790218,26.99508232,33.60109044,35.02218286,39.35262844,34.01538033,38.06659484,32.3986038,34.84929849,42.81742315,32.1511952,41.33562108,35.58238217,49.81054431,39.47573364,35.84116314,37.01815048,37.94259941,43.55970663,43.30252052,90.29750403,39.63156683,55.89432831,36.65173025,43.16878822,41.56423914,42.82491919,187.8770648,37.49477903,42.95412612,40.03921407,37.38664449,60.01740501,33.84188849,51.47316845,46.83437458,40.12070501,35.73122092,56.46329627,40.22229979,39.68782971,39.89170555,47.98690976,47.06415361,32.36477853,40.69810139,55.46846676,36.98876322,40.69471609
4772,1529,104.0160869,30.64749339,1882,104.0161187,30.64498799,277.6931987,,65.41082981,37.41842228,44.23431484,48.71810504,48.71810504,48.71810504,73.77826681,61.70959971,64.34082158,65.74240956,65.03406483,65.03406483,65.03406483,29.53310237,29.53310237,29.53310237,32.63423881,31.00632252,28.44893328,37.51202684,37.51202684,43.60721986,40.33063098,41.90497313,40.33063098,40.33063098,26.87353536,32.2547454,29.31927091,30.71703537,30.00188178,30.71703537,30.35524699,35.07703563,26.48200041,29.01873775,27.69239655,28.34005713,28.01248379,28.17531838,28.09366514,28.11403405,28.13443251,28.13443251,30.99831055,30.99831055,35.2253529,33.77349714,33.77349714,34.29487188
4773,1529,104.0160869,30.64749339,1891,104.0201509,30.64753297,389.4559332,,77.95305412,43.69824425,62.00674318,46.27199206,59.88217653,35.49471796,62.24015381,49.83559335,60.281248,61.10591883,58.09563645,79.97954133,80.86756219,46.64586272,40.63887999,48.05625911,56.35214468,55.09003377,55.6705488,62.28778253,63.72915271,53.51302899,60.5564579,65.6523009,74.0351873,51.22037515,107.1282796,46.89101537,59.14472875,72.77031277,68.6602037,51.64056573,67.40583459,47.5913564,68.30895783,49.3676535,51.57724193,82.96102719,70.76549449,50.43314243,93.27510084,65.73095919,51.13207,65.21122602,83.36462137,36.99317571,121.6521787,70.5622566,77.33876687,54.6072584
4774,1530,104.1068519,30.67543362,841,104.1060637,30.6775428,245.6525398,,19.8953688,16.88763482,20.80344735,17.70468755,15.2869342,20.98929929,23.36457446,16.75697098,27.76606415,31.24514323,16.25641808,26.06777136,17.77586218,15.36662282,87.27129706,34.02978906,97.71813738,14.36797958,42.64492553,14.78844721,38.02516472,14.4501494,19.20410735,71.3184793,46.54469175,17.02308264,25.70782393,35.94915217,13.87214342,38.11849756,27.67915941,15.60730895,16.25641808,47.50141704,17.46862505,45.47594066,16.22658978,42.31335614,17.73131114,30.3311889,17.11643503,35.80360904,23.98777061,48.3972168,25.12355521,45.82119913,15.35328374,27.15821709,27.5069718,39.1882929
4775,1530,104.1068519,30.67543362,1178,104.1093624,30.67625125,257.0011816,,52.1977012,50.83539856,53.6350292,46.13475853,46.49267607,41.41701097,36.95350975,46.49267607,37.63542728,49.21299222,37.63542728,53.48001467,50.5576095,34.71685755,57.38861337,54.47096232,71.16955798,42.61159488,51.68738848,46.20245961,38.95596858,57.0761415,31.36224507,32.46330715,31.41229429,27.3080948,31.22613147,55.0061982,69.4337151,27.19189578,32.71142789,34.18543034,41.5355445,53.17265826,27.85710964,55.84733925,38.31073515,29.27861563,43.33509385,70.98753867,37.50828055,36.36109418,47.23872921,42.79638063,41.41160404,67.69787221,36.77415281,33.06985147,51.40023632,41.01082685
4776,1530,104.1068519,30.67543362,1748,104.1076474,30.67360279,216.7469263,,44.27171261,35.73919954,48.54555795,40.42947848,40.42947848,40.42947848,40.42947848,44.7584475,79.41872109,69.82451317,69.82451317,69.82451317,69.82451317,69.82451317,69.82451317,97.53611684,67.6306769,63.23249065,65.57049871,85.43309504,13.54080581,87.67291401,102.6695967,87.67291401,57.26891264,57.26891264,51.3770492,46.58441401,15.2029018,30.31719999,29.1696798,49.54215458,17.70701062,29.51912742,22.1358563,29.51912742,30.37719704,31.28664534,36.04105934,57.65681785,24.61479289,44.46090796,32.78524936,31.21155739,54.75711822,41.69323723,76.49891516,26.22819949,42.32649497,32.99318963
4777,1531,104.0323026,30.69123331,656,104.0304049,30.6923283,218.5492369,,46.55486703,78.09203502,98.6554549,87.17753494,79.94349732,83.40394907,81.63706904,82.5110512,82.29080598,82.18112371,82.23592828,82.20851685,82.22222028,82.218794,82.21708096,82.21793747,82.21750921,82.21772334,82.21761628,82.21764304,82.21765643,82.21764974,82.21765308,82.21765141,82.21765224,82.21765182,82.21765204,82.21765193,82.21765199,82.21765196,82.21765197,82.21765197,98.81033003,98.7242283,89.71802694,94.0059114,91.81193226,92.89596951,92.35076982,92.62256738,92.48646891,92.52045602,92.53745894,92.5289567,92.53320762,92.5310821,92.5310821,71.85180391,91.36733559,91.08095844
4778,1531,104.0323026,30.69123331,1082,104.0316701,30.68976828,173.3034235,,45.25057658,52.64914132,33.72390944,35.68922844,45.98714922,36.3785612,44.09133036,42.3456329,45.98714922,48.05332412,46.99753858,67.50340656,67.54170603,54.54796281,46.60260128,47.87662923,47.23102528,47.55163603,47.23102528,40.27897,47.65091045,35.08297983,36.95314855,49.20609854,38.70397114,40.72144648,48.07887748,64.37410056,65.40989791,60.16641756,66.58797417,50.60866084,59.8059478,63.29469828,56.0410292,62.68524612,57.69398389,58.55757449,58.12257154,58.31881223,65.88478641,58.88863056,53.0545748,47.48239756,54.35654328,47.92977877,49.21327041,50.03320509,56.46936112,38.40767476
4779,1531,104.0323026,30.69123331,1175,104.0328362,30.69206439,105.3428476,,28.37163975,19.07297157,22.02005331,21.40550807,22.65399991,22.98486139,22.81823135,22.90124328,22.88043372,22.87004312,22.88043372,22.88043372,24.70581442,36.26144237,29.72720895,29.17186549,16.49869334,22.15892955,22.15892955,19.7615863,20.17203465,19.96470112,20.06783237,24.78655238,23.62654981,24.99955041,24.5194559,24.75717587,27.16091326,27.14673635,37.63333486,40.68521676,40.23594411,35.19320248,32.41318388,26.94032975,25.44769343,27.21420876,28.03415717,19.89709716,25.72941009,26.51423441,23.10298166,21.65506075,20.47902192,21.48036696,20.65744208,20.49741752,25.11485108,18.9176654
4780,1532,104.032163,30.64218778,632,104.0325574,30.64073354,165.5471003,,39.29469633,28.37950291,63.85388155,25.04073786,26.60578398,42.1477766,65.49116056,35.26447107,43.05619947,40.54214701,29.21419417,45.61822776,43.82129126,77.73516014,60.96875305,38.3428289,42.64540688,28.4133283,16.22973955,35.6441125,41.67619308,54.42644393,36.87930452,57.05157799,20.30560685,48.98379953,20.93569886,34.28396325,22.74692981,27.71951447,33.35650528,24.9359649,21.99149672,33.35650528,26.03908514,25.14639498,40.40471601,53.53020011,47.4246335,31.366819,40.26821359,34.49896157,41.59309,42.61999246,24.03103069,26.72509243,19.63655885,22.23767019,47.86904105,21.21468865
4781,1532,104.032163,30.64218778,1589,104.0318014,30.6440233,206.3634369,,33.81467332,33.89180533,33.85319539,34.02633769,24.2516335,22.14331961,42.81892639,27.1382054,29.88368354,90.59858205,40.7743344,47.9737879,39.5304207,30.03304704,36.19868384,39.44646228,33.32673074,24.2483353,41.83715695,47.84138555,30.19952735,36.96061556,24.01643447,20.21519382,28.70588767,41.29354271,28.70588767,28.61007854,28.65790303,40.81914136,20.53651342,23.91656733,53.36985437,61.27079364,40.61193761,26.43802039,31.74822106,30.44706446,35.74129628,50.30982208,31.34634485,34.60753289,27.01484992,36.3181714,19.97065518,40.12622385,35.37658918,32.64096541,30.29805762,31.74822106
4782,1532,104.032163,30.64218778,1631,104.0304369,30.641869,169.1446138,,22.26400767,22.72091827,22.49014256,21.14307673,27.30585694,28.99621951,28.12566326,28.99621951,34.20902302,31.38766029,31.38766029,31.38766029,31.38766029,27.42885629,34.69633104,27.42885629,20.81779862,23.67038327,22.15263701,23.67038327,29.70344437,29.70344437,48.71364877,36.90427937,41.99452481,39.28520062,40.59470731,39.92922031,40.25921386,40.09353809,40.09353809,40.09353809,25.16200866,30.9194851,28.25617678,28.25617678,28.25617678,28.25617678,28.25617678,28.25617678,28.25617678,28.25617678,28.25617678,27.00313125,28.25617678,34.20902302,32.4974308,31.70429468,32.09596361,32.09596361
4783,1533,104.0913246,30.63909142,453,104.0966689,30.6364747,588.5777404,,107.4086568,136.3635557,89.04727319,85.78460994,96.75250527,130.9747169,100.8030383,79.75708401,136.8785443,122.3901727,96.75250527,113.2712257,127.9001931,92.3930174,99.41958313,85.43870425,92.4518076,79.49111624,192.0881329,101.180097,100.5399699,84.26492594,129.3972437,109.4085989,95.38959602,104.7151925,119.8376735,111.4133772,108.4466073,76.82668113,78.25964415,86.33168628,92.93332743,79.06268155,74.43371892,120.3339252,95.73252406,130.3617523,134.2276837,97.57999382,91.40983026,89.49135233,111.5199929,107.5573536,95.14251903,120.0350663,123.3101765,109.1362279,80.5827965,69.24444005
4784,1533,104.0913246,30.63909142,1732,104.092417,30.64102626,238.6278746,,38.959653,44.33859864,51.44073943,44.33859864,43.60712429,44.33859864,45.07137191,44.33859864,36.55575951,44.33859864,40.07278594,46.18604025,28.44570691,36.71198071,62.81976955,36.71198071,43.1959949,31.99479883,52.46170068,52.46170068,44.51089889,71.58836238,38.65288407,46.03753208,42.02325296,42.02325296,39.70162015,29.9846544,37.62308096,26.51420829,30.7906935,36.71198071,23.69821651,28.80336458,26.00258338,27.33140898,26.65044222,26.9866305,26.9866305,31.79772841,38.6964121,41.76954692,54.28501413,56.51712819,49.95747121,46.26895952,50.83197329,52.91952867,51.8547494,50.23744728
4785,1533,104.0913246,30.63909142,1740,104.0901163,30.63838237,139.9419338,,27.0129202,31.98672773,27.45454832,23.65215783,25.41190223,20.47930739,40.71038074,36.5949851,35.06665626,39.46143302,24.05878518,40.36786552,34.1057711,34.38846155,36.7730629,34.38846155,33.3452374,21.88809391,32.36344507,32.29429242,32.29429242,33.08971834,33.92531728,34.50623025,38.02195937,28.77161403,31.19448679,26.7404969,33.84933674,28.67540159,28.93271855,28.42262125,28.67540159,28.42262125,28.54845187,17.135747,50.75979463,54.75988714,22.7137494,22.69328656,22.46559472,28.99516326,28.99516326,28.99516326,28.06634884,31.72487164,22.36585845,28.06634884,32.88452752,32.79889073
4786,1534,104.0548859,30.69708848,181,104.0568862,30.69713022,191.6409795,,31.71988626,21.19531571,19.03193176,19.03193176,22.39959501,31.96976488,23.66749661,20.3813154,21.65629006,17.25487769,38.11643791,17.20467646,21.35936614,46.51061975,25.55499872,18.85995211,19.11384825,27.26907218,20.11636573,19.03630792,54.53814436,57.61231952,31.17052077,22.53127127,21.97274355,35.76392582,30.88808879,41.31182792,32.81367544,32.84032803,22.02857797,40.26697625,51.1042612,44.71379317,28.44979489,51.1042612,57.01715093,36.96758345,34.8829648,20.71794373,36.97942927,24.05954756,22.67640472,18.0840767,34.58244645,35.59282165,32.17602143,31.21753512,18.59589019,29.27471822
4787,1534,104.0548859,30.69708848,1268,104.0546653,30.69292497,461.9296024,,64.31775206,50.26538747,46.78590663,46.20098124,49.94833507,60.80243395,70.3263025,57.52969408,82.70200991,55.01241011,61.93469529,60.93505137,58.2613913,39.03630443,39.92668832,51.51099336,58.26292607,55.76614918,62.69355584,55.32091047,59.5326934,79.74488022,63.55209816,66.01375769,64.07322287,60.44331008,67.46953834,57.65540357,62.99040033,69.9251233,80.55796527,78.23329932,70.88789284,80.87096066,78.23585528,91.72347317,64.42408014,71.35408398,54.48400439,49.43586872,52.26104867,55.5108535,59.74147282,66.86398217,49.82611442,47.03283224,80.39690788,61.67122965,84.33199213,68.71680036
4788,1534,104.0548859,30.69708848,1558,104.0472725,30.69684411,729.6873066,,64.62175409,79.72304412,104.0346259,90.27059463,96.66510777,93.35848259,94.98302567,94.98302567,190.3532104,63.60470469,95.34933952,95.34933952,95.34933952,89.34946611,92.1710282,92.1710282,92.1710282,92.1710282,92.1710282,199.7623045,84.95712496,125.0892526,129.7221878,52.22414123,74.46844235,74.46844235,74.46844235,156.3615657,100.8881154,122.6436792,110.707201,116.3701498,116.3701498,116.3701498,301.0744188,132.336237,132.336237,132.336237,132.336237,132.336237,123.9091653,57.67012742,128.7683482,79.66260209,98.43088726,88.05780193,90.44055917,91.6809573,90.44055917,71.18900552
4789,1535,104.0055646,30.66356549,101,104.0139977,30.66431216,812.2037884,,153.0855308,164.5741259,152.5771823,104.8004888,147.8601081,142.8050617,117.7422942,206.2012439,97.32027644,109.1020014,130.4163086,154.5237977,117.4270537,88.20312634,125.7992346,110.3371184,93.64078905,87.44474432,97.27672758,151.6113738,134.1253962,142.8632071,125.9637539,115.5052792,123.1129953,129.6069875,162.742132,160.4353162,106.7129065,157.6244549,151.0101298,150.7182288,168.6236239,112.4589861,176.8508249,144.74919,108.898832,116.49138,151.1076816,136.1045588,117.1134968,223.6278117,94.32043994,103.8328707,90.1521163,116.9573455,150.7182288,156.8633926,179.3824318,115.6952159
4790,1535,104.0055646,30.66356549,875,104.0023938,30.66366051,303.9795021,,53.62231932,56.95907391,53.90183776,49.99777076,49.35749648,41.51071437,41.51071437,39.67945155,40.12195078,125.0658523,56.00441185,51.98699323,45.0958602,48.93534489,56.1192927,46.76607725,36.18354892,30.34100388,34.85115311,50.66325035,47.0280162,39.3916288,60.66750358,39.10767501,48.0435896,41.98182381,48.85384855,47.84567189,85.16157257,57.82437028,47.57940033,50.56292709,41.86404773,53.90769495,52.99400521,60.07280187,47.05654977,58.18070702,48.9393404,47.33500763,50.00185021,50.97298201,46.17410158,49.29397331,61.56546878,58.3640644,51.08452027,50.73787926,67.13657715,47.65909782
4791,1535,104.0055646,30.66356549,1177,104.0061837,30.6556678,877.3222695,,65.62826328,76.42734834,76.96613121,81.20047573,104.5468444,78.19336092,110.2779389,76.95273649,65.85797197,95.2269398,61.92863079,91.31979012,70.85496736,75.18962941,77.49520591,77.56922235,145.2508733,88.5521543,91.6795405,100.0184431,80.81781398,107.5186441,73.26282,74.57757191,74.67374931,73.09665271,69.85049916,82.59950076,76.58318499,106.6144162,71.00477848,73.50721885,75.89832192,90.30336441,87.61769403,64.10744594,70.53409809,67.49534222,70.01075467,78.30645051,82.16337592,77.03317488,73.35924831,97.1056163,69.75947367,64.70944519,67.52567906,127.3532327,84.29037017,68.02621905
4792,1535,104.0055646,30.66356549,1435,104.0058299,30.66758867,446.6209014,,51.82385963,43.41833573,49.85942493,55.47737671,56.40004907,38.44823412,45.99655818,46.49909127,66.42699605,32.14598957,54.98752548,35.53227061,50.81832205,44.24422799,74.24041368,73.00046516,59.19319816,40.9167961,39.96938792,52.18770906,32.45238216,36.62494863,40.27499272,52.1756954,63.70187183,42.87560653,37.78062006,42.7363178,47.63620224,43.73078635,50.32348185,42.1293158,39.12801245,62.44020369,57.55973432,51.33339437,42.31887819,59.54945352,49.09420596,40.3254988,49.97156939,39.62625373,44.75879123,51.92148261,48.48719074,67.67458065,67.08631063,76.69837048,47.98075933,49.29489765
4793,1536,104.0813226,30.67490618,1009,104.0758934,30.67758218,598.7199941,,44.28887627,52.06260818,63.08464327,47.39729475,52.68735948,53.03249157,56.90052742,47.79139642,48.59959366,44.94656259,48.1114281,44.04982821,45.08462707,39.73072772,46.21998525,44.481834,55.71887925,46.0772632,46.56112285,45.46326994,43.2906222,48.07565752,38.19359679,49.42426,46.88182662,47.73092012,49.05307189,42.5126623,51.64677266,44.90399956,49.29427053,58.85029294,54.61782822,63.02315727,53.38732666,50.7868044,49.70431182,61.9721673,55.16038333,48.6270046,41.77116238,58.12292977,43.69037795,48.73550827,40.62944352,42.62475897,48.60457516,59.68253106,48.1114281,39.50015844
4794,1536,104.0813226,30.67490618,1542,104.079532,30.67344742,235.7206866,,30.41557246,26.31883608,42.17366917,31.11253792,33.72456917,27.14633627,34.68369775,26.07049068,48.49111267,37.92600991,35.25039346,52.54454933,38.81507018,34.83199474,30.11573441,30.04937931,32.43036197,32.32154514,37.21905578,31.09353789,33.07774341,32.05496438,38.34011168,24.51168318,34.49571023,23.57206866,27.64151374,40.21774748,36.76221539,52.57710482,33.85350286,41.14397439,34.77846196,44.52227029,34.77846196,34.19453882,33.62989981,27.41823818,35.22638041,45.01827436,36.98199172,26.7695417,32.5028205,44.8991784,27.91429183,34.58944858,47.8350886,28.91996739,29.06145451,29.06145451
4795,1536,104.0813226,30.67490618,1730,104.0822831,30.6759215,145.3556476,,16.61207401,23.7315343,12.77851847,22.61204168,30.07358226,21.5934112,29.90173322,25.07733217,27.27786263,31.5863379,23.33988989,25.27924306,44.34579079,23.30870073,20.78571326,20.93121325,20.85820952,20.93121325,20.68301705,23.2053362,24.71217622,23.93506376,24.31741302,24.12472353,24.12472353,23.55342441,23.00855729,15.39059798,41.86242651,22.77607536,22.77607536,22.77607536,18.09093626,21.48995201,22.50668092,20.56111322,17.01724655,18.62207585,18.62207585,20.16494533,28.75166656,24.91811102,21.98656854,21.98656854,18.31786457,19.27367703,19.27367703,17.96670666,18.59725745,17.58925484
4796,1536,104.0813226,30.67490618,1858,104.0835351,30.67433953,221.0540974,,85.56932803,85.56932803,85.56932803,85.56932803,85.56932803,85.56932803,85.56932803,85.56932803,85.56932803,85.56932803,85.56932803,85.56932803,85.56932803,85.56932803,85.56932803,85.56932803,85.56932803,85.56932803,85.56932803,85.56932803,85.56932803,85.56932803,85.56932803,85.56932803,85.56932803,85.56932803,85.56932803,85.56932803,85.56932803,85.56932803,85.56932803,85.56932803,85.56932803,24.33623091,37.89498813,29.6385382,33.26205854,31.34592814,32.27557924,31.80396156,32.03803488,31.97919412,31.94985472,31.96451769,31.95718452,31.96085069,31.95993407,31.95947578,31.95970492,31.95964764
4797,1537,104.0174359,30.6998178,692,104.0187006,30.69832771,204.8096738,,30.9362864,23.70787221,44.50592508,35.65352155,38.46859959,46.46942178,50.50101546,39.74742996,36.36571273,27.30795651,35.11022979,40.96193476,49.48421649,33.28735105,26.33267235,50.40032986,48.13152677,47.59062961,43.6429948,49.13248504,47.11276841,30.21782072,53.09197665,48.32474689,42.96706443,40.91457993,67.02862052,40.91863462,62.07262441,51.21858592,62.98471549,45.79595191,56.02341487,43.5026079,21.62213565,40.30419273,47.02262919,36.86574128,42.25299861,31.47555286,39.54490886,32.90482319,65.53909562,35.02683257,35.98852108,47.87758608,51.4576648,48.62052494,48.45442446,55.37475221
4798,1537,104.0174359,30.6998178,1615,104.0166913,30.69941532,84.12079746,,13.76782895,13.84387981,13.69260908,12.36060697,13.81230882,13.09733189,15.42288997,13.22964624,13.27389254,15.26006868,14.6009568,14.45862976,19.67951073,20.28367495,16.86009269,15.48765724,12.39054453,17.2555482,16.62007693,20.74211444,20.74211444,20.74211444,20.74211444,15.98073197,18.05274938,16.95366667,17.48595429,17.21569705,17.34977328,17.21569705,17.21569705,17.06111948,17.13805972,17.09950305,17.11875967,17.10912595,17.11394146,17.11153336,17.11273732,17.11213532,17.11243632,17.11236107,17.11232344,17.11234225,17.11233285,17.11233755,17.11233638,17.11233579,17.11233608,17.11233601
4799,1538,104.0033008,30.6320895,902,103.998551,30.629674,528.1202201,,65.81506854,48.41438229,54.16231871,51.25603523,74.0499627,57.07265418,48.86702759,52.97142676,90.31984762,60.06715734,64.75037181,76.76579241,80.73175339,68.76067965,59.12647103,74.47729278,76.40302386,66.90909771,121.2907683,63.86126811,75.25909124,73.26523285,58.00862829,71.47491701,72.13023557,90.84342085,47.72470141,66.94481663,86.15858574,74.96605011,63.87511493,69.1357379,66.220604,97.84408066,70.76548854,64.240258,77.36450834,54.73429489,66.94771066,59.9825733,58.9529548,98.76533986,107.0212661,93.6567878,60.95333804,60.45249925,83.20493621,64.44856923,89.68079209,83.60742271
4800,1538,104.0033008,30.6320895,1785,104.0010888,30.63443687,335.6030833,,42.76711858,77.94652257,77.94652257,77.94652257,77.94652257,77.94652257,46.34927493,58.13172895,58.13172895,58.13172895,65.30654594,61.51062026,61.51062026,49.7189753,54.98977129,52.22171345,53.57000859,52.88726915,52.88726915,46.52777021,49.5041137,49.5041137,49.5041137,54.66837556,49.5041137,51.95823769,29.53963569,68.84165811,41.34032848,51.65883912,45.92715039,48.6246701,47.23743075,47.92101292,47.57676653,47.74826926,47.66236361,47.70527777,47.68381104,47.69454198,47.68917591,47.69051732,47.69118805,47.69118805,47.69118805,109.3367511,82.63369987,73.64110506,77.8786699,76.7742063
4801,1539,104.0998106,30.66251805,827,104.0998265,30.66440044,208.6295318,,28.0772454,32.05770854,24.38526995,24.07263828,28.9986994,23.58135995,20.25529435,32.85915125,29.33852791,27.93551647,23.28887797,27.53399931,28.77648714,32.40641458,22.22089688,22.25381673,20.33048802,21.04616759,34.17821681,26.98441849,23.97908436,47.53584269,34.55826601,25.69212022,27.09257247,15.89558338,49.96006528,23.10084781,26.29170295,18.28895246,24.58482208,19.98845814,20.33756606,27.70610444,24.93580061,26.11755688,33.57971599,19.53993664,24.73324855,29.90707385,22.82009311,40.05687011,27.08822966,23.25937348,23.58135995,18.02559155,40.21774107,22.92332331,42.5131876,24.83684902
4802,1539,104.0998106,30.66251805,1665,104.0982051,30.65973129,345.0401214,,57.59556894,25.58484937,29.76978878,26.01349606,34.79396182,27.5301359,29.23457095,22.28728057,66.42483621,25.77464205,23.73902412,26.00804935,33.57147127,24.28434872,24.52407576,26.28877115,28.32712513,36.53365991,32.81755448,30.08654345,23.15993357,26.03394157,28.43365291,25.87800911,28.42900461,28.75334345,28.42435783,25.90499347,29.62777429,30.93759494,32.305447,38.45648412,35.11362366,25.22974483,41.19882047,26.16417982,28.27875782,26.59838195,27.24854609,28.39650901,65.07159449,25.91657544,28.23055539,28.23055539,28.23055539,29.20402282,26.06808892,25.76394995,25.76394995,24.45166215
4803,1540,104.0232505,30.70150335,458,104.0216448,30.70036077,199.2089648,,40.43711719,36.68037485,38.47612792,36.0442715,46.18275908,42.90471273,49.47740486,48.1613279,44.82201708,44.82201708,44.82201708,47.5565168,44.82201708,37.59644945,38.04521344,39.02869514,36.40366869,45.2938278,45.2938278,43.48259778,38.70043254,38.69268406,43.07220861,54.74444834,38.69558938,38.69510514,40.63185684,38.69522619,38.69528672,49.45877747,41.81645908,45.82442641,36.68298073,37.20634362,37.9613025,49.28881603,38.69526661,38.69526651,44.68238463,37.20634362,26.56119531,37.58659713,38.69526655,38.69526655,44.83953252,38.69526655,23.72712236,35.8128476,33.9882594,37.15814887
4804,1540,104.0232505,30.70150335,830,104.0249996,30.70016139,224.0190593,,25.60217821,27.95385142,23.61547916,30.89918059,27.85729235,31.6055629,45.85102666,23.40982913,45.4775534,27.36110648,36.7411669,21.85551798,22.06480475,33.41720775,22.00460064,29.23311694,19.69131178,28.64897384,32.03450302,19.69398324,26.72638321,26.75488291,50.46737256,34.76157817,41.14635783,25.95232867,43.51458429,23.07492456,28.29714433,30.12020965,28.47699906,42.80507474,28.22781286,31.21813988,36.86713662,42.80507474,21.47719343,22.1862067,41.25818646,24.85265373,34.61238684,43.51449354,31.96044704,23.78963462,55.50075159,34.31781334,32.5188957,26.16280985,21.02003336,25.60217821
4805,1541,104.0348343,30.65134174,1008,104.0349293,30.64918505,239.2014238,,32.01208646,50.65441916,35.43724797,49.35778744,68.61554786,26.3341017,40.23949185,47.77393208,72.97670557,35.53473697,32.99329983,54.27259194,36.03033999,33.18401255,41.41091549,56.28268795,43.24545515,56.1908728,42.00610369,38.73126503,41.70097461,47.84028476,59.80035595,43.1641667,41.21859396,52.0011818,45.15732634,56.28268795,50.78137259,84.14903511,49.87211152,66.81143216,65.98659967,41.69256206,84.42403193,51.70709579,42.77111552,86.40051428,56.44665789,51.74512522,52.82976231,46.86395242,43.08655152,52.12769737,59.63373606,52.31622878,48.28972609,47.57597379,50.06541428,31.89352317
4806,1541,104.0348343,30.65134174,1117,104.0344558,30.65335487,226.0457242,,31.60250901,35.79609709,31.60250901,30.42110681,25.38304652,48.92372388,26.31697107,36.30176685,32.7094588,30.73709564,29.27210817,31.48025559,39.66358767,38.99830385,27.75774669,28.60332538,20.70647855,34.52144496,34.51079759,27.86183541,32.68130952,26.20819991,39.9687921,31.3388167,24.11664797,25.39047136,25.43014397,25.37727465,29.21955501,41.09922258,32.12228713,28.40365121,29.75373335,62.79047894,39.12329842,32.47841003,29.75373335,34.67746905,35.30432135,26.94584792,49.97530853,32.55058428,32.55058428,27.63207494,28.60332538,31.98401039,38.9361056,25.99886924,28.60332538,36.78032123
4807,1542,104.079532,30.67344742,1461,104.074683,30.67600168,543.9867244,,117.9730246,76.67784682,79.22537377,103.8913638,155.4247784,71.03844048,144.5278382,60.16443035,74.53290991,66.27249434,98.40965869,91.72609873,73.80724402,82.05386345,86.88769963,73.34652464,100.6864888,74.59036251,83.56007466,137.9121273,81.00733021,85.39326489,67.44217677,69.87875853,63.65175106,98.16301794,87.97875986,90.31601267,63.09993656,62.56716319,173.3055051,156.251506,65.8638635,74.68925278,80.26033639,79.41948799,77.60973084,117.6187512,79.93274318,90.35073623,85.3455538,61.77767217,75.00870251,84.55980387,65.66143195,79.82413892,84.42097232,66.74033815,80.75784902,67.06685643
4808,1542,104.079532,30.67344742,1536,104.0813226,30.67490618,235.7206866,,23.63772902,20.5969532,43.443403,47.67384673,42.3415121,29.26187834,22.4495892,47.14413732,19.06953869,75.23000636,37.79930832,40.73253465,34.21751902,38.22497621,19.39644507,35.56805331,45.37938352,32.43036197,30.03874236,37.49312836,37.35558936,28.86375754,36.24535918,38.48501006,43.51766522,33.48622351,35.88137301,28.30564767,19.78075692,36.14885929,48.76979723,42.03563947,40.65123218,29.74914888,38.3545524,67.13563859,57.14440887,21.3482886,32.17038632,32.58811335,37.71530986,36.91432455,34.84442561,29.61935329,87.48396616,32.60749261,29.56775163,46.81900534,25.00769563,40.79781114
4809,1542,104.079532,30.67344742,1742,104.0787652,30.67260603,118.711583,,17.64499169,16.56440693,20.79618972,31.94033623,20.38291091,18.95173831,18.40093429,13.61024518,24.2819147,25.64170192,30.41720276,20.74571353,21.83201526,23.44920158,28.94914132,21.79027145,20.35055709,12.53260114,13.61024518,11.4574182,25.0799119,18.97698485,15.26291781,29.0327241,14.31697483,19.17710114,16.39442596,17.67692255,17.67692255,17.67692255,24.4206685,13.61024518,36.52664092,14.3409966,24.11747736,14.3409966,13.83047569,16.53236746,28.87579046,19.51423282,23.22617928,23.22617928,23.06945743,33.53735305,22.9148364,20.74571353,28.11590124,26.38035178,16.71558144,21.95351192
4810,1543,104.0116103,30.7148958,701,104.0088378,30.71389448,287.763438,,21.85545099,21.85545099,28.99109264,29.23727254,27.51116964,21.35976035,59.95842695,34.58926133,30.59279075,33.27457313,28.58577199,38.08633738,27.44234111,20.31271327,25.57897227,21.76362136,29.64086915,44.03606278,36.13773407,71.44471564,27.55181853,36.54138895,45.30386487,26.31982665,20.15463768,28.870637,36.41294822,28.870087,28.86981201,28.8699495,27.96081989,21.92483337,44.29495999,32.03964052,31.28178289,35.29636718,79.48453021,32.60262397,90.87266463,28.51725173,29.01816182,24.1667584,22.12619344,29.10186337,33.4987349,34.07724924,44.47721116,23.65719061,21.38916126,30.49897085
4811,1543,104.0116103,30.7148958,1510,104.0140284,30.71606518,265.3543884,,20.85755018,16.2877374,21.11106736,30.96517985,31.38600293,29.3029386,27.07920048,19.29850097,34.17123284,26.71352903,18.02407166,39.09056975,33.63647177,33.10384439,36.3069349,30.59388239,21.4027438,41.77590954,33.54787702,42.47891335,21.01816938,24.38483212,19.37679104,36.8961221,39.98146881,42.03633876,28.55831983,30.29415851,42.20658903,36.67085598,35.84524571,41.8292632,37.90776977,27.68915357,27.21583471,33.16929855,33.3429598,32.31650197,42.20658903,29.93422008,24.41079553,27.69584339,29.69384686,34.23927592,45.39667745,35.80095303,28.97530453,35.80040641,39.19080198,31.52725407
4812,1543,104.0116103,30.7148958,1666,104.0079121,30.72021768,687.9839436,,69.57141003,72.45687975,71.71925221,75.18669892,74.73696646,65.65390296,67.57823184,78.56438373,73.14115015,73.14115015,73.78576554,65.60906482,73.24389167,75.97368702,71.08776599,73.62240898,73.78576554,73.78576554,69.47383442,55.81390866,60.70446561,62.31287861,59.11079229,66.23781226,68.48135106,69.02383025,65.96949418,76.39108463,74.30691009,69.02218659,68.00150176,72.1228049,71.72466091,62.22970344,60.70446561,62.77655223,75.39071943,64.41462151,57.88190785,73.97400626,70.23108047,72.5231816,75.36921131,69.57664555,69.71828844,81.47178279,69.71828844,69.71828844,68.51449708,68.53652221
4813,1544,104.0385394,30.66145875,720,104.0385395,30.65909862,261.5753554,,39.75082499,31.36663791,30.43376071,29.87400388,26.43287802,28.62222734,28.09910569,35.96071503,42.20690754,49.47454952,37.98976417,55.98521281,40.22087686,34.29133669,41.30137191,32.57196537,50.02107618,41.73065858,32.3228128,24.45899427,32.60634624,34.78652676,30.71747434,35.4500419,31.76224907,41.12101657,35.94439573,30.03736139,30.05134061,30.5118276,43.62037088,41.32024995,45.05604208,23.54178199,35.32371164,28.48370476,39.60762479,34.62026763,32.67946244,33.2511045,32.63590145,39.37301516,34.49345346,29.33555388,23.70475216,34.35189346,24.58003231,117.7089099,22.58204507,27.23648712
4814,1544,104.0385394,30.66145875,945,104.0381346,30.66861573,794.1630163,,83.2278704,74.54522478,68.56768723,59.26896831,81.42740108,80.19598482,63.17451244,79.83119493,75.77776604,73.71022499,66.61393584,69.55080642,76.5458329,62.2547439,68.40245764,58.72802138,61.31327371,80.93527928,69.72029661,76.41023987,78.59314934,72.19279985,79.56109673,80.10538017,81.20803444,75.57305645,78.90250119,79.95400399,75.62345841,72.63481081,58.69270467,75.34146117,61.92006192,72.54687155,65.39555413,62.14669203,58.84418703,90.92494034,85.7979008,78.29776218,60.67795308,74.51556396,64.28473049,67.94298182,62.37481961,66.80207922,62.10080648,61.01496344,69.46579575,71.02325249
4815,1544,104.0385394,30.66145875,1508,104.0421319,30.66058405,357.5976308,,51.39127628,74.41337982,39.24852045,45.75390468,61.23764926,44.2693078,40.92568324,38.89279368,58.23039625,61.81759764,36.1108407,47.50374431,37.86810383,49.72214249,50.61670266,56.81879127,68.3834236,22.15751241,101.6330108,51.71449186,50.73232423,37.45930565,43.86206034,46.6770262,47.18596206,43.39392383,59.32495258,46.55829939,47.15600038,69.96475385,34.7463285,46.63319749,73.42308771,47.87914606,50.10770663,46.92654208,52.43794179,41.68040045,43.02888209,66.01802415,45.81830315,61.4194404,46.04792559,51.33150905,48.00564838,52.72429232,28.16961643,47.18521171,45.061526,44.23888216
4816,1544,104.0385394,30.66145875,1763,104.0378879,30.66164635,65.79172506,,14.80313814,14.80313814,14.80313814,13.6907636,14.80313814,14.80313814,17.76376577,15.45515238,13.23185532,15.18270578,15.18270578,15.18270578,15.18270578,13.1218953,17.28833651,16.20873979,19.73751752,15.25605219,17.20982454,16.17415008,16.17415008,14.66564769,14.66564769,14.50103328,14.66564769,15.06201655,15.4804059,20.59567045,9.474008409,15.84282343,15.84282343,15.84282343,9.756960256,13.61208105,13.61208105,13.61208105,13.61208105,13.61208105,14.87285464,24.41754744,16.39101801,11.01628885,12.00254444,11.86228098,27.06859545,16.01692039,14.01480534,16.01692039,14.94912569,15.11307423
4817,1545,104.1144887,30.62671291,906,104.1126334,30.62215442,535.5904369,,71.86836533,60.64976655,63.97762166,96.08599199,72.6452335,68.95397668,53.36346003,64.82183805,112.2634977,100.4232069,97.87439456,46.88451241,100.4232069,74.44500281,92.92171435,92.92171435,68.98481477,81.41276171,175.284143,140.9448518,69.72935337,63.02941371,63.01841611,59.51004854,70.62731036,73.17888941,61.601456,74.01633677,61.601456,77.61008595,80.22366185,72.83245981,83.46863952,90.43740961,71.18907743,62.70327066,71.32318803,80.50628697,79.45599061,71.37385175,99.00436957,93.13688079,98.30598704,109.5525894,90.52232736,201.8979657,72.36315084,60.31731567,67.017617,79.82679856
4818,1545,104.1144887,30.62671291,1326,104.1187349,30.62386306,515.1667446,,77.03427957,60.67601368,72.58709513,63.0816422,76.53096069,88.20928802,73.34059439,111.053909,61.41907926,52.91298946,52.95075747,65.41799931,61.61462726,53.49808501,53.29311151,45.23415318,64.13603275,68.0379192,92.53173176,68.3513617,70.65143926,67.4400102,64.65776691,86.34079518,109.7396616,69.00838253,57.51356608,65.64956745,64.62021883,59.72947763,64.8745179,65.00241947,74.63180203,70.42785876,65.00241947,77.43633739,70.67668093,108.8612758,72.25348833,108.4561568,92.26867067,63.01020206,72.86308321,66.84964967,68.43543471,75.24750934,74.18401122,107.5130597,55.8054247,74.18401122
4819,1546,104.0240807,30.69024439,956,104.0220874,30.69179222,256.671606,,45.51811732,35.98900805,36.09444459,22.48218447,42.00080825,30.42033849,36.8624115,35.40298014,40.58643257,44.63854017,51.42956112,36.45040559,33.89647034,46.43305435,92.40177816,34.19754928,40.40305123,41.0891429,38.93264999,43.55639375,47.77754817,53.67738152,33.6006466,33.4304552,38.66183187,31.78960257,38.66183187,40.74152476,43.94106298,48.63251482,43.63720338,28.22290109,44.98626006,41.56002017,43.79231192,36.18531172,39.3199056,38.10382605,34.45684704,50.43765183,38.96069353,40.11654624,39.26421169,45.01913674,41.92141164,39.79976087,42.38613677,35.74536873,48.68376089,37.33405178
4820,1546,104.0240807,30.69024439,1217,104.0270254,30.68807602,370.5602899,,73.92951598,64.91567122,54.09639269,48.15946006,43.73826373,75.42907353,52.52035605,81.1304892,41.04667827,51.77297711,64.82104197,44.54147057,53.50335737,60.09085782,69.75252516,64.13543479,79.12319357,59.12073002,66.70085218,84.45436649,80.75163702,52.58937096,51.60607519,48.50971068,66.70085218,70.21142335,87.68187144,69.04056006,73.44897694,49.59171166,60.2265031,73.7025991,64.99474025,53.10577403,38.24590148,87.47652745,83.57193695,65.43881782,65.7151253,78.24146884,61.4754398,54.96244441,79.12319357,53.79100982,54.37569472,56.84731719,41.09725951,43.13717199,40.56818177,51.65603267
4821,1546,104.0240807,30.69024439,1229,104.027045,30.69251558,379.4436216,,41.65895205,38.91729452,62.9927156,32.87598165,47.84578066,60.05582499,52.91998209,56.40731057,47.19375563,42.46622915,66.28372202,60.37555968,59.26234437,76.64571909,48.61199423,41.70983321,62.73235535,80.88713441,45.36043295,52.70728119,59.62448877,87.42381042,72.0842764,85.25185547,44.33455947,39.14031627,45.83882677,79.3031662,55.6036786,42.7765252,46.03745433,39.59411704,44.86032965,50.80754125,62.23221129,37.45878531,65.41561783,75.31514373,69.84645188,63.83163728,56.24693684,65.51544546,56.63337636,68.08707976,54.13151597,60.80925705,56.63631149,54.29857617,64.91499841,74.23560734
4822,1546,104.0240807,30.69024439,1465,104.0221166,30.68845756,273.1481969,,82.63306797,60.65799575,62.43387358,63.6461818,50.42735943,40.52198525,116.6008113,41.48114168,47.92203374,50.66720418,105.1693592,40.40635352,31.16746462,106.498214,36.4341467,71.06294553,40.71423137,47.50851684,60.99242992,79.08848599,73.05598134,43.77087316,38.04366027,41.08778894,113.0268401,64.41049183,42.68635341,85.69355197,45.08248414,41.24367227,88.38952888,63.03419928,63.78379515,138.4976773,73.52026234,76.03094142,47.65752063,65.70157073,59.81347377,52.9243008,63.74933607,42.10248064,48.44007433,123.3020074,72.0390849,137.8504919,47.9207363,43.29878765,49.59174756,44.18235367
4823,1547,104.0048806,30.67522349,291,104.001918,30.67545709,284.9899833,,38.911401,35.81025968,70.03166825,15.29007362,34.01925195,38.89173388,36.60888278,82.73902741,28.7183748,37.52219216,27.286275,108.5676127,20.70562946,28.31026324,95.88448036,105.7694783,27.92688506,31.27938841,39.23380267,58.96344482,41.81634155,45.49729223,22.78232287,102.596394,23.08130348,22.82093288,99.05858727,41.28627525,101.5805881,40.35256401,34.53455057,41.81918234,43.10772857,39.47280307,45.26311499,34.12769862,46.31891376,74.75147103,31.65334176,35.89482865,31.75130181,35.25649278,42.57111784,37.22318149,43.19848168,36.14139815,39.00579828,34.0597208,44.49428002,98.88809059
4824,1547,104.0048806,30.67522349,1057,104.0026792,30.6762614,240.2178584,,44.31004048,36.66066233,28.23785438,42.49554252,38.60644153,30.47314388,43.31140017,56.89370331,26.16593919,44.25712847,29.89746898,28.34030914,31.73520331,28.68272936,27.23730048,40.1851436,18.89550525,28.50702273,28.06829894,43.64841843,20.73823238,29.83002086,30.47160995,33.97232043,58.82886328,26.50495177,28.27247373,21.75557963,24.92173747,31.96984437,45.17529875,35.6024821,18.20598506,27.19447454,23.91384142,19.56525544,17.92299047,25.01183775,30.0168098,18.11066576,28.85820768,87.57309268,19.89153054,18.06337943,35.73488803,19.97192356,57.14433637,33.00703398,35.36950062,39.80595122
4825,1547,104.0048806,30.67522349,1493,104.0072364,30.67483213,229.8198915,,32.70164464,20.45368626,24.6235598,20.14246158,49.54201254,79.70632075,27.03763429,20.14246158,19.2631341,23.22390483,19.98433839,22.76070452,27.53249948,23.35914196,25.55526207,25.55526207,29.99009006,37.35221713,36.12889124,27.0523687,28.85271524,25.89519904,28.5114903,25.57105886,25.25493313,39.87236672,22.90926134,31.10344396,33.09406438,24.97665236,27.81013813,42.2837279,24.17389655,25.02792249,30.9097737,22.66716738,35.93575317,40.75623692,30.41733858,65.92443103,29.33870955,23.33196868,42.97930438,23.74036182,32.74478665,47.41269968,28.82758221,22.7544447,22.54364058,31.31535236
4826,1548,104.0803326,30.6422981,279,104.0835203,30.64087688,343.6968208,,47.77253108,45.91126363,33.65109107,46.42808836,58.82608027,39.28743179,40.30321026,38.66589234,40.29117977,50.41420189,91.65248555,67.67412334,68.86689544,53.65605182,59.20136626,57.54923511,69.43370117,88.22164384,49.77106013,70.55216279,45.70985195,46.28696955,46.28696955,52.4283286,46.57007028,50.09346376,48.59336494,64.02631591,55.05266095,36.82465937,48.61723202,46.9121727,66.4029636,55.28635187,99.2493493,44.72199595,48.33236543,65.63971113,34.50546749,40.25949745,46.65567703,40.6758514,37.3708425,84.45792183,38.76684767,38.38599447,41.64543184,41.10659651,50.29709573,41.03842636
4827,1548,104.0803326,30.6422981,507,104.0811725,30.6436929,174.2833943,,22.45368884,22.45368884,30.5685856,31.21493629,22.97541237,30.90739997,19.33498365,36.90707173,27.59103868,25.85522882,21.30459149,29.73555543,22.76010469,24.15012392,30.31015553,24.06213689,25.67886301,34.37919011,23.54297259,30.26142538,25.50488697,22.8568386,23.10940035,23.6762347,38.82951333,27.45821529,22.44795061,28.84690664,22.2607848,24.63691961,42.00302725,41.14230947,34.21708861,23.7659174,26.43160482,30.31015553,18.56272839,25.82529737,20.33777049,26.06106831,34.79224878,35.75043986,16.89451954,18.38145174,26.92790642,25.74911981,33.02211681,28.39005518,21.59794215,33.85360897
4828,1548,104.0803326,30.6422981,1868,104.0794294,30.64077101,190.094371,,49.2330745,44.40880828,44.40880828,40.44561085,42.33465732,42.33465732,42.33465732,43.31264149,42.34120561,42.34120561,42.68785875,93.56207323,43.04023494,61.85486519,63.86654769,67.58910969,66.0134793,57.68528259,51.2230341,82.45057055,48.88140969,69.31972561,57.33355942,62.75947134,57.87228208,60.21687868,57.87228208,94.60918004,52.23967447,76.60519429,76.60519429,76.60519429,76.60519429,76.60519429,76.60519429,76.60519429,76.60519429,76.60519429,58.15918431,66.11978122,61.88452773,62.89164715,62.89164715,62.89164715,39.44321243,70.30887695,71.78388835,51.60933149,51.60933149,51.60933149
4829,1549,104.0269243,30.73325654,298,104.0235378,30.73518745,388.4872031,,105.0666559,107.5810716,75.59750979,106.7598421,57.91113587,67.78128908,70.50051323,70.50051323,154.536346,93.69499313,83.64557005,106.488878,85.19110239,102.2708542,102.2708542,102.2708542,92.25289783,108.4914897,108.4914897,96.08452463,70.10295394,86.22404015,69.23534313,98.48971346,98.48971346,98.48971346,98.48971346,91.11100529,79.91736749,84.76084431,82.2678783,83.49575708,83.49575708,83.52068863,83.54563508,88.79707499,95.60427263,68.13904659,58.09154439,74.78898028,74.78898028,110.4121524,110.4121524,110.4121524,110.4121524,110.4121524,99.89670937,117.6491214,108.0485896,108.0485896
4830,1549,104.0269243,30.73325654,935,104.0219287,30.73010679,592.1419628,,101.5100508,54.319279,101.5100508,93.70158532,60.69274955,91.32177151,82.54447497,111.026618,63.79707976,59.19924697,53.87678806,67.73378223,141.1729183,164.2304365,72.50717912,116.1695404,259.9647642,261.8809663,155.5993479,133.5897714,68.5690832,92.52883324,166.3037002,145.0143582,140.9395746,89.15039492,109.9548535,110.0157011,75.81726538,101.3993966,198.2987038,198.915496,83.26996352,90.91039697,109.4401164,74.69859189,163.9777743,109.9954309,135.3467344,257.4530273,66.24584182,135.9943264,109.9954113,69.74138288,189.6540094,109.995411,109.9954111,168.80065,180.6534802,89.11214655
4831,1550,104.0077715,30.67693868,928,104.0094376,30.67908282,286.2638424,,31.0874761,34.43364596,39.09945164,35.45760054,22.23408485,35.7829803,30.16832063,33.57991223,38.06278237,37.57702216,67.20977171,28.44858061,29.07051714,40.2244275,41.63837708,43.00527888,49.93578838,33.54108487,35.37356405,34.01154563,33.64145265,39.01955614,50.80771567,45.4278556,22.90110739,61.26931229,39.94379196,34.35166109,34.23753597,41.45413647,37.00962506,44.11390485,23.80022708,40.4590512,45.16653758,106.0860122,49.42685049,34.35166109,47.44690496,45.44663692,27.79635422,38.16851232,39.89225159,26.28953655,41.35640747,45.90422417,46.65936459,30.04518463,47.43612554,33.94432914
4832,1550,104.0077715,30.67693868,1493,104.0072364,30.67483213,239.032545,,34.01253605,22.94712432,32.15384071,33.41814221,34.6052478,31.46315035,36.11824395,33.56627227,20.05516896,37.27487706,26.49018681,29.02250125,33.1187073,30.20683324,36.65975129,37.09125698,33.41814221,27.0709292,28.79703661,26.63109205,40.48948131,34.40757883,39.00361074,28.66343152,29.7242543,32.97000621,23.11221154,32.13282905,56.24295176,30.05298587,31.4823352,33.72530286,33.70096659,27.44558667,34.58206948,25.44967577,39.01308376,39.47326431,23.3492503,29.18986303,35.51662815,26.55917167,40.84733363,24.80949004,32.50347399,29.17007329,36.1942024,28.53646699,31.78272066,34.98037244
4833,1550,104.0077715,30.67693868,1793,104.0151336,30.67558557,721.0450059,,90.91986064,90.91986064,90.91986064,90.91986064,90.91986064,99.74109592,113.105099,110.4579584,89.55315005,144.4765503,108.9740563,82.352856,98.94271093,115.8822331,90.60251383,89.30373925,89.94843852,89.30373925,89.62492952,104.9853194,88.29122521,95.91730333,91.94640766,93.88988887,91.94640766,90.5531284,75.40339931,89.20144403,60.79067965,72.30534878,66.0499242,69.03622397,67.51006557,68.26461594,67.8852441,68.07440147,67.9796912,68.02701337,68.00334406,68.02701337,74.9593996,143.6106236,103.9482889,124.8963282,89.01790196,123.0218967,123.0218967,122.1535069,55.73294732,90.28737465
4834,1551,104.0723581,30.66972895,158,104.0733448,30.67124245,192.5446616,,32.36128667,30.62566047,29.15502762,25.43709291,33.81272106,33.81272106,33.81272106,33.97846969,33.81272106,33.81272106,33.81272106,33.81272106,33.81272106,33.24512143,33.81272106,33.81272106,32.77355942,33.81272106,33.81272106,33.81272106,33.81272106,30.4463008,33.81272106,25.86420827,41.32106002,32.25670649,30.36848989,31.68010886,32.25670649,32.25670649,33.81272106,33.81272106,29.80084979,33.81272106,33.81272106,33.81272106,33.81272106,33.81272106,33.81272106,28.29227681,31.20003518,33.81272106,43.18758765,33.81272106,33.81272106,28.40822876,33.81272106,33.86779063,35.7299372,25.29783875
4835,1551,104.0723581,30.66972895,186,104.0756937,30.66829634,356.833513,,83.23546309,57.60541017,90.30584512,68.32982164,46.71275079,65.93330951,130.1960115,72.64471143,72.63493155,72.63493155,62.81665755,84.05238694,81.04735942,47.87331604,71.0378238,71.0378238,75.45378248,74.51279854,74.68608412,51.69419102,79.51448293,62.29877046,74.68608412,84.35571454,59.74886729,67.19794141,87.3877991,67.44785721,72.85069832,69.59928928,68.20888391,69.59928928,67.54205554,65.52899005,63.66729753,65.52899005,54.37463055,74.0403831,88.13726565,93.76647057,36.03367873,51.79181052,64.98822833,102.155121,75.33796831,75.35350478,64.76978052,75.26956913,69.4378728,71.09515859
4836,1551,104.0723581,30.66972895,946,104.0707136,30.67059491,184.4806029,,30.05113893,29.78162199,30.05113893,75.46933755,37.34565158,58.77258145,43.19545824,37.7883454,32.39659368,37.31068373,36.22528203,30.00604258,32.58106837,43.06707402,30.06350566,39.88769792,35.12986884,43.20549436,25.67513545,20.12515668,35.70592314,25.47813953,29.22712328,28.11132997,37.95029545,28.11132997,62.53579759,30.35329847,76.77805439,30.90574733,34.91880295,33.40274968,34.67193972,33.04130201,40.66103085,28.8752248,33.75904921,34.91880295,38.96824136,26.52983371,27.03590617,27.03590617,26.76934924,35.96372763,29.32142033,23.71093371,25.34847979,27.21844961,67.76838474,25.06151587
4837,1551,104.0723581,30.66972895,1331,104.0713876,30.66829663,183.9708818,,26.43892912,34.69784804,31.549133,30.71513853,23.40265634,27.62440769,49.54826741,28.1977722,17.33757001,24.29549429,28.36381904,17.68478437,29.83031658,28.1325367,17.7559028,34.81183572,30.41539263,30.52442233,24.31928426,28.98447153,66.56232909,38.95853968,21.64363315,25.57124226,32.84108303,29.02725728,63.68222832,29.70155503,29.66930739,32.15892404,34.88585163,30.8094646,33.35449415,25.97235978,37.29380106,34.67183092,21.85792655,35.81335065,36.17452023,35.16368434,35.12725787,32.66560663,29.13321882,28.99386834,27.62419204,27.22164753,27.53110624,25.89313413,26.41567033,24.37485116
4838,1552,104.0638103,30.68828603,788,104.063652,30.68685923,158.8588976,,26.47648293,33.31409891,23.63190212,31.87803965,17.30384361,24.91904276,27.16826752,31.08108866,31.08108866,30.0995806,34.24503182,30.17899902,27.28084955,26.13548959,29.29024488,23.12231933,30.78826548,22.9215243,20.68325611,25.92879711,25.72929384,27.23295387,27.23295387,27.23295387,27.31098526,27.23295387,26.53791329,20.66457205,27.23295387,27.16826752,27.23295387,20.44525193,23.72995981,25.22125827,20.03124453,30.74688341,29.76666396,31.2768596,30.74688341,30.74688341,23.04850943,23.47943823,27.99960986,22.84522096,19.88757419,19.06306771,25.08298383,20.03709312,20.94842606,21.7036824
4839,1552,104.0638103,30.68828603,851,104.063768,30.69164587,372.3959911,,49.15217481,31.94500956,47.6243541,60.33418398,46.22846786,36.83037275,43.62982617,47.49780577,39.19957801,61.28574025,47.15768329,32.91224799,42.55954184,39.97889368,43.75409817,42.8143894,83.92022335,47.12969398,48.70574271,75.31604314,63.45473858,57.64360549,43.55710826,72.79921629,68.81619855,45.07146101,50.06485523,41.11560109,46.71169226,36.39048773,42.8742936,43.62122239,47.13399787,58.14586361,35.23326066,43.59757945,42.94124177,36.43004261,86.77188142,42.22442734,38.09797951,55.43299105,49.34818041,43.73982277,50.71723461,63.55014278,33.65235188,44.81934052,52.57355168,42.50556652
4840,1552,104.0638103,30.68828603,1401,104.0672473,30.68824176,329.2418329,,50.40640456,53.27058869,37.0319912,45.63748179,27.56443252,47.49851351,38.89075663,42.40681926,29.55787029,47.4546282,36.41384327,66.69041731,45.41266661,35.73167179,36.3819083,43.13211785,31.48965458,30.15955721,36.38031303,33.88423666,52.64526771,56.44145707,28.62204289,43.20548962,31.78117608,33.84780812,30.48927584,33.92655889,32.20844018,32.23471848,28.25810699,45.28283076,34.13579324,28.71891377,32.04877689,30.1084826,30.85749316,69.2305683,31.92648077,36.13629873,34.02039605,27.52602412,33.80691952,31.61248471,33.67246018,31.24065889,25.87927071,44.01301888,28.7204432,34.25637568
4841,1552,104.0638103,30.68828603,1561,104.060594,30.68831577,308.0896668,,27.49891241,34.98810096,31.55399148,30.17565055,29.61609614,28.45989591,32.85316352,43.10062697,33.72902587,32.3673969,31.111439,31.111439,93.92109934,75.41106906,68.17303265,40.51836826,80.44408344,67.71201468,46.21345002,30.09831209,52.42839993,75.9673151,41.23133087,46.69990739,38.57818436,27.05177562,142.1952308,64.31561615,57.86727654,34.61372984,35.35052751,80.12239014,41.38517912,59.16448546,47.29734757,78.98127777,43.79556961,63.28803426,37.80563444,28.61513933,31.74104499,58.06925657,32.38314746,23.95513608,27.53874117,37.31279396,29.78510374,43.40989434,24.78486705,30.49134847
4842,1553,104.0604031,30.65334833,1445,104.0574646,30.6553011,355.1349344,,42.50285119,54.63614375,47.38057186,62.67087078,45.89697596,63.4878095,65.65957702,38.16375414,40.53858942,36.24339515,38.77136509,42.90220684,40.47296468,34.24515439,48.19927479,44.33029694,43.42820916,45.42614629,45.75126585,42.77559274,44.61779603,48.01824465,52.12989863,42.66962175,54.11579953,40.60833554,47.3066666,53.66152209,34.50703816,40.80273715,86.57917135,42.79596206,45.22309147,79.90536024,63.04170433,38.2572862,50.31639805,41.1419393,42.11172871,55.2261669,64.24551577,96.85498211,44.88539838,46.44816581,42.50710011,42.84183773,45.42309935,43.65819014,38.83164648,49.55371178
4843,1553,104.0604031,30.65334833,1795,104.061353,30.6549959,204.0247754,,18.27087541,28.24958429,32.57158277,23.1153168,22.80137187,12.79597894,22.49584047,18.88147022,18.88147022,18.88147022,21.66634783,25.41485091,28.49618589,27.6071863,27.55023224,23.06812787,24.48297305,23.75450166,24.11323675,23.93252497,23.93252497,19.95894542,27.66437633,39.06857401,23.57910727,24.36116721,24.36116721,24.36116721,21.13637961,28.19536244,27.87435262,30.92586069,44.46060481,34.24192035,38.68786892,25.3396961,46.26703568,21.73044945,29.54841574,44.42474949,33.46192216,31.05662543,31.1885007,28.83176414,29.96386299,24.75111007,17.57151176,43.89377639,30.35079303,30.35079303
4844,1553,104.0604031,30.65334833,1821,104.0595641,30.65197016,172.6089563,,13.88586017,13.94819849,14.01109905,14.72493466,15.5154118,15.81150745,19.3882135,24.22581843,12.20809907,14.86584313,14.86584313,20.50799481,17.23695541,17.95282752,18.33353473,18.33353473,18.33353473,21.60425007,17.79378234,17.28490244,17.28490244,21.09990637,17.28490244,18.88730221,18.88730221,18.88730221,18.88730221,18.88730221,18.28520577,11.98827478,17.7203111,16.01526399,16.01526399,16.01526399,13.15812054,13.95864266,13.95864266,13.95864266,13.95864266,13.95864266,13.95864266,15.63906651,15.63906651,15.63906651,14.90149263,20.85208868,12.57879034,12.52806941,12.47775588,12.47775588
4845,1554,104.1036894,30.67231679,869,104.1010877,30.67158034,262.2700241,,32.82174114,34.04466659,27.96166101,30.24807601,37.9185577,35.12544966,37.35596782,22.97255686,43.91498078,41.08072894,31.61996272,39.21342307,52.74704395,42.53027418,33.24549601,36.73821349,38.47482016,51.89184319,71.31209115,57.28040972,29.75332206,29.47467493,38.96170923,46.13218664,65.41607993,34.0856349,51.25180206,75.03354334,51.5941031,80.01458362,77.60318519,29.69094612,51.40682867,62.87494472,61.96371365,61.96371365,33.60043013,53.00158454,29.3525001,55.3225832,70.32939194,56.00071689,38.85481839,33.78075445,27.78144013,37.87509803,44.0568454,40.97969127,33.42657169,35.52858276
4846,1554,104.1036894,30.67231679,1748,104.1076474,30.67360279,405.0706705,,65.80113634,76.2485968,70.64067215,77.23293817,62.58602634,63.44177063,64.6254563,72.23054333,38.49668463,72.50187673,77.04760903,56.13228572,44.8176539,80.81459192,66.17491151,41.95951169,73.98134005,60.41999764,56.63123937,88.98577659,62.05337931,72.24583607,90.12697242,86.84785356,119.5290503,53.87639459,56.44855796,79.58938584,78.1673003,48.78192732,66.46892744,89.24445617,62.10142684,84.47527379,48.12720838,65.41352706,86.19010044,47.09743767,119.1384325,129.814933,100.9560748,62.8557937,64.20492741,71.93183208,60.80282477,51.28679064,92.08887456,109.4237929,82.1294726,51.58918916
4847,1554,104.1036894,30.67231679,1774,104.1046034,30.67026219,243.9645892,,37.41309994,41.08877292,39.16488388,45.56537075,27.83748086,31.05265249,40.96420341,40.72360994,40.72360994,43.6951503,42.15708102,28.93813908,46.82336365,37.58655582,52.35603703,30.24354412,29.47223225,30.24354412,38.52072461,38.52072461,38.66203321,41.42794911,38.80438238,41.42794911,41.42794911,48.16851122,48.16851122,48.16851122,74.74659754,62.28883129,62.28883129,62.28883129,62.28883129,62.28883129,62.28883129,62.28883129,62.28883129,62.28883129,62.28883129,38.35251184,58.74732583,58.74732583,33.0799443,42.32638656,33.0799443,33.0799443,33.0799443,39.86108266,33.0799443,33.0799443
4848,1555,104.0341203,30.70829335,1433,104.0375207,30.71027317,392.6668864,,46.09066811,54.26490561,56.42178443,56.74263085,63.58024548,65.88454772,57.47095607,86.85719146,88.16636952,82.59627265,66.14304038,67.77151217,69.52046,134.9499562,58.20946924,76.00004253,110.4375618,79.03834448,66.14368514,76.9655603,73.27678564,69.80744647,66.08120097,74.02262365,77.50771578,95.72917319,71.62509286,71.95132236,118.5409468,130.4360592,165.5270247,82.4785968,85.48238641,75.84559736,75.8139899,100.2553753,75.81341757,73.68100549,122.9218079,82.36564064,66.27549064,75.1059273,80.89274742,76.86342855,78.97211123,88.07481564,84.08555428,65.06793051,75.41538504,85.19694881
4849,1555,104.0341203,30.70829335,1513,104.0375073,30.70419899,557.793825,,116.4091461,94.71970613,79.68483214,77.08475125,64.27841773,98.43420441,118.1210453,60.97341407,100.6739337,63.14647075,89.11498981,85.99819143,56.24811681,171.9963829,95.71295377,146.2177988,113.0946178,81.42975547,100.4656795,104.5863422,126.6342738,96.07931914,123.2882744,107.9963843,115.8813222,88.2662756,99.54960617,94.16449097,86.88711505,94.16449097,112.6919822,113.3695283,93.06137965,125.6082842,85.99819143,119.8329445,101.4426759,100.7627555,110.3328445,112.6539382,110.3328445,112.8122343,88.98335759,140.283477,146.7520904,122.6919207,111.6362902,80.91855278,93.10932472,89.91303449
4850,1555,104.0341203,30.70829335,1522,104.0306416,30.70598336,420.159762,,114.3003887,84.50140465,176.5651918,69.85145936,58.10147798,57.51080091,50.46964108,50.28734178,57.07830729,48.21505466,63.1335712,52.67456243,61.13473128,58.16797694,68.11696916,63.0239643,78.6775107,79.46979738,48.92953882,60.47276934,134.3317179,69.65042869,59.45177102,59.28760973,95.732604,62.22127004,56.15417671,58.17285952,60.51400826,65.27927251,68.98860402,80.5971471,81.72400595,74.13069927,66.83445657,52.85951925,63.84418472,80.83593888,60.70535691,58.04202391,73.98716689,63.45359804,63.12259335,116.9516864,63.69743194,136.6784768,61.46671604,70.23685886,67.67674019,78.40082524
4851,1556,104.0146463,30.63701254,1111,104.0122447,30.63565466,274.9991019,,42.71830709,42.61105166,30.52013154,37.02306533,70.21253666,27.57651161,33.19749637,40.13500406,39.36368854,45.00011938,36.56497754,31.9611547,55.15302322,28.53442233,29.14970237,32.14275217,39.38979179,26.51427096,25.1330029,25.51538059,29.97719203,34.24917153,30.89877549,34.17710357,25.7811658,27.17638183,57.64173315,57.06033238,43.58019516,46.32974938,43.32589789,37.17134294,29.33323754,31.7306656,40.00721687,43.23129986,39.33761987,40.74060769,39.99986937,42.17987291,47.59599841,42.67993966,49.62389809,42.83478968,42.8328592,42.71830709,61.11091153,42.80729654,32.35283552,31.50849035
4852,1556,104.0146463,30.63701254,1761,104.0167328,30.63860797,266.9297442,,26.87963858,25.13923032,23.61049334,30.25413866,37.98209799,49.32993219,42.91858326,42.91858326,36.39951057,35.5029709,35.94565134,35.72293974,35.94565134,44.69521298,39.84576692,42.99539504,41.36070642,42.99539504,25.62525544,59.13520487,42.99539504,42.99539504,23.86457978,35.03909131,35.03909131,35.03909131,35.03909131,35.03909131,38.90474005,35.8395181,36.67736943,27.56062368,31.47206591,31.47206591,34.63912571,38.51491299,41.18344625,23.2112821,38.66990258,22.32165108,25.62525544,25.62525544,25.62525544,21.71631817,50.01211565,35.45930181,28.54298255,34.34407002,51.84966255,53.38594884
4853,1557,104.0698903,30.64779168,1086,104.0695714,30.64525589,282.6980403,,43.7961461,46.2758597,39.21822524,32.30834746,36.20582922,38.22396038,28.58744228,39.07600899,51.70093118,45.98100656,44.15240543,35.03314785,51.25582822,46.79139977,45.98100656,31.72641671,38.33193767,47.17093604,44.39314919,63.47481987,50.88564725,36.04650337,45.03154624,54.48142104,42.67140231,34.70461876,47.55667968,36.3468909,38.44052673,38.44052673,35.31326504,38.77001696,41.16129202,38.38977537,36.31116198,40.5566902,39.12086279,38.27187508,32.97126172,40.9012255,44.89454731,41.16723846,43.20352115,42.90752865,39.82246789,35.62589072,45.46056778,41.35928022,42.97800594,53.55276628
4854,1557,104.0698903,30.64779168,1469,104.0637469,30.64866629,596.6118113,,64.72283907,51.38283542,55.97523049,63.99722499,65.66658694,83.89853596,54.54043983,55.45468276,62.61814929,71.64533426,55.83542081,85.56982154,67.86616451,49.37477059,50.24408753,81.55695921,47.04934328,48.27664486,58.35627009,72.79041529,46.93184844,174.0520681,66.3413906,47.35014375,83.69420441,47.6759716,61.46334718,92.53131262,65.24669353,56.97088914,64.37889372,70.00560898,64.93734001,60.13446161,48.28149985,89.28884252,76.91325052,52.41738916,59.66118113,91.63581479,49.08327985,62.42477808,104.6258174,46.88245611,54.93101076,51.74537134,58.7794888,49.81855658,91.09435761,57.30657086
4855,1558,104.0472725,30.69684411,1121,104.0440172,30.70163082,615.3432036,,54.19341496,65.64123915,74.64989159,79.48815548,53.95003945,54.93227474,85.83159867,71.56414351,89.11108371,82.49508008,74.32209209,64.79665179,91.73817595,69.58192707,69.63622761,96.12883221,71.7937335,65.39879459,79.57228343,88.34438815,55.4757811,57.63839202,56.70398121,90.22395525,67.35797896,80.78904205,55.03690765,76.56344009,75.85186075,61.83663279,69.51221251,84.93409154,80.79067896,95.73646961,81.8335993,84.96793826,75.95093255,86.15868538,91.84226919,76.69365,87.55871672,105.9921308,87.44350789,69.95913814,44.48264122,79.97240191,68.61713335,64.4275967,66.88513083,66.8246013
4856,1558,104.0472725,30.69684411,1181,104.0436286,30.6964945,351.1385161,,38.52784694,53.48795451,47.2560246,41.99663315,30.78162316,54.25316129,65.83847177,41.36702294,51.38612431,35.63350692,49.51182014,32.89068495,48.15040716,21.37106776,64.33072051,47.38241461,33.06994527,43.11877173,85.60487524,68.67435471,48.50723937,28.02879508,55.20081476,36.7403788,48.92496015,29.09987702,45.78685149,64.6253441,69.45597022,91.27066122,32.94783643,48.96049026,79.56561183,60.47716096,74.86333815,53.41261934,66.83932098,66.40356912,101.9434402,60.09501583,120.9663788,50.66527687,44.14779947,47.56721196,48.36506327,45.59932032,22.33389855,46.27572878,41.59680231,92.26997503
4857,1558,104.0472725,30.69684411,1534,104.0548859,30.69708848,729.6873066,,64.94509109,51.19757246,57.29973033,46.73019705,63.3216502,39.49550583,64.96570859,57.29278743,52.16709967,65.69923228,89.12211378,56.45996807,43.91038659,48.69679132,62.38618517,62.08473932,65.60742174,55.19931995,55.62465439,44.53587404,98.09090007,60.36808972,43.95216347,45.21298285,62.76880057,36.97019157,35.8985214,41.98723822,36.14964638,39.9153617,55.58682021,70.71859358,47.74603139,56.15379016,31.8151914,38.12589701,38.87825807,34.99832532,39.86824407,34.61879683,41.40069825,45.80425987,37.36663305,40.46792688,112.6214063,38.91665635,50.5751695,46.6735864,40.79701248,82.12190086
4858,1559,104.0350719,30.64438023,413,104.0351193,30.64569618,145.9190187,,18.08290765,25.07522103,26.66540443,20.38713327,23.69812634,17.7020545,27.31239865,15.65281488,21.13917374,20.94054254,24.34499456,22.58784057,14.08333693,38.76815257,25.37722064,17.95926384,29.12985956,14.12119536,23.66254357,16.36474976,22.20655803,39.25094402,35.91677349,24.64951098,16.46735007,44.14356868,30.24808832,37.25591967,19.36621078,19.78562965,25.57490104,30.66002728,26.70413414,34.55976759,24.54712464,29.55321898,40.13270693,19.1893504,17.89371908,30.60049324,27.58973043,40.2535224,31.43468222,29.29229372,27.26514536,41.23300371,28.62716443,39.39813506,35.61413338,38.34368375
4859,1559,104.0350719,30.64438023,650,104.0351255,30.64268059,188.4418958,,34.34890253,32.33600954,34.34890253,38.78458228,36.73679414,21.29955494,41.39684667,46.78557413,38.0876604,30.99333461,31.33863339,56.53256874,30.35305704,49.8816783,29.55951307,29.36756818,31.22177959,31.22313335,37.1606456,27.27199296,60.57060936,29.24098383,20.55729772,25.5514435,31.00506512,31.2226812,31.22268252,31.2226812,30.70046871,22.65077879,59.63875384,35.79898812,43.80752558,31.55306162,35.14978367,33.91954124,61.02466189,49.21819771,34.57649464,33.19343486,33.80860675,38.2192014,34.74472855,41.3652942,27.25829532,31.44679158,43.14519804,40.68310794,42.80490268,48.89303242
4860,1559,104.0350719,30.64438023,1589,104.0318014,30.6440233,315.8952795,,45.48892025,61.87285126,122.9430277,60.49058544,64.18395622,72.74347589,55.47429299,65.43285421,51.58537347,81.23021473,61.69383398,58.02158195,82.28820595,66.11761664,53.14126197,66.50426937,116.8379801,68.43869645,72.09020642,61.63810332,68.43869645,91.46565736,68.43869645,62.14333367,65.13926528,63.60604088,64.36352352,63.98254036,64.17246647,64.07736268,64.17246647,72.04144621,104.8131803,82.10996435,60.33013295,94.37535321,80.27456512,122.0196359,88.61477973,79.94537829,98.88895706,91.95873363,88.84554736,90.37533827,89.60391379,89.60391379,89.5451186,110.8994067,103.518349,97.61570869
4861,1560,104.0960134,30.65626308,471,104.0934433,30.65227021,506.4348279,,42.08113977,55.83967475,39.64634253,41.8733436,42.81741147,34.24856695,49.37482411,36.2338267,34.91316316,54.53136732,55.82257748,37.75538063,36.96229864,36.83162385,37.37271023,53.30892925,50.80223979,72.20456952,36.84402925,34.9153919,62.43717056,33.5449012,40.82094331,39.33088681,70.94028718,45.98147239,41.97215264,63.52492615,34.52964736,33.43723761,48.07744458,45.23983574,67.63199609,38.74952987,34.68291782,78.13565917,48.76947072,39.20785764,38.84033618,41.93594895,33.20884117,35.54918569,47.31025993,51.27652632,33.77274555,37.8642862,42.68799316,33.3302629,35.87495829,39.29235734
4862,1560,104.0960134,30.65626308,1494,104.0973389,30.65838887,267.6487565,,29.84108641,37.82278796,29.02215432,23.90412711,30.73478544,40.91445959,35.15127568,40.17122491,29.27061794,26.5802903,30.57023275,26.33746935,27.47351798,23.52956101,34.6595512,25.41091047,29.99799263,31.11943556,25.655187,30.75365039,35.68650087,23.96854536,29.080549,31.91175404,27.72764096,37.90959436,31.43672181,21.3171576,40.13492615,24.07835543,26.54367833,23.71293331,26.75558552,24.45521633,30.44880517,27.10367154,27.46419544,27.05178856,27.01042497,27.37316828,21.53753615,22.22921719,29.60170579,32.57388517,30.57764355,24.71307982,54.90230903,26.21152131,31.89006461,27.11129779
4863,1560,104.0960134,30.65626308,1620,104.0893045,30.65943908,732.8718697,,135.9092714,148.693435,115.8743347,121.4322945,128.4226459,125.2847969,147.6859889,134.0340655,121.168814,117.9457288,124.1795927,130.8599905,144.9636665,100.4589378,118.4488622,105.1130968,145.5255412,125.5084015,100.347586,123.2868566,176.3166832,127.2045849,110.6414984,115.4019778,126.3158268,126.1814176,110.2753911,113.6969934,131.1115371,130.1047631,135.0767681,163.3084496,170.5703871,163.6432768,119.4043552,131.6098469,136.8507668,100.8442898,152.0656329,146.4682375,170.4597888,119.7883646,140.2722858,196.6379419,183.2634197,149.7992182,146.7102168,101.4951122,161.7872002,158.0839984
4864,1560,104.0960134,30.65626308,1788,104.1003679,30.65428692,471.2193394,,55.71897831,52.30389379,44.54136291,70.73202038,57.45604138,69.34331417,56.74273789,59.03908197,48.74682821,65.27364941,49.19923497,44.00491885,70.0987447,76.08549978,60.94291686,63.01188841,52.68290751,64.184246,64.13571349,50.11490759,57.50473294,76.78452864,56.72188847,71.97373418,65.80254546,64.84669808,80.95568696,73.75607051,55.80229019,74.34598978,86.77184766,64.19086976,60.56131137,72.35099324,70.06979025,47.25319281,47.88303778,63.08413063,47.08923308,58.37541713,71.49534804,52.38465122,73.15527837,96.11272645,55.05772303,67.65262699,78.04385545,70.06255537,65.11394508,55.68572319
4865,1561,104.060594,30.68831577,1047,104.0585759,30.68835846,193.3663786,,16.35617864,25.49931217,21.50174403,18.19918857,22.06898886,20.99906374,30.6120916,15.05122082,32.80141711,30.73372905,28.95669563,30.87002053,29.54208562,51.09130003,26.19614763,57.29374181,28.58071185,34.8931811,25.95038073,60.95612635,33.16287827,29.49656623,66.80604251,31.81854071,91.19462397,36.04166229,39.85413909,57.435558,31.9027939,39.10780691,38.58141521,27.00752524,61.06306693,31.87722784,59.49734726,40.33801937,37.4545176,38.290372,24.06337156,27.69704097,18.01342918,18.63772324,20.44402241,25.19750163,24.62286511,22.96474929,23.86796948,17.46848088,17.55659427,17.80861474
4866,1561,104.060594,30.68831577,1223,104.0606193,30.69159939,363.934158,,52.23935282,52.23935282,36.97543656,39.18377557,68.77495899,49.43029469,75.58632514,63.21654855,39.84276641,60.44581171,38.35608075,96.53832403,42.58961296,37.08008403,32.40571281,43.26009802,62.33923721,52.54664314,59.41782171,77.63928704,61.93159862,48.90492605,48.70494308,55.16475658,63.37639692,41.57217133,75.08097242,51.37893995,67.67370707,40.88783229,41.75818227,55.79910429,63.96239068,55.54900533,38.26689942,50.60498141,51.73397705,40.7727065,44.65830315,34.09662899,37.4944431,56.31072931,38.2529334,37.6700106,37.6700106,44.07613015,35.18396694,51.27839408,67.76705012,36.01822595
4867,1561,104.060594,30.68831577,1552,104.0638103,30.68828603,308.0896668,,88.37631876,65.4201289,35.12264014,66.52317779,35.77815485,34.25332923,30.58805296,38.53032061,35.77815485,50.70275659,43.28284099,23.25205032,57.79417719,77.27796554,78.47566986,50.15163966,76.81844617,68.48450104,68.69996701,50.28610033,37.06341856,87.14536288,79.45005734,60.22805515,56.93283544,34.2321852,28.87400717,30.37028479,55.64877039,32.3673969,56.3642304,39.10127838,63.56004587,45.09851453,33.1081433,49.73644845,58.6432745,60.65808966,47.55473749,24.11136523,36.90924461,45.53583345,23.19733962,44.30583758,48.75265057,30.05171126,48.64573686,24.22988095,32.32023702,32.44946754
4868,1562,104.0642777,30.62758318,424,104.0598002,30.62746869,429.3251195,,93.72257295,56.87072026,87.09074549,55.96995868,83.86816287,53.84615866,55.81389344,72.46478909,65.97483338,73.59859191,79.22308822,76.33438569,76.19903519,53.95707476,87.81650172,63.7536418,51.86477954,97.8209133,71.5173978,80.87757353,76.8281496,77.00579267,82.60665046,95.3799836,66.40474458,71.32557896,94.50402855,83.73833599,108.0818483,70.83274199,149.713375,69.44154692,95.89888913,68.08680309,92.08959864,76.51338763,60.64457965,64.17593483,71.76183077,65.42097059,60.20921037,98.80705973,88.39046576,88.44465981,85.65564344,68.92175831,44.66966561,71.30659424,66.46773921,77.54380293
4869,1562,104.0642777,30.62758318,752,104.0641764,30.6318617,474.2868375,,39.35839137,37.11003293,41.89675974,31.82071573,37.39449442,31.98437618,33.71517153,36.78754557,37.75417612,40.94562626,40.04924039,33.5778292,33.00753467,59.64830096,36.27175928,45.5315364,37.52599154,41.51451304,44.29137782,51.79269812,66.88660528,55.8272581,46.09788181,64.18919605,46.39762541,44.94557922,59.28585469,75.57488625,66.89256082,93.55795151,82.6521097,89.10281096,89.01851845,113.5764489,90.03627611,80.76022207,77.75194057,57.01472419,102.8949531,52.64119415,47.19768976,52.94364698,52.6173379,46.82502777,48.40347597,40.23662925,34.3755308,41.4425392,44.35657989,46.30325736
4870,1562,104.0642777,30.62758318,1290,104.0643486,30.62516934,267.6115036,,24.30785735,19.39408984,25.0027499,41.80440055,23.15868781,22.12173164,27.59803523,18.3505031,18.49347789,16.59606224,25.85034154,19.74183223,28.16478766,23.00660091,24.8207946,22.24945526,25.11401221,23.31151681,20.81422806,23.527798,16.9463749,27.4804572,21.87891173,25.60535317,27.87418193,22.5658688,18.69774698,20.46623318,21.55604888,20.38328515,28.35121871,36.81788839,24.44703956,22.21354422,26.50155906,25.83475266,18.43242499,23.22008708,24.01000406,30.5211916,27.0998991,23.01118024,18.19798664,32.09012672,23.25371501,20.40384214,27.16357367,29.96065209,21.87684162,24.59225049
4871,1562,104.0642777,30.62758318,1822,104.069232,30.62745007,475.0777077,,76.99960769,98.39475537,79.08808082,110.3825198,110.97235,74.35998903,79.9997209,90.81131405,72.75574739,103.5392252,110.3976083,105.7234271,99.43486905,85.08854466,73.82502507,90.61084756,79.68688399,84.32576076,93.70279706,75.67609503,110.4831878,104.9251379,82.13723442,95.89197356,119.7321857,110.4594025,195.9166448,175.6589844,144.449303,138.916818,109.4773665,153.6836744,147.2792032,136.3548774,138.2975537,116.1480304,119.5164045,109.352925,58.87365741,71.33596445,68.73612432,147.1560013,108.781044,164.4499757,101.4308245,106.0638603,126.8887995,148.7199781,145.3178871,128.1108425
4872,1563,104.0941404,30.66764376,1491,104.0917234,30.66939289,301.9912155,,32.45278734,42.89337666,41.82757457,49.78447056,31.18073735,32.96947311,41.05620755,61.181217,46.92672466,31.00290045,53.14737826,44.30405251,74.719476,22.53198706,56.23393589,43.82137095,35.38383648,53.16527416,31.06195359,30.71097107,38.62740721,29.08811708,56.84540527,43.09884542,60.28938726,63.20746371,61.56687358,46.0664566,55.63255894,32.13305545,57.59991394,29.02986317,53.51801865,59.00006449,32.54995137,35.58652621,35.09258799,57.12308694,50.52833176,37.55331177,22.67295883,59.73452614,27.35703009,56.14361014,31.66509833,27.48845451,50.04227276,67.36091781,51.76992266,61.24471067
4873,1564,104.0099861,30.69678059,1040,104.0115999,30.69535576,220.9728617,,25.38297071,17.59960845,24.04783259,38.20448623,26.42864791,18.60824099,22.87569524,41.15376628,29.92860429,20.87932551,16.96166955,18.54317721,35.59294417,20.69823857,41.75232874,23.7109479,17.58016137,31.02583082,25.57885216,41.63117151,23.55299192,23.19248694,39.67892084,40.53514915,18.39311681,36.15919555,39.12306405,23.04467851,19.14566311,51.5748846,25.37487407,23.64487615,59.02037937,53.42898655,31.94788362,24.52226579,24.5651766,54.41398104,41.86854222,22.76115314,22.01168517,35.12151444,21.90259642,31.56755167,30.55706667,21.17105262,29.92217149,39.48991021,27.7500803,17.91671852
4874,1564,104.0099861,30.69678059,1278,104.0070896,30.69981339,435.8298837,,36.89367976,63.21464872,43.71720787,39.12173759,39.48284661,36.66929784,37.92878923,30.52505022,36.60971023,40.66355375,53.76927969,38.8267157,48.7479497,71.38251052,88.97850179,56.78858877,46.14669357,58.08824057,63.43188119,48.46828363,48.23413732,59.93267857,91.75365973,53.35296509,65.01329758,48.70471428,49.68295064,56.15869646,52.59763933,85.1322616,59.9765895,59.88502219,64.91467031,47.17090614,110.6033541,48.40894149,54.90084013,57.30104788,56.7103945,64.69591903,48.61309315,66.07190824,50.74110912,73.74794742,100.7228678,71.86641541,72.22526099,74.81548413,39.26309908,48.56293778
4875,1564,104.0099861,30.69678059,1389,104.0114888,30.69862622,250.1123158,,65.65448292,49.55055313,61.39120477,38.05295806,70.34408882,34.90554257,38.38398559,37.86567504,43.56850078,48.32723439,58.33253453,45.24644909,70.23434765,44.05648132,51.01441002,48.21442232,53.35729404,54.09864585,62.74594682,46.2932821,57.88055199,58.09060238,37.3611758,49.33722394,54.30486361,53.10031473,48.30063496,56.62920358,47.38970194,60.21407939,66.22594266,116.4315953,52.7580666,69.93431743,61.89597903,93.3061489,88.70978688,71.88856981,53.10205826,82.93197838,114.4581784,111.6203723,57.59516015,49.91299664,49.60905437,38.31507817,35.52798095,36.21171675,35.20777647,37.67382163
4876,1564,104.0099861,30.69678059,1567,104.0087919,30.69447168,280.3013313,,33.78632118,40.66547812,45.95103792,39.21495377,30.28011381,37.86434494,50.28661757,51.28766418,23.79916964,34.14838554,71.06230934,46.12959052,64.68492261,64.68492261,46.66288059,34.95674801,36.91773632,48.80044671,49.34399964,50.809909,35.25187049,35.03766641,35.14444206,35.03766641,35.03766641,33.41340373,42.8637788,117.335441,55.191511,63.2258642,46.42138207,45.18290117,31.5832486,45.18290117,41.24324765,61.84380751,37.93551852,90.09685649,38.81095356,38.81095356,41.52612316,44.64976959,44.84821301,40.04304733,40.04304733,34.36937305,45.94580729,47.82392382,46.86605713,58.16050678
4877,1565,104.0231128,30.62783926,1857,104.0243735,30.63001075,269.2993226,,60.89683174,76.9426636,50.38864664,69.74658715,58.50800008,63.6348908,58.50800008,56.08779643,43.23199828,47.96425783,45.47534735,46.68665457,46.07304071,46.22492702,46.22492702,46.22492702,30.58288837,36.81114417,36.81114417,48.44696309,48.44696309,74.86313215,58.82553885,58.82553885,58.70186226,56.52930387,58.57870461,121.6917441,60.59234759,62.74935672,31.32399229,74.46064219,71.11082359,87.93447269,78.63285389,83.02394819,80.76876325,81.88083039,80.76876325,80.76876325,80.12211251,80.12211251,66.1007428,85.54213779,91.74866508,115.4139954,68.92020577,78.71265719,92.55155717,67.55941194
4878,1565,104.0231128,30.62783926,1901,104.0256858,30.62647154,289.4732103,,37.79160678,33.61624378,43.15128601,30.89239794,47.80291546,115.7892841,73.13007418,29.35502978,78.94723917,51.589285,45.1127081,60.23719983,53.80913375,50.83431986,47.26093229,44.15693038,38.59642804,58.71005955,30.92295422,40.96050666,59.54877469,31.45181762,57.57478216,31.01498682,82.37972783,45.0639376,58.25875931,58.25875931,58.25875931,60.23719983,43.42098155,60.58741611,43.42098155,38.93288507,35.28567349,31.06120885,28.86713455,29.92400738,29.3860714,29.65259988,29.51873402,29.58551553,29.58551553,51.0835077,29.58551553,22.72853996,25.70764456,32.12070442,42.79686066,43.73991845
4879,1566,104.0886263,30.65131513,1051,104.0887253,30.65173133,47.0931073,,9.885433602,9.568123388,10.24768787,9.612200498,10.2438179,11.69208181,12.86794583,10.2438179,10.2438179,10.2438179,10.11395593,8.899484844,7.468510409,8.899484844,9.780876133,11.40371208,11.40371208,14.61510227,11.40371208,10.92014082,10.92014082,10.92014082,11.08073113,10.99984988,11.04014237,11.0199593,11.0300416,11.02499814,11.02499814,11.02499814,10.53013579,10.77188644,10.64963934,10.71041408,10.67994025,10.67994025,10.67994025,10.67377878,10.67994025,11.22749578,10.9468752,11.01570698,11.05044849,11.03305039,11.04174258,11.03739478,10.59594914,13.67219244,9.25555841,11.03848141
4880,1566,104.0886263,30.65131513,1479,104.0879033,30.64936446,227.0197702,,24.44168752,32.7751258,27.15095344,41.53152399,32.38053347,43.12776637,31.13413991,31.80043474,30.53316959,62.86701329,44.78198207,44.78198207,33.88823107,37.48950334,37.28639511,39.6733579,27.16690879,24.42349414,39.6733579,49.08535572,49.08535572,49.08535572,74.97900667,32.49587168,49.08535572,27.76685751,49.08535572,31.07494953,34.08847436,51.40070269,102.1588966,49.03627035,41.12056215,41.12056215,41.12056215,27.22677375,49.08535572,40.06231239,37.403715,40.06231239,49.08535572,49.35212396,60.09346871,56.36352915,35.58510185,44.35664438,57.08529727,57.96249452,47.44680248,49.53158623
4881,1566,104.0886263,30.65131513,1611,104.0898351,30.6510373,119.8550727,,17.41793915,18.72205877,18.17985141,18.97998219,19.26580128,26.91482334,22.4990781,25.91461031,25.91461031,25.91461031,25.91461031,25.91461031,25.91461031,25.91461031,25.91461031,25.91461031,25.91461031,25.91461031,25.91461031,25.91461031,25.91461031,25.91461031,25.91461031,25.91461031,25.91461031,25.91461031,25.91461031,25.91461031,25.91461031,25.91461031,25.91461031,25.91461031,25.91461031,25.91461031,25.91461031,25.91461031,25.91461031,25.91461031,25.91461031,25.91461031,25.91461031,25.91461031,25.91461031,25.91461031,32.08016816,28.66965194,29.45244107,29.45244107,29.45244107,27.70325918
4882,1567,104.0087919,30.69447168,893,104.0075071,30.69289184,214.0170429,,28.14470701,33.36104217,23.56150931,30.43368544,23.62472532,43.69346056,35.5230363,37.81405421,24.07691733,29.8387486,37.78314774,33.86643316,34.85379656,22.56109383,34.95476844,23.34731377,24.97443612,31.94077416,27.51647694,39.51083869,31.18849264,28.43030828,32.78558955,31.25622897,31.24491917,22.52810978,32.72756195,36.89529598,40.64227189,36.89554293,28.89230079,32.15998498,28.19739564,24.77367699,33.4999912,34.6682143,33.4999912,45.6194223,47.10244087,30.2854306,26.56763291,30.74466698,41.03655683,36.68863593,25.3441235,31.02528944,35.30178027,25.51196538,17.79356477,30.19049195
4883,1567,104.0087919,30.69447168,991,104.0121158,30.69204887,416.4919821,,43.58637022,61.95748494,43.58637022,55.94668416,44.99238216,53.10641567,67.23637379,44.34135171,55.22545619,50.56900963,46.87976454,53.45351642,49.2134946,53.04379017,55.36821032,58.79886806,59.31056707,66.13900025,67.84484776,59.90638098,52.8412735,52.06149776,51.62086825,52.06149776,52.06149776,39.80631333,55.72144202,62.73519396,54.87177074,64.25876296,68.97624545,67.13602101,86.33614982,80.90132028,67.26989142,91.89200012,106.771088,65.6179928,72.90297254,59.13012928,61.70251587,59.13012928,62.74832122,57.57321969,56.82511071,51.06849917,57.10336207,71.06024339,57.08007043,56.8661619
4884,1567,104.0087919,30.69447168,1564,104.0099861,30.69678059,280.3013313,,33.78632118,46.98881456,28.03013313,60.06457099,41.32206358,27.42078241,29.01753538,29.44799978,50.45423963,34.06193393,34.58138426,37.01705036,45.14920773,45.86749058,49.11039353,35.99589035,35.25187049,75.30483527,52.50181023,38.32725622,35.56245965,38.01777424,41.87073829,43.68332436,37.90300315,31.63275212,49.62712096,37.91731163,37.91492613,67.19765544,145.401267,90.09685649,55.98251277,83.05224631,84.23078403,43.3083602,58.10469055,92.23809805,69.1943858,88.41925894,179.127478,156.2050763,35.48950033,143.1325947,43.87325186,42.93977841,41.95778764,38.69190156,35.07826625,31.23295722
4885,1567,104.0087919,30.69447168,1657,104.0049356,30.69715369,474.1074256,,57.14687719,68.78242445,61.67993972,56.0367737,43.31946021,54.49431551,69.61768751,54.38212381,57.67389169,70.52837736,53.36487959,64.52879895,77.28845581,69.69321079,74.66541322,77.43455873,77.43455873,65.20675194,67.00945784,67.06431168,60.15107426,58.76184418,59.44403072,59.2634282,62.91334905,58.55186045,64.12604997,80.78401571,66.88909465,68.54565189,68.54565189,68.54565189,68.54565189,68.54565189,68.54565189,68.54565189,68.54565189,68.54565189,68.54565189,68.54565189,68.54565189,68.54565189,68.54565189,68.54565189,68.54565189,68.54565189,68.54565189,68.54565189,68.54565189,68.54565189
4886,1568,104.063511,30.65498885,278,104.0634634,30.65705933,229.5173671,,19.38824845,31.40604543,29.64170481,33.58790738,22.26455896,26.0547898,33.41809996,20.52826141,42.08467852,20.01039406,20.83890344,28.05645234,25.92874021,34.52006953,18.9751536,24.45221344,24.01925935,48.40537839,37.91644458,23.57382372,33.81701999,42.52821802,32.32444412,25.68026485,38.96054801,30.38971268,26.52528159,31.77932775,22.56520314,28.33304832,39.29904978,18.38181361,21.1320338,40.66315102,39.53409194,16.74290824,21.29542581,73.25022354,31.90202786,41.43743839,19.48732362,25.36103504,52.07536899,41.80961526,18.25322212,22.34148323,29.49620782,31.6348417,26.12392796,25.13983331
4887,1568,104.063511,30.65498885,917,104.0664825,30.65485151,285.1267412,,36.1065019,28.95958124,50.44011147,31.97683079,37.03708185,43.60785676,24.72643826,39.86237935,25.18911088,37.73736281,77.17716303,27.89283338,45.05706528,41.38519376,49.18832393,70.95319825,33.89508867,45.32826486,40.42758048,93.31420621,39.437719,30.50390099,40.15869594,33.38844739,48.76276809,86.25682927,26.17175595,44.95428913,120.0533647,42.37177578,34.00269212,40.80712994,56.43314853,37.55327811,44.00669961,31.4863886,34.76566531,69.82695703,37.36273644,26.52341779,68.43041789,50.3576256,37.38232237,32.21097076,31.39009995,36.2278683,31.85279343,44.01145409,23.07507535,40.58743647
4888,1568,104.063511,30.65498885,1783,104.0636453,30.6516143,374.2233224,,32.00009408,47.94320145,33.64405182,35.83329619,38.32728195,32.72891493,42.08133746,31.60225101,36.36178031,52.93532262,45.83967632,47.18752927,43.1335313,57.6961011,35.96380034,32.62410815,27.27133524,33.7414471,33.35764181,51.39547775,53.60227961,43.31845533,31.01094286,32.72560228,31.84520844,35.90150461,26.79977274,35.32491539,34.76655382,39.94674457,34.45093877,34.14100255,23.88659505,38.93653065,30.4624977,50.45707718,31.36984094,28.90995624,32.33289505,39.8244414,34.55845987,34.55845987,26.28690655,40.51741235,30.53153452,35.96806777,32.48013835,37.89193312,29.60887826,35.17503814
4889,1568,104.063511,30.65498885,1795,104.061353,30.6549959,206.7817728,,46.58412904,23.44612227,81.80377825,38.57069337,43.2170904,49.13626284,30.71861274,24.58435872,37.40775789,27.62205499,54.13922779,29.89615992,29.89615992,93.05179776,27.98550309,33.38181086,49.46274964,45.04776896,45.04776896,57.32563997,38.077462,34.78571879,37.88368357,46.38095839,28.92333685,38.87281369,41.89949617,46.11756625,55.24410999,60.68595504,26.6655898,57.26264478,36.99306945,31.59653574,49.62762547,40.71016151,28.63132239,36.5305526,77.81335004,33.12925599,67.26635981,41.3235581,36.76120405,38.90909594,38.27323301,38.27323301,25.58125024,34.7046332,37.93194304,25.66946145
4890,1569,104.1069711,30.62829492,480,104.1062302,30.62332025,555.8898734,,105.3265023,70.547716,61.67037116,82.69436133,77.64126263,117.029447,70.1847866,61.88013433,202.1417721,75.09206545,122.6227662,82.52385749,70.66931422,65.39880864,65.87678954,116.8017633,84.7556096,86.16592225,103.1548219,115.0116979,85.56722797,106.7308557,64.14113924,65.96274079,72.24561532,70.58919027,108.1439365,100.5629922,86.4450775,80.6936913,78.63275223,92.80943973,100.3109546,93.16590057,98.21857886,85.70464858,77.86784219,72.59504996,63.19811887,71.985739,55.58898734,73.30415913,95.65982525,69.9721519,120.1924051,59.20720545,83.38348101,93.95321804,156.0392627,74.00900681
4891,1569,104.1069711,30.62829492,1623,104.1088753,30.6298657,252.2194652,,27.73194425,24.02090145,27.73194425,47.04611786,47.04611786,47.04611786,47.04611786,47.04611786,47.04611786,47.04611786,47.04611786,33.0178209,38.80299465,37.17461923,36.41062956,36.78865838,36.59866783,36.69341718,36.64598126,36.65782873,36.66375535,36.66079181,36.66227351,36.66153264,36.66190308,36.66171787,36.66181047,36.66171787,36.66176417,30.06589651,48.55561897,37.13660837,38.55584181,38.55584181,38.55584181,38.55584181,44.22029585,41.19425669,42.6536735,41.19425669,40.97736329,32.1982296,35.97781376,33.98325426,34.952102,34.952102,39.17127156,36.9416073,39.17127156,55.19696503
4892,1569,104.1069711,30.62829492,1870,104.1043552,30.63040107,342.5584141,,33.24016956,43.47392329,33.24016956,39.96144818,39.96144818,39.96144818,46.23093874,49.65114407,87.35846213,57.09306902,68.41665968,62.24405253,68.41665968,78.74906071,78.67370276,78.74906071,78.7113637,110.6018198,58.30781517,82.32378443,43.69212722,43.57633536,45.42908209,64.22970264,47.3098577,54.48646352,54.48646352,54.73405074,54.98389831,80.07859031,61.00686952,44.5202271,68.51168282,53.96981579,73.23101489,42.6126569,46.44859852,46.44859852,47.52255456,118.0105541,48.64734875,59.47959603,59.47959603,68.22740198,63.55389086,65.80777539,65.22944869,64.66119827,64.66119827,53.44718535
4893,1570,104.0515755,30.69104677,1139,104.0526151,30.68752187,403.1586695,,99.97964706,98.01043628,102.0296106,109.6754063,65.22690948,82.93549773,111.3014732,81.76739212,106.7184713,90.42811279,84.21883233,62.02441069,87.76846239,119.9480339,54.72140294,138.2258295,105.9395044,56.71634272,60.27150024,100.0945662,42.65602381,68.46090614,52.84920201,43.50307112,69.44359857,37.84540313,63.65663203,51.80977753,96.8872637,96.19693191,57.21935972,168.7640942,51.8082533,35.08148644,103.9167931,116.1096968,172.2695798,109.6754063,44.22837724,50.21255957,102.9341284,81.23346324,57.00593913,36.83015578,36.50330006,39.17331202,75.20058084,120.4457436,106.457546,60.72682888
4894,1570,104.0515755,30.69104677,1343,104.0488623,30.69056278,265.3601771,,38.75442749,79.34357455,56.19391986,32.8562902,66.89752364,80.70087751,77.91979099,42.82941142,53.12569775,112.8303115,40.60772104,43.28092776,61.43386737,62.64240246,53.47433074,64.98616582,62.6835064,42.9025436,51.68494664,119.4120797,79.08084748,84.53952545,99.09716157,81.05547225,62.16680937,78.78735155,36.36916132,53.89543794,110.7590304,62.03224919,91.56197807,74.05400291,62.03224919,62.03224919,62.03224919,58.20543108,73.76808012,125.696926,171.353657,135.5030692,59.57416993,58.13164124,46.44878302,56.95976545,79.70293755,83.61458534,70.13925386,82.70966559,88.18122811,76.423731
4895,1570,104.0515755,30.69104677,1645,104.0545982,30.69165952,297.3743471,,42.23067651,51.62375646,66.39055191,63.91329251,63.91329251,63.91329251,63.91329251,63.91329251,63.91329251,63.91329251,63.25244606,60.48291805,62.60512571,94.73873005,62.60512571,44.93379432,52.8665506,52.8665506,55.25407224,72.39544545,64.32130076,43.63645311,144.6686013,67.92815035,42.99388151,52.65851695,48.51424393,50.50150089,48.51424393,91.49979911,63.40854786,74.90712415,74.90712415,81.28169439,88.84212859,159.7832313,99.12478237,143.3769173,99.12478237,99.12478237,73.83087238,43.51819714,55.46879013,48.77210249,55.46879013,38.74116947,56.85330056,83.96452153,58.30869551,63.60948601
4896,1571,104.0210888,30.6647771,443,104.0192041,30.66475911,180.5880068,,38.72047793,44.68156869,40.71712887,35.47704363,35.47704363,51.02957806,36.97665496,22.15048806,30.29426175,23.51847781,26.49145344,56.04455383,38.24216615,20.6604923,20.70435747,22.06278816,27.41181269,26.64413215,71.18067422,37.5790072,20.86598858,36.52341711,26.8921127,42.70061245,68.67431244,39.94573422,33.16922574,21.77945811,38.92915117,28.51389581,54.17640204,43.48607522,34.82768702,73.04683421,40.63230153,87.85362493,37.5790072,32.26386226,34.87751204,41.23362522,57.36324924,31.55906915,35.6228397,23.6406118,48.60686538,27.63095186,75.01347974,38.80522232,22.81111665,34.87751204
4897,1571,104.0210888,30.6647771,1260,104.0215958,30.66356652,142.6925323,,23.56851897,41.79198233,20.24738839,17.70287297,18.93886783,16.39097372,21.72523224,25.88599131,22.07652393,17.99767857,20.49690939,15.08089883,23.58143224,14.7693804,19.22594119,19.28006066,21.62809972,20.24628004,27.11148458,17.17364089,15.2769082,16.81726056,17.66852352,24.11704771,19.73250835,19.81185572,21.99204981,24.44530901,23.13932956,24.50046659,22.20481326,25.48291607,22.85547456,22.14628367,14.75864583,28.56684658,14.82714321,24.79305926,13.83177108,22.85525935,13.63787034,18.70695981,16.33524256,19.29467343,19.32929675,24.60581135,23.82196166,21.69377584,20.55389082,25.69750457
4898,1571,104.0210888,30.6647771,1305,104.0265248,30.66499141,521.3567152,,52.60536225,61.13629234,41.08894206,66.00446733,61.0732152,59.00198431,53.79818487,64.30438286,59.22327135,68.088445,44.60511638,87.32232276,53.62526213,48.31850929,81.65437676,54.69151692,57.12411413,72.37342577,56.70344939,47.25684032,99.56945224,52.76593125,107.9185917,56.71089861,70.95473638,71.96641774,75.97256684,98.48329001,68.25033363,77.7821871,48.88780138,99.40622363,52.10190177,85.92884055,52.86997675,50.2008472,70.92778059,72.79085404,81.32863539,139.2003097,63.47780115,74.96430874,47.57627819,69.63325992,39.59671255,57.80957416,79.0418297,61.25267907,45.46960315,52.04273807
4899,1572,104.0679573,30.65714859,278,104.0634634,30.65705933,430.6985869,,64.60478804,62.60490899,52.73860248,90.67338672,56.47363097,56.47363097,153.1372753,70.77039021,89.51980033,98.13385524,56.47363097,86.45993939,64.87510096,80.12996966,48.11942833,53.17266505,113.5908361,68.4721993,92.84520436,63.53267416,76.49308894,84.72759087,67.7080748,115.7100681,168.5342297,71.06341623,63.28632297,99.77573442,93.78114394,99.07443533,80.72364383,61.02541285,85.49205031,91.42186986,87.83477443,87.32562085,70.47795058,69.09602998,80.56366728,73.13749589,76.36024713,40.14278091,49.30095112,85.66380734,64.23978922,72.86743464,109.9655967,68.30462171,80.54622924,62.1199885
4900,1572,104.0679573,30.65714859,917,104.0664825,30.65485151,291.1754312,,40.08533661,27.07908944,42.22483594,39.80941096,35.20777733,53.06008981,37.52798054,45.97506808,43.97812534,45.77430359,38.16020773,44.30395403,54.03255424,37.316894,62.5809882,78.5192174,57.51613456,26.8433176,64.99988955,52.30696369,40.88266585,30.47184745,127.8331161,52.07997465,50.49284934,30.87574528,38.53792472,51.19568021,34.48130106,52.52830718,47.80530341,66.66019411,39.55590763,25.94632555,38.85660159,44.04334253,125.5367129,34.23728532,42.02531997,45.5312933,35.81656784,52.02141699,44.4165912,50.65449966,50.51718324,48.11554665,91.54860719,45.63842104,32.96325636,54.07237188
4901,1572,104.0679573,30.65714859,1142,104.0685349,30.65841363,150.7319641,,17.42006648,26.05690616,35.40848749,18.11803241,18.58339283,31.73304507,19.80419966,27.34035691,34.56274336,25.32719117,19.58185901,28.62835174,28.37201594,28.32019008,23.43995986,25.41722552,28.14497255,66.99198404,35.46634449,29.45102148,20.2287072,30.64436373,25.71730193,19.6963728,15.05229045,24.89151701,26.2550233,46.77888541,36.01560203,33.91469192,26.08822456,17.03720787,21.15536338,22.86735006,30.39972385,25.3370461,20.13488203,22.65699669,22.85466604,26.62792517,29.97983816,24.88892225,28.29909104,27.7011664,34.78429941,26.43546235,23.43995986,20.69809551,20.07281396,19.2423784
4902,1572,104.0679573,30.65714859,1764,104.0696195,30.65608713,198.0014115,,51.65254213,78.54601448,45.11424566,68.80357929,46.58856741,39.02217598,47.83926721,76.10018662,67.88619823,40.73171894,59.89958667,42.85401292,42.85401292,42.85401292,42.85401292,42.85401292,42.85401292,72.36599811,42.85401292,42.85401292,51.65254213,51.65254213,52.22015248,48.49014159,27.84394849,45.69263342,34.60218842,34.60218842,34.60218842,32.40023097,35.4042259,35.4042259,35.4042259,85.36587801,54.88393312,54.93680782,54.83116011,72.00051327,45.40159754,45.91337078,35.81935082,38.11791879,38.11791879,80.54294705,51.7462854,63.01039394,59.75835107,58.25504432,58.99712281,58.99712281
4903,1573,104.0143304,30.68271515,709,104.0125452,30.68328194,182.1806897,,26.26904471,19.17691471,19.46143866,23.0662538,23.71329596,37.00143768,23.00422599,21.99092769,23.93614901,29.8453007,38.69324383,31.30551231,27.35559887,24.9847803,29.66357335,29.23553416,37.43808674,22.65459354,22.8519332,22.8519332,25.7701565,24.34485831,24.34485831,25.12837099,39.50906524,25.12837099,32.46784569,22.37633855,25.0963195,34.42784687,32.08661854,24.33582497,20.14901637,35.8388242,34.07015496,18.14247532,31.48082319,30.71899217,27.15736989,47.18348798,38.46630398,29.08427862,28.80748826,26.7421042,27.7902747,27.05334933,27.42231984,27.03364029,23.39588328,34.9864672
4904,1573,104.0143304,30.68271515,1308,104.0132057,30.68050837,267.2583303,,33.99752612,33.99752612,28.21495569,31.37380399,34.78730865,37.60523702,26.54151694,34.95114796,38.3892265,38.24616106,35.86691478,33.08183344,39.32076584,46.9331702,32.43863753,33.79847736,32.55939049,32.07099964,35.81455311,52.86428511,37.04953027,41.29313258,44.59466925,41.29313258,27.48942826,35.24285674,35.24285674,31.54448184,36.35251847,33.84429993,46.18223948,46.18223948,45.45496011,31.44215651,44.75023205,40.85477661,39.22480159,39.77164127,36.10243861,37.38274624,41.22658099,29.33323137,47.63019748,53.90083972,39.23059189,38.32550725,35.01200834,40.88785311,41.95334255,38.56232421
4905,1573,104.0143304,30.68271515,1660,104.0160533,30.68223444,173.424408,,19.40412957,20.10717774,18.74858465,28.09124269,21.18609947,17.68634189,24.3521353,18.30873516,14.96292076,18.2618755,18.86186915,36.58171106,19.63295185,20.46976619,34.39822969,18.74858465,22.62057496,22.62057496,22.62057496,22.62057496,22.62057496,18.97653097,25.58720774,21.79154865,23.53733718,22.63082442,22.63082442,19.9824883,14.6900675,17.88905068,55.00686069,22.21807362,27.84691654,15.530544,25.01313577,25.01313577,25.01313577,22.67809186,19.77285412,20.74178966,20.74178966,23.73870224,21.86787632,22.76491773,22.76491773,22.76491773,17.24662621,14.70737029,18.44395477,23.01669562
4906,1574,104.0649632,30.6607499,938,104.0617125,30.66071793,311.4766587,,35.31703847,60.46640949,35.31703847,34.57802555,54.7651268,24.3499668,28.88500699,51.20164253,31.58636539,89.34788616,37.29432277,21.11706161,43.90144096,38.30752464,39.27551563,35.21117808,31.7024589,49.76820631,32.31458131,50.31794142,21.70989296,37.05604664,33.09669337,36.7778562,65.19278903,27.55076097,36.17981931,86.55097546,50.62374588,65.71815217,36.71931138,57.38077464,39.5061411,35.37274357,130.3855781,34.25608874,33.87661545,35.55970311,41.97439466,35.61348366,36.0841825,69.47877313,35.77284131,22.50132384,36.12487021,30.48089626,36.64431279,67.21174655,54.83207684,25.37870927
4907,1574,104.0649632,30.6607499,1610,104.0663788,30.66084053,136.0031233,,20.02499975,19.90289609,19.96376122,20.65870227,13.71460067,16.48522707,16.48522707,16.48522707,22.51086179,22.51086179,26.65759948,17.99379801,21.48517124,20.80501037,20.80501037,20.80501037,21.0812161,17.58029601,18.05573118,18.55759611,27.12527667,27.12527667,32.28206003,27.12527667,27.12527667,20.571901,23.3983868,17.51739692,33.30688734,23.32407672,22.82569902,23.84470344,16.88314634,27.97778536,25.36845823,25.36845823,25.36845823,14.83670436,15.20531813,14.13019463,13.94903829,26.29961918,15.54321409,17.17934189,15.54321409,19.20044094,17.78787444,16.56890842,16.26615428,15.55308907
4908,1574,104.0649632,30.6607499,1723,104.0649365,30.66253637,198.0121079,,24.32913271,22.43214089,18.27804073,24.42290667,21.68895299,21.50108272,17.42420504,20.58011082,27.80924273,18.70980547,21.92802631,18.49140307,20.03776777,20.85354233,22.43057232,18.1385137,37.71659198,23.31458997,19.059989,21.37462034,18.09247686,18.38015269,19.2508677,20.58456796,20.2081811,18.4453954,19.28659258,21.8176947,18.37225743,21.23243413,18.37225743,19.69906748,17.1020272,24.09691987,21.29253304,23.18190532,20.52614199,21.94715482,21.21287727,28.51374354,18.70980547,19.37074969,19.11108816,20.75667687,20.2102273,19.69181184,16.02796152,19.69181184,22.81099483,19.69181184
4909,1575,104.0824686,30.66503017,713,104.0810256,30.66585121,165.5151902,,52.73050307,27.97439834,60.49286139,47.10313713,57.29371968,27.94160303,27.76028482,26.70497186,27.94160303,29.30432876,25.98203567,25.89265333,29.72667496,25.37866013,17.89353408,27.1459993,62.3931607,30.07847979,26.48243043,65.47853678,31.6103281,19.8386777,30.4785005,27.37044946,26.0696608,60.18734189,27.93068835,24.72826886,26.54141135,28.77366687,38.28505569,21.90642223,28.38905327,28.38905327,19.77626729,21.49547925,19.60048305,19.60048305,20.19846389,19.60048305,68.09767825,29.19067653,21.17787658,27.27023729,22.53042669,27.08430385,27.61783011,25.19470126,28.35474367,25.15671165
4910,1575,104.0824686,30.66503017,1281,104.0814139,30.66323476,223.1740739,,54.21232564,37.25316844,49.28997951,31.34304289,23.66499753,38.28445651,39.94663349,35.78737933,36.61926463,34.0435028,18.85978089,44.51704481,38.04431049,38.77720061,34.84502269,39.98568548,52.73086709,35.94750184,33.25920324,42.18469367,37.62796181,44.55231051,49.53863972,33.59609715,48.03368991,45.36387708,36.36198272,34.72400502,53.39426632,27.75906546,34.4012975,34.53884477,29.83943049,47.4277843,50.6665465,39.01707807,27.64988526,40.14771699,42.285614,35.90733703,35.3932452,50.17931988,25.71994129,36.99991226,48.50685306,29.00457278,51.173673,44.2903344,37.31908867,35.00769787
4911,1575,104.0824686,30.66503017,1440,104.0844988,30.66419702,215.3147626,,35.72042145,32.27480133,31.54955565,35.78225714,41.45651265,36.64932129,39.54760946,30.10225807,29.75844689,40.00687202,30.0674192,33.08120857,36.67822455,104.0447175,40.49958588,39.99280174,42.20233597,27.1500226,28.28953085,54.01624706,41.01233573,29.41681766,34.97717878,36.0868965,47.89700178,32.60347847,35.39420755,27.6216711,32.14005924,34.60201281,53.27375569,32.82322765,34.29950722,28.72969459,26.91434533,34.22221392,30.78368329,30.84186394,29.48831579,47.12055595,46.55454326,44.29332259,53.00055695,31.37992365,31.45146764,32.29272929,38.27818002,33.04062853,49.05905983,35.89149639
4912,1575,104.0824686,30.66503017,1768,104.0834323,30.66647581,184.9187684,,17.61131128,16.68440016,19.07471537,20.80336145,22.15332999,19.29587149,20.62610585,24.63302743,20.54652982,21.48213731,19.90157149,16.45754181,18.83189721,21.25729323,38.53589385,18.54338625,17.74628634,14.39367711,17.01488987,15.25103245,19.30986414,19.24010307,19.38013293,26.36465609,20.20356802,20.20356802,17.3135908,18.08373694,18.92558824,16.62191177,19.59404168,24.83983456,29.98682731,15.62693817,17.22399913,17.22399913,17.22399913,20.63249857,25.72285805,26.067844,32.29350634,28.48599657,25.48162933,18.69965074,22.85691215,25.26404426,15.06125715,26.31255203,18.23856346,19.45375705
4913,1576,104.0376705,30.68553984,539,104.0372435,30.68504933,68.03218618,,11.52545272,10.29058278,9.900591016,10.83099481,12.35778595,8.835747292,16.06005707,13.29935152,13.58839016,13.58839016,15.05885895,11.26870305,14.32976706,12.29574498,19.23737812,14.89982481,19.76622408,19.8714702,19.6128825,18.58062553,14.49206333,17.65159425,15.91654721,20.47577555,16.31752623,16.38233246,14.82093012,15.56256523,15.18269633,15.37028407,15.27591433,14.70966188,13.80465952,14.03859314,13.17042417,13.66014302,14.11618849,14.69862687,18.83968233,13.64433818,12.50208628,15.15627122,13.98187651,12.85436747,16.14220147,13.45980481,13.58854722,18.94853821,14.79779691,15.32400252
4914,1576,104.0376705,30.68553984,1353,104.036421,30.6870016,201.4251449,,42.3227931,53.91304994,33.48043963,34.52522966,59.87316234,44.22102088,64.36069717,80.12491952,40.95625652,49.20587117,51.91865309,63.05482797,58.52804914,51.61071328,63.88815169,56.89777417,63.78278365,54.97172684,68.13306917,50.79723444,50.79723444,46.59473231,44.97805135,73.24550724,46.76375795,51.41630111,51.51904239,53.44860343,56.66119698,55.60317189,55.61066765,53.8153658,72.51305216,43.50783129,67.34958403,57.85333789,56.83343859,54.74323818,46.50195675,52.26630736,56.36269967,73.17159653,55.90889683,73.03874965,70.20537386,71.59403957,71.1246922,71.1246922,47.70334007,33.30105725
4915,1576,104.0376705,30.68553984,1492,104.0396273,30.6876936,303.5026595,,42.32186859,47.62987882,42.32186859,44.41502334,41.19945604,57.58153224,52.84198089,34.53981794,38.33717804,48.56042552,110.9248299,51.27215271,62.79365369,69.48232586,68.18156469,62.16839683,85.80703465,66.07314631,62.73818225,36.54212623,71.88220883,45.84375836,71.10257531,42.84743428,46.29701586,60.74271434,60.93326311,69.8599472,55.74538644,60.86166739,55.53288814,56.03126022,71.88220883,41.49150282,63.74618286,71.64790589,87.29237608,70.41522496,41.94278596,62.25695579,73.5764023,55.90384406,49.66407155,60.03349309,71.64652946,33.56711441,87.64247919,60.92618445,55.74538644,54.63047871
4916,1577,104.0196414,30.65228885,368,104.0158985,30.65212806,359.0957098,,62.46759434,61.41883222,61.80657259,75.20467887,57.27470128,52.34843309,98.96609036,56.14525756,71.1276234,50.74561552,52.60405108,46.75563324,59.09689396,63.11202061,61.79467281,48.05741841,47.94601967,72.54458784,61.17087802,57.26443213,41.52284439,57.0748148,54.80440424,38.30354238,35.31284923,72.08612763,50.05787242,58.34855063,57.0748148,61.77990706,52.23210324,48.82887839,72.93340227,55.60191636,45.88268164,58.23173672,50.63794569,75.5990968,85.6122222,78.06428474,60.34987227,89.56659738,59.2096743,43.82184933,68.12883032,95.40550223,61.65713299,42.6413817,57.32791819,80.04610249
4917,1577,104.0196414,30.65228885,1105,104.0196143,30.65421329,213.3037616,,53.14142158,53.14142158,33.26396283,28.00401915,15.9645227,58.32102847,36.64567879,50.68604236,54.8495387,33.67954131,41.2040437,25.14788105,42.13407637,50.0256379,32.40057138,24.24926974,43.52433031,35.22447439,37.18612793,34.3796277,31.99556424,34.47886333,43.64684778,23.44713105,28.49987629,23.80603888,30.43171236,24.53170716,47.22592508,68.25720371,43.46567217,13.98713191,46.85452119,23.21924316,47.69525104,26.94363304,30.31158718,51.62309524,52.84883288,63.0281977,32.79344035,45.9129173,22.90510192,42.12252012,22.44482402,22.45302754,51.19290278,76.02906354,14.82419965,63.99112848
4918,1577,104.0196414,30.65228885,1679,104.0197036,30.65037561,212.1300154,,22.16743267,15.0624863,41.95978327,41.95978327,45.86594928,41.95978327,27.6440925,37.37364057,36.42295971,36.42295971,36.42295971,21.03768748,29.2499734,24.43737777,20.52871117,28.81766247,28.81766247,34.16859308,41.95978327,56.1520629,67.58124384,62.59574225,62.59574225,62.59574225,62.59574225,62.59574225,38.31110647,12.38715418,27.60245983,47.14000342,34.87068746,40.08756197,37.29758513,38.64227985,37.95802699,38.29709728,38.12680829,38.12680829,35.82799219,19.54781712,33.79062192,28.58395716,24.76761261,24.76761261,11.89514105,22.62720164,22.62720164,22.62720164,22.62720164,18.68872574
4919,1577,104.0196414,30.65228885,1829,104.0243492,30.65209681,451.6068618,,71.41074827,71.41074827,71.41074827,71.41074827,71.41074827,117.5670756,105.3424213,105.3424213,105.3424213,105.3424213,105.3424213,140.7605803,120.5028809,120.5028809,94.24838855,120.5028809,120.5028809,146.4670903,120.5028809,83.80333518,83.80333518,83.80333518,54.19282342,54.19282342,54.19282342,36.99168834,54.19282342,58.21968496,101.6115439,62.89302524,77.69580418,77.69580418,77.69580418,138.0708877,99.43637324,115.6113566,106.9155579,111.0935522,108.9645208,110.0187375,109.4890915,109.6210244,109.6871101,109.6540573,109.6540573,109.6540573,78.16272608,71.89193253,66.55259016,66.55259016
4920,1578,104.0863404,30.65755893,651,104.0851728,30.65815153,129.7246327,,18.49539318,26.76267494,22.59354996,35.32592116,33.45334368,22.59354996,22.59354996,22.59354996,33.5977466,25.45006418,30.47364944,20.61848467,27.9227909,31.7692978,22.93474169,33.5977466,22.93716178,40.25936877,30.8256553,27.15166731,44.90468055,37.44628573,41.51188246,20.98915405,21.55010242,25.58951659,19.94911054,44.47701693,33.22216203,20.89524285,18.10111154,18.49539318,44.26622538,18.70528749,22.59719408,36.62813159,20.37115279,30.8256553,26.01719653,18.10111154,18.45494685,18.45447206,20.73290467,18.92000045,27.51155686,21.77196633,21.76182096,33.7190381,21.76182096,33.35776269
4921,1578,104.0863404,30.65755893,953,104.085206,30.6563458,172.8914334,,40.15542969,22.15908615,25.01141894,30.43565576,25.56845142,29.36613721,49.00859529,20.14269127,32.9317016,35.87372681,38.59901769,43.98651309,17.05230576,52.925949,32.58686703,37.72176729,63.72790036,24.73148981,33.46285808,30.01008487,23.39884061,35.29730588,19.82194778,36.95650629,36.82894439,28.16862125,44.7240115,34.82333982,16.5314518,34.31475832,34.41893974,26.86175121,33.4280734,46.10438224,51.86743002,46.62240901,51.43877357,26.26198988,51.72375294,36.03887992,40.94797107,38.70778958,43.63477438,47.15220911,36.54065521,18.46911455,21.73722329,33.29653843,36.89485463,19.51125894
4922,1578,104.0863404,30.65755893,1384,104.0881928,30.66001727,325.171265,,75.52364865,38.54334844,34.16860928,73.0874019,58.5308277,59.55652337,44.5524854,26.35336682,68.45710842,54.27897467,26.95203118,137.7195946,58.5308277,58.37163235,49.63745106,68.05910198,88.68307227,61.19728064,55.13107791,50.1549509,60.4300581,37.04482766,45.25579461,42.51633974,118.2440964,48.97977213,60.13441201,49.83998101,47.05996197,47.01271301,62.12227152,50.63220389,36.55321012,47.84769137,63.10601369,23.79301939,41.12236138,57.10324654,47.48951538,85.4464638,56.7801077,85.32190627,49.26837348,42.51633974,55.74364543,28.07233942,48.573301,64.82417467,34.3289312,39.06395619
4923,1579,104.0455297,30.68596676,195,104.0444437,30.68572405,107.4526092,,13.81533547,10.43135442,13.81533547,9.73155706,14.27414735,11.52135199,13.47837607,31.57790964,19.61609499,20.52145322,17.34660956,6.828409411,7.247697708,12.95368416,13.59909141,12.83624438,20.85333656,13.91055654,10.11649279,16.72052704,11.01013775,11.2254612,12.12420177,12.12393788,13.46859921,20.41989538,15.50418409,19.23926108,14.51432325,19.27596151,17.55385625,17.16381112,18.4754337,16.91317392,15.28698502,19.6859742,36.49333897,18.28986916,16.18345392,17.74591339,16.42587657,10.30917644,10.9215883,8.593501789,11.26864616,12.08310858,10.06627764,12.29704341,10.57028492,12.29704748
4924,1579,104.0455297,30.68596676,398,104.0498319,30.68693798,425.9140946,,33.97439855,45.49824156,38.76464339,52.40526599,34.174385,47.38960719,56.24975519,42.37014316,46.67969662,38.13207512,31.18557438,54.05255254,38.01820508,58.81610985,30.33488875,51.30922724,35.11352841,44.91871995,41.62200799,39.8336923,53.56474203,42.6676016,37.97624125,70.98568243,57.88981687,29.81271257,84.86849116,34.7291221,52.14592447,49.63253265,39.70786232,44.26089953,37.19937835,31.76981591,35.96861657,74.21542791,37.22870337,32.45059768,37.18570915,37.03600823,35.47641695,51.05013286,45.61102847,28.38843173,29.53052999,35.25887032,35.76089021,49.62105957,36.53954699,61.16851358
4925,1579,104.0455297,30.68596676,781,104.0456827,30.68520249,85.96193792,,25.78858138,25.78858138,11.41929803,10.80464276,15.2444816,15.2444816,23.09425198,15.43456242,15.69284871,15.5362649,10.29826877,13.21785271,11.576824,11.94765669,12.14212702,12.0441069,12.09291834,12.0441069,12.0441069,11.28603124,10.93621966,10.93621966,18.69866928,10.04749924,10.67113712,10.04749924,10.04749924,8.122387835,10.04749924,10.04749924,11.41929803,13.29593884,11.04238988,10.86311458,10.95201863,10.90738545,10.92965647,14.47780007,10.92965647,14.73566983,14.73958806,14.73860831,14.73811847,14.73836339,14.73824093,14.73830216,14.73828685,14.7382792,14.73828685,17.85336503
4926,1580,104.0474315,30.63343808,1213,104.0457739,30.63083865,328.9953959,,40.30624223,26.46666872,33.51802699,26.54576224,31.98155064,37.45332657,23.28712987,21.70904419,39.62877332,45.11936858,48.3113698,48.8741441,47.62936026,31.8933794,21.1173815,27.24112146,25.46278863,30.73127725,28.86180256,40.39200768,27.60800525,30.0201554,34.88610973,26.2806973,30.92384922,33.00957149,41.09588568,30.69941486,31.76000246,29.11565927,23.22320442,29.00530838,22.4585721,30.85479708,36.53249307,32.96822339,27.34722434,26.3835919,33.78364371,26.63031872,35.55181809,39.10146666,34.24539781,29.79580944,31.03434416,24.11204042,25.93712458,25.60829028,32.21837941,28.62805241
4927,1580,104.0474315,30.63343808,1625,104.0497648,30.63697586,451.376803,,30.42175832,28.61846585,27.86701299,30.48698857,30.6265359,28.26011288,32.99404042,30.49843264,35.14685993,37.86674025,28.40833026,32.4250155,30.83408901,26.29379435,29.79931214,30.84872313,31.59345089,30.05468232,32.2678767,34.51642298,27.5962042,40.34652988,58.84477722,30.10107732,27.83412968,28.13290323,32.93830725,31.00322425,32.1391711,44.56005002,34.52212642,30.38334421,29.69682904,39.68147719,37.86516457,25.31084877,40.17649224,32.82740385,31.40619426,47.42090926,37.92829422,37.32671878,38.13332921,28.17547509,37.79554561,71.29844994,41.4036816,33.74390497,27.90423281,27.24151703
4928,1580,104.0474315,30.63343808,1881,104.0510434,30.63190331,385.6960962,,79.41883393,71.98475528,60.6997135,52.3964508,69.48319999,58.49419468,53.9749639,58.49419468,74.85207258,70.84214012,71.8192731,79.49461523,71.97721682,52.28370965,66.93899191,66.93899191,66.93899191,69.73523168,68.30850742,69.01449674,73.52612967,92.93881836,78.66889214,147.7133985,66.08786037,76.9966329,68.35120694,76.85457266,78.66889214,76.71303571,92.25953132,83.77109782,97.92002442,75.25777487,86.78162165,102.3783186,79.98306142,150.9245594,111.0804757,111.0804757,95.39717941,83.59457835,71.66482304,69.01122994,71.66482304,80.29738011,91.29447345,114.7525575,170.3688278,88.77915258
4929,1581,104.0816524,30.63985968,279,104.0835203,30.64087688,211.5440323,,25.84924468,19.05802093,17.5138026,23.40603657,23.34350528,16.39523178,35.58684656,24.80646633,26.56406423,29.19025986,45.543021,33.36791612,30.97703602,22.78599284,16.43947148,21.16175106,16.66430014,29.15056522,19.33871296,14.61724599,22.11689786,27.59269987,15.48932575,14.71610659,18.97796231,16.99907402,16.04031511,16.20337269,41.05436745,17.19870181,35.56310617,21.53322855,14.96920917,20.09389225,23.09502703,27.45243817,31.20157804,20.6945249,17.00992219,18.09405134,15.29233968,23.47108638,20.28118552,25.71095599,21.97507741,18.39513324,20.68328398,17.14670188,22.7161377,17.76022659
4930,1581,104.0816524,30.63985968,1806,104.0804527,30.63930556,130.344717,,25.41016143,15.407723,22.87244817,18.66576024,14.47436996,14.87293126,14.87293126,14.87293126,14.87293126,14.87293126,14.87293126,38.67370725,25.52534803,25.52534803,25.52534803,35.68372481,35.3699232,35.3699232,29.99143422,26.03278675,26.03278675,32.05745388,41.71030944,71.45801744,16.23671215,23.22975154,23.22975154,27.20237572,43.0496313,32.81405463,40.33590097,40.33590097,40.33590097,40.33590097,40.33590097,22.50556265,44.12924589,47.96330302,37.76587374,35.29233329,31.07556167,33.42058879,33.72368449,56.53505798,21.04219647,24.56759064,28.78779026,31.4926833,30.07955008,30.42080915
4931,1581,104.0816524,30.63985968,1868,104.0794294,30.64077101,235.7656418,,50.62164873,48.65791959,46.84085599,47.73210106,47.28227904,47.50612526,47.39393783,47.44996525,54.35972406,63.62491083,96.17635246,77.15966459,85.62484847,70.00052045,83.53900694,83.53900694,83.53900694,114.6967987,96.66928365,96.66928365,96.66928365,29.9384942,45.71808836,36.18272665,40.39532681,38.17315803,39.25281739,38.7054601,38.9772172,38.84086331,38.9089208,38.87486227,38.89188407,38.8833713,38.88762723,38.88549915,38.88656316,38.88656316,38.88656316,59.77157116,59.77157116,63.57725172,51.20701722,82.13770749,82.13770749,102.2597964,62.87083781,82.13770749,82.13770749,81.87359906
4932,1582,104.0263815,30.68325348,1096,104.0229629,30.68025139,466.8448321,,35.48464282,50.08297049,36.01006969,35.08082553,36.39327405,39.1960937,31.63216757,32.33660972,50.99877339,43.59394621,33.59043429,36.065266,43.11082289,35.73171884,33.44862556,36.37751938,38.5320916,39.60663148,41.87992513,40.87621729,30.39134531,51.76826187,39.82562549,32.41112319,31.81827708,42.42035389,39.20625339,40.71814405,32.19619532,37.26477595,40.56505411,40.59520279,27.9269092,36.21746744,42.66489686,63.38056802,43.34741993,43.49063938,33.68983324,38.62803438,50.44951158,38.21086917,26.82004258,43.27440915,35.5616038,41.56145646,32.37710186,37.07686659,44.80474395,32.33557279
4933,1582,104.0263815,30.68325348,1393,104.0286031,30.67985354,432.7638555,,61.29567096,67.21429832,51.97164084,56.30720144,75.72052879,54.44838816,90.60042918,63.06957429,56.44745941,55.71070552,53.27625383,55.06744788,59.77335796,81.21372094,62.33877478,60.80990944,60.80990944,60.80990944,60.80990944,59.01325302,59.01325302,68.99689459,62.75729627,72.97189133,62.75729627,67.79590426,65.17936951,60.85741718,65.81438436,66.4618943,66.4618943,66.65026224,76.19967009,82.83341646,73.80788374,78.06062849,75.86706221,76.84152337,83.76074623,75.54106521,87.9578442,84.48607389,115.6178018,87.40379475,85.14320463,66.29313106,84.9125344,84.94863042,76.68334108,72.59785088
4934,1582,104.0263815,30.68325348,1444,104.0280154,30.68462845,218.4487002,,25.53296496,32.51142805,48.6643144,27.21160279,37.89953353,42.14325508,31.76152345,40.5368722,37.96051427,73.35963813,36.24033736,98.30191509,29.4065558,31.09726664,28.23753396,81.0737444,28.34950688,30.93908629,30.71934847,84.56078717,27.78852723,35.26526102,80.2464613,37.44834861,30.07324362,35.01403921,70.53052204,57.90981743,78.51068091,33.42704943,33.63264496,39.22270926,41.71964566,57.61284401,36.20194016,63.93620494,34.92075136,33.75218319,35.37100394,76.03463048,32.19725019,69.44064642,111.8126048,62.08542004,91.79945378,90.3925656,75.07544828,102.7993883,40.4673407,36.4643889
4935,1583,104.0575842,30.64905846,1809,104.0583406,30.65032194,157.6792198,,20.30930917,32.73907492,21.81572603,21.42057326,24.05276234,16.59781261,30.89225531,23.65188297,23.05158137,23.34787419,64.62753601,20.71697778,31.07546667,31.33276124,25.06159785,35.47782446,20.39443801,27.80870502,25.59843027,26.83901614,38.78020094,16.31164343,29.71964352,23.16919148,33.63823356,30.0341371,30.31115099,53.65266458,22.04447345,22.76651837,22.39967871,21.58346735,34.61251166,34.61251166,34.93201177,34.61251166,20.60418117,23.40804912,14.97744568,27.09523586,17.82245499,15.87818717,20.41889177,30.23409807,29.71964352,31.44848705,22.39231524,24.75197055,33.09884497,22.59734042
4936,1583,104.0575842,30.64905846,1890,104.0574018,30.648771,36.33843609,,4.298287167,6.47882971,4.571109082,5.665687772,6.18343846,6.14912527,6.460860012,5.503121499,5.432374562,5.493684826,5.257268718,5.042141836,6.492226795,5.602499783,4.810825409,6.416596931,6.909683911,6.343563197,7.470282623,4.993067554,5.383472013,6.744663542,6.148924556,5.793550484,6.259853853,5.15185074,5.595310946,7.22753425,4.786037925,5.827098883,6.519729376,6.254264697,7.400602554,6.718971234,6.719210144,5.33136505,9.147138288,6.946750446,5.508141892,7.52490475,5.34052438,5.329525864,5.884285706,8.432123294,4.104948943,5.330377624,4.522594482,5.627605088,6.871314188,6.502022468
4937,1584,104.0684967,30.6609573,981,104.0684967,30.66259625,181.6454605,,21.72503847,23.04351182,26.66108315,34.05852384,17.72150834,20.91997839,28.00129851,26.37970829,30.30932365,23.23949577,28.42419377,22.72002601,26.47464202,20.16415843,29.69380888,22.8484856,19.57855263,33.05495003,19.74605912,32.57164425,22.24230129,70.31437181,18.89532685,21.03324728,18.94744391,25.94393297,19.58588267,21.2110326,19.22174185,31.31126171,16.92641047,17.99377182,15.79525743,22.0547608,18.26602396,25.84678489,22.53798919,15.45918813,19.95697836,61.3053429,34.27529468,25.49861834,22.47160336,24.24109201,16.37265042,28.30838345,36.80620963,19.19916787,18.70491012,28.78004153
4938,1584,104.0684967,30.6609573,1380,104.0685263,30.65898704,218.3823809,,30.91126755,27.85390864,34.08895702,27.78009086,33.88692117,36.05625398,44.1672231,29.62977028,60.50249755,63.31623391,60.47512086,68.36318011,63.42975476,73.93510077,36.8750737,44.60154526,65.58302993,39.66036361,51.94999371,39.90744016,50.63939267,33.42587463,28.48465838,57.17647791,23.34600063,26.0323368,28.7976766,30.53112898,31.84073006,34.14447649,41.37771428,26.94230882,43.03886338,23.24819826,27.85390864,27.58514285,38.27006954,25.41729775,32.1216168,36.08153565,30.71002231,33.96011107,34.96337991,51.25010243,39.03557951,28.69257559,21.50961891,40.36850173,41.26911135,28.16395087
4939,1584,104.0684967,30.6609573,1610,104.0663788,30.66084053,203.3274229,,22.48782557,22.48782557,19.78320871,23.5796183,26.11877689,23.5796183,23.5796183,21.65617522,35.19128473,23.68863179,22.15879079,23.99930238,23.04235223,17.91869578,24.26448803,21.68825844,19.21203996,21.68825844,21.73656191,25.37187946,23.16388362,14.99956398,23.16388362,20.19251648,38.93503843,17.89679028,20.38937946,20.57564926,23.57419396,20.76535383,24.31822998,22.87433508,23.57419396,23.57419396,23.57419396,26.09549813,23.49851436,30.95047452,24.89723546,26.07226082,25.41592786,28.74261999,26.49696733,19.70333035,26.2357965,27.62183858,26.37761162,26.37761162,22.35049534,23.23741976
4940,1584,104.0684967,30.6609573,1866,104.0729025,30.66099639,422.153996,,106.0012026,193.9522461,130.8577114,122.6207695,137.7837158,122.5751638,118.5275439,160.2240079,114.1352224,126.6884283,154.6823802,161.1047052,169.6996212,88.99462617,99.1778294,71.70123256,108.3263084,76.07722189,61.70363114,40.12397042,46.21655507,118.137487,104.5360042,176.3738165,99.41698988,163.7813437,160.6081253,150.9689787,202.2486825,139.6833075,54.02723664,60.91199942,63.38912974,39.70618904,35.92799966,58.74257703,40.99135228,50.3229929,50.59523548,188.7893647,50.87043969,39.34129914,66.02843094,63.72771984,42.17356075,42.27411365,52.95311448,35.31027848,45.95369633,33.58573228
4941,1585,104.0263028,30.70117585,1483,104.0289982,30.69883277,366.1637996,,41.25789291,40.33011102,36.99945512,42.30239653,54.421923,45.49497011,56.77263757,42.70747331,41.83806783,41.94716559,39.58321194,58.16825822,55.66581437,70.13201572,47.06419561,54.82063914,50.39272426,68.41075205,59.56909805,60.25696937,61.92317926,59.38269004,65.1856516,53.96887118,64.36407566,58.33764967,63.79430403,61.00376454,51.72432007,66.46334515,68.03888852,54.389559,56.90795032,48.60133389,48.79122992,51.63974801,62.65277844,51.64573932,61.35900095,44.2500509,48.71656974,46.66846059,54.59284548,48.71024452,67.74678445,57.12115568,58.0104009,47.10448879,55.89073666,68.83140433
4942,1585,104.0263028,30.70117585,1669,104.0201392,30.70653513,837.4148353,,64.53235309,57.39540042,70.9982143,63.85895972,66.44748285,82.36867232,58.86102267,58.45665886,53.3259447,60.38444481,51.82853995,49.95349473,59.67799127,71.95687894,68.59890944,68.01633859,57.69625455,53.18259538,72.71329974,85.3184158,67.04906104,55.60699302,61.66067987,70.80438586,110.7528805,72.37369594,74.97745242,109.3912229,62.5680819,94.27321327,68.41003465,83.48638624,88.97426095,286.8404764,223.8633718,85.47854759,73.77059017,95.96044713,97.15745014,254.7269461,56.13300886,131.6460003,54.84451694,85.29737076,58.41297049,62.85770041,64.2183211,80.84997404,63.49657335,67.31104453
4943,1586,104.06481,30.67529443,1199,104.0667701,30.67849467,401.3222458,,49.64811288,49.9844919,47.53151753,55.14877698,63.98494598,74.18537021,47.06058908,47.56803309,59.42457933,51.15704047,40.42229195,105.4569405,142.3408951,53.7030078,53.2876011,51.79014515,34.54297872,44.89297293,181.7308283,53.74851506,54.33982454,70.23484784,48.21319632,32.98539007,51.30337646,39.69121112,54.62230945,48.42771235,54.12293053,56.72346207,53.86875783,115.2351015,51.41113803,47.60329769,77.88464069,42.30629824,48.59058582,69.12727679,42.77602028,60.54521047,51.44927968,70.90847042,88.81721831,110.5683738,78.16555916,93.81558993,43.93037126,63.21229427,43.1218033,107.0192655
4944,1586,104.06481,30.67529443,1407,104.0631321,30.67607279,182.4279611,,18.24279611,26.80574122,18.24279611,16.15598179,19.05805746,18.39609692,15.04560504,16.52177761,29.53856042,18.5389036,29.53856042,24.52812922,21.85493045,17.96828071,18.2936117,30.97833302,16.33683234,16.87040227,26.6967748,47.5899029,25.63619866,22.80349514,33.85261134,24.10057468,29.9810278,21.71043504,26.57524168,23.78803069,17.3282496,25.85593149,17.91925402,27.19423023,48.76787078,17.77376617,30.50273621,28.67863144,16.75358826,32.83646952,15.34440794,18.98094393,31.88061456,45.97649175,22.96296014,45.08299504,18.12948682,33.50717653,20.65222201,26.63586961,26.2696264,29.13048253
4945,1586,104.06481,30.67529443,1751,104.0653152,30.67506014,54.92324282,,4.393859426,4.393859426,4.393859426,4.393859426,4.393859426,4.393859426,5.858479234,8.787718851,20.38388393,16.0100141,16.0100141,15.81789393,14.12311958,8.710294016,11.10807158,11.10807158,11.10807158,11.10807158,7.846177546,10.74585186,17.04514432,18.56560321,27.65366072,20.38388393,13.09428306,18.71201963,18.71201963,18.71201963,18.71201963,18.71201963,14.39735492,11.69962569,11.42911411,11.56278796,11.49556245,11.52907721,11.51229544,11.51229544,11.51229544,8.967060052,10.08151302,9.777712213,9.777712213,10.72975479,13.60483997,11.88719484,7.433220833,7.433220833,7.433220833,7.150946624
4946,1586,104.06481,30.67529443,1787,104.064009,30.67394402,168.1898184,,30.42629881,30.42629881,30.42629881,30.42629881,23.11005138,26.26825797,24.58815619,25.40045501,25.19238991,25.19238991,25.19238991,39.1898606,30.66951655,32.43230946,33.39194447,32.90513183,33.14675084,33.02549941,33.08601404,33.0708646,33.06329509,33.0670794,33.06518714,33.06613326,33.06566018,33.06589672,33.06577846,33.06583758,33.06580802,33.06582281,33.06581541,33.06581911,33.06581727,33.06581819,33.06581772,33.06581795,33.06581784,33.0658179,33.06581786,33.06581788,33.06581788,33.06581788,52.19684019,40.48504351,45.60095809,42.89098666,45.60095809,67.27592736,54.35739535,57.09845069
4947,1587,104.0896025,30.64396027,1301,104.0905023,30.64456289,109.0673339,,39.8621728,30.61539197,22.43670869,22.18318656,27.33009758,33.57831261,29.2471063,21.05321191,20.16567013,19.84169804,28.87076486,16.12494464,21.91492476,38.93974236,26.35183906,18.3477758,19.1532879,32.18380345,25.65940817,39.66084869,24.48913111,24.54015013,19.01415991,24.54015013,20.46344766,25.45493692,29.08462237,23.17157876,39.88748211,25.74704276,19.43774268,29.83682171,38.26923996,37.89984576,19.71096396,29.08462237,39.8621728,55.30174677,26.54184782,18.58662258,19.98180163,52.7745164,26.61982387,30.12216356,27.26683348,18.05252423,45.5677836,36.61001418,36.86783118,48.17698185
4948,1587,104.0896025,30.64396027,1485,104.0877355,30.64267114,228.9557312,,77.33297569,84.53750075,71.25999701,45.72763563,55.44219499,30.8415578,35.84629007,47.64396719,72.94164888,41.55180419,32.00934494,34.75262819,47.84810857,61.37690093,46.76692313,77.75855022,48.95683758,51.60611338,53.78405431,43.97385296,75.61840663,54.22635739,43.34917736,80.5709318,74.31170237,41.52345755,70.29770851,56.66831436,76.67354719,74.57504025,42.48663053,65.28638672,56.64884071,71.20869394,52.00256355,52.00256355,51.35455653,52.00256355,55.88072084,57.84144788,69.70322472,58.3533191,56.94235802,49.45443793,43.00385907,61.51049495,56.2621592,49.5783839,49.01331807,52.04360741
4949,1587,104.0896025,30.64396027,1732,104.092417,30.64102626,422.4742469,,108.9865488,127.3210059,96.76101894,114.8419818,85.27003147,114.9068668,102.2704229,93.97985309,62.58877732,141.6114794,97.13823923,137.1422262,114.4495451,95.46691495,105.1318402,101.732929,149.1085577,137.0186747,207.3964485,85.76544863,153.6269989,113.7835877,98.12305089,133.1669977,174.3160216,127.8073352,80.75613924,127.8073352,136.7722382,147.0896798,149.5974382,194.1583773,165.3160097,165.3160097,153.6269989,159.2573077,156.391495,156.391495,156.391495,116.099793,156.7945659,181.0603915,164.0897952,92.87983443,170.1714449,125.1775546,157.8796494,75.41689034,111.5579919,145.5413674
4950,1588,104.0479146,30.71351714,557,104.0456126,30.71340305,220.8072402,,25.89270569,28.00608567,26.58548711,27.73196853,26.40883936,18.08659988,20.46968407,22.00888945,22.94142578,27.50540016,44.03911716,30.2821358,27.52444822,32.84735805,20.83633197,28.62806955,22.08072402,23.41402252,27.79391835,27.60090503,63.84787668,31.96673182,41.8371613,29.88368664,22.17664682,24.04434558,24.86509684,19.97251419,22.43912674,21.39720228,24.35871496,25.72511536,24.35871496,24.16127856,32.4451455,20.75472754,20.86367624,21.63991102,30.87013844,21.63991102,22.03481815,30.38051079,24.66737206,30.38051079,28.95832658,19.3879528,20.22090046,20.22090046,19.41458867,21.56554706
4951,1588,104.0479146,30.71351714,1211,104.0517543,30.71381514,369.1700553,,40.58052516,51.26372995,37.70247373,44.37282061,57.00474549,37.26942592,25.18022355,45.50048184,43.98881917,39.56497383,44.91376017,46.36763015,45.44214041,23.21418688,34.80608117,37.9176091,41.24565064,37.3843094,40.65325881,43.14359102,38.62914076,44.83892622,44.61376523,31.02752216,47.27958323,50.01221879,42.52980804,40.61928402,35.77421801,29.78178597,38.86000582,38.24495537,26.0846359,61.95861068,52.64572973,39.75111264,33.06000495,36.18000542,30.6224009,27.25619768,40.98726905,50.79351038,53.61622588,50.79351038,40.43647664,58.09095803,29.18767641,45.76636037,32.81258419,30.83554986
4952,1588,104.0479146,30.71351714,1283,104.0526383,30.70672962,877.8040475,,97.23367911,111.3362738,101.747075,113.1073817,112.3464351,107.7458015,110.385605,106.4004906,109.47037,357.0728329,112.2591322,101.6925043,109.4215572,104.1431784,131.3968637,192.6886934,96.93541629,142.9907046,88.27079807,104.8703951,99.06252574,97.53378306,95.20964197,128.8519703,133.3373237,95.58664764,143.8181238,119.7005519,135.1895686,95.76044155,92.40042605,102.2684327,105.6887816,112.4588815,86.1061191,114.0313783,114.2661757,98.29221061,110.6217469,188.1008673,87.59790911,120.7756381,120.7756381,120.7756381,135.0467765,123.1351055,168.0901368,136.308896,120.3845551,127.7666269
4953,1589,104.0318014,30.6440233,1532,104.032163,30.64218778,206.3634369,,23.29909771,20.43764437,29.33498017,31.21463751,26.33092967,29.99630038,27.77227562,22.04475884,37.28949168,43.57233858,21.57526736,34.7966451,53.75603277,43.19234726,43.48731939,43.44493408,25.08413189,22.64964551,20.36760446,25.6175301,44.70862825,25.5002874,29.33498017,35.83982501,20.02448444,47.92957244,21.54398375,20.55071571,17.56284569,41.85952006,41.75047419,37.43962192,17.33741827,23.58439279,34.4737064,33.14705512,50.36666935,45.4609917,21.37865821,22.96471013,50.71046914,18.74138176,23.65950232,28.62845367,20.54124533,29.24836114,33.90233108,26.68218887,39.83422911,39.15840542
4954,1589,104.0318014,30.6440233,1559,104.0350719,30.64438023,315.8952795,,62.43530202,50.64713629,81.37552817,61.80559816,55.88319441,91.41664037,46.79930067,54.15347649,79.99223957,48.41925807,52.70367721,62.0303458,50.88246113,83.61933869,54.93830948,49.71466694,51.66871011,37.11866197,94.76858385,54.22725507,87.98630609,52.52762153,35.57527652,35.93121663,46.87646357,63.21098064,47.77495199,47.68813761,42.87497588,42.83325824,55.28551318,45.47755086,58.46904916,100.6392041,66.11761664,51.13412798,109.348366,83.35666016,56.29020679,66.24600035,70.30745015,102.0439388,53.0483035,59.2475083,36.63291343,137.01482,83.46590871,57.67582129,56.34218596,81.96201846
4955,1589,104.0318014,30.6440233,1700,104.0312907,30.64635526,263.045384,,40.46852062,29.68537249,23.85298192,26.45149113,38.96968652,19.90812997,35.48894625,27.68898779,28.2555144,25.31987653,21.76927316,33.48132172,27.4018823,23.19093998,26.37781009,26.99610529,37.2526901,28.7082879,26.10152653,35.36744659,33.24136489,32.37481649,26.14476484,26.52558494,69.29000357,28.32392969,20.90426893,28.20441943,26.52558494,32.880673,26.52558494,25.09620272,26.75037803,26.97901374,30.98991901,45.7470233,42.59205619,29.01828547,39.19550424,40.05014306,31.44751789,24.72489249,39.0232163,31.35640339,34.77221723,30.28667534,30.40010858,43.68919873,38.03065793,34.87894594
4956,1590,104.1219214,30.67305942,486,104.1187875,30.6815065,983.1410724,,152.9621083,139.4801127,270.4055241,155.6490639,150.6088451,281.4365998,173.3795879,270.8653974,196.2764646,180.6739639,205.7737128,285.5719908,165.0026975,116.9450605,291.0615017,312.7099314,191.7746583,165.0796577,192.2586986,180.5769317,145.4574356,161.7465163,154.3863843,126.3882871,232.6791143,109.058377,196.792208,205.6541465,176.6175101,115.3495229,181.270569,188.729534,145.2673191,124.2796841,182.3043049,192.1904828,172.8599688,254.3976899,189.1834937,143.7490863,136.5809033,219.2879715,146.9863102,165.032289,219.122694,236.0749215,138.2002288,238.6586555,111.0893867,127.0805297
4957,1590,104.1219214,30.67305942,1030,104.1263697,30.67396483,437.7910577,,65.31486978,49.67540671,62.12658069,61.34366148,57.87746187,56.32765574,56.86770441,51.54027128,74.34187772,206.0193213,71.96565332,80.41060243,69.80526707,40.00121339,65.14994586,39.56605375,35.44335399,50.03326374,58.04964301,70.51668043,46.92946326,69.50364512,58.1732581,87.88370677,69.23335209,56.40829663,66.92347379,58.91767505,54.81905418,48.99239957,59.9732795,53.1550694,55.58148719,71.31438044,55.12509988,87.09979159,47.61473739,99.12250363,68.325772,51.11266156,64.88360857,58.89932636,73.38988627,53.30294789,50.7311526,53.60706829,54.93582598,82.73216838,58.49400353,59.02800778
4958,1590,104.1219214,30.67305942,1680,104.1171783,30.67164767,480.5709836,,53.49584233,54.45563554,55.66459269,51.06885111,62.51329868,63.21762025,61.97213877,60.37885788,48.46093952,72.75254588,57.22830034,55.11681369,38.87765261,55.07976889,73.61938472,45.23865815,73.17455461,70.18480896,77.25761571,53.85005928,65.7815795,59.35010432,64.18800566,57.55341121,60.54437589,55.31412206,72.99812409,58.30456787,70.22365663,67.3242822,64.65483181,74.49108895,50.18290184,74.49108895,65.43257811,112.5239376,58.33832846,84.80664416,54.70531355,91.53733021,69.25762774,71.22234637,72.89559865,56.01906771,65.1867197,154.0108791,66.28565291,58.97916618,50.8341491,54.92239813
4959,1590,104.1219214,30.67305942,1734,104.1225333,30.67210855,120.5868686,,27.72406985,14.51342698,16.41059551,15.58802445,19.68765202,19.68765202,19.68765202,19.68765202,19.68765202,27.82773891,23.06043702,25.22078298,24.0922776,24.36482901,24.50343037,24.43393313,24.46863241,24.45127046,24.45994836,24.4577783,24.45669343,24.45723586,24.45696464,24.45710025,24.45703244,24.45706634,24.45704939,24.45705786,24.45705362,24.45705362,24.45705362,14.37459361,24.45705362,24.45705362,31.1191919,27.3888147,29.13508184,27.3888147,27.3888147,25.76336659,26.5512367,26.34978585,26.25020243,26.34978585,26.34978585,39.82685568,39.82685568,48.45008113,43.71729375,44.81163633
4960,1591,104.0362054,30.71200494,1163,104.0404398,30.71284378,416.0111819,,47.54413507,53.67886218,42.66781353,51.96756469,53.79132911,60.59960188,35.91463441,49.68945769,59.56016126,52.45675148,65.4150075,63.53224235,63.13288432,61.19386861,59.2984191,63.0270926,53.0463326,59.97272252,63.8425686,73.63797721,63.45933283,136.1491141,60.87904068,64.75844626,61.66300586,64.41463462,64.41463462,45.72947343,100.1766057,48.24427881,107.7439032,107.9380364,84.34015915,76.99949896,71.48640835,74.12313306,63.10281974,67.99085618,61.88596094,65.42443379,58.96221476,65.7348829,65.7348829,116.0961438,58.19307123,79.80321072,71.19965556,65.93449564,55.88209906,58.4254976
4961,1591,104.0362054,30.71200494,1348,104.0345205,30.71425947,297.4371296,,56.25781086,56.25781086,37.00830645,30.78705194,34.38579533,34.45217717,85.8909358,42.16921438,43.60123516,47.86859609,36.66405296,26.83643275,37.73485455,103.4563929,41.58344336,33.60168409,34.65286947,45.37176553,36.87237144,31.03691787,39.65828395,44.5846079,24.0353236,52.44216532,33.67212788,39.29444648,46.82683672,32.57932048,43.36755082,37.70329812,40.00734963,26.53714167,30.12021566,38.44788749,44.92756644,46.9648134,30.12021566,36.82607232,28.82297891,35.87181463,38.79614734,44.80224546,38.58643843,33.94492075,46.4745515,40.70415459,41.74556205,46.69071221,44.80224546,35.889348
4962,1591,104.0362054,30.71200494,1433,104.0375207,30.71027317,229.5751436,,37.66027911,38.83485865,39.06892339,35.86852153,31.6453293,36.76079039,35.55713254,27.59884849,39.75805253,39.62699512,38.52074071,39.51253467,40.52308931,49.92051443,29.52137571,36.74775987,35.66743535,32.12323156,33.82598342,35.72639123,35.27528438,39.32452895,44.94639234,41.73215317,49.06689526,54.91498452,45.05972831,45.07956968,47.57841469,63.67261302,64.06748193,47.08531044,76.52504787,40.91490126,54.08838462,39.40983882,53.92956065,36.07072633,40.13906505,41.99850177,34.45421644,36.16514862,39.57836722,38.16078077,57.46112315,40.72178871,45.65009512,65.3336377,45.37151577,54.70295756
4963,1592,104.0640898,30.63580183,994,104.058489,30.63572687,536.8307915,,113.0348742,112.2477669,116.1750593,96.34256461,36.03339061,96.63418835,105.941106,111.9478482,79.96238322,104.9045815,103.975648,106.4299688,44.6583674,46.86962448,123.0629651,52.23218512,92.27923566,100.3012044,97.85786253,88.02007854,98.84953837,39.54150075,95.45426187,86.55652668,103.1861632,67.98912399,88.77538675,90.19321006,86.64707711,112.0391726,108.8783577,123.2164185,103.0062747,111.1582766,109.05115,103.2091241,106.2775514,102.8885989,96.46876122,85.06121696,73.01980538,182.3198915,108.5217136,112.4527388,104.4643702,92.54225936,106.1602703,89.37727041,90.13349288,93.75819767
4964,1592,104.0640898,30.63580183,1183,104.0640514,30.63742297,179.7084974,,16.43049119,15.71964178,16.43049119,17.52004165,20.50556547,16.12337921,26.04733128,21.4933751,16.4933229,19.72410337,32.5882381,23.42962755,17.88144253,17.23669425,27.80589931,16.57784986,17.72467372,22.43734332,18.97215808,18.59053421,15.66466321,22.44407947,17.41524916,16.64895365,15.87608811,25.26622015,18.50412844,18.30128969,24.31764162,30.2666943,28.66312383,15.05236367,26.01677978,14.72350001,25.01097644,20.95047249,15.47728686,16.79518667,17.82988696,17.18328262,20.86937389,20.83576781,20.32609576,47.22267085,35.88189632,16.45586532,23.33155144,24.32145078,19.55715207,20.90308855
4965,1592,104.0640898,30.63580183,1637,104.0668253,30.63590393,262.400298,,48.86457466,53.72366292,49.38959929,24.99050457,35.54845984,48.67193163,41.58083954,35.85731614,39.7464687,51.41539734,27.66962721,47.70914509,50.72654926,66.2906016,44.129218,44.88316785,27.97555003,28.10236936,59.31812074,39.69080138,31.9946172,36.41014842,28.7707941,36.05500278,30.96168708,45.76115924,41.52268452,30.6701647,30.31228647,32.31909829,29.85827176,35.80446265,33.88846898,39.21299597,36.57349286,35.91791151,33.67704359,49.90179994,34.39227206,39.00252159,28.42094239,41.61414418,24.22156597,38.3805413,45.67160707,39.8246658,33.49791038,35.06788205,30.14811935,42.62820726
4966,1592,104.0640898,30.63580183,1755,104.0641712,30.63209389,411.0247426,,44.37138029,35.85262552,43.45056009,30.25433444,39.97134083,50.63093493,29.60858576,57.77327321,45.01559457,38.73785126,44.49136318,34.34481408,34.07178787,48.85765808,39.53135626,43.81313542,30.83042403,49.5036969,39.97809047,45.62385825,37.73754331,48.9456795,40.20894221,44.76370305,31.38982539,65.14866586,46.79076311,32.62306618,51.87211294,33.4564847,40.65079872,40.47522659,38.65252863,48.17526429,31.22904798,42.46238057,39.3967895,42.58098053,50.22023735,33.91621459,55.62740877,67.34207616,36.08117711,35.79630483,38.35378625,30.18013844,36.47725384,42.3736848,34.91662732,24.01313004
4967,1593,104.0815607,30.62637189,769,104.0821153,30.62726348,112.2062894,,28.95646178,28.95646178,18.83496082,13.98693358,19.67253126,14.37092115,18.88023566,20.14037286,13.77468514,14.3260215,13.83365212,13.22028439,14.08078926,17.43637303,12.21754682,29.59286753,16.82734782,18.76344269,14.84327646,15.88666947,16.5894503,16.19224914,22.24898272,18.62133828,17.60098657,15.01645509,22.25579294,22.0165558,18.00301468,33.45280678,15.27193353,24.78175717,13.91106816,14.18498021,18.55020669,15.51139744,16.54533934,17.29947074,13.90109464,15.80988813,16.53921012,12.31532445,17.22569901,22.75733193,16.60606955,18.70498446,18.34712983,20.83638159,21.07526827,16.95457049
4968,1593,104.0815607,30.62637189,1246,104.0813033,30.62306332,367.5149852,,43.22024249,56.88806896,34.84777735,47.50642538,57.64940944,45.53283002,31.91927495,44.60734817,39.21744385,44.54727093,41.92186143,44.84928633,63.46966163,45.62254989,39.95417441,45.62254989,42.47364195,44.23696674,37.732936,56.68985269,50.15790025,42.56681315,50.45972337,39.97141833,45.38778548,49.45996063,38.46087054,60.00244656,55.12724778,36.75149852,42.45092877,41.88352276,42.38293475,46.13963197,66.31849357,50.52717001,42.87674827,54.97454071,54.89850401,47.53487234,40.83499836,35.01466021,52.5438422,45.81211727,40.3472614,42.03271681,44.00401153,45.36370118,42.40557522,48.94157633
4969,1594,104.0343495,30.68190113,1075,104.0394068,30.67962794,546.0513157,,118.3613489,81.84274279,54.91018817,113.4652085,94.05668596,118.5227662,61.62334597,76.19320684,173.963251,162.0152256,168.7368873,91.13160843,115.7100237,177.8990712,63.14083737,71.6132873,108.5069772,210.6197932,79.39891229,72.89683818,71.87512748,105.0987607,92.07422653,81.68080622,119.7606019,116.3186235,125.0196229,130.7617342,85.84212823,128.412721,216.615398,119.1384689,266.4467263,266.8486068,106.2227483,101.2692969,92.19567869,92.77355884,117.2536388,114.6230167,116.7023353,92.57409717,225.9522686,110.6434673,102.9206668,165.7491346,204.2373752,109.9483423,106.4024215,87.36821051
4970,1594,104.0343495,30.68190113,1187,104.0336123,30.68105059,117.7829497,,27.35603993,27.35603993,20.7741602,27.6533882,23.81543866,30.23305661,24.12623721,29.30582247,34.19504991,25.5432903,26.94682266,30.45017012,32.73478002,28.64990668,19.676038,21.14278828,20.6472103,16.80945962,22.94059255,28.23368528,28.97621542,19.72179623,64.24524529,23.55658994,21.76268013,27.83492029,19.8981771,23.49249831,24.44157059,28.26790793,23.82127073,24.72411772,23.60968049,25.39033646,27.35603993,44.16860614,19.18636285,21.45119488,25.73709371,25.73709371,22.69755069,22.95134878,24.61944321,20.68383507,25.14938428,23.54719211,17.66744246,28.08070324,19.79083402,27.10033516
4971,1594,104.0343495,30.68190113,1651,104.0353401,30.68296342,151.2145152,,25.37865989,25.37865989,25.37865989,25.37865989,25.37865989,25.37865989,25.37865989,15.57574405,49.94240869,39.30485594,43.98967715,43.98967715,43.98967715,45.89017953,46.90337144,46.39124408,46.39124408,46.39124408,35.93216203,40.49729664,40.49729664,50.46324493,44.93431908,47.5385629,44.93431908,44.93431908,22.4792397,29.96694871,17.39208482,46.92864265,24.08726791,24.08726791,24.08726791,24.08726791,24.08726791,24.08726791,24.08726791,24.08726791,24.08726791,24.08726791,25.02860941,62.57152353,31.83463478,31.83463478,31.83463478,31.83463478,35.27250031,33.46550746,19.68796581,32.79350932
4972,1595,104.049146,30.6673649,239,104.0451214,30.66880677,417.3778846,,109.4097368,93.32673196,70.26782782,80.16944388,85.13089998,106.0942902,128.1501394,84.09852897,80.75387232,122.6579906,77.40723218,71.29089181,81.10987231,69.58982868,66.92919308,166.4886853,106.0007326,97.88667,71.72125941,78.09565408,88.09800298,66.92919308,66.92919308,127.8774795,84.41350475,60.44088433,66.92919308,79.22110989,77.7856972,130.9420814,67.83568328,67.83568328,115.9383013,83.3983562,98.63634912,118.6231882,124.3069605,154.1087574,64.48757015,119.7259271,76.27210074,77.0543787,62.76359167,158.7211674,86.5197918,69.73180573,68.61006322,82.84275035,67.97634161,70.60489325
4973,1595,104.049146,30.6673649,1201,104.0476212,30.66415736,384.3382001,,93.80457765,52.08913018,59.45563317,63.65117978,85.9072154,90.70777468,150.3932087,134.3317981,172.95219,133.1468343,168.4403938,136.3169971,108.5190212,88.035049,89.84529353,88.69343079,111.208374,67.16589905,100.2803059,156.6359457,88.12850448,123.0663614,141.4259816,123.1022076,114.8759934,130.5299548,119.020862,123.1022076,138.361752,154.8825583,125.6715442,124.1214065,107.2571721,92.54966691,114.8299793,106.2686268,136.7983425,122.7544061,118.7654524,65.26497738,73.99024173,93.80457765,89.5544672,102.363854,66.78765182,113.4112722,146.2211382,85.78357048,137.0962482,83.64965151
4974,1595,104.049146,30.6673649,1460,104.0497155,30.6693854,230.4845608,,50.94921869,46.68979849,56.06381209,53.21975865,42.59468269,44.49031737,107.5594617,81.70349854,71.16161397,69.60108967,106.8340453,89.70209934,81.24792351,51.85902618,61.01061904,74.84807899,61.01061904,55.31629459,54.62838163,54.23166136,53.53189799,50.3638494,64.2590063,62.51736937,55.68754489,73.26661535,52.26736497,47.14456925,56.19036695,55.34264824,74.9769053,65.59244418,71.42706617,46.09691216,75.50758108,86.88423234,44.3713593,62.7010896,35.5604751,62.7010896,43.01980137,38.23706999,37.09736597,93.75643151,74.75174945,35.20127838,52.70077468,49.48773869,40.47533751,41.38376154
4975,1596,104.0780189,30.64613707,974,104.0725542,30.64772127,552.3083759,,134.3452806,123.753744,146.9194695,113.7802663,126.5767737,92.47954201,95.70686658,84.48910001,101.0083314,71.39354231,134.8006884,168.5008604,126.2419145,126.8324571,113.068533,123.0199631,121.0275745,116.6916125,146.199276,200.8394094,122.4203275,99.30910506,151.4902974,265.6984615,127.0485721,103.5088106,115.5994275,122.7351946,116.7876742,121.0538906,102.4902141,159.7036268,175.9566507,65.44799714,159.0648123,109.8513897,97.5159777,92.61415561,106.7071639,102.3912535,98.21924761,95.70686658,94.23270868,78.20295588,101.7038442,156.9718542,168.78694,109.7335052,106.6220134,106.4894497
4976,1596,104.0780189,30.64613707,1476,104.0783778,30.64675931,77.06165691,,32.25836801,14.33705245,12.05600041,12.50775315,16.81345242,13.28569721,12.18516626,15.09779401,9.378304327,13.99869048,14.42401897,15.62940647,15.65145077,13.05076447,15.38037239,28.45353486,16.26426929,13.87267469,14.12773916,16.5132122,20.85879435,16.36707757,12.49146099,19.81585463,29.8303188,11.63554464,11.6360139,17.55835221,17.32083027,11.34525872,14.41621123,10.82697751,10.75800155,8.371843527,12.32301898,20.93750678,10.66817054,17.55835221,11.91382671,25.68721897,9.036546087,11.61455594,11.6360139,9.125722529,14.60115605,10.79462898,11.47072443,13.57250317,20.64151524,21.50557867
4977,1596,104.0780189,30.64613707,1786,104.0774485,30.64502758,134.565403,,21.38787862,21.38787862,28.92151945,19.223629,28.87841734,28.8354435,30.7578064,19.223629,31.38406437,18.96029162,27.78067551,33.93593351,24.91951907,44.03958644,53.08881653,29.00811083,42.87039388,44.03958644,26.16549503,24.84284363,20.05943896,23.45934386,17.58386391,47.36100775,24.37849142,32.95479257,41.36545595,31.58503347,35.18901579,35.18901579,59.80684578,50.59378076,50.59378076,50.59378076,50.59378076,30.46763842,38.03222381,30.46763842,33.83224449,18.38464709,48.93287382,30.7578064,31.81842041,47.49367165,21.29386597,21.92015614,29.62907956,21.53046448,71.94585903,32.73212505
4978,1597,104.0415793,30.69688253,1429,104.0379967,30.69786602,360.0314543,,49.94656013,38.56528853,67.09818302,44.33682676,99.70101811,43.00071558,59.21705245,57.31844049,48.98387133,54.45853931,45.55758297,50.50963199,44.29894283,55.35659802,59.31868355,42.97101485,52.26263046,59.12138677,45.55758297,49.67854486,48.52539257,63.37962032,55.13420357,70.99558976,50.75126263,60.68715339,51.17446378,72.03964253,74.81173076,59.86666215,57.4318256,58.37854633,58.66872695,61.71967788,59.86666215,175.1504372,81.77370571,70.67413944,57.57578693,57.33008522,64.37648522,76.09275357,57.1604514,49.70712312,82.73063203,85.83531361,63.80694909,64.04835305,74.29246077,63.9576128
4979,1597,104.0415793,30.69688253,1633,104.0418589,30.70035883,386.2123804,,64.07209997,64.07209997,64.07209997,67.9884875,94.58262377,131.7881108,110.1278867,119.9883124,117.3612931,114.846841,114.846841,94.58262377,94.58262377,76.28886526,69.56170454,72.7701443,71.12976215,71.94060348,71.53288512,71.63438083,71.68523676,71.65979979,71.67251602,71.66615734,71.66933656,71.66615734,71.66615734,58.66517171,64.51721863,61.45218808,62.94741489,62.19081551,62.56682796,62.37825508,62.47239922,62.42529167,62.47239922,62.47239922,67.33000336,64.81030808,66.04613253,66.04613253,66.04613253,163.5723023,94.09800184,119.4691554,111.9247348,108.4989075,110.185199,109.758731
4980,1597,104.0415793,30.69688253,1693,104.041902,30.69606019,96.23678547,,13.10192866,8.113639993,11.340505,8.113639993,14.37561941,14.25241389,13.13563707,34.47287838,34.47287838,34.47287838,34.47287838,34.47287838,34.47287838,34.47287838,34.47287838,26.49731761,21.51878433,19.79728158,20.62216832,20.40956864,20.30490419,20.35710188,20.33096953,20.34402732,20.33749633,20.34076129,20.33912869,20.33994496,20.33953681,20.33994496,20.33994496,35.71674512,25.91935518,25.91935518,25.91935518,17.58641765,20.95485613,19.12343914,20.95485613,20.95485613,32.9954693,28.39773997,28.39773997,28.39773997,28.39773997,28.39773997,28.39773997,28.39773997,28.39773997,31.63949111
4981,1598,104.0564645,30.63764945,704,104.0559369,30.6356958,222.3496414,,39.90322577,32.40723518,51.91042212,80.0458709,24.85896612,35.61551542,31.79577792,61.57374685,30.32040565,30.32040565,30.32040565,37.93643171,63.52846897,33.38722457,76.59891953,32.10395892,35.34034035,93.07659407,37.01543163,29.70162186,51.86557511,39.05470425,39.7537693,39.40113627,39.57666731,42.7119928,23.26914852,102.2950427,31.32297824,31.36593687,35.72147456,43.98124775,27.13419353,90.44731176,81.67946011,50.50212675,33.56221002,32.53897191,62.53583664,38.61210842,24.01976621,39.28631701,20.55092963,45.39463379,44.46992828,37.31742233,51.86557511,50.58190894,46.38099715,44.00013517
4982,1598,104.0564645,30.63764945,1330,104.058422,30.63692932,203.862154,,27.6944813,34.40173849,30.38938942,34.86478643,31.66527981,27.59036671,28.39086091,48.76436906,35.74206597,31.57329728,34.92931671,41.58094926,37.63608997,24.73572321,37.63608997,35.19922083,31.83964227,38.93388618,33.74270135,34.727307,25.05568373,25.30702601,37.8707592,29.97564688,34.37488311,29.89424662,42.73093184,47.04511246,39.79595595,30.89037199,29.46418553,34.68354227,29.71270261,36.09954522,33.04384306,39.12886327,37.63608997,36.24216071,40.15278899,43.50348277,26.54263126,28.95083844,59.59429593,34.30442774,40.54716875,27.21521957,47.04511246,44.21106954,42.239065,36.24216071
4983,1598,104.0564645,30.63764945,1805,104.0539321,30.63864498,266.5969192,,44.28637023,40.79078545,47.17590752,50.46882957,60.48837661,55.07884701,67.11530833,54.40753453,43.8341589,71.62305292,36.70167913,109.4770619,58.37888742,45.05863423,46.29014032,47.59085499,44.02517932,41.54757182,48.14793859,50.7132845,46.06794765,42.04814498,42.04814498,36.5618632,39.7247065,39.7247065,39.7247065,40.84255159,68.98464756,42.02513012,64.62955617,43.8241511,51.37342093,62.06489126,40.13286956,40.13286956,31.26217945,47.19192444,57.26425472,62.86564906,58.30795317,58.30795317,49.85708619,55.70220018,73.42341382,53.31938384,57.26425472,57.62527224,92.28354895,66.18957994
4984,1599,104.0999471,30.65896984,1351,104.1026521,30.65777585,291.0021815,,29.14069133,37.26484138,30.73666074,38.76838274,37.49267593,20.95215707,44.87916141,38.95566961,30.57221362,52.1197937,37.72897431,39.65207621,32.55462565,66.09513271,42.96409516,46.837907,33.79380172,37.61608091,45.0584023,41.21079532,29.88895445,23.07506285,38.15649809,49.84652751,28.88245362,38.23386326,28.73307332,24.53414177,28.37123503,35.55230271,32.30034492,25.14258848,57.56087107,32.41934118,32.55968464,35.90535748,74.82913239,24.25018179,58.99802453,58.09285695,33.23628977,42.15725768,47.2282229,32.03693741,31.05277927,77.31423272,28.36483358,30.42423582,28.50633615,99.77217651
4985,1599,104.0999471,30.65896984,1432,104.1007151,30.65978427,116.4536333,,20.65187586,14.77373282,21.9035047,22.78440652,32.24869845,33.94599837,18.5912674,12.77370749,18.81174076,16.24934418,16.14919414,13.99776561,25.48529361,13.57290425,23.58554598,14.99403004,20.35112038,22.72266016,19.5294913,35.73009205,15.41298088,44.12979788,25.99895069,16.53779408,15.94042129,18.03153032,21.60995257,15.20184415,12.52376639,28.2571316,17.22403779,15.33609537,32.95857546,24.80669112,22.90891147,16.2163038,26.12044111,36.14078275,19.3372227,21.1200544,21.55439999,22.84648937,36.0077492,26.45003659,17.34518328,37.26516266,15.33779561,21.43044498,12.48956544,18.14300809
4986,1599,104.0999471,30.65896984,1665,104.0982051,30.65973129,187.0304169,,24.28528407,24.28528407,24.28528407,16.52293254,24.28528407,31.52198038,24.47285782,24.66335168,16.46233498,17.19819926,20.12883411,20.48089736,20.84549538,23.2979066,23.2979066,25.77261247,20.59050461,22.02757363,53.60744433,17.26434618,21.09035241,21.09035241,34.52869235,26.18607684,20.43427924,35.40007891,20.22962947,21.48403002,41.56231487,20.02705237,17.48855846,18.7551393,22.5187124,20.46533437,22.5187124,23.62489477,24.84536903,25.84681385,25.33619947,19.20997149,26.09726747,26.09726747,33.08646196,29.17917663,35.06820317,22.59427855,29.58301849,23.54229024,24.98365495,21.78995148
4987,1600,104.0253277,30.68653923,139,104.0235682,30.68561226,197.3779818,,26.41489719,54.40740693,86.30292322,37.00837159,53.76247674,43.26092752,37.06352565,49.45898383,35.08941899,40.17304506,43.00455838,51.86574704,28.49842518,42.07775744,61.78788995,42.0324649,35.52803672,39.91914239,35.52803672,42.01691808,61.65385982,42.01727129,42.01744789,41.07287483,39.80732406,37.49660868,39.62843166,38.53305719,39.07306899,30.89394498,39.12240795,38.86880012,38.61743122,38.88574091,45.69522408,62.88148093,38.89209753,38.89103794,44.13420711,74.20999838,37.39793339,40.71981286,41.92253703,33.75585437,33.65592585,40.03159067,41.5047158,32.51994208,34.4097208,30.93878379
4988,1600,104.0253277,30.68653923,1444,104.0280154,30.68462845,333.3665883,,98.91096579,98.91096579,53.44044545,47.43556197,53.87742841,109.350316,53.41779159,81.64079713,57.93015532,37.00646679,40.45347363,55.00156701,41.92034942,49.28623071,43.09226994,47.75917012,65.34227138,64.00638495,42.93809366,99.18344776,41.88899539,55.40718919,45.67534607,44.61411591,44.7138494,56.49099092,46.20650197,46.27710995,60.00598589,45.27200582,76.5219799,45.27200582,57.38206076,58.71427191,48.02613366,87.59997941,92.62224943,51.33104011,81.19889837,65.01190238,36.02417678,79.54397467,92.31690138,51.95323454,47.22814806,53.33865413,35.71784875,125.0124706,50.46053475,151.9138883
4989,1600,104.0253277,30.68653923,1465,104.0221166,30.68845756,373.9026531,,33.14576585,53.20353957,55.33605555,38.75913969,40.81088805,56.17902968,42.16286769,44.48053931,48.72577561,66.4325278,55.41832553,70.73017044,63.49290336,82.20149931,47.59326616,32.04879884,46.76489466,48.17643347,41.90037513,55.09070469,51.27807814,54.27619158,66.02905996,43.52625873,44.92277022,105.4346907,37.21795994,45.99258147,49.30584436,77.99956007,47.47970198,52.78625691,48.48881668,49.14477609,57.86971415,41.2055985,52.31440152,82.7489478,99.33945027,24.34085988,56.08539797,59.95766375,61.28853961,63.94534685,70.89801998,52.78625691,41.19508955,34.29425608,41.60895058,38.56875505
4990,1601,104.0276298,30.65025967,488,104.0303879,30.65018741,264.4056949,,49.14942348,42.70347697,46.35684262,41.26562868,40.13869586,51.25402702,66.10142373,36.31075484,49.3032309,41.0284699,53.86437762,34.69722364,31.0304972,38.38147184,31.10655234,65.23029269,51.14779697,57.63653426,48.99762362,44.19036684,43.26638644,53.62594375,34.68879379,42.76651804,69.64832937,45.85069854,41.74826762,40.95785291,59.56573853,49.19175719,77.86179973,83.86436138,52.25217757,34.61310915,55.58309499,92.59343401,45.08783239,52.62532145,44.21089186,54.20617891,63.17658195,32.76628233,37.23052809,32.67255727,33.83390409,48.3382396,48.13453864,52.22828541,63.03711931,56.74280189
4991,1601,104.0276298,30.65025967,578,104.0276015,30.64903247,136.0388933,,16.95645831,16.7974853,17.00486166,17.61021272,18.94545516,19.39564419,18.00514764,17.41003062,17.86645146,21.01056104,21.8829319,17.99811713,19.74878783,16.68139122,21.3756554,22.04807202,20.12630203,24.64816185,22.06036108,17.84929443,19.42311678,20.02215828,23.0908017,52.10000169,20.80790338,23.54519307,19.21805164,24.6233084,20.23353282,22.48232667,21.43282345,25.13904477,21.84510804,22.09457283,22.56054201,24.53876225,31.29335278,27.59098681,39.81626145,22.05208327,21.98608377,20.24100248,20.85479131,21.38894569,20.22152324,27.90541401,19.28517044,27.94522202,22.8161902,19.4357344
4992,1601,104.0276298,30.65025967,1707,104.0243967,30.65035249,309.9800513,,41.96796482,39.75519005,39.75519005,37.76406716,44.57472278,61.91002412,50.72400839,53.90957414,70.43730653,52.70915852,89.63278592,43.0860303,44.78042475,36.31002771,35.42629158,30.32413545,37.32201287,64.06017134,79.03174112,52.88759169,27.62198477,39.64861121,55.98301931,56.64610075,56.31260813,56.31260813,56.31260813,52.76256192,65.25895817,58.34918613,61.61094187,59.93571989,60.76178647,60.34592634,60.55314241,60.44935678,60.5012051,60.47526983,60.48823469,60.48175156,60.48823469,117.4661247,72.38453088,110.1244919,32.47123718,52.67953666,56.79023841,42.83793415,61.01672941,48.8906105
4993,1602,104.1149881,30.65323511,1065,104.1178297,30.65328507,272.3314862,,28.21275828,21.9942423,39.33373522,28.92015783,31.98673247,27.28729007,38.84284272,27.18783556,24.69504661,19.22339903,27.68169459,24.47923471,22.71682705,20.90390939,36.91857804,34.74108258,38.45936647,24.93733086,32.42041502,23.19542627,81.69944586,34.76572164,80.03211023,21.15196009,46.19049943,39.13076436,28.7746476,29.35309432,33.61348629,26.10901066,35.09761398,37.06591117,24.35759877,42.62579784,20.224721,33.33726326,34.52089262,29.75397118,47.80740823,24.01453399,17.92309598,30.16594924,22.38340982,26.07429123,53.7987937,51.56007541,38.21368623,31.06196753,24.20724322,47.56304914
4994,1602,104.1149881,30.65323511,1653,104.1140751,30.65030184,336.6565142,,67.57018733,40.66991447,82.78438874,66.86694903,63.74561216,83.62488082,59.89934685,63.5816177,80.88743836,114.6968565,59.32688222,79.21329746,72.39925037,112.7407862,47.57462026,89.03312772,73.18619874,105.6506122,61.72988716,88.4183862,92.51629398,105.6177299,98.63385157,86.10752761,116.1626311,44.0313697,75.92026176,87.19161519,65.66365446,53.34346176,39.12714935,48.36246812,93.76893239,44.23224274,63.12309641,96.18757549,57.2220704,78.97242295,65.35097039,88.59381953,79.99758753,38.23228552,53.4493253,45.97300905,40.33156243,102.7879565,70.84916046,50.04666694,59.53968918,54.38200703
4995,1602,104.1149881,30.65323511,1726,104.1119814,30.653166,288.1919027,,88.29709359,138.0253902,101.5157387,119.3890506,59.28519141,129.6863562,104.7970555,122.057747,117.2306045,117.2306045,117.2306045,122.057747,103.749085,103.749085,98.80865235,126.5232744,71.55109308,115.2767611,115.2767611,115.2767611,121.6998064,113.6976274,112.1611729,103.956999,64.44042545,103.956999,124.3993825,111.199448,113.2631932,109.2095631,106.9578196,49.17018245,108.0719635,124.1931956,115.5731024,85.39019339,178.8777327,127.5502975,162.5312036,104.9601638,78.01005356,62.07210214,114.9574349,81.05397263,106.0016194,98.3403649,97.41698119,107.4007091,100.2406618,100.2406618
4996,1603,104.0672498,30.69780446,327,104.0729201,30.69786137,543.1076246,,216.042812,188.4518023,170.854655,316.6295463,164.2439578,173.7944399,158.4350427,68.60306837,68.60306837,68.60306837,321.8415553,68.60306837,102.0097799,76.52397059,76.52397059,230.0220528,97.51558347,101.8326796,354.4146432,166.3989318,307.9035352,100.3062098,100.3746013,100.3403939,212.5203748,100.3489435,100.3532189,100.3510812,100.3532189,100.3532189,159.6071387,133.4598941,133.4598941,133.4598941,133.4598941,281.321935,133.4598941,133.4598941,133.4598941,133.4598941,133.4598941,431.291349,133.4598941,449.468379,133.4598941,171.5076709,331.3877031,258.1105543,429.7115272,117.3112469
4997,1603,104.0672498,30.69780446,1425,104.0672117,30.6970296,85.95583234,,26.48028086,22.88764766,39.67192262,20.49278122,26.14994337,19.70961761,16.37253949,13.06760965,22.15567993,23.80315357,20.67534497,42.10081584,25.84058425,12.1111936,25.05595113,26.84954416,22.42326061,25.05595113,15.76769409,13.97024815,27.38415898,17.16392215,22.26194219,15.88053948,13.35442032,13.65180866,13.25544488,15.88223092,8.9433814,28.21650422,19.75155296,28.30253017,22.75301444,19.38549704,25.15780459,30.04281519,26.13521929,43.27846104,17.42238954,14.85911147,16.2329703,8.91393817,36.83821386,17.07731768,47.97534828,28.5011444,31.19364883,32.84936268,18.39173827,20.15902257
4998,1604,104.0343971,30.65554409,1295,104.0386069,30.65555632,403.3678156,,42.7166719,60.50517234,62.10967221,42.54269931,45.19911006,42.91992521,63.19470906,50.62605937,42.23044849,54.59113294,46.54244026,70.49146292,66.97989558,73.78679554,44.68074265,65.11767427,43.8613547,39.70264214,59.01983971,51.32944072,39.10128943,60.88570802,58.67168227,43.9371902,60.75833206,29.04248272,62.66873584,34.46497159,74.37255499,64.13166533,62.86251672,40.37416504,65.50935952,48.16332127,44.71513891,54.60529039,55.7651358,38.79227434,39.459895,42.03833314,38.20499585,43.15376333,38.38213576,30.57103445,49.42560028,40.79000382,47.17241374,48.93590807,56.12073956,45.2904214
4999,1605,104.0765093,30.66612382,1276,104.0761884,30.66566031,59.8680053,,11.1960945,9.044264334,8.018036424,10.29577161,10.85767351,9.956489947,9.370644308,12.1081359,13.43670942,10.61698616,10.63007739,10.19374144,10.61698616,9.011490692,10.61698616,7.766660147,9.179080881,9.230184971,10.11853611,7.72490391,10.61698616,9.350317531,12.28061647,12.21103791,15.40838742,9.442489335,8.58878482,9.607347063,10.90344784,9.195725614,10.90344784,10.42441688,10.74267011,10.42441688,10.453912,8.273505531,12.768058,8.563900095,8.563900095,10.47084141,11.73922419,11.87328282,9.171268897,10.98215639,10.98215639,10.98215639,10.63663512,11.67545985,12.17654345,11.02992933
5000,1605,104.0765093,30.66612382,1515,104.0748457,30.66695776,184.2386681,,26.29372468,27.2946175,25.36364073,30.21682028,35.34240879,34.76236322,37.3106622,46.80675058,36.56479179,36.14183834,80.88526892,34.18005423,31.22046213,38.44980899,40.85785659,35.39742256,32.58591796,40.25868443,23.90123262,30.55320715,36.31560907,30.30186864,29.08743669,31.71592135,39.01381303,22.87100707,37.72090267,31.50503351,24.61073117,34.14461803,37.3526866,31.77017834,56.41329812,37.64173905,28.24351384,31.62141622,38.06885769,27.63580022,32.30486235,34.07153451,32.63267922,34.52623895,32.27538711,31.38450498,35.6710833,32.34096084,29.79601101,31.28581156,33.74613566,28.62780201
5001,1605,104.0765093,30.66612382,1710,104.07744,30.66741927,169.0112505,,24.28904199,29.14685039,36.43356298,29.14685039,28.44841622,27.78267132,23.44664747,27.78267132,27.77210355,27.7615438,21.05330456,29.97243851,24.38813835,21.18156664,27.53124443,26.05740907,26.05740907,26.05740907,25.94629006,25.83611473,22.93837896,24.30116832,24.30116832,24.3925032,43.02104559,24.48452724,36.00239656,29.14685039,30.49827077,30.49827077,30.49827077,30.49827077,26.68598692,28.46505272,22.12510916,32.80002705,28.07107275,42.84792266,24.5338912,28.5988485,64.55602141,29.43473502,24.12053525,30.32095523,26.86765786,30.32095523,36.59792492,36.59792492,36.72679085,36.72679085
5002,1606,104.008411,30.70810933,300,104.0073133,30.70972582,207.7215093,,25.392103,25.392103,35.27346384,32.30575369,26.61200831,28.46944543,51.05387371,38.00266464,58.1943528,34.05852245,35.05642817,71.90359937,35.31510902,28.67321447,43.10848112,54.9851054,39.7387135,33.46681702,54.87905143,43.37886642,17.51282046,38.34554303,39.50286338,36.11717136,37.23472698,25.47861784,47.16071417,41.9064108,39.06647453,24.20056419,42.1339286,45.69292976,45.30732708,24.04493355,47.15183981,50.35067487,45.39310914,43.22528517,46.64623367,41.54430186,45.90178369,43.09036831,39.98916757,51.93037733,41.66002415,42.97024912,38.68209542,45.25933929,37.29131606,36.58201875
5003,1606,104.008411,30.70810933,1365,104.0101791,30.70649574,246.2823304,,84.54029935,34.63345271,84.54029935,76.43244737,36.91639272,53.97968885,50.09132144,40.84319364,46.78714456,35.67872795,60.58881934,59.30544411,64.3641662,35.62019711,76.76332376,29.99240496,47.03535222,33.9966043,39.49293494,38.95173376,86.24673049,35.49377868,32.96993081,94.32089249,54.22730211,38.92082482,41.75259663,99.61981904,41.84267472,37.31157872,56.40053368,88.22053626,72.37684812,38.17508674,44.27547513,39.29272926,61.71343777,35.42568732,41.31002397,42.81977547,38.64304612,39.87873282,41.72312421,60.79655243,57.57249282,35.19651463,45.35122197,36.26242902,68.72995267,32.34617028
5004,1606,104.008411,30.70810933,1450,104.0038276,30.70658516,470.3230375,,99.4515674,80.01715194,75.79064167,71.89651529,113.1793406,109.9456451,117.5807594,129.9331176,115.970064,111.2459221,82.02173389,56.92366984,136.9134448,77.54099145,101.4882878,124.2688393,55.04430868,102.2441386,65.69012357,137.0982134,86.91801514,110.6642441,107.0492899,84.90072025,63.68694542,73.99109695,97.30821466,79.7721053,54.70639532,65.02161809,77.31337603,290.2565032,73.49594943,64.99665777,147.2315596,118.997395,80.75498894,74.58867555,62.59382384,94.5901081,83.68185842,136.1461424,79.67825576,80.16869957,84.14858035,88.54425576,97.24611625,92.01972473,120.9402096,98.92403374
5005,1607,104.0001306,30.67735769,97,104.0016803,30.67972348,301.3132414,,49.30580314,49.30580314,39.9090386,39.9090386,116.2208217,42.20547759,44.78233496,44.07542407,30.84533656,42.74788844,36.52281714,42.74788844,39.67344105,40.47491302,53.69938956,41.96238565,54.50892809,36.81202496,39.00396419,55.41392945,50.85371734,97.72321343,34.54546717,31.59017602,112.9924655,32.83736637,32.5179497,32.35955477,32.5179497,32.5179497,50.1191718,36.83285803,40.24963521,40.02685126,52.57161563,52.34797127,52.34797127,90.8989667,87.01024081,52.34797127,54.53633329,47.36802048,42.66382179,37.2119269,43.21624179,130.6900806,33.79213922,40.21233249,36.72374673,44.2024315
5006,1607,104.0001306,30.67735769,772,103.9978433,30.6784115,248.2977713,,18.85805858,31.47436538,33.79478173,26.8430023,42.56533222,33.11752019,32.38666582,57.0708365,47.65501779,22.45909489,34.24796846,35.61242935,43.55040081,87.84982572,29.99570392,60.56043202,39.62198478,85.13066445,52.54636049,37.40050112,26.55065277,47.29481358,53.60551584,23.76055228,48.38278629,55.60634381,98.07372785,100.6864554,74.73845959,52.44848146,43.8479596,47.47063073,42.13537938,47.59701686,72.67251843,38.67482863,56.78983333,32.10434725,78.06742154,28.92789569,35.80261588,34.43645479,103.9386019,39.11912371,42.88624974,46.37181696,44.38291841,34.76168799,37.55764608,38.75167528
5007,1607,104.0001306,30.67735769,1057,104.0026792,30.6762614,272.7143568,,22.96541952,31.18385446,33.76686791,36.67889232,36.19731329,36.22773743,44.24886465,36.34845185,46.63998501,31.84124382,38.99822798,32.47315385,32.20683492,34.47837347,31.06872419,36.83946283,38.9978822,37.41507944,25.1843955,28.13771247,32.58993144,39.87902247,41.31600987,26.06473498,32.24209144,38.72866605,44.08211541,49.06813917,26.94707277,39.85541345,40.16012734,28.74880482,25.97279589,36.64466629,26.60627871,33.09342756,27.98665007,50.15756738,39.86999714,41.4031285,28.7067744,38.0721667,32.61699948,32.10771634,37.76564035,31.18969546,21.43606298,54.24152953,38.54447667,37.17365374
5008,1608,104.0764857,30.66221135,227,104.0781096,30.66468753,315.4688993,,40.70566443,58.44020777,50.88968054,54.25261326,61.85664692,52.4648,48.79957192,50.79105713,52.62687847,54.46945024,44.62428438,62.18688775,61.82232708,54.69900241,57.86945414,57.86945414,58.88207583,53.95192577,57.86945414,39.9890154,49.0577986,49.0577986,45.20151393,49.67470913,45.49576515,42.93716588,42.93716588,78.32331293,78.14367232,48.45602293,118.7958198,46.25235516,49.52577978,49.57306943,56.2918482,49.57306943,90.99153029,66.88509653,81.03465566,61.670897,73.28312391,42.41598646,50.06857887,57.27219431,51.62458967,51.62458967,53.25617995,49.27063069,37.40964236,39.18371676
5009,1608,104.0764857,30.66221135,1760,104.0782286,30.66139729,189.8031349,,40.07573523,34.86180029,47.12353694,57.66171187,66.59759119,43.31482001,54.66330285,49.87527632,65.3867259,50.18051056,39.30188166,34.22160028,48.91402375,58.90442118,58.90442118,58.90442118,69.19405424,40.73271449,40.73271449,26.33107074,40.73271449,45.35119151,42.34183025,38.71338729,44.08330875,43.61433737,37.40645724,61.63710048,61.63710048,94.90156745,61.63710048,59.32451474,57.17918708,38.38715088,55.70309392,55.66527785,55.70309392,85.41141071,65.58642357,76.77430176,57.24450982,36.6048903,52.35948549,54.94903785,57.80806139,61.55777348,55.83146896,61.31345444,67.98918265,34.86180029
5010,1609,104.0387343,30.67848323,847,104.0418638,30.6770055,341.6175937,,56.7261687,34.41027804,32.07676936,55.11813277,40.1465725,55.58523559,39.54415876,35.02862949,37.13608467,49.85770286,37.4660575,29.97132423,36.99511544,61.74845207,37.75552612,39.24968098,53.54818594,49.20605511,31.68626956,33.17868715,28.89622503,35.27217984,61.03341624,56.96556889,28.73419012,52.97700531,41.94046009,58.84322188,68.19722759,27.98232849,34.77351566,105.1131058,39.54415876,36.78434708,35.76367393,31.79481224,46.86826743,36.66736247,37.51749046,32.96229797,23.53728875,32.85369557,33.10426211,36.11815969,33.28344621,21.88297753,39.82158675,29.9591556,39.4300525,54.65881499
5011,1609,104.0387343,30.67848323,1075,104.0394068,30.67962794,142.2918038,,23.64233047,15.6933833,17.84826635,14.2160174,21.65964032,18.22144931,14.04067137,22.22344875,17.42348618,26.40466462,17.84844926,21.64438705,17.11304545,17.45316844,20.54230926,20.69698964,29.60985513,23.95092899,15.9217129,15.64920042,18.36023275,17.76591308,17.0892575,22.55338608,21.69531503,19.3037185,18.5430043,34.49498274,16.15932157,15.66515271,24.18908978,18.78414142,27.39307453,13.11541132,17.20404681,20.52285632,19.45008835,14.9537932,24.47056499,24.27727458,39.40388413,19.09601095,16.3275763,16.63150954,13.32723612,18.83273874,34.67008417,35.75919677,14.63572839,20.79501328
5012,1609,104.0387343,30.67848323,1187,104.0336123,30.68105059,567.1874378,,80.14227013,80.4767812,90.22560194,71.46561717,64.15945879,79.11687864,72.98076123,98.79087953,115.3601568,95.41470916,133.3469242,118.4840296,96.91746509,223.8639397,200.3708893,221.2031007,181.769268,127.7312192,175.6517692,105.0283546,96.19849752,118.815236,113.3745017,94.00144085,122.6134623,148.6802022,138.3618347,125.3757181,103.6090207,111.1008428,102.8963302,126.6394425,102.6067727,100.420071,88.73858219,103.4515403,124.0681098,72.18749207,112.4734296,107.273014,70.64495824,102.9070364,146.3709517,109.7424554,128.5501991,137.5926399,145.0195153,172.7961728,89.65202937,107.3900193
5013,1609,104.0387343,30.67848323,1899,104.0380169,30.67482664,411.048334,,52.85790596,47.4958143,45.20423727,52.31964653,53.15888684,69.55459471,46.37578488,48.58959412,50.16183059,43.33104669,45.3802403,54.91297764,37.36803036,60.93226893,47.68939914,43.78800726,68.00005858,66.67525778,40.43098367,40.43098367,40.43098367,40.43098367,40.43098367,40.43098367,40.43098367,40.43098367,40.43098367,40.43098367,40.43098367,40.43098367,40.43098367,40.43098367,40.43098367,40.43098367,40.43098367,40.43098367,40.43098367,40.43098367,40.43098367,40.43098367,40.43098367,40.43098367,28.73347577,33.5930534,28.73347577,28.73347577,28.73347577,28.73347577,211.3962861,81.64270358
5014,1610,104.0663788,30.66084053,1574,104.0649632,30.6607499,136.0031233,,15.2289656,15.22238948,13.23273632,15.81103364,19.72747394,14.76785655,12.87434246,14.30827379,16.01781605,15.84502407,31.58782219,12.70068078,17.08691268,13.05049961,16.67707899,14.92820645,15.512719,17.02678362,14.10983412,16.970927,12.42668132,12.62426929,14.95452791,16.73884594,26.04315127,13.77246818,13.63819621,14.34806003,15.76847806,17.82348904,14.12255255,26.39413714,26.22917377,16.15016473,16.56190254,15.92231687,24.35876835,15.29716446,17.45050258,16.44074453,16.35444656,19.2255724,14.52950343,21.28744539,14.76702446,14.25360244,22.93261095,16.7818764,15.6675598,14.27598109
5015,1610,104.0663788,30.66084053,1584,104.0684967,30.6609573,203.3274229,,49.30533074,53.0739859,46.03639764,31.7331816,27.38928802,65.94402905,58.5582978,12.28152219,50.43160491,36.87550239,39.85365094,44.05264338,27.36369056,81.03085489,23.21899199,61.51081701,40.31706549,48.63645996,55.285402,31.51019422,63.101614,57.07436432,26.5209682,48.1564949,38.72903293,29.04070939,51.54779735,37.73086198,37.1648555,40.44081339,26.02182828,55.87623835,34.93931849,24.68730936,83.17940028,28.60888362,46.03639764,63.9282727,58.87228332,33.594128,28.00938989,52.40897773,25.15390799,27.13461021,15.21785286,59.7533651,81.78533212,13.35727596,27.3126389,82.24480027
5016,1610,104.0663788,30.66084053,1715,104.0663676,30.66577495,546.88406,,51.21702955,49.49177014,59.509802,82.032609,58.84072431,58.18652443,45.46842069,58.18652443,86.38168698,69.53465206,77.04799364,69.53465206,69.53465206,63.92151351,63.92151351,43.36525586,54.95007301,70.9329205,48.1869871,47.17261102,54.688406,46.20006139,50.08714632,48.06514364,50.08714632,50.08714632,90.93684139,64.59563305,75.53564436,69.63859683,69.63859683,69.63859683,68.758415,68.758415,68.758415,45.99191827,68.758415,55.11672712,91.35882209,41.90013548,54.95555104,52.85322459,46.73667931,36.93776015,45.14262232,48.32554286,48.32554286,48.49218266,142.1503694,72.50166143
5017,1611,104.0898351,30.6510373,116,104.0894982,30.65024457,93.60051923,,16.27820662,18.60841643,18.16307874,24.18386622,11.93117218,21.72195773,15.45328405,20.2379501,20.50477906,19.62884675,18.98376728,18.98376728,18.98376728,20.2379501,18.98376728,20.2379501,18.25115067,17.57297884,16.7642721,16.95938945,17.05866131,20.2379501,17.03373455,17.02129847,17.02751424,17.02440579,17.02595988,17.0251828,17.02557133,17.02557133,17.02557133,20.2379501,17.02557133,20.2379501,20.2379501,15.99191962,19.81740066,19.5340214,16.59910686,16.59910686,16.59910686,16.59910686,16.59910686,20.2379501,16.59910686,20.46327141,23.00081019,16.59910686,16.59910686,20.71486901
5018,1611,104.0898351,30.6510373,1566,104.0886263,30.65131513,119.8550727,,14.1236322,16.76411994,15.85529509,19.22880061,17.12215324,34.65688849,44.02839405,17.12215324,17.12215324,26.07119406,23.64264448,22.64977752,19.00785294,19.79258081,21.57391309,20.94554669,14.3427677,13.77424618,20.94554669,25.91461031,25.91461031,25.91461031,28.20119358,17.15619331,25.91461031,14.65951059,25.91461031,16.40601756,17.99700779,27.13699759,27.54116564,25.8886957,21.70959807,21.70959807,21.70959807,19.17681163,25.91461031,21.15089518,19.74728887,21.15089518,25.91461031,26.05545059,28.12412227,29.7571215,27.22260326,28.09089969,26.96739136,36.15739624,22.64977752,28.09366524
5019,1612,104.0209353,30.68733577,139,104.0235682,30.68561226,316.3795714,,48.09147603,85.63657572,33.43345764,53.87306852,42.65791974,85.95973261,69.02827012,53.72483288,51.77120259,75.30356741,70.57886643,73.51299603,71.70357392,68.02972772,49.28457192,58.02341823,68.58137093,69.62745527,68.04579081,54.9694236,62.75297284,62.2953395,70.48786739,67.60473604,63.57022085,74.56408884,75.70678077,58.60890861,78.32434087,43.55512264,78.01140117,67.99799744,51.88913244,60.88016698,69.3962807,70.01842972,73.71951178,71.4085553,82.64111401,84.61860751,102.149458,72.74711931,139.7504855,68.92776042,62.00698143,73.12918634,65.35085752,42.10596884,68.35049813,60.66623686
5020,1612,104.0209353,30.68733577,364,104.0198136,30.68603439,179.8530481,,23.41667172,34.04258075,23.41667172,28.7764877,29.88327568,27.38685822,28.3771062,30.54108364,40.3408706,39.12211318,39.12211318,39.18129943,38.50770587,37.5488624,32.21248623,32.98471069,33.27689671,33.7174517,33.2788419,29.89847745,30.28323593,35.2098565,39.05004471,36.8166805,35.04198188,30.64951352,38.74813151,33.86328815,37.82460972,38.41091702,37.0521747,36.58028097,44.65317056,34.83551291,32.97814804,38.3118919,35.43891889,36.39636068,34.73318741,35.43891889,36.76201409,38.39709255,36.89293294,32.23253133,30.14998711,30.47220973,30.73438163,27.91449832,26.70155441,28.85664504
5021,1612,104.0209353,30.68733577,1465,104.0221166,30.68845756,168.1160787,,42.87257732,49.47285151,37.82611771,34.38737973,37.26711104,21.16146445,21.16146445,20.27530597,25.34375344,21.85888518,25.61467646,50.43482361,18.85413967,31.40725912,33.81105493,41.45327968,26.2724264,31.60406701,27.55044321,23.42023411,22.75968223,25.43822977,36.79136069,49.33841439,39.62146536,45.84983965,35.74121359,59.52962785,53.25917375,51.14517325,36.0579827,67.43374745,46.91611499,46.91611499,66.10389502,58.19402724,33.12622244,42.92325414,30.61548191,35.08509469,34.18103118,32.93702766,37.24417744,28.38067448,28.14966899,35.44467838,53.20596776,43.30718306,22.752552,49.20470596
5022,1612,104.0209353,30.68733577,1696,104.0165822,30.68915906,463.3485895,,195.4751862,159.6224806,134.8831473,146.2137259,140.3200776,140.3200776,140.3200776,90.98481395,99.75286397,104.8026916,102.2154456,103.4929013,102.850207,103.0101311,103.0902797,103.0501898,103.0702308,103.0602093,103.0652199,103.0639672,103.0627146,103.0633409,74.05349266,109.0231975,88.19854182,97.51143133,92.62147755,95.00357304,93.7974037,94.39663549,94.09606558,94.24611092,94.17102848,94.20855471,94.18978786,94.19917038,94.19447889,94.19917038,102.1537099,111.5755801,158.3596446,111.5755801,68.20318022,84.65749106,75.54474376,79.84193822,79.84193822,105.1295119,108.0813125,111.2036615
5023,1613,104.0380171,30.67190239,784,104.0387221,30.67190071,67.54240776,,10.80678524,10.61802043,10.78624002,10.86580939,8.521705653,10.64643158,18.01130874,8.229587823,10.81880614,8.078161725,6.773054817,6.692275265,21.90564576,24.21839322,7.151549057,10.37846753,22.10478799,20.6061583,10.1600876,10.24879528,23.15739695,10.69016525,7.743715539,9.338556618,7.906944664,22.10478799,12.00087201,17.55614931,5.157002501,32.85846864,11.52018325,11.27664547,11.09863833,8.437002971,20.6061583,12.36975537,30.20530036,11.0342387,9.392667038,9.481417024,10.30699077,9.952140827,9.561050982,8.976914364,9.097400207,9.433380583,10.14771343,9.307279155,9.485799791,19.56963122
5024,1613,104.0380171,30.67190239,910,104.038017,30.67271158,89.68328444,,9.637606686,8.582892972,5.696688557,6.568867222,7.490947192,6.515839031,7.448198951,6.143859638,6.928322403,5.724464964,5.770506237,7.02632914,7.826904824,7.681423322,7.153467297,6.173227992,7.487472727,7.216401369,7.170259145,8.21107689,9.552065798,8.141731952,8.164479956,9.58396509,7.882319921,9.796509685,8.342631111,10.94440081,7.427756686,17.47549792,6.797048926,10.81833965,11.88122172,8.353423648,10.98162667,12.10608087,8.91430674,6.611463973,9.921936816,11.78903749,5.97151339,8.718087057,8.609595306,7.738730201,7.092702636,8.632615615,10.28655191,9.880943251,12.5607876,8.552578119
5025,1613,104.0380171,30.67190239,945,104.0381346,30.66861573,364.4378115,,31.70862629,22.92328692,34.88679635,56.25433584,38.00381427,44.58935239,43.05796263,24.47145948,24.96888368,25.10615869,33.30945405,28.36469247,43.21803694,42.14700711,35.68789178,26.90393259,34.90329616,41.51166339,33.27877588,46.29666009,49.64233973,33.58602305,31.76148314,26.05864478,38.23609826,35.93048846,27.36133726,45.26006456,23.32632377,26.20707557,21.152376,31.80548173,27.40133921,37.86366873,29.39892713,35.21138275,38.71174178,26.30792303,34.38092561,29.18495821,22.61053204,27.08764596,31.35954117,50.41906588,35.00469908,32.84632636,33.30733997,24.37425081,29.21995816,32.97397112
5026,1614,104.0735924,30.6360679,552,104.074146,30.62766337,932.9795716,,81.41245786,113.1396042,118.3867939,139.9068861,131.1015312,106.9236844,81.78906701,84.46084973,125.4665652,143.0075132,149.4392917,188.1681639,196.3990822,192.8683494,170.1338855,171.7974267,198.4070045,161.21887,154.120009,148.5388912,134.4028194,136.5864749,123.4825904,127.9215609,110.8395565,80.3523076,85.77418455,102.90008,119.8246902,125.2477237,154.3040099,151.1738146,139.1475401,147.7037025,106.0066459,97.38463377,97.71348206,101.7498708,122.2619102,127.9001958,147.1850482,210.8097573,188.6137415,217.0624587,190.0723458,210.2174501,196.7769079,202.9669077,159.398482,122.1704491
5027,1614,104.0735924,30.6360679,813,104.0735,30.63892748,317.0501664,,36.76789781,25.34413556,38.38992976,41.93682543,38.09136684,30.83145865,43.45858979,28.8676027,46.00353644,31.27641393,29.17639568,47.82320945,56.35967541,49.75047347,49.22887567,36.93788346,29.77190998,38.78367017,54.12236771,30.16456147,31.54728024,30.55905218,34.14947707,27.99216675,28.36609131,30.8714865,32.2515004,41.80881315,33.87723766,26.6573904,41.98310197,30.99361352,42.75977626,31.13563808,30.18585903,39.90841255,36.56420736,50.90903653,32.22418405,19.87890738,28.97573642,47.19994959,25.62980387,25.64259958,62.71321973,32.96066086,29.379166,29.81836108,21.00332333,24.46689387
5028,1614,104.0735924,30.6360679,1226,104.0702965,30.63603177,315.8952014,,50.36415966,48.92783698,47.98408123,25.89010188,29.40459535,27.23886767,49.26596643,32.87958728,43.37233886,49.12409179,97.19852351,181.955636,49.79083735,32.39950784,33.07398098,41.8609592,32.84342613,38.20457083,51.69194205,32.55586077,38.66225875,31.29396602,31.29970803,43.54791617,30.32593933,73.13329421,65.35762788,37.87936538,39.98545621,57.72704188,38.39374494,38.16183641,38.16183641,38.50641282,43.48844073,126.3580806,56.02082389,34.6670207,37.90742417,35.1809041,37.98339095,47.78246744,31.94445857,47.78246744,45.35931097,31.88299653,52.35832067,47.11598087,29.80924574,46.49316129
5029,1614,104.0735924,30.6360679,1806,104.0804527,30.63930556,749.0030862,,95.46542226,92.31014307,87.16376629,108.1519885,91.64752258,126.2224333,119.2913748,100.8632585,126.4156248,102.7738122,118.8893788,106.2454666,98.32941651,106.7462831,115.8274811,121.4431279,110.5749705,129.404728,108.4963892,166.6165465,104.5239742,130.8750574,121.1955271,91.38686902,105.0370294,91.20780793,89.90342251,136.6655403,114.4734593,104.6226533,121.831722,107.3946474,93.61764623,86.66288619,101.947488,137.0896252,94.96938646,115.5958626,133.0903806,91.31837229,90.89294971,103.1580635,103.2679962,100.4668804,100.4154867,85.8729653,93.88618072,93.1505492,124.2313149,84.59013043
5030,1615,104.0166913,30.69941532,1397,104.0147331,30.69819801,231.0326626,,43.56443048,44.12294883,43.01987511,34.51110313,34.51110313,34.77261919,45.61522407,34.51110313,34.49917396,45.57356632,41.49942213,40.67078657,46.96316123,56.57942758,42.18347854,36.31954521,25.45424898,45.95124781,41.92389064,40.83740618,41.63792668,42.08880763,40.98392783,43.29983092,51.53943209,34.85154439,46.07056038,47.71416768,38.56495758,41.86134909,50.11762119,40.52217225,44.30154832,43.31862424,37.4647561,41.69010453,80.83648237,43.62417704,42.3131363,46.59863085,34.01707916,37.98519896,43.0345597,39.4555531,43.10347712,35.28587953,33.20229882,24.64348401,17.3274497,37.21331478
5031,1615,104.0166913,30.69941532,1537,104.0174359,30.6998178,84.12079746,,20.2565131,20.2565131,12.85013596,11.87587729,12.03317367,14.61205649,12.65712377,11.86351946,13.25996766,14.62970391,16.5483536,17.28016381,15.1165493,11.78345801,10.84457908,12.42930637,12.25586932,12.21284226,16.17275679,12.33375798,15.52999338,12.2853903,12.85923018,12.27107819,11.81564069,11.62049228,13.4294843,11.62089043,13.17295892,12.48920641,22.39937406,15.65038092,16.93667863,15.31451036,13.39977305,16.55400729,34.60969953,18.63599205,17.35443386,14.33749943,16.09299013,13.5148888,20.07112579,23.11716571,15.36490225,17.64040632,14.79616848,16.1952373,16.27415339,15.86976921
5032,1615,104.0166913,30.69941532,1630,104.0156181,30.70091315,195.2502728,,28.74850642,27.83766266,29.02151041,28.689836,28.40003968,30.39982623,28.39366624,30.7069371,30.80787759,35.41969005,32.16938133,33.55949409,28.57321065,28.57321065,28.57321065,31.29568041,28.75932318,38.00748805,34.96150122,36.01619072,36.56776366,36.28988146,36.42829263,35.24575126,36.42829263,37.92615378,36.42829263,29.10563073,29.10563073,29.10563073,29.10563073,22.03451354,25.08121256,23.45935693,24.24318972,23.84483349,24.04236163,23.94319017,23.94319017,23.94319017,22.45690039,23.98979461,23.96646973,23.9781265,23.9781265,23.9781265,30.96480097,30.96480097,36.23200939,34.75406586
5033,1616,104.0605402,30.64747371,1036,104.0637964,30.64608944,347.7028268,,44.89467955,34.74615341,34.1637523,59.57282474,41.76411457,68.26888995,33.01926125,45.34341552,61.14522844,57.48686736,33.10781748,62.30957737,37.93121747,52.08308641,33.1877201,42.11035076,45.47336557,51.52784134,54.74437684,56.2101679,33.75957923,45.51026566,48.34632002,56.52215285,39.3763425,35.07650614,45.29100593,44.40190887,46.79365146,39.13403856,37.92027367,54.58969871,40.67832514,38.38191419,35.53167573,44.60767594,43.76678939,38.69625785,32.54498459,34.37245336,35.0935124,46.68699374,31.13756658,33.97337633,43.12593201,37.21695272,47.54265456,28.01335718,32.09564555,33.84197841
5034,1616,104.0605402,30.64747371,1890,104.0574018,30.648771,333.3397906,,74.30484496,61.85686836,43.19219843,61.85686836,70.58960272,52.46003262,45.54167917,36.62329337,48.14536594,51.06481899,76.55650693,43.98912193,47.19855442,66.29962686,26.03087302,72.94974141,63.206642,72.94974141,97.16787418,47.66725903,64.69128012,51.57693034,51.57693034,51.57693034,51.57693034,51.57693034,53.43331709,146.3442983,55.42832546,80.40356758,65.61986308,72.26334941,68.78155808,72.26334941,72.26334941,127.6620475,92.28729603,96.93241084,96.93241084,96.93241084,60.86853899,44.36315143,32.25868941,42.30399222,42.30399222,42.30399222,63.71804848,63.71804848,65.15963326,66.66795812
5035,1617,104.0854998,30.6612243,1443,104.0867086,30.66062918,133.277791,,16.65972388,18.85265413,19.63710973,28.64477896,16.77622544,18.73304237,18.58489532,20.28752844,21.8587721,23.17816308,20.4605564,21.50260627,24.6686616,14.99375149,28.09570707,27.68409939,20.08582094,16.98407248,24.42973766,17.14488729,20.01903843,26.41767681,19.68410452,28.60208928,16.51635276,19.94984671,21.7318688,17.16637022,14.07038263,20.24472775,30.12400236,16.54482923,19.38586051,24.51607653,23.91030137,23.31956489,27.34390298,20.39916499,27.32605872,17.84749092,23.78279325,22.72856692,24.78786168,17.71787473,23.97801337,22.84762131,23.50160956,21.97976931,22.89668564,16.51635276
5036,1617,104.0854998,30.6612243,1464,104.0847123,30.66162768,87.70236731,,11.86949332,16.40148168,14.36762331,11.2559188,13.12800509,11.02019275,33.2345813,10.60381267,12.26527118,15.19549038,15.5149151,11.48103718,11.43943921,15.62045874,12.79548216,14.76900572,19.73303264,15.61080456,17.99022919,14.89285483,11.50194981,14.44320779,14.44320779,14.44320779,14.44320779,15.14285479,15.55312918,15.98625429,16.02682854,13.69754978,16.3167195,21.04856815,12.62194475,12.16475975,11.97453308,14.38398735,14.06363128,18.8776396,9.662693873,15.69621122,12.36387948,16.12192041,14.87531318,14.37580067,14.62129192,14.49750712,16.00651571,19.0772521,18.41506936,17.83776962
5037,1618,104.051193,30.68263452,398,104.0498319,30.68693798,494.4566028,,45.06439924,52.35422853,43.97884546,58.09143187,70.73802376,52.92902336,40.18157495,42.17658906,68.76074438,49.41951239,58.468591,52.23899545,71.22139808,44.79975932,81.45219646,54.88315838,41.68720773,44.51699317,42.97027809,59.13766678,55.13409907,55.86885416,41.3675057,64.1072186,45.15585414,46.61677884,66.34174418,44.06048936,50.69424066,48.64836759,55.71342003,43.32324357,54.93962253,78.85730304,72.8451371,46.2469153,52.97240747,95.99157506,68.38229613,50.42616912,66.0498616,41.7067425,47.40725792,43.15838883,48.61293864,48.83006755,87.25704755,39.95309974,46.84325711,43.97341329
5038,1618,104.051193,30.68263452,1504,104.0535507,30.68136594,266.0299366,,28.59682806,40.43804807,38.2084685,26.96818787,34.02159047,33.90116006,20.72960545,57.86753908,33.09573293,34.54051623,36.31980173,30.50024751,32.33678464,60.23319319,25.57297121,31.16185809,31.59329882,24.43132071,28.75410574,28.21975018,36.95335453,23.89490449,32.96756529,32.68627207,34.08212711,31.09440817,25.48789812,26.45601579,24.61973706,27.71947241,33.04149635,31.53318157,30.62215098,36.64698107,61.78759818,33.33331379,59.11776369,19.80781327,40.98899087,28.13684236,35.29635523,32.66768977,21.79911469,35.01064185,45.38899392,28.17478122,27.94558124,34.6305468,29.60156398,22.80256599
5039,1619,104.0275827,30.648147,578,104.0276015,30.64903247,98.15316266,,12.08137267,12.24081012,11.92603519,13.85691708,13.99411428,13.68087639,21.03282057,15.30487864,15.04756821,14.4964671,23.3235238,24.2853186,15.95265849,17.36370445,24.66676339,23.3235238,26.17417671,23.3235238,19.33523314,23.3235238,23.3235238,24.58096595,19.2562063,22.22335758,24.34807136,22.48855278,22.62353809,24.23067468,18.45553407,24.24041447,19.37413072,20.73396156,24.24406892,24.24345977,21.8321111,24.24361205,26.17417671,18.05114932,24.24366916,22.5783578,22.57836605,22.57836399,21.4477319,22.43500869,20.24936304,21.91326424,18.70408747,23.01963424,22.5783633,22.5783633
5040,1619,104.0275827,30.648147,1661,104.0252664,30.64770209,227.3709787,,26.23511293,26.23511293,26.23511293,26.23511293,26.23511293,26.23511293,26.23511293,26.23511293,23.86400943,22.83223217,23.33672198,23.08172078,23.20852095,23.17669048,23.16080796,23.1687465,23.16477655,23.16676135,23.16576891,23.16676135,74.4123203,35.33323817,47.91498213,36.1384337,36.1384337,36.1384337,36.1384337,36.1384337,36.1384337,36.1384337,36.1384337,36.1384337,38.07141969,37.07975191,37.56904295,37.07975191,37.07975191,27.28451744,31.43679398,29.2138487,30.28458405,29.73958189,27.5137991,30.77201215,29.05183756,29.88719391,29.88719391,75.09500214,32.91697815,32.91697815
5041,1619,104.0275827,30.648147,1705,104.0308997,30.64806517,317.9769691,,41.21393659,43.36049579,41.32552667,29.63029566,45.06760192,32.16626874,37.77210891,32.69452592,40.85414383,44.4838247,47.95343879,44.19757099,51.07493982,34.77621535,37.6861593,45.88044444,51.76369265,48.64482999,28.3345814,32.93472923,32.93472923,36.6425436,44.4262777,41.29112696,42.43622201,31.65116374,30.47161727,35.55022015,42.89338038,38.87810108,49.66234658,26.55956122,38.13000058,37.76386272,45.94182295,49.32192705,29.96641594,41.98228931,79.31065282,38.41332513,42.7931622,73.10593437,63.1568049,59.6400958,56.49436589,39.62917715,39.6248223,42.8732992,43.77503207,48.86732503
5042,1620,104.0893045,30.65943908,669,104.0872745,30.65548692,479.26032,,95.45433759,62.7395328,115.0224768,150.7785277,104.249979,100.9953455,200.9126232,87.65135052,218.3971078,93.51420878,96.05217269,78.23869789,111.954105,90.33178806,97.75281314,84.7311063,95.16618161,127.802752,132.7182425,80.6232314,108.5876529,83.1852232,55.65603716,82.158912,82.60402137,69.15178966,84.1627879,74.35195656,94.53902203,133.4883677,144.6823608,112.03488,93.07280658,152.3476514,151.3453642,170.2635348,98.0891858,102.4547002,99.53868187,152.2996225,92.57342197,197.5576892,100.2849494,134.8328297,118.579873,134.791965,88.70628031,91.66025186,97.66059349,111.170516
5043,1620,104.0893045,30.65943908,705,104.0909494,30.66142069,270.3154592,,41.53374533,44.63925014,38.83222878,36.93114433,57.44602439,55.19249379,34.94203422,34.42696886,62.4249528,54.49037457,58.1826816,40.52319794,56.33943256,41.90035105,49.70801512,55.77907305,55.59229739,59.05061325,32.89843317,49.49195947,39.06606396,70.51707631,52.41305133,54.21368541,51.4886589,34.02572214,56.90851773,50.25878131,45.58012427,73.72239796,51.85447529,60.23535678,46.33979301,41.76547867,93.82850651,64.23337644,74.00271126,67.73566029,75.14561028,72.46754863,75.14561028,75.14561028,62.38049058,54.82454384,64.66017629,99.76227571,87.93394453,55.82040076,84.33974108,81.26393763
5044,1620,104.0893045,30.65943908,1238,104.0889082,30.65955812,40.1955532,,6.858009077,8.155333999,7.404263596,9.29504878,7.37078779,7.916248233,9.593634799,7.507340675,7.755461807,7.395433978,8.431405187,7.560045271,7.776735813,7.700126508,8.722690971,8.170750509,8.145516032,8.679201771,8.511999501,8.629384511,7.508963886,7.681003258,7.323694216,8.681154347,7.74076852,6.538950014,7.994695664,6.821637785,7.204067712,8.363353951,8.16575546,8.706573247,7.552931049,8.905546059,8.944077356,9.364060119,8.774860678,7.084650748,11.04610622,9.563501179,8.386656645,8.812436352,8.844311499,11.30842666,10.10275966,11.04610622,11.16866313,8.072747086,9.928884056,10.67926137
5045,1620,104.0893045,30.65943908,1560,104.0960134,30.65626308,732.8718697,,100.5975622,103.5657991,119.0355857,114.0286864,114.8102146,105.6462386,112.0653587,96.27021518,144.7601957,118.7400854,105.8776516,113.6398592,99.43487681,110.2550601,108.6564151,155.3902875,129.0772373,84.90229223,128.5239054,97.35567273,97.93947316,130.6310373,111.2582942,126.6148329,188.6773825,117.4625208,115.2705177,122.7999692,109.8968617,114.8352005,141.8580852,153.8389931,137.1690679,108.6294897,98.55053958,134.7810335,120.2211373,161.6959385,96.77087852,120.9900249,109.4530094,109.7852319,104.8624297,145.809325,125.138596,110.6553093,129.7543638,176.9848693,179.2349681,92.50837065
5046,1621,104.0637486,30.70517334,844,104.063411,30.70790007,303.9309738,,71.04879907,58.96624879,70.59041972,61.23103561,81.11041327,82.13469749,89.0358368,52.41444339,101.2695558,101.3597202,92.86779756,101.3655346,100.6887888,103.3900087,82.63249932,106.1252673,96.4954782,96.5674775,85.13220313,103.8558101,106.8159622,112.7576082,103.4911731,108.2579108,116.080413,125.6842827,152.6349384,146.8659739,140.2758341,106.6546766,128.028529,114.1061825,115.9877921,133.886656,95.14360919,173.6748422,103.3960248,93.91858418,93.11927708,107.6214595,107.605423,86.57315625,64.62503214,100.1970243,64.08408942,63.79892161,59.03695176,60.92157604,45.63925396,46.75623262
5047,1621,104.0637486,30.70517334,908,104.0719292,30.70511218,783.4679732,,283.5754149,133.1813344,111.3578168,210.1354498,106.998661,144.7816641,134.2022856,90.3587777,134.7139501,125.3548757,105.2681527,125.8520691,126.075306,189.518735,178.7945929,172.612283,99.8401665,165.5861861,144.086064,121.851641,165.0785361,125.0606154,177.2032274,133.3112284,153.2872121,114.7834607,119.3052557,199.680333,236.5186334,122.3342763,142.3549444,88.71985056,134.1171994,120.5703385,144.8766366,118.6074308,157.2760987,101.9043048,120.3131805,206.326606,131.7983506,169.4447391,121.0021592,132.7838271,99.47630039,179.4289266,128.0247945,89.96761415,108.6473306,161.5481996
5048,1621,104.0637486,30.70517334,1373,104.0640751,30.70255712,291.640521,,47.63908459,42.17787199,42.12471541,49.23356978,46.51776144,46.77357059,47.10903778,46.15129368,48.79500583,45.19520837,42.4670697,40.35279538,45.88861875,34.75689943,39.50356036,48.76195649,42.14373811,44.07318381,46.16329692,39.78046322,65.48960894,60.38076182,52.22489913,41.64523892,53.54711204,64.0968178,70.39841531,60.65022149,51.37468704,49.56688824,47.14931879,152.1602718,41.97251144,46.75773058,44.50774341,51.23872505,45.77602696,46.94648059,43.2965755,40.31896604,47.26089048,39.38957217,40.01928247,47.09858133,40.01928247,43.27129588,61.15956556,41.22377991,45.00480633,31.65843643
5049,1622,104.0003855,30.63414755,225,103.996384,30.63202614,449.8409031,,108.6863927,38.78867667,23.2259197,43.66714467,67.90051368,34.07527093,32.60591781,28.08661225,36.3779989,49.32981183,41.24716745,76.67742666,53.59384173,30.95053553,44.40262733,91.23533809,49.09076796,81.48061641,71.5505413,27.1989797,26.33215043,45.64981681,37.02524492,57.85735088,45.28599696,99.87657058,28.15783093,79.77474144,42.97191341,48.34111197,55.84231901,40.67635168,38.32963908,67.86171339,147.2206592,116.36603,47.84790364,37.72484178,27.17539786,44.61232097,27.16248325,41.45999107,82.83515351,33.25312631,31.30336182,28.18028859,33.52851452,44.82561591,45.3258327,68.11471088
5050,1622,104.0003855,30.63414755,1171,103.9992384,30.63572543,206.5600204,,29.7684577,45.01307951,38.06908226,25.37938817,36.63133367,37.89126489,39.83657536,52.36732912,23.85296146,31.88520289,29.86409933,51.34288195,43.74212197,48.7244342,48.20849747,31.02111328,34.96627304,44.52790859,26.36936431,37.49324741,52.36732912,21.21208268,28.76657924,25.01885855,22.810309,26.97519009,40.26801841,25.29306372,48.16166279,37.93959558,64.84809681,28.27437542,36.48157352,12.71410256,56.9384436,58.78387932,36.54133039,24.99549827,60.70335293,20.88809195,29.1043473,62.03262344,63.34038104,77.86555743,43.94894051,48.28675802,45.19088869,68.53604364,41.31200408,27.78142242
5051,1622,104.0003855,30.63414755,1785,104.0010888,30.63443687,74.64159246,,8.590893738,7.200033034,9.144257876,9.429002467,11.22072855,8.307184651,8.292230608,10.0360526,11.88244242,11.11033493,8.28972574,11.96608045,11.52024578,11.9969266,9.829555418,9.968827813,10.41141666,9.444830124,15.03271233,11.93602367,10.75242147,10.94895425,9.9527883,9.96605407,10.16316065,10.18334802,10.25939122,14.72382098,12.74953509,12.51467985,12.09248833,10.41762958,10.21930917,11.97138242,12.39761671,13.13281847,17.8248579,10.94491321,23.77962238,11.83743317,16.63837355,15.80645487,16.71080428,12.18638244,8.437281901,14.21744618,16.63837355,9.722649764,9.812146957,11.32365063
5052,1623,104.1088753,30.6298657,745,104.1058444,30.63216341,386.3014545,,36.79061471,36.79061471,36.79061471,48.71051615,48.71051615,52.13440436,52.13440436,52.13440436,55.71097591,57.68982053,56.6831328,50.57037223,56.93149654,56.93149654,55.76682651,44.46783556,58.11547837,49.8495366,53.66608185,52.9086096,52.91263965,52.91062456,52.9116321,52.91112831,50.67025411,51.76645174,51.2124876,51.48794986,51.2124581,44.28933873,54.217748,48.75320723,49.53464777,49.53464777,49.53464777,49.53464777,52.34699759,50.90200652,51.61439058,47.42319646,47.90648151,42.83424752,42.76564247,43.83418678,44.35187039,58.86786509,55.08027869,53.59536358,54.02817545,56.37719712
5053,1623,104.1088753,30.6298657,1148,104.1134892,30.63265318,539.4160236,,90.32082256,63.51259804,90.32082256,73.24460858,60.14727342,57.70869792,56.10394178,88.06792222,69.41546684,55.01126586,81.08132296,58.77050463,73.69630683,68.79508706,70.40112454,55.81744649,60.12067136,57.88070596,59.14623646,63.76023591,127.7564266,66.45006539,49.82418691,64.97745599,71.70083761,76.22758332,78.40777875,74.02405407,78.35498394,52.34225566,85.23325612,72.18950502,61.30695138,81.31011605,68.80062657,73.00367237,67.31014506,72.73025037,63.79577049,82.34195132,75.85537832,50.90164312,64.88440952,72.6792116,64.62990037,53.61067229,83.77470599,73.37144904,57.13564354,73.08217094
5054,1623,104.1088753,30.6298657,1569,104.1069711,30.62829492,252.2194652,,24.474126,32.00905081,24.474126,29.42287993,35.8181489,33.817135,29.02626031,31.70264162,38.58314766,61.21281404,51.88514713,37.44288968,35.94729175,33.9435542,31.23905427,43.03270496,46.23289991,34.61207401,44.78372748,50.30415926,45.78582161,48.42613732,31.12441875,40.17655198,34.16707713,33.9435542,49.71627465,45.62764195,32.04670852,42.40776821,39.76806208,40.90045382,47.37693559,40.8391338,64.3964592,43.56368168,34.39356344,34.1029136,34.98998361,39.91165164,46.68329433,37.52225255,43.16567981,31.74790471,52.63710578,26.86361168,45.1917364,45.00085473,53.37683915,40.94259832
5055,1624,104.0361049,30.68381535,248,104.0406601,30.68164203,498.4205476,,62.95838496,64.77667767,64.77667767,66.57936814,64.77667767,61.01811592,62.90320671,59.59526061,53.52166954,62.46523834,114.1421101,77.50537295,75.81608329,61.73098525,49.98089057,59.51290121,47.68652738,63.74117127,117.0841091,77.55841674,215.3176766,211.0957613,171.2131652,223.7299216,111.371212,127.0310776,81.4517407,53.08621217,59.81046571,92.37137562,56.24808688,48.89138887,65.90684927,62.30256845,65.90684927,67.63551957,69.45731503,108.0098704,139.7440788,112.1446232,71.08539998,76.63914453,66.88961683,66.88961683,63.74117127,93.09021901,95.1890701,107.3154289,78.4328118,70.86897937
5056,1624,104.0361049,30.68381535,539,104.0372435,30.68504933,174.9291595,,23.67462309,24.4561155,22.94152911,20.76652842,25.4570985,30.9172126,20.11964774,28.23968494,24.74439977,26.3491621,37.46739644,29.55161775,37.46739644,52.6983242,52.6983242,59.13098349,55.72964373,25.5993892,44.4525864,53.22725614,40.49806908,30.42246252,33.08642597,45.52373309,38.52387531,38.53124125,25.39294251,29.42733524,38.58103513,42.83979416,38.57688073,33.94851613,25.5993892,44.74209408,30.21609723,37.24497368,33.36436055,40.69530709,34.25667492,34.30914862,58.30971983,25.63412378,23.67462309,42.96796776,43.70366061,29.42733524,30.94569898,56.16771463,26.96980618,32.85625952
5057,1624,104.0361049,30.68381535,1651,104.0353401,30.68296342,119.5049221,,21.61898088,21.61898088,21.61898088,21.61898088,50.41613901,30.2615043,37.82133798,33.62170391,33.62170391,33.62170391,21.94988365,26.560065,24.03590821,24.62087427,24.62087427,22.0490493,16.54683537,19.96369928,30.40407912,21.89403153,21.89403153,21.89403153,21.89403153,21.89403153,21.89403153,21.89403153,21.89403153,21.89403153,25.90372622,31.71137981,53.44319498,37.03452391,20.15071286,44.50528133,21.61898088,29.10153684,29.10153684,29.10153684,40.77893076,40.77893076,40.77893076,34.56952347,30.00123567,25.68463997,30.00123567,56.2376104,47.27667248,47.27667248,51.62612635,50.46542165
5058,1625,104.0497648,30.63697586,1231,104.0523759,30.63574192,285.1681367,,46.57315,71.40473102,27.80872123,74.85663591,63.08747606,50.40615181,91.52498887,35.56053503,51.43313087,38.09296075,30.73668539,44.202596,66.37534215,49.04165409,93.75390796,64.56637057,64.45055645,74.79819979,52.83400158,30.41793458,35.03772328,69.52180306,50.6429672,74.97378243,54.38968435,68.08202635,58.44052895,35.27853238,31.1281168,45.32473696,45.8305934,61.6579755,44.48029862,44.69979501,57.03362734,66.68330074,55.19383291,52.52399168,62.59788367,38.47365243,63.05929313,43.1865207,32.63669243,37.66590961,39.35238302,52.64642524,57.78266183,38.02241823,44.74850528,25.76173882
5059,1625,104.0497648,30.63697586,1580,104.0474315,30.63343808,451.376803,,51.31441549,62.17945756,37.06984124,32.09646507,39.67515848,28.08913554,40.87940857,29.97098876,44.08207505,48.48445445,38.21428905,34.7956422,55.98664866,41.48183198,33.90311775,43.10229419,34.28835872,30.9319129,36.44886093,42.97629917,37.26557422,40.23980504,52.48958723,34.74604043,36.89728635,40.48130766,30.90005212,46.44774491,39.54734564,33.20594201,37.23761652,53.44623721,36.05440796,43.37554864,36.81726957,35.70809751,47.95477675,44.87752076,48.73894693,57.48243169,37.01051705,59.61154377,41.09034319,46.00018375,29.27849533,30.31635244,38.05923858,66.37894162,43.25287615,32.82003684
5060,1625,104.0497648,30.63697586,1664,104.0450327,30.63930565,521.858277,,67.4481286,50.02597604,55.88012484,51.30228829,80.67992993,59.00256381,64.69152471,86.22589486,43.55540488,43.74859807,63.29429639,61.91267725,65.09833743,51.41226354,66.37335776,70.67432298,69.85831916,63.309743,76.68121621,60.96814364,47.42369802,55.48644408,61.92864179,58.5464272,50.12345632,53.51122138,50.30313719,49.60891992,63.64125329,55.18119586,58.68704852,56.24017925,65.36846894,56.39829278,56.99908365,57.82066572,69.37554643,79.97665871,70.81378806,49.45366532,74.8970273,68.65480857,55.53559366,69.434153,63.61630038,72.23084171,51.4239908,79.41321606,53.71948586,57.87261601
5061,1625,104.0497648,30.63697586,1811,104.0516754,30.64002194,384.0532947,,33.59883016,29.3250925,24.02940449,33.3296393,25.32219525,22.0298257,27.32885979,26.49489354,24.12900281,25.87911766,30.98823745,37.36734759,26.3451193,37.01718503,27.10432976,27.31315411,36.00499638,31.06249968,26.12052164,33.93904537,33.51931318,32.23853664,28.57775653,31.05203506,28.76803706,27.47781108,37.85700382,26.29410524,31.06948002,30.98823745,36.28850029,30.66038777,30.08653196,25.2182738,32.30354815,27.39975943,38.82646306,25.51378226,31.32592013,62.60793333,27.65183722,26.44702816,26.50819783,24.42125417,22.14804743,27.81874972,35.69821484,30.21158218,30.2978494,24.70016723
5062,1626,104.0732972,30.66451347,292,104.0697966,30.66615043,381.3131091,,70.48131161,71.21801259,90.99517374,78.28055814,50.94957768,72.87204739,90.60905563,102.2896567,157.7847348,70.3962663,61.0643769,104.3899006,89.42848161,67.90076797,84.86721439,51.07822113,57.22677198,150.0248298,61.55727322,82.07636429,58.16640647,63.80538082,98.757352,55.16989083,69.24222914,78.04020425,71.76318408,68.35156148,54.84327578,43.39495868,54.4733013,132.6306466,119.022589,97.49482903,62.25520149,65.36796156,64.22115522,70.11659894,77.51415241,68.76529457,73.04168635,79.07414705,71.3771299,71.12576128,79.88713053,68.80838059,76.28911109,56.43277257,124.7933812,75.53481243
5063,1626,104.0732972,30.66451347,660,104.0728306,30.66386644,84.50477683,,24.15968515,22.17676249,17.01121323,19.29495961,17.42532869,28.4315137,42.84749248,18.33093829,19.20394725,22.28697411,16.36676243,23.13438757,19.23396395,18.49906942,22.28697411,19.05326909,30.72900976,26.2501356,17.88636139,14.01384399,24.83405686,17.31028694,15.56569626,16.75717467,18.12614876,18.07767832,21.5756877,18.85643781,19.05824254,13.05098911,15.5490517,14.77550998,15.57691739,19.13315702,15.57691739,14.83986325,16.09614797,14.79475728,14.81727594,15.41315752,16.19253209,16.16027605,14.61528689,25.35143305,14.81577256,13.92962457,15.08242357,25.67233726,16.71195116,23.22268676
5064,1626,104.0732972,30.66451347,1515,104.0748457,30.66695776,308.8657347,,55.38812677,66.38308328,71.27670801,59.50624245,56.73044107,62.56765687,68.92045321,83.09888138,78.97936594,76.58487438,87.0195635,55.7506953,49.55065263,43.2652391,53.33786272,65.08780362,34.16026559,83.24509639,57.18895309,62.46722724,57.98783024,71.23104708,84.8791332,79.87906932,73.44231472,52.32548917,43.22319319,50.95859968,67.68188273,56.15740631,63.08746922,65.62745797,70.10087074,70.59788222,32.04370735,43.22319319,62.26733211,56.11691792,42.03843648,68.99172563,50.54166568,67.38888757,77.21643368,83.21172273,80.57366992,75.89874709,63.72015157,58.63414715,62.68733728,46.13762012
5065,1627,104.0065398,30.69141036,69,104.0104187,30.68940234,433.0946594,,59.13302555,36.30129858,41.53278566,64.96419891,46.75084779,49.4965325,49.65416477,54.87517022,43.61232934,58.72469958,60.23724819,52.23835516,55.48543679,61.76125297,56.85107653,53.486819,63.67552751,55.53484502,44.16829388,61.10426435,65.41849402,48.69271623,45.10532614,87.59217831,53.76347496,59.04438433,62.32823401,45.95362281,64.16217176,62.70003111,75.1091501,47.59281971,53.486819,69.17217275,94.75843882,56.59313154,80.21303017,67.2043437,57.3564969,50.67629817,164.1200815,58.03382076,69.2951455,71.83256434,67.90682813,55.09331356,47.48652104,67.84235963,66.13359238,63.83380855
5066,1627,104.0065398,30.69141036,865,104.0029919,30.69292611,379.0823482,,40.98187548,34.81368504,43.8809149,34.24941429,29.3167874,41.8618544,41.574911,44.70540831,55.70189606,46.82036036,46.53696346,43.08887397,40.28726421,48.870061,64.67755704,44.23651389,39.68582926,34.35791676,46.97076564,49.54126125,29.28533162,41.86452979,45.48988178,50.15595276,37.20449893,35.3149399,39.44684438,37.75746716,42.06244938,43.46167049,54.5057022,37.44023192,49.68555049,43.18659663,45.5202286,40.079191,38.38808589,45.48988178,32.18623711,33.31236257,41.7338365,42.44779016,45.22606308,40.31599567,45.00235626,34.5492773,50.2959381,47.95138628,38.8111327,44.46623207
5067,1627,104.0065398,30.69141036,872,104.0034106,30.68701985,571.5129566,,122.4670621,122.4670621,65.31576647,63.59958713,61.81767126,59.51753083,46.28676364,62.19080206,63.4133655,51.85750835,42.21846739,70.4605015,68.70518834,56.46411948,49.57702756,67.39535701,78.52849785,67.99228829,66.48541734,74.05383221,61.7851845,39.71904718,76.04079464,69.64951401,59.60733878,48.62297943,63.63237043,59.92563041,89.4542019,52.31905006,56.74410418,49.99870337,51.30789635,57.69890098,65.71562344,77.396112,69.99109774,65.02547417,77.49328225,64.88662215,133.6004314,74.41036686,83.36423325,78.9806773,39.98924478,56.39930493,72.22872944,68.0822847,68.48017204,70.69729563
5068,1627,104.0065398,30.69141036,893,104.0075071,30.69289184,188.531461,,22.21647331,28.8814153,24.1248789,20.41242886,17.18261417,18.94524102,22.62377532,21.85670892,19.11868337,24.1248789,26.89748717,65.89449122,22.71843547,23.84936784,23.08548502,26.15465355,23.08548502,23.08548502,20.94794011,22.83948153,20.00628621,23.36697494,22.53613479,23.32514961,28.24049624,21.30967848,20.72934364,29.901791,27.00450635,33.59966632,20.85140582,25.27796125,22.36287511,27.70258202,24.00097407,27.70258202,38.0764802,27.20293626,27.95935158,25.18416548,28.61086341,22.36287511,23.87033739,28.86861892,22.81389108,22.36287511,23.94472604,23.61563186,47.54558736,25.74133728
5069,1628,103.9995359,30.6447123,56,103.9971186,30.64328713,280.3753136,,33.86137419,37.62725551,32.91362377,32.91362377,33.09347964,33.00330667,31.69869004,38.24334454,33.80702965,32.16201155,30.79167569,30.79167569,39.70216241,30.38841273,21.26441985,29.9955759,36.30759457,35.86678574,35.86678574,28.57328037,31.05695781,31.05695781,31.05695781,33.91636858,27.24294545,33.11519452,33.11519452,33.11519452,33.11519452,33.11519452,33.11519452,30.26540117,30.92374782,29.00434279,43.81679319,32.80664557,35.66611763,41.5370835,41.5370835,47.94068294,41.5370835,37.09485957,33.51099366,27.13537438,32.91362377,32.91362377,38.71483783,28.7155371,29.57083386,36.30759457
5070,1628,103.9995359,30.6447123,676,103.998059,30.64659511,252.1376521,,24.0258218,35.39423689,35.22906523,28.54388514,25.78680533,34.68799754,25.51498377,27.5616057,36.51535081,32.59229973,29.34360607,30.59647913,34.57426448,37.37936367,30.49300991,35.27303321,24.5323121,26.64012173,28.66406992,35.01175055,38.23217469,30.31968426,28.33891813,42.60856318,37.82064782,35.39759796,42.39445426,44.38609035,41.86548488,27.09538948,36.40490164,25.00538699,28.81573167,41.6033317,40.52212266,25.53292679,43.16193759,36.15716703,38.65847176,25.82348642,40.03067464,36.81148969,31.61600653,28.45440588,39.37941638,47.50778136,44.46763246,47.89950119,30.9441664,23.18507146
5071,1628,103.9995359,30.6447123,1159,104.0015131,30.64226997,330.4178154,,51.01518807,50.19004791,34.88281922,38.74606304,35.43706461,35.72084491,33.6255586,34.18115332,39.30079742,36.61622228,36.4133919,62.27770343,47.96387643,35.81225758,57.7429192,86.28527405,47.68916924,33.39319497,38.894928,34.73004775,52.09507163,46.46500529,36.60012724,83.57171914,34.27142768,38.00332701,39.02572623,41.51846895,112.2173713,35.50758613,39.02572623,36.65652189,39.84938477,37.7021913,37.64253593,34.44510045,46.92324006,38.78817833,46.16445544,56.49732683,56.50851,50.61719725,40.2272067,42.19970325,47.96387643,32.01895385,153.4844046,41.48227151,31.13885171,62.93672674
5072,1629,104.078706,30.65916798,130,104.0797902,30.66062591,192.0974179,,38.50862392,31.84423811,48.70075383,36.84340461,26.53007817,44.38084861,78.14132254,33.45442247,33.21569186,42.06512801,60.66234249,31.38656753,13.09755122,41.47230611,55.54624132,39.18134303,36.99780852,37.99729145,37.52055365,35.02751103,30.64478749,32.99383132,31.50572685,15.23239437,37.69949387,37.69740337,20.07404077,34.04790121,32.46716922,39.6458052,38.92405465,43.83839648,15.23239437,43.13206058,36.82868883,43.13206058,23.48219709,47.47875699,49.9142973,34.57753522,51.48020134,36.12173959,39.76095564,18.5900727,39.60617915,40.12866758,39.54844817,15.48825766,32.16514904,30.4720088
5073,1629,104.078706,30.65916798,1166,104.0773122,30.65990178,156.3548186,,33.00258059,31.50432912,31.81221318,14.2952977,15.99083372,23.63706664,28.64515761,21.32111163,26.5148606,27.61910437,51.05463464,39.68582941,23.16367683,18.12809491,45.60172944,34.00386712,22.67381055,28.14386735,18.5157022,34.87468073,20.82802394,38.03225317,30.44408727,64.99738418,36.83752271,24.15782605,34.3341044,16.50666707,47.30061739,40.39789572,19.81962489,40.39789572,29.94028441,25.96896641,28.71823199,19.96018961,22.28334707,19.7327729,17.23093919,25.93904825,47.30061739,26.67665151,20.23698731,37.19453835,24.77816641,25.6436149,13.17185679,31.55142079,27.59202681,32.68741852
5074,1629,104.078706,30.65916798,1296,104.0757401,30.65475607,565.5537975,,208.9729574,192.9851821,185.9354951,77.69856112,207.1505188,212.0826741,99.38602297,161.843694,226.8937969,226.9218952,262.8630327,270.863903,202.7457011,173.183938,89.69135115,161.5867993,293.6529333,182.9519345,207.7544562,147.8035333,175.5166958,78.49614153,268.9048245,174.9135456,93.82459313,195.7686222,179.5145044,135.7329114,225.3505988,201.3343556,238.9663933,180.9772152,245.3004423,279.861673,220.3456354,201.8333255,201.5835318,205.0641107,244.0623328,255.1370515,167.8016762,201.5835318,205.1107092,173.6455157,234.2670542,206.5949945,199.6072226,191.7459793,250.233859,159.0620055
5075,1629,104.078706,30.65916798,1836,104.0811576,30.65811967,262.0605862,,40.45940433,42.18536266,34.79272463,53.64684623,45.78112146,43.59027573,50.09299702,42.78540183,30.19377135,47.60366611,64.8954848,56.31616024,58.91760252,45.6492634,40.33342898,27.78391031,54.82091502,34.92293376,32.52231349,52.12254753,62.6055918,42.68860228,50.2303931,41.37798729,46.65767113,40.62080131,43.58260441,43.60946582,54.03311056,35.24326352,48.52973819,41.72570147,36.59496161,58.82575902,36.84027766,50.11517186,50.61934864,55.13034976,52.77863554,33.51396484,72.2925755,61.98542118,41.70315812,42.11687993,46.96218469,44.40775625,98.27271983,29.90231728,37.06138364,108.1281502
5076,1630,104.0156181,30.70091315,1133,104.0215097,30.70392755,655.7430854,,92.21387138,92.21387138,97.46800609,105.6348633,101.3872382,103.4674749,103.4674749,103.4674749,121.6353006,121.6353006,97.68310788,96.81511037,95.96240274,95.96240274,95.96240274,105.1057483,105.1057483,127.6471839,117.4173145,120.9594624,122.8119061,121.8786458,122.3434962,122.3434962,122.3434962,127.3740249,122.3434962,247.1911107,107.7933839,99.50158514,99.50158514,86.20846407,89.2645385,86.20846407,104.5317391,95.15653777,94.77451085,86.27615447,109.0381112,86.98481879,94.74281366,80.56911629,83.74900603,80.52992925,81.07932107,80.52992925,80.12155162,96.8316571,91.53275758,111.3525994
5077,1630,104.0156181,30.70091315,1293,104.013504,30.69994817,228.986509,,36.42200733,32.64758148,30.10779519,26.44977858,33.30712858,32.20122783,27.70929185,40.01705983,28.03916437,24.10384305,37.72775434,47.89260319,34.6851935,32.77739294,29.44112259,25.19026531,33.30712858,32.51879418,32.51879418,31.88980396,32.51879418,32.51879418,32.88854707,36.35507971,31.70582432,32.875431,36.2352278,41.77456584,38.52109497,32.81000726,36.40668787,29.44112259,56.85182292,27.57028202,54.71359063,33.85426827,33.85426827,21.63652054,42.60214121,26.16988674,26.63494127,23.02657632,28.10750611,28.121177,33.92392726,73.93286389,21.35625473,36.31504107,30.26994244,28.23121344
5078,1630,104.0156181,30.70091315,1365,104.0101791,30.70649574,808.8014416,,94.03908566,108.9294871,106.3435058,124.6807521,117.6438461,127.6180332,117.6174448,115.0295384,127.6180332,127.6180332,120.4835251,119.4129265,118.3611866,118.3611866,160.4234264,129.6386995,154.4660578,164.0386022,144.8239338,149.1928618,151.4776883,150.3265938,150.8999459,146.0014064,150.8999459,159.1084803,150.8999459,169.4355751,149.1896766,131.5891998,162.0604001,139.3359146,122.5247236,135.7957309,126.4747913,129.4507441,127.303632,115.5564377,126.8692045,111.6078172,136.0401899,123.2363298,126.7888091,164.372271,124.6230479,112.1405247,151.4530658,123.5073251,145.3377045,140.5762312
5079,1630,104.0156181,30.70091315,1615,104.0166913,30.69941532,195.2502728,,22.70168695,19.89811697,26.42484895,29.16601585,29.16601585,33.9156083,30.80787759,29.16601585,30.33633073,33.95656918,40.66929502,57.14642131,35.08657149,28.57321065,28.57321065,30.69436603,28.44673255,38.8343084,37.53810318,34.5124997,19.44401057,35.57008381,29.84717546,36.42829263,36.42829263,29.4537295,36.42829263,35.77104235,32.59200844,30.16742412,41.59177409,34.24608926,37.44011473,35.54605301,40.86633617,35.23313193,68.31651013,36.86765487,35.7596684,28.20535625,37.35295918,25.88953893,36.36935759,37.89223623,35.66301611,29.82079472,20.46291069,23.95083873,27.2542651,33.1557067
5080,1631,104.0304369,30.641869,1517,104.0291648,30.64095505,158.5035476,,25.26032822,22.91617556,27.56583437,31.85556295,35.33206015,22.09536385,22.73357655,26.97932725,30.73318337,26.45297762,43.96092229,26.85236571,21.86255829,29.41302945,33.53586667,30.84393359,26.80191505,35.00691849,25.55459323,26.31500881,21.80512143,30.73318337,27.23688646,30.84393359,33.59015578,32.21778509,28.1923306,37.4417829,32.71103036,30.23514486,30.91006999,33.23957891,24.48981851,24.529297,35.29563533,29.04990563,53.83139352,37.29495238,32.81404313,32.3751927,32.29883611,24.77979126,31.12433299,29.66148259,28.63803118,37.34376776,30.45298313,29.70974403,41.11907076,27.49941067
5081,1631,104.0304369,30.641869,1532,104.032163,30.64218778,169.1446138,,34.49975126,28.37467892,34.49975126,28.12999428,43.59813433,29.26749133,19.17860188,23.78596132,31.55029066,35.15538762,67.5327848,32.67910249,33.16711595,24.61641568,29.41645457,51.82303061,36.90427937,41.32945316,23.06153484,29.04289559,25.00058957,30.2945577,23.75503029,37.06473276,25.12739793,26.02224828,23.52861707,41.44666656,23.24124464,36.40780925,38.66162601,24.40563566,43.74429667,23.10017487,32.04845314,28.88617693,26.13393175,61.88217578,37.26593591,21.82511146,49.10650078,22.14256762,32.47576585,15.73438268,52.94961823,24.16351626,28.99621951,25.47784978,32.94133674,23.71647944
5082,1631,104.0304369,30.641869,1753,104.0282073,30.64453875,364.9690961,,52.87278656,66.6948602,43.79629153,81.03278612,69.73314882,69.39553237,70.07406645,80.85469206,95.55554516,115.5067029,104.5881589,109.7766054,104.5881589,96.96595911,125.1322615,96.96595911,84.63051504,75.07935691,69.70232074,75.51084747,101.0683651,87.01249973,161.2133431,71.60156654,94.79716782,50.72929521,98.05139895,39.81481048,74.93662051,74.93662051,74.93662051,51.32377914,60.92219841,60.92219841,69.71773139,81.48147262,127.9761765,95.20932942,104.9012971,95.20932942,116.7901108,95.67151065,74.86545561,83.99928049,73.15638897,139.4046415,64.40631108,64.40631108,64.40631108,64.40631108
5083,1632,104.0722331,30.65441931,1376,104.0733239,30.65602721,206.5923685,,45.65443747,59.65768928,36.97533869,45.74000779,38.49547239,50.59404943,49.58216844,27.61383144,42.86642805,46.07192643,42.12077415,47.02915707,47.98274365,23.00542504,34.15411452,35.04975503,77.95938434,28.01252454,31.38111927,55.45070096,42.95484891,67.98286349,39.99082217,38.59405225,50.18438101,24.54562794,60.22125721,61.55027808,43.1035711,41.60620341,24.58619923,39.42045193,43.86364835,36.84884525,23.36332545,24.06901381,34.88631025,39.91408909,42.66152161,29.02370836,33.42618097,28.80451304,42.49900152,30.11062861,35.20627345,32.12667502,30.34610786,33.35123438,34.43206142,63.56688262
5084,1632,104.0722331,30.65441931,1764,104.0696195,30.65608713,311.2551407,,50.24746666,50.24746666,50.24746666,57.16931156,66.30287021,82.69509273,68.32429918,68.32429918,62.71558804,63.12780318,47.03120699,63.12780318,63.12780318,66.74719324,68.71711807,67.26955012,67.26955012,67.26955012,51.04867911,118.7828806,60.69981075,66.01478792,60.69981075,72.34986321,99.3807988,83.73795471,83.73795471,83.73795471,51.39993149,65.33635607,65.02041625,65.65538123,79.28196982,64.27448413,70.03240666,88.62858246,73.78767209,80.97694717,54.39410226,57.46248751,57.46248751,60.56856792,52.524305,118.5733869,41.15770456,79.46939763,64.46708416,58.90683787,61.56166574,60.20499888
5085,1633,104.0418589,30.70035883,1121,104.0440172,30.70163082,250.2074962,,21.52836965,45.22234983,21.52836965,34.64411486,32.46585053,27.04945905,38.03027175,30.29726893,30.12531727,37.40643631,31.66070251,35.31808422,33.63949641,31.66070251,45.06551526,31.66070251,43.09794193,26.88796974,45.70254641,33.22563579,39.4199994,31.79107011,37.60293559,42.710516,25.85876516,29.62983508,87.45116372,39.50644677,40.68108331,38.54837316,40.78045104,38.65866894,40.57418857,41.60494163,40.89657146,41.15000493,87.87775476,44.24101112,40.75778219,34.39424216,57.19028485,27.00890514,40.66800965,35.79127097,23.82928535,38.65866894,49.98942692,50.41788274,38.31564729,42.04186634
5086,1633,104.0418589,30.70035883,1429,104.0379967,30.69786602,461.692006,,49.61466333,85.23544726,76.59406551,66.90739569,83.10456108,108.5230774,80.88035142,61.84525476,83.1984482,88.88188351,74.20050096,77.16300936,67.87123863,86.9294572,86.9294572,76.87748481,74.95866266,86.00035426,85.51295324,85.63428482,54.67405334,85.66973809,77.08454248,59.93117386,85.67607214,85.67227159,74.67179936,88.29169836,94.89008115,71.62877723,75.24957698,73.04690886,81.6752443,81.6752443,74.68172637,76.90868918,89.90351435,88.11616814,74.86897395,77.47654572,78.95389419,78.95389419,74.33642705,78.27372799,106.090929,167.0443439,93.02749373,129.7034502,102.0470435,102.5982236
5087,1633,104.0418589,30.70035883,1597,104.0415793,30.69688253,386.2123804,,75.56329182,54.02971125,75.56329182,46.52642174,57.69147591,48.52930434,64.22007249,75.76918635,59.54452118,66.36585057,144.07923,54.18261369,48.87045938,48.87045938,63.63224574,48.87045938,66.05057337,120.5518413,90.57749638,57.4926769,79.22305239,67.9884875,59.41728929,71.35792498,63.1924054,151.1265836,59.42191841,73.85734765,71.34648208,119.0041001,64.22007249,62.62374321,68.32258326,66.36585057,97.22829157,59.41728929,70.2204328,82.39197449,57.33462142,65.58323441,69.05784286,112.126175,74.50044578,61.06002699,102.045106,83.19309316,77.16209889,77.82344975,84.08337381,77.57411888
5088,1633,104.0418589,30.70035883,1675,104.0400369,30.70247519,292.3479732,,35.00397018,35.00397018,35.00397018,35.00397018,35.00397018,30.07007724,74.64203571,43.85219598,48.89443454,48.89443454,48.89443454,39.76521549,47.55057396,47.55057396,47.55057396,47.55057396,70.16351357,70.16351357,89.19090708,51.21424348,32.48310813,40.32385837,35.98128901,38.02900464,36.97681874,38.02900464,38.02900464,54.11067884,54.11067884,54.11067884,96.11440215,54.11067884,47.40777944,50.53794495,48.92284502,49.71728154,49.31686413,49.51626334,49.41636259,49.46626251,49.44129997,49.44753823,49.45065798,49.44909806,49.45065798,63.24287574,94.81555888,91.12144619,92.93180605,92.47250553
5089,1634,104.0467099,30.67706348,548,104.0489797,30.67856027,273.4911032,,36.53313438,34.40826661,35.12133074,33.40349352,27.48910111,37.43604454,29.79025632,39.86105148,43.75857651,34.00925636,31.82870598,40.32813876,30.9005248,34.66788632,60.8885573,47.29710031,36.94438918,44.55058695,38.11230858,36.59253785,32.51724462,57.74592208,57.57707436,42.43827463,56.80199837,37.79531561,33.37518548,40.02308827,53.41236736,55.00379729,48.08634782,66.97741303,46.51502227,51.0800504,50.49066521,37.27659144,25.84167904,36.15304669,34.66788632,33.48870651,72.12952172,47.9692069,43.56495449,40.10460169,43.90492627,54.49638218,60.32891982,37.37513992,56.81292392,60.52671955
5090,1634,104.0467099,30.67706348,1383,104.0502855,30.6751566,402.4812684,,111.0293154,53.18577853,111.0293154,46.3287791,73.17841244,73.17841244,69.78221642,63.72435695,71.72933496,73.17841244,73.17841244,74.62313645,68.70809939,73.17841244,76.12605428,73.17841244,73.17841244,136.0500062,73.17841244,75.34260988,55.21057647,64.7800277,73.17841244,123.8403903,64.58537696,63.8384168,61.22250279,68.02500311,68.41647059,68.31063296,73.59138316,68.36351081,47.88980204,55.09249301,47.23364973,50.83973917,63.45690072,51.68606063,55.21104033,49.52230769,58.50333376,57.11954925,71.64067077,58.24854538,78.03945598,58.24854538,65.20848633,49.44998379,71.23562273,99.46905487
5091,1634,104.0467099,30.67706348,1649,104.0455126,30.6751396,242.1193503,,38.06243061,38.6817897,27.40973777,53.87080724,53.63874837,42.72694417,57.24989564,95.78347924,92.72655969,91.5096757,52.50781091,66.81287726,54.90580542,83.08428313,35.08976091,57.06249827,66.36774071,66.87695611,78.02311545,83.87775405,73.7419341,52.03759171,48.50085555,56.74672273,37.52980241,35.57672086,62.0376983,41.77973211,29.91863826,50.60259281,72.93972059,95.67833821,43.80048548,43.80048548,40.76845936,42.23011924,41.4864189,42.23011924,55.32535324,90.01339013,80.19239627,110.5077225,89.77459056,78.32358956,49.38411678,65.78337065,73.77760133,73.45193771,73.65884462,67.91919439
5092,1635,104.0954487,30.66752479,995,104.0982797,30.66840388,288.1881173,,36.51940691,27.31251394,33.72538715,27.77716793,36.57381512,54.60406433,31.2375528,32.98814697,34.35355041,34.35355041,33.09337232,54.03527199,49.30975391,31.40064232,59.79695806,35.4238915,31.70289449,37.51330069,42.28129281,45.73436861,46.07596841,74.10551588,37.01970463,54.556208,48.6317448,36.42045832,35.35849664,24.57748824,52.28780624,34.01763829,52.28780624,28.00208427,37.96227067,41.36637179,38.72665742,39.33562928,47.06056976,46.94881986,89.82486773,49.99890228,46.86158241,53.9930773,40.67873441,42.60105134,39.15008386,38.84592605,38.17493317,57.6776774,37.64516511,63.38964697
5093,1635,104.0954487,30.66752479,1770,104.0936056,30.66482686,347.2602902,,45.06158246,37.76849078,37.76849078,37.76849078,37.76849078,37.76849078,37.76849078,37.76849078,37.76849078,37.76849078,35.51525695,36.60723411,36.60723411,139.6801167,58.01099975,81.97619965,67.94223069,74.30235035,67.94223069,51.87290642,98.43598777,61.28122768,98.43598777,98.43598777,121.3725286,108.7075691,108.7075691,108.7075691,79.12259777,83.34246965,83.34246965,83.34246965,83.34246965,83.34246965,83.34246965,83.34246965,83.34246965,83.34246965,83.34246965,83.34246965,83.34246965,48.64346478,145.3647726,174.8443419,158.7475612,166.4075933,164.4241078,163.4499915,163.4499915,103.3171111
5094,1635,104.0954487,30.66752479,1830,104.094616,30.66956628,239.9090691,,34.74611702,39.8372993,30.80877463,30.80877463,27.91293236,24.65288246,25.51470159,33.91384746,34.13725884,20.56363449,50.33057394,43.84125121,50.62559489,32.28012391,32.87050994,29.10929049,67.47442568,28.74118631,44.691987,43.42791446,42.23338136,27.41817933,41.37354006,25.76204769,36.5935298,39.93202471,33.77019154,46.3095254,35.10269867,36.5446819,32.96460491,33.0486983,33.0486983,33.0486983,33.0486983,46.68500804,38.70079083,42.31960713,42.31960713,42.31960713,77.11362935,42.31960713,22.43305581,29.32259664,25.41926982,27.23177137,28.21739217,29.27703894,42.23338136,32.48925325
5095,1636,104.041945,30.68582265,352,104.0402926,30.68684125,194.4176342,,27.60960486,25.32441368,32.9301776,49.87435748,25.94637565,30.33167858,25.94637565,26.22998688,30.21166114,31.9955878,30.88377201,31.42985049,38.88352684,54.1860761,73.28832284,40.6779746,38.43277211,54.54883262,34.47800409,37.6985941,26.56180202,37.92032045,61.57508647,38.0321646,51.38729112,42.46987155,39.99448475,34.64868728,37.03193032,37.46677254,29.97445324,36.22688836,51.08784548,43.36452807,35.86621071,28.29321812,41.66092161,27.96817115,40.53495075,55.99227865,28.49117346,43.83529121,36.64416142,28.43578319,28.43025601,28.43301933,28.43301933,33.73028834,32.89854767,32.89854767
5096,1636,104.041945,30.68582265,620,104.0428231,30.68723173,177.3788564,,34.56367432,62.91269784,23.82701056,23.56324292,23.56324292,30.55329584,23.56324292,39.29623896,46.44100968,39.29623896,41.46518721,39.29623896,41.10926287,39.29623896,39.29623896,39.29623896,39.29623896,42.14943122,39.29623896,39.29623896,46.68415631,38.7008414,38.99626767,38.84799288,39.19716918,38.88495577,48.74533458,37.50742338,58.79962091,46.95322669,38.897678,40.99928623,48.10274072,41.81428608,38.89738877,49.24657194,43.46441979,46.17518672,44.77881545,45.46628219,45.11993034,46.1771403,42.42949389,52.77387463,41.87304151,47.8325006,40.58668749,45.44938669,56.01437571,41.05970046
5097,1636,104.041945,30.68582265,1681,104.0427153,30.68486415,129.3414543,,14.80243944,16.36118978,17.41212473,16.52632602,17.71669659,15.91705873,16.09955217,20.0918764,23.19592679,22.86699745,21.60274821,18.59959498,36.09528957,36.09528957,36.09528957,36.09528957,36.09528957,36.09528957,36.09528957,36.09528957,36.09528957,36.09528957,36.09528957,36.09528957,36.09528957,36.09528957,36.09528957,36.09528957,36.09528957,36.09528957,36.09528957,36.09528957,36.09528957,36.09528957,36.09528957,36.09528957,36.09528957,36.09528957,36.09528957,36.09528957,36.09528957,36.09528957,36.09528957,36.09528957,36.09528957,36.09528957,36.09528957,36.09528957,36.09528957,36.09528957
5098,1637,104.0668253,30.63590393,1226,104.0702965,30.63603177,332.9671468,,50.47080962,46.4720294,41.70273749,41.19653093,30.05007632,50.72321221,54.89263156,50.35596268,74.59328937,57.32271816,63.2637579,69.54523837,106.9150084,90.97402986,80.81886344,89.73468624,73.06769497,71.04255935,40.4140839,39.10161491,36.27788333,37.51742499,32.57287306,39.78554812,49.74815225,57.13449611,51.18365075,50.52652811,53.11132403,36.64231759,41.51678106,42.14639288,34.74439793,48.68387737,38.91823794,47.73622477,40.16356939,41.26515922,45.90798798,55.88259806,47.55729929,39.98432936,38.53629922,34.23582231,54.61794023,52.59762465,30.47261154,32.91789761,39.49527936,45.53003802
5099,1637,104.0668253,30.63590393,1592,104.0640898,30.63580183,262.400298,,32.37536045,34.65866145,30.37431102,22.36719194,45.30652627,47.23432452,39.84076222,43.12023155,39.0852267,36.88392794,50.82279456,36.69993646,23.77801454,27.84498372,31.12622663,26.69505922,25.88057734,32.76175395,28.41737998,35.71421825,28.24320528,31.99123117,32.80003725,34.48853862,34.4042014,31.43564302,32.16075406,35.04697236,35.16540184,39.66302614,36.02594696,28.47109832,37.98824689,31.69936486,27.00260332,111.7918429,27.37748019,27.18391576,68.95190312,27.10591314,35.51282229,100.4937311,28.01901487,46.09601158,117.3467171,31.38466564,39.98178527,35.51282229,34.65210276,33.99823908
5100,1637,104.0668253,30.63590393,1791,104.0669157,30.63191109,442.6111722,,137.8373893,72.75800091,88.39945742,69.58079563,112.6077894,103.4675467,107.8443465,105.6106194,85.46565041,67.47611338,71.77478468,67.47611338,67.28277206,67.09053558,74.98353976,44.71656371,74.98353976,74.98353976,84.98134506,121.9438944,100.1613549,109.9844846,104.8433318,107.3523904,106.0830272,106.7139342,106.3975454,106.5555049,106.4764666,106.5159711,106.4962152,106.5060923,106.5060923,113.2655758,120.9411932,194.3171,120.9411932,120.9411932,97.2771807,120.9411932,120.9411932,130.6639512,136.1361084,136.1361084,136.1361084,139.7719491,137.9300728,122.7948495,110.6527931,81.02035015
5101,1638,104.1352029,30.62718758,661,104.1400381,30.62512518,516.729278,,31.60960749,31.60960749,61.59686758,66.53563282,40.97412777,82.79935017,57.31275705,76.86881821,56.85968148,60.59366126,75.37709782,77.83369878,92.38437604,96.63508576,76.55248563,67.9806005,26.3861759,34.27933785,62.11103175,62.11103175,63.98023734,27.02833855,36.22639534,56.37046669,37.03169345,62.11103175,32.5641208,27.22812355,29.06602189,60.59366126,34.21628573,67.86228487,60.59366126,93.95077782,33.21831073,63.91129973,32.46466668,66.05999591,69.03406673,42.4386023,26.57464858,28.24943661,60.59366126,63.81562267,210.1949605,37.88646437,54.45205041,54.03690976,51.47941871,26.25582782
5102,1638,104.1352029,30.62718758,696,104.1337947,30.6277929,150.7177595,,31.00479624,65.37155834,31.00479624,16.19653535,34.08904298,24.15062021,23.84765941,19.27474011,19.70569276,17.90706053,18.69954773,22.03106953,18.97042982,16.75395873,19.17575338,16.80314129,18.39559877,20.37883898,19.98817422,19.99205802,19.24056504,19.25733706,20.39789226,18.11632502,18.11632502,16.94251161,18.35638634,21.07122075,18.35637995,19.85668561,19.40398573,16.3367387,19.21714004,15.34009444,16.72061431,16.505631,17.11589607,16.7919181,16.95235934,31.91670201,16.91196228,17.32586842,20.18903668,19.6588382,24.0613718,21.04057913,19.01718061,19.44092027,17.67914255,19.10480533
5103,1638,104.1352029,30.62718758,918,104.1340428,30.62526002,240.8326967,,28.70853338,45.03884198,35.06267587,31.01035022,37.80513263,38.59040243,26.71183233,35.82635158,35.00369248,31.37802491,35.13110348,35.73176207,35.2035613,41.52142873,35.67891803,43.42225583,39.77053707,26.07511904,28.94817055,28.94817055,30.27490906,20.59835672,25.0605665,25.11217113,26.43285695,25.42515273,22.42024054,23.45763103,22.92720705,28.24096769,22.92720705,35.45149472,28.24096769,43.78776304,23.65895015,31.84192563,21.36033922,24.02999137,32.17479861,21.42689992,21.42689992,25.46939753,28.24096769,30.55498531,46.37901481,24.91372724,28.47283114,33.60456233,27.44300963,31.07518667
5104,1639,104.034529,30.68488876,1353,104.036421,30.6870016,296.1030508,,54.87624107,51.18025524,42.75284691,62.95104231,71.5416767,69.21889499,69.21889499,69.21889499,65.92275714,71.5416767,78.8148601,98.93002161,83.03571434,50.16334037,71.78255777,65.59821433,72.14693624,70.12966993,70.12966993,70.12966993,66.41563756,70.12966993,71.5566844,108.1106474,71.03266885,71.92003119,71.4735959,71.69611856,71.5846843,71.64035812,71.61251042,71.62643154,71.6194703,71.62295077,71.62121047,71.62121047,108.5711186,88.27917042,69.32043944,81.68360022,88.27917042,86.53239841,78.29797358,86.10645324,85.8950493,86.00062132,85.97420401,85.9610014,71.90360761,85.9610014
5105,1639,104.034529,30.68488876,1624,104.0361049,30.68381535,192.1947587,,42.57853116,26.86994685,25.20586999,25.67351137,27.96972739,44.92864489,44.92864489,44.92864489,36.22519012,29.07147611,41.16544799,32.46837782,38.65594403,39.59672042,39.59672042,36.28852087,26.61158197,30.36874022,48.84007985,58.48081406,44.4952496,49.79198547,47.02478484,50.01694926,42.94558746,46.68190011,35.2112535,35.2112535,42.3890034,47.06810417,46.48229433,46.49133026,32.40754713,49.15816208,34.76890107,46.48794137,46.48794137,44.71195511,53.88638094,44.28327397,64.06491957,44.54735348,44.5031217,44.5031217,48.01723468,44.4952496,42.36129376,61.71149733,39.76443283,39.76443283
5106,1639,104.034529,30.68488876,1663,104.0337984,30.68400663,120.2346813,,20.15966712,19.96977406,20.78486688,19.30188864,20.78486688,37.55703711,37.55703711,37.55703711,28.52354878,27.52590478,28.01584807,27.76871549,27.89173437,27.89173437,27.86087757,32.40260907,25.34962534,28.44544486,28.44544486,46.58419939,35.3222593,40.17898457,37.59441405,38.843754,38.20887414,38.52369852,38.3656405,38.44450706,38.40503327,38.42476001,38.41489413,38.41982643,38.4173601,38.41859325,38.41797667,38.41797667,38.41797667,36.80429964,37.59382977,37.19487537,37.39328848,37.34348699,37.31863598,37.31863598,37.31642359,37.31421144,36.09547068,33.14702127,28.41432294,29.73601392
5107,1640,103.9990462,30.65355107,460,103.9987553,30.6604005,759.6472394,,178.1136814,133.0768887,97.61082908,88.66656061,180.3535966,164.6860842,170.0350298,153.4536508,146.7444764,151.4941199,174.4644378,198.3285299,178.5609784,210.0944989,103.3598764,148.5645249,187.5243471,183.4021651,147.5573775,147.8847371,158.0197941,148.0900755,125.5841508,158.9119423,106.825393,174.408805,143.7650149,134.5831723,192.238506,161.3410066,237.3897623,234.8847906,221.4356325,279.5294782,196.8922743,163.2025101,156.8939672,145.597892,134.6377383,121.7755116,183.5389303,255.2414725,119.7992589,100.3570665,245.6344368,372.7637011,170.7681573,119.0565983,146.2422493,176.5155411
5108,1640,103.9990462,30.65355107,523,103.9942331,30.65221712,484.3072559,,42.74047575,55.85603135,60.29100073,42.6847073,57.25016679,47.48654861,50.88052883,54.24870237,56.71255971,85.95757378,75.61674626,77.71944078,38.91754735,53.41010519,42.12292408,175.2267459,61.10967802,56.34736572,41.30641252,86.29438421,39.95201928,42.55048496,64.49467774,68.98144891,59.89886185,45.83865858,46.48660966,63.86469309,52.95386853,42.16459785,43.94257382,33.26243792,79.61215165,55.79219588,43.13966421,36.13484189,53.91701872,63.80626244,34.80052138,40.7565298,48.54872597,54.48456629,40.92737374,54.09015889,47.29220943,58.40891528,77.58768499,42.09333948,54.85187796,79.0108514
5109,1640,103.9990462,30.65355107,1896,104.0063237,30.65464674,707.8222892,,95.59335019,108.5583372,109.1355952,111.6254182,105.7025418,97.30543658,117.6340098,123.7534189,169.8773494,151.0552091,142.1627861,161.1343205,161.770243,97.07590511,91.10925614,91.20115394,128.803382,139.7017676,97.3008757,92.21327774,110.2684582,133.5093912,119.3182357,109.4459932,87.06214158,100.2495088,81.55562651,100.7936807,94.81259211,119.9300224,82.95283412,122.1163055,129.0976728,103.8435208,120.3855232,146.3166216,130.9771391,94.16704513,104.2090848,124.9480964,122.6500365,96.46352777,131.7105569,112.1110783,88.87715242,103.2061661,106.6175833,98.28969108,83.86974656,146.7452489
5110,1641,104.083667,30.65886582,651,104.0851728,30.65815153,164.5701772,,33.95144057,23.46347081,29.73946551,34.41990634,21.90213079,39.89580053,27.68470271,44.76972076,30.93747457,23.05263183,32.46315824,27.23920174,32.49283207,33.95144057,29.11035782,37.6160405,31.34670042,36.57115049,30.69702787,29.8464805,29.37781675,26.40947866,27.66315819,27.02178508,27.33871046,27.17932392,27.2587842,28.57488608,27.17932392,26.41929266,27.96786647,26.33122835,37.37871533,24.60010954,28.66706312,28.95898842,33.6620817,27.42836287,33.00571799,25.3184888,34.0164194,37.81612582,38.65134437,27.68470271,30.07373797,27.6201696,26.84830685,27.6201696,52.74059093,32.11125409
5111,1641,104.083667,30.65886582,1812,104.0821018,30.65950096,165.6612501,,22.08816668,29.17078535,23.41370445,24.90849345,17.56643595,32.76815936,22.87173539,22.87173539,16.01021477,21.56891502,21.56891502,21.56891502,21.56891502,21.56891502,17.56643595,23.72080213,28.95050973,26.34965392,40.29597975,26.45876222,26.45876222,26.45876222,26.45876222,23.55373224,21.11081417,21.22350535,19.05369011,23.22806233,33.8852557,27.06719367,27.06719367,27.06719367,27.06719367,27.06719367,20.67176778,22.17027882,21.39481616,22.17027882,20.45902231,36.25413376,36.25413376,36.70033848,36.47587158,36.58776076,36.5317305,36.55972416,36.55272172,36.54922151,36.54922151,33.50452249
5112,1642,104.0642488,30.69975695,261,104.0638617,30.69710359,296.400922,,73.21051933,28.45358522,37.20351516,52.05089362,40.09054708,35.74684486,34.0645397,65.11324602,64.96458564,44.43699403,24.97155162,40.52933556,41.60374989,29.39296386,123.3576092,47.63586246,32.56837879,27.1512295,44.97548237,83.36275931,107.7821535,100.6644641,40.30565824,40.75114717,40.52757936,72.19508249,89.91938081,48.64379745,45.88123178,45.94762795,31.01419326,41.11920305,39.47139282,44.2756564,112.914637,39.47139282,45.83043268,45.83043268,45.83043268,38.31394324,92.38470296,40.82476606,40.82476606,40.82476606,68.23618348,40.26578563,102.6003192,89.66750582,33.95523689,32.53800859
5113,1642,104.0642488,30.69975695,914,104.0672903,30.69928595,295.9341185,,53.31794381,55.67613413,43.26346504,74.07998794,57.81636178,69.26936454,40.74045226,46.21964541,43.70719289,48.06690197,36.22912907,50.50309678,48.59123496,42.10920263,41.92278708,53.26814133,41.73801475,46.6650384,56.18261445,49.49420797,48.81038077,57.04038223,47.9739731,76.40967783,62.23190595,46.26927359,57.08989174,65.56051026,52.73384353,53.27738943,65.0404656,51.94358004,67.64208423,43.484197,52.09598174,45.72372646,56.07172772,72.72101205,41.05444418,41.05444418,41.05444418,61.67078591,72.72101205,41.05444418,50.89819416,54.45944162,41.29313281,55.85126221,35.43335343,36.9276543
5114,1642,104.0642488,30.69975695,1373,104.0640751,30.70255712,310.7910098,,24.82191093,33.9044738,31.14831947,31.31103457,35.48142607,69.66672698,34.77922398,40.13803176,41.5928489,26.05000315,46.13804682,37.41965335,33.20022657,55.8899849,53.56541641,32.8411943,24.53613235,41.56194782,33.3586057,29.5939244,31.4835775,38.18592612,41.1441886,35.44395888,34.34389058,40.93844256,71.08072518,57.13264522,37.42859473,44.34006481,59.92808726,57.59833386,39.91133063,32.2434477,40.44027597,34.15025213,45.58750552,59.92368339,34.70371077,21.87385406,56.50810897,26.0045935,34.49241265,33.80204336,49.90255268,35.58172692,35.6320903,41.78702653,36.38528895,42.71090067
5115,1643,104.0666797,30.67646893,785,104.0679123,30.67806439,212.6288749,,31.76198961,23.19587726,21.50179634,31.57854578,21.14541297,20.19693799,23.61501828,26.79570418,42.93123666,30.3020697,31.01555712,29.55459265,31.0743146,31.24342652,21.47163954,21.05815542,26.39530861,23.32715563,23.6072151,19.13659874,19.93395702,43.62083981,36.46616859,23.95818309,42.19369497,69.58763179,21.6691847,37.72528266,27.30549167,31.50057406,21.80808973,56.70103331,29.32812068,41.37642971,30.5574431,38.70867002,35.54786144,24.14712775,25.11776701,70.22605043,30.29540697,37.5687828,28.45590891,37.98828534,41.41373939,38.95490838,28.29811274,20.76303661,21.44156722,19.69039099
5116,1643,104.0666797,30.67646893,1751,104.0653152,30.67506014,203.6268237,,28.88892868,24.21326392,23.05209325,48.22740561,24.31365059,30.32605503,39.14854821,24.74870241,35.13050632,31.32720365,38.36318703,62.83341987,42.25109887,29.30475588,19.70582165,28.79571244,30.39206324,25.81185089,40.57508663,36.77541298,36.77541298,36.77541298,45.95965927,29.97164833,23.23475643,25.29234843,51.26269688,37.98220546,37.98220546,37.98220546,37.98220546,21.62408747,48.01680558,54.30048632,38.58192449,40.32214331,35.2431041,32.43613121,24.89156419,79.68006145,34.25497969,29.82936176,26.3689412,27.8199835,27.8199835,27.8199835,28.11338697,69.48403463,23.05209325,23.05209325
5117,1643,104.0666797,30.67646893,1864,104.0692409,30.67514299,286.001407,,118.3454098,118.3454098,118.3454098,118.3454098,88.75905734,71.00724588,50.97054778,57.2002814,54.76622687,52.53087067,81.07126498,63.75263562,71.37643433,69.30450586,68.31300453,68.80518343,68.55821066,68.681475,68.55821066,41.26673608,68.55821066,99.96165682,81.33393914,89.69081978,85.30820598,87.4446346,85.30820598,85.30820598,41.55822665,55.8896106,49.26340025,52.36773031,49.26340025,60.92337664,60.92337664,60.92337664,73.54321894,66.64110454,69.92224551,68.24225784,69.07203792,68.86270684,68.75851638,68.81057215,68.78453441,68.79755082,68.79429629,68.79266909,68.79348266,68.79266909
5118,1644,104.0753428,30.67410729,1232,104.0744083,30.67271422,178.4685047,,43.19237761,49.8051641,38.12976955,30.81470585,41.6298024,31.38865915,34.44968455,33.41932988,33.41932988,33.9940009,28.61855755,36.53952324,31.3909413,34.3110656,31.83253264,30.00715907,30.53804886,33.80520053,37.90481516,29.22312403,28.31983618,28.17923758,35.31284683,34.96525806,52.519342,36.8187173,30.00715907,33.73370993,34.37097533,30.00715907,31.34081058,31.22234616,33.06593028,31.79095994,41.33962146,33.11786685,37.4627765,35.52665575,32.23177008,31.98207628,35.30146247,23.1944627,40.57810213,63.29917408,34.64747058,35.69370094,31.81414295,29.27046091,31.86381149,32.21530547
5119,1644,104.0753428,30.67410729,1724,104.0738388,30.67497315,173.1105499,,37.74098287,34.00807529,42.39442038,40.16313509,32.10521933,30.92793944,21.81192929,38.99048883,38.07726962,30.15474095,29.22382085,30.06468544,29.17252099,29.12140092,39.90595386,29.2124053,40.20632127,48.06154083,40.42365272,40.64334651,26.09342553,49.07070706,30.10618259,37.31724429,33.32609517,35.2089254,35.2089254,35.2089254,48.06154083,38.99048883,43.68210137,31.47464544,17.55487267,44.83438702,46.50731191,36.1973657,30.35055096,30.18952151,30.35055096,30.35055096,38.46901109,28.78512608,29.54711875,29.16114547,29.54711875,29.35286333,25.85883733,55.51875097,52.96300109,41.60200131
5120,1644,104.0753428,30.67410729,1742,104.0787652,30.67260603,367.6673525,,54.06320715,53.07147029,55.09271463,60.26647554,101.6201512,71.64289413,71.64289413,71.64289413,54.57288963,62.58167702,49.02231367,61.9954318,53.28512355,65.36308489,66.78536583,65.36308489,68.27092039,47.33491172,51.40203763,63.99367297,75.29024283,34.61907068,47.42961546,37.83883559,41.91599933,37.83883559,46.97790484,66.01508574,48.13099887,63.10381259,69.4197099,76.50881324,72.7920698,86.32190017,54.24600283,56.22780242,40.10916573,59.68895012,53.08566053,48.4540257,53.08566053,63.63473409,55.92686488,59.08939594,46.44219189,46.15876091,45.87876842,60.62301386,103.4064429,51.22796203
5121,1645,104.0545982,30.69165952,1068,104.0566467,30.68829729,421.1430197,,65.74652519,87.17858641,68.70611196,141.7757916,145.7802761,84.11178202,68.16187603,67.98721394,48.90693132,96.51659658,81.21318835,94.43524114,64.39072656,97.32053274,99.01158341,114.6400659,91.70049624,67.12716062,44.82894355,43.13271326,56.49898203,74.04712434,56.64190053,144.6674495,72.96029215,64.12139963,127.5577415,101.0743247,122.5968898,105.4688606,77.94935069,65.06930776,120.7097827,63.92315344,55.13144985,53.95426587,70.51697074,73.00713663,69.54655371,108.6042171,97.94023714,87.13303856,95.2149436,177.6697114,77.78937255,48.67142443,75.42860054,57.01466139,80.11175011,50.11949987
5122,1645,104.0545982,30.69165952,1570,104.0515755,30.69104677,297.3743471,,49.54474704,72.29359481,65.16892166,80.89780729,53.67648383,72.99188518,59.14627898,45.26628539,84.62827269,67.97127934,57.3456468,45.74989955,64.73900023,72.55217502,65.2772957,57.01984818,70.24590876,50.9784595,55.46879013,85.64381196,37.431736,50.49753064,83.74557887,48.00662106,66.56254817,88.29258965,46.95384428,53.39389773,122.2086358,69.51608114,138.7318768,82.98818989,69.51608114,58.06360133,69.51608114,65.22757956,118.9497388,80.89780729,69.36593843,70.27665097,99.58582787,59.91871172,42.20292967,39.6376791,80.39156315,28.8946734,70.43076642,51.84250119,78.52427749,51.468637
5123,1646,104.0295853,30.65343078,380,104.0331866,30.6533746,345.1284077,,27.90339923,26.82055624,33.489549,29.46550832,25.17654038,26.76566712,34.75418931,39.1943933,29.78811479,25.87384981,28.23777881,28.20928459,33.58006129,29.11452297,28.23777881,96.1658102,26.76566712,29.25161313,29.30335537,24.48546136,49.02198728,47.98474966,47.21573023,22.5441101,36.83850389,31.90572911,33.71675082,25.37579306,39.88642914,21.85509706,29.55897544,28.22975899,35.14744746,27.85789838,46.40381952,36.32930607,40.49306685,24.5788777,43.88786629,36.71268837,41.76343757,33.01044243,43.21607888,30.60251891,32.88677257,43.14924445,48.25755041,29.69556089,29.22458291,29.46842022
5124,1646,104.0295853,30.65343078,1015,104.0300293,30.65164912,201.99432,,26.06378323,23.20224822,21.90299855,25.515072,24.40199839,21.57802825,19.81415673,32.49964478,20.34068677,21.16971039,38.272608,87.61199422,23.64578531,20.83609032,25.6049138,58.17436416,28.85633143,31.75456559,30.987765,24.34073814,31.47963429,34.30092226,21.24702855,18.78796259,22.94183043,22.75992338,23.86151114,32.76813602,23.4574049,19.73350209,27.01010501,29.2207627,26.63661363,26.84144763,24.92661796,23.99932515,24.30819161,23.63274462,26.03352604,33.35686018,28.2949242,46.91480981,30.5601829,31.28138139,25.22010007,26.3983242,29.18100343,39.68237664,29.56014439,27.88744113
5125,1646,104.0295853,30.65343078,1255,104.0244625,30.65338115,490.8955597,,37.02284948,36.05659811,44.88900498,44.67622727,46.9017081,46.29270504,51.87546032,42.04491006,45.62260042,48.01369357,54.78820576,62.87332291,41.0881746,36.3925868,40.86067087,50.21819727,40.71006715,75.88723628,35.23876401,54.02519068,50.87000619,38.29304474,51.8416432,32.26333208,44.68328736,45.40869928,88.36120075,37.0973291,36.37760426,54.32836234,76.38649441,36.17654074,56.11422571,55.76598343,45.86788322,56.52532834,41.5398526,54.45990801,35.02921734,46.188002,36.54721595,64.13710831,45.443667,37.78811151,57.61121483,42.66080905,59.54469991,74.31555992,53.66482643,35.58536585
5126,1647,104.0697571,30.6627216,292,104.0697966,30.66615043,380.0374362,,109.780122,99.50071057,72.58009392,66.53542956,63.1446817,72.62825589,77.31394983,77.31394983,77.31394983,77.95639717,89.67175459,77.51471787,80.79536047,60.86008765,67.84139356,67.84139356,67.84139356,93.97605751,78.17912973,71.81809818,74.0867204,71.44306895,71.44306895,71.44306895,80.4785159,97.80304964,86.45401392,102.9859966,88.49513391,63.8569321,88.49513391,84.06358036,70.4525013,76.00748724,69.62517915,69.62517915,69.08842747,68.95491965,77.62466782,68.53524209,72.79732732,69.00075473,68.99867,68.99971235,67.89750721,62.85458362,68.99932146,68.99932146,73.72550724,91.20898469
5127,1647,104.0697571,30.6627216,981,104.0684967,30.66259625,121.5546234,,26.60161971,39.96316386,19.9360658,21.24255555,27.93170069,14.8097292,16.2978266,13.96510752,19.80075313,18.04894387,22.22309973,21.20823801,17.80959719,17.33056017,15.24284392,18.71161549,23.78242632,17.58593346,27.22218627,33.40432399,26.68272221,17.33056017,31.035223,30.38865585,19.74491345,18.91389677,16.84319158,16.79833567,26.44088485,24.16617934,28.23204156,68.91285736,54.02427707,17.85653228,17.91593221,18.16800737,26.08623811,15.76924844,13.56888819,16.36895178,18.94016133,40.02408333,17.85761666,15.61915446,18.41865918,20.78432507,16.14003298,18.06936149,14.80561885,16.15741456
5128,1647,104.0697571,30.6627216,1404,104.0719509,30.66243375,212.5972994,,61.4739179,51.59664796,29.68391511,28.80350508,49.37743728,41.19998329,43.12767061,36.25104928,33.86505654,44.49710918,39.393029,55.79094139,56.1381622,44.89798404,42.87676627,62.6053397,67.93049801,121.9681718,71.0301882,59.05480539,35.5150941,81.94328457,34.35144874,38.52434284,46.81041455,46.59666836,42.67256746,79.51691198,41.05818758,49.2979245,41.77410087,38.8540478,36.27252502,38.74435153,35.78411457,31.75727294,51.02335186,41.07425463,56.41402538,38.2183863,38.68665957,40.09397145,36.59474754,63.88566593,39.12006472,48.00673799,41.4001332,37.4606412,41.82241955,49.95758994
5129,1648,104.0267466,30.67975536,1393,104.0286031,30.67985354,178.1734333,,50.30779293,56.12463148,35.05051147,34.67158702,43.37088163,49.42179988,39.51279425,42.33824158,32.89355692,44.85485034,36.96970374,43.43731556,29.97310093,32.1784796,36.83524273,32.89355692,20.91032958,36.4445659,40.85505477,36.4445659,48.59275454,34.48518064,48.66649164,44.08414845,42.42224602,35.2430967,53.45202999,30.50769845,36.54839657,54.72904095,43.82810795,43.82810795,42.06061376,42.70823869,36.22006139,51.66824535,74.2962579,43.26639864,40.21469341,37.59343975,53.58019247,46.89264249,47.60106567,50.81707077,46.18717263,37.56511624,55.63090719,43.99344032,42.66680887,33.75917684
5130,1648,104.0267466,30.67975536,1468,104.0247833,30.67972229,188.1125543,,32.18218852,44.99702296,23.6355931,37.4612195,32.94200148,44.84643515,60.4647496,40.95999167,33.68621434,35.30788298,35.3447388,37.31158102,59.57816967,34.75074768,35.2015869,37.16823246,31.93187395,36.50701862,45.91221664,31.86847979,62.99583214,53.74644409,32.82093032,60.73589197,31.70374464,64.80432493,46.70380658,34.9074843,38.77128981,35.517755,35.51620273,52.70079342,35.51620273,56.16630767,26.98028667,45.7571078,44.87013582,48.89568198,51.69505309,39.95556437,47.60669213,50.33743701,53.74644409,47.02813858,31.73779475,63.88728259,34.88725329,36.50701862,42.81592384,65.74807723
5131,1649,104.0455126,30.6751396,847,104.0418638,30.6770055,406.13416,,48.82910703,31.28565569,44.22513539,60.49998521,41.14976984,42.30258158,43.1575821,49.35301185,66.15760072,51.90827133,63.29363532,113.3397656,52.29195193,74.72315038,52.09321767,46.20346484,62.21629685,70.63202783,160.6684589,69.23834139,45.10281674,49.01384432,59.1039101,67.554989,51.98517248,54.21815732,48.00869474,42.50241209,49.69690605,60.70332639,68.84808533,54.12258505,64.55112477,73.37932125,69.62299886,48.41334358,53.88512197,47.47022649,66.51878872,39.60333104,64.26738356,37.92692545,48.68200809,50.09584352,58.38989521,68.43792655,45.83332213,52.10095237,95.56097882,52.71933808
5132,1649,104.0455126,30.6751396,1423,104.0494476,30.6731609,436.1160175,,44.30072413,29.70143138,58.93459696,44.96041418,33.44732985,34.04447408,61.4247912,40.80617708,52.19721511,46.28837923,46.72671616,73.14253911,48.92926102,77.91650933,32.60680505,48.49059357,50.08030823,86.54208522,33.36590861,49.881419,36.09236007,142.7288785,44.00273719,62.60038529,47.34911274,38.04127256,42.41380449,39.46184431,48.60735799,69.32157682,45.71979217,52.91345037,70.89894114,55.09639409,63.51204138,65.05598052,37.38137293,45.5407589,52.96657845,42.49032917,63.56346814,55.773274,41.89506773,46.24499744,39.22864788,50.62531763,72.9517719,73.05239222,39.51718256,50.37489827
5133,1649,104.0455126,30.6751396,1634,104.0467099,30.67706348,242.1193503,,27.88322652,31.99479616,37.47793383,40.26003053,34.72628132,36.05500149,31.93757536,29.48014637,33.14181221,36.49167241,23.94586981,41.22572722,31.24120649,44.7371939,47.45715032,47.1661072,20.46079017,50.67614309,31.94733028,36.35156139,26.03369075,36.40892486,35.9682116,39.36900005,38.85241559,33.45987183,36.82942229,40.92158033,39.86111254,52.50781091,44.27012951,47.52183522,28.80891277,58.49863497,24.97506192,30.58349688,38.1735618,23.135492,30.69118525,29.64726738,35.1936606,37.32889341,43.09664579,34.42455218,38.86865824,30.60497405,39.22725747,32.25271641,42.85298235,27.26682985
5134,1649,104.0455126,30.6751396,1851,104.0460036,30.6710722,453.2407947,,52.67689624,59.02670815,56.99435143,65.5287896,68.02661122,59.62241878,67.81657776,77.2082111,79.98366965,103.2700545,66.13588898,62.75641773,78.68872218,97.12302744,66.05938708,89.81652444,81.78781258,55.8312014,88.83848606,76.60407798,62.2773611,130.5333489,100.7201766,88.13865555,94.01033408,177.83835,82.61604359,69.22223047,78.44552216,69.65493536,74.74913629,63.36570334,96.71183766,77.88385971,69.60187707,70.51282891,78.82448603,77.14736931,104.5940295,110.9977456,115.0681848,91.8214328,89.16212355,90.47224069,71.56433601,101.8427822,76.42467733,112.3737508,125.2295108,74.45676681
5135,1650,104.0791422,30.6290397,761,104.0776053,30.62618671,348.821482,,65.5281342,56.75739368,62.69643445,75.64803224,59.70320137,57.31434665,60.95909394,85.42566906,63.83661109,62.01270791,77.30380315,73.09414058,72.5871292,90.99690835,70.84667617,84.94412641,93.22623127,72.64711855,61.52035851,82.15825547,83.33834501,89.27184845,90.7339115,97.13040161,135.0276705,52.76291324,59.51456565,114.1597577,122.7124432,73.15091272,75.37559035,70.06508085,56.4500641,70.15404107,72.28866239,95.13313145,67.63504497,52.76291324,88.88070117,124.5379176,167.8072163,104.0682874,118.0963012,102.5869342,115.4563261,82.77899375,116.8146358,89.79315947,91.27248956,100.0603454
5136,1651,104.0353401,30.68296342,1594,104.0343495,30.68190113,151.2145152,,35.42552633,28.10872227,26.67070718,31.42119796,30.5752235,42.96060635,19.23576872,37.62400033,21.99483857,32.79350932,34.59542095,21.43197853,32.04284037,38.74535621,25.26089349,27.14396683,26.50772378,28.72676806,36.0511427,27.70342263,27.63310938,42.36359959,27.70342263,27.70342263,27.93980906,32.21137602,27.70342263,30.16061961,31.37907699,36.29148365,33.46550746,32.99225786,30.31106284,56.31437118,35.29155622,78.89452967,25.53116247,27.5399117,56.41163261,40.22455085,57.3023426,29.46586996,53.89824304,38.06798984,48.28135297,45.89985284,56.55815633,38.24629425,37.90893139,34.79250649
5137,1651,104.0353401,30.68296342,1624,104.0361049,30.68381535,119.5049221,,14.68319862,24.79641035,15.67277667,15.96355175,17.39131762,26.88860747,15.08212864,28.93841162,16.90442906,15.41998995,27.36753941,40.58657732,25.59629455,36.00148281,36.00148281,36.66302803,36.66302803,17.48852519,42.1782078,32.00503784,32.00503784,50.61384936,38.93373028,34.05417306,26.7031688,30.45789165,26.17957726,20.10363176,14.34059065,44.04959586,19.03618228,19.03618228,17.48852519,19.03618228,19.03618228,19.03618228,19.03618228,43.67692584,23.40285221,23.43870024,25.83890208,23.70345562,16.17359848,25.15893097,25.15893097,22.31998545,22.8232212,26.44781062,37.24828741,33.35021082
5138,1651,104.0353401,30.68296342,1663,104.0337984,30.68400663,187.5564271,,33.92980591,31.47800175,31.47800175,31.47800175,54.16067947,54.16067947,54.16067947,54.16067947,54.16067947,54.16067947,54.16067947,54.16067947,54.16067947,54.16067947,54.16067947,54.16067947,54.16067947,54.16067947,54.16067947,54.16067947,54.16067947,54.16067947,54.16067947,81.34977561,65.02758951,72.27865879,68.4616616,70.3184001,69.37761019,69.84483725,69.61043972,69.72744149,69.66889148,69.69815419,69.68351977,69.69083621,69.6871778,69.68900695,69.68809237,69.68854966,69.68832101,69.68837817,69.68840675,69.68839246,69.68839961,69.68839604,69.68839604,47.71753622,56.64719827,54.1154624
5139,1652,104.0600469,30.66597437,776,104.0599328,30.66775043,197.1452485,,24.15255724,27.26208302,67.11327609,20.03048185,18.7316893,25.23459181,22.46007885,19.33849849,22.20362129,27.66950856,24.25711973,22.74752867,22.56670571,26.90892491,24.34726911,23.15362411,25.48376641,24.34726911,25.23459181,21.28104631,15.73664955,35.66446707,24.31807074,24.11972454,24.43809106,16.03289671,24.36816805,28.89947315,22.49517891,23.17462513,27.20429251,25.16004353,25.76126659,24.34726911,24.34726911,28.38891578,23.53322668,19.6463085,24.02989316,23.6102094,37.95309597,21.66265989,35.22197988,26.10475015,25.55833066,27.97282009,35.99713531,28.08249481,32.43506735,29.44256359
5140,1652,104.0600469,30.66597437,1484,104.0580837,30.66598975,188.0975574,,52.4923416,21.64190646,18.47735881,18.28829438,21.42883565,22.51809238,24.32478029,22.6566694,19.41147683,20.35644653,18.77151747,21.09342749,23.02272344,21.99971432,18.76577346,20.63834471,20.2624328,18.14121825,42.32195042,20.27567138,18.87987987,16.87454057,17.14740964,20.08409761,20.5543368,19.97373436,17.73069096,19.67776376,17.69558902,21.25229366,21.95487933,24.47109392,19.99777194,20.73743168,21.97582662,22.67663386,14.74953619,26.42637704,20.55404597,23.91039496,22.81506761,20.00446696,22.62267847,18.53605089,22.86135529,24.85870803,21.99563084,21.99563084,22.3271712,16.96058126
5141,1652,104.0600469,30.66597437,1839,104.0600977,30.66238447,397.9002526,,41.12270554,41.12270554,41.12270554,41.12270554,41.12270554,46.50782173,43.64979916,45.03351039,44.67942273,44.50445882,44.59176915,44.5480712,44.56990946,44.5644479,44.56171761,44.56308271,44.56240015,44.56274142,44.56257079,44.56261345,44.56263477,44.56263477,44.56263477,45.69189504,45.12020028,45.40424815,45.26177858,45.33290142,45.29731209,45.31509976,45.30620417,45.31065153,45.30842774,45.30953961,45.30898367,45.30926164,45.30912266,45.30919215,45.3091574,45.30917478,45.30916608,45.30916826,45.30916935,45.3091688,45.30916908,45.30916893,45.30916898,45.30916899,45.30916898,45.30916899
5142,1653,104.1140751,30.65030184,10,104.1181679,30.65058201,393.3975505,,65.22975571,75.56111489,57.38375939,93.50434413,48.00783667,73.28492532,81.04831348,117.5038972,60.84774143,67.52727786,78.92309993,73.8389563,85.57288108,123.1505375,55.59298064,67.7622575,81.0598387,55.53847772,95.96919914,132.181577,168.5989502,145.7300561,109.8402968,83.80066164,62.48735124,121.3645706,93.21398741,81.9533062,82.0211109,79.67545327,90.81829531,83.67687928,76.18534697,73.44327651,117.1649375,89.86909328,75.5323297,109.060707,75.03643674,88.29764663,105.9524575,78.53407664,98.60617454,65.31163216,61.57526877,105.3395094,70.50310799,66.00047204,63.60319678,65.43582434
5143,1653,104.1140751,30.65030184,642,104.1133584,30.64805452,258.3630147,,24.45810657,28.31375504,21.68081242,27.31591345,30.69659581,24.04153416,29.86855661,30.61576211,37.05604992,31.99908897,27.31591345,30.45899191,28.81818289,25.95647032,29.66848016,27.13942464,30.32957129,27.68175158,29.50044391,39.5229541,30.03978532,27.33196747,24.2531122,34.2959754,23.48754679,29.7158739,23.23331023,26.23714677,32.12299963,26.4610769,28.76619133,30.77785748,34.54435851,33.57786473,49.01748895,24.98608067,29.06583915,30.52867132,30.764284,23.47272815,28.08576304,18.73326995,40.03329353,23.64106017,28.6186724,23.38420749,28.39154008,28.87715321,24.08043632,25.37808603
5144,1653,104.1140751,30.65030184,1602,104.1149881,30.65323511,336.6565142,,67.58160509,63.15599016,53.17749487,41.22324664,56.16142035,47.29283902,102.8540411,64.8542315,45.32116364,57.938079,54.96432885,100.9969543,83.29645712,80.79756341,55.38646049,86.05657643,65.36012449,54.77800909,57.66150185,47.09702531,57.23038453,50.35859214,98.93579193,58.52539805,64.94110924,41.16723679,48.24695267,67.96056737,69.92096835,75.04417654,77.19512428,67.58160509,118.2403367,52.69406309,67.11822909,74.35358596,51.90421632,47.74642618,53.94496072,69.88257133,54.05523663,119.5230228,124.6875979,60.90268599,54.93941302,77.19512428,60.19686016,46.79395564,47.00189517,59.92402725
5145,1654,104.045209,30.71599628,21,104.040111,30.71551717,491.0600093,,83.65060097,76.08184588,69.41037057,62.38171219,51.98184858,57.61486259,56.29987368,78.67450082,83.59456359,76.07940971,83.94506519,92.73637001,87.49083087,42.09085794,74.2779846,70.5634291,73.76765981,66.96272854,96.73411948,58.92720112,93.16553536,86.32089848,61.27611901,96.55432961,77.19896249,83.54970146,83.79757102,83.67345265,139.1981129,54.94377726,83.71995393,83.71220014,83.71607686,83.71413845,83.71510764,83.71462304,77.25343192,83.71474419,83.71480477,83.71477448,83.71477448,81.0924786,82.38276449,59.40242048,75.65714722,74.48682704,85.22634345,85.24826891,72.57044472,71.74791598
5146,1654,104.045209,30.71599628,557,104.0456126,30.71340305,289.9981091,,31.73231589,111.0631056,32.89894515,43.9267823,35.98231695,53.53811245,34.22928501,39.39596954,74.89190766,56.33056796,42.02589169,39.68927075,35.47226818,56.5849969,55.1210767,44.61509371,39.99973919,48.89897858,107.0762249,43.43938389,42.9313971,51.23892971,66.35549955,48.5837154,46.71613982,46.71613982,47.61250761,41.74511692,79.45153674,51.46270092,43.25191891,82.04268705,43.49971637,44.7585506,45.89989856,45.44040012,46.19438906,45.81429261,35.5401938,39.97580731,40.97354776,88.17510074,132.1510371,45.96302332,64.34472683,56.50842721,103.707933,109.3186589,44.16434859,45.46163867
5147,1654,104.045209,30.71599628,1447,104.0486006,30.71633647,326.9525347,,43.59367129,45.40131629,37.05927751,35.82457253,45.783953,32.10079431,37.81923447,76.5962554,43.52381826,35.99821466,42.89415891,52.06941495,40.49644331,43.06204116,43.0842072,38.54372902,57.18360122,49.73362499,58.21473261,51.50924292,51.81108534,53.1978042,52.49528845,52.84421159,49.63272659,52.66917213,53.67976396,43.9764291,61.62456151,52.61641149,53.56218998,53.56218998,53.56218998,53.56218998,53.56218998,53.56218998,47.36535714,66.05101711,40.06907659,47.20705047,48.39592085,49.21547615,49.21547615,46.05415729,50.54037273,47.2228335,52.31498901,90.19380268,45.44708964,53.25923642
5148,1654,104.045209,30.71599628,1486,104.0429071,30.71895045,394.6998468,,57.38769986,60.55054467,57.38769986,51.48258871,33.27680207,51.48258871,53.51862329,66.08927667,74.56720136,67.34215396,49.45195297,80.31574837,53.61960183,64.85255356,55.83180544,65.3038273,64.58724766,58.63649065,63.40101159,63.55533393,63.7104094,63.7104094,54.16465497,64.73437123,62.87254197,105.2532925,66.42720823,67.70004421,67.80113473,66.50169025,74.19944901,46.5875229,88.80746553,69.78386596,75.78237059,67.98657648,67.76753608,71.28358438,91.37745649,50.74712316,65.58089761,65.58089761,88.80746553,47.52238958,73.84139674,97.76968684,63.50477982,72.49589023,64.94186858,60.65824753
5149,1655,104.0629728,30.66960555,760,104.0597426,30.66945889,309.8837454,,83.35602618,88.93032201,37.61795935,65.68683908,58.86973527,31.24878105,44.41330553,57.07921179,45.93233076,47.91330638,60.04206047,55.39133483,42.32975619,44.34242399,41.28597626,49.69182554,59.97749911,201.6111115,61.12775252,46.35380124,48.57393977,41.97860709,52.78776736,42.97782269,53.22430742,40.34652743,47.60045119,25.82364545,51.9842257,54.83197639,41.47143061,45.80099931,49.8027448,49.77100309,60.36102469,27.61340306,34.67230718,41.87618181,54.15444094,78.36498125,40.12883034,53.08681431,80.83923793,45.05124618,48.45087876,48.398329,86.47918476,59.32087964,52.99674506,51.00633824
5150,1655,104.0629728,30.66960555,1043,104.0657402,30.66947157,265.5468273,,36.14247933,29.65776355,33.04990763,34.69940393,28.94328962,33.59678705,38.98055491,32.85585834,33.57220644,35.83762243,23.60416243,57.02632518,38.31537388,38.31537388,49.72528366,42.3619754,32.02574802,50.61860852,35.35635812,50.0507109,58.48499525,30.49341558,60.56823095,70.99655242,47.63963014,45.6091879,36.07428597,48.29343664,44.20663946,43.49265597,32.65477637,71.6081332,39.58462022,39.25948987,45.02206806,43.81826943,40.01263669,45.02206806,49.53205069,33.58334519,63.85286306,34.55308114,34.55308114,38.34739408,39.06230676,33.48890072,40.75176888,47.23164912,47.30176043,43.44653439
5151,1655,104.0629728,30.66960555,1496,104.0630465,30.66775544,205.1709611,,20.72821684,26.85945176,25.53553881,26.80999855,27.62778965,31.55071823,23.46171706,29.65659105,28.55472139,33.64990706,26.66481805,29.56840168,41.61213859,39.94135244,38.1713416,16.26906299,40.81124192,47.71931475,28.19142977,45.55945828,36.33385959,37.95557348,59.35302805,35.68190628,33.21575514,30.505543,33.44989346,53.36174303,24.86920741,33.59772587,15.61554884,30.48455896,33.27096666,57.56214689,38.67096649,28.8521664,17.19710035,35.75026931,36.7513912,36.94972157,24.99544704,22.04822269,32.01924893,27.50163946,36.20664019,19.93563994,31.90563542,54.03844361,40.10581682,44.11525785
5152,1655,104.0629728,30.66960555,1711,104.0632252,30.67144791,205.6161214,,35.64789414,19.47088217,25.71477051,33.72291741,23.73761744,29.30589392,25.62920494,26.55490716,25.99536566,35.24847795,21.97424198,31.73496407,24.67393457,34.89537004,36.53739335,39.92187165,38.34158023,17.41689499,16.99046757,23.80122306,36.70502662,43.56359217,65.50602098,41.41079927,49.67906289,23.35891421,33.1342004,43.124423,55.24015202,40.08400922,38.36495923,32.63268349,37.47939428,33.90311621,25.9270766,17.78515226,22.67874498,39.37329984,20.15373885,25.38097605,17.11091163,33.43351567,34.26935357,34.26935357,46.70145344,38.9144679,35.19261666,22.18435675,36.18087012,28.41527973
5153,1656,104.0896351,30.66368435,357,104.0901728,30.66338933,61.01116025,,8.54215564,8.475770574,9.010879052,7.765710439,11.17287886,8.889315761,9.983644405,12.79634822,9.159094599,8.067591438,10.87327608,8.705085039,11.13276504,7.745172269,12.27040094,7.69532013,10.9780881,11.9629726,10.94552376,10.19211958,13.13395722,8.24165767,9.783526811,10.04452028,8.11603425,9.245574403,17.82070401,10.9795135,10.58053627,8.033167091,11.96609556,10.12750095,8.785607076,12.97726304,14.91614105,13.07382005,6.479061265,10.13723893,9.893701662,8.568537461,11.82677876,9.810839839,12.8070074,12.92001041,11.17761715,14.09078922,9.830599839,7.887721452,9.23828294,9.184475738
5154,1656,104.0896351,30.66368435,369,104.0892991,30.66187992,202.5600685,,27.00800913,26.95808675,26.31531757,21.5664694,22.71701703,25.70805942,27.32938243,30.768618,65.69515735,37.98001284,41.9886996,24.84023833,35.227838,51.3532568,42.30406072,26.73120905,29.8117315,19.70854721,30.53243182,33.66260804,26.51695442,31.56780288,53.22746326,24.76116287,34.85772029,24.02689445,22.93132851,30.04754042,26.0458598,29.35025456,29.83528194,31.41819244,35.51377825,26.85879361,26.13678303,24.99455858,21.51080373,31.98316871,35.57152422,35.57152422,35.57152422,35.57152422,35.14295164,38.78809822,37.11024156,20.86455641,39.20517455,31.11875875,39.71766049,25.51937871
5155,1656,104.0896351,30.66368435,1692,104.091162,30.66894156,600.736249,,104.6022006,104.6022006,94.92247974,157.8577005,84.00973072,121.1568906,119.1542973,230.8879533,97.63659126,119.1542973,125.9447045,119.1542973,91.76734778,110.9051537,110.9051537,110.9051537,55.45257683,92.35518133,92.35518133,111.8061557,98.30229529,98.30229529,90.11043735,98.30229529,101.9316809,109.5937752,105.8393392,105.8393392,105.8393392,101.7717881,105.8393392,133.2912479,117.9895701,79.36332097,182.1179365,78.78508184,105.7530805,86.36783133,86.33335315,145.878617,71.96840254,167.0000383,113.9236434,120.5378818,127.967485,100.1227082,120.8184635,120.8184635,82.86017228,79.36332097
5156,1656,104.0896351,30.66368435,1880,104.0867203,30.66501226,315.6747602,,30.14400893,30.14400893,30.14400893,30.14400893,33.06777313,21.14286766,25.79373868,23.23787959,23.8281527,24.1346792,24.1346792,24.1346792,40.1565066,34.44064389,32.15236579,33.25718977,32.69544707,33.25718977,35.14497532,49.3027825,23.31933933,49.3027825,57.17882449,52.94952297,52.94952297,52.4455327,32.66774378,51.95104625,40.11221308,40.11221308,40.1107383,40.10926365,23.02794603,36.77764197,26.03503177,36.77764197,30.4877032,36.89704989,19.59360581,29.64082255,36.4824763,18.62998585,39.59683403,17.70138842,29.92571789,46.33757948,21.24166611,24.0514103,24.0514103,21.66690442
5157,1657,104.0049356,30.69715369,1258,104.0039401,30.69501619,255.3728071,,24.61424647,24.61424647,29.72011117,25.65605876,20.85621837,28.16611843,30.35245396,28.11443748,31.06541434,37.9893432,20.02923977,34.75773556,36.30400121,36.30400121,21.9675533,42.80987686,24.1455576,35.12290757,31.16413917,36.12346191,25.41374169,22.20633105,25.549109,19.08338569,36.39382369,28.85568442,40.32202217,28.85568442,21.59347283,34.92656774,26.64759726,25.89696072,37.1076531,24.83366033,22.3956664,36.83393402,26.30449515,17.59506422,32.7459343,32.99444545,33.54243012,23.39292889,34.10958361,25.71586309,32.6324858,19.53968343,23.60313493,34.08284371,35.46844543,35.58671887
5158,1657,104.0049356,30.69715369,1278,104.0070896,30.69981339,359.7984005,,51.68692106,50.45867713,46.80868186,42.5261037,44.2551418,41.35553779,52.83260978,41.27039592,45.2713215,85.49664962,38.32172313,47.66418553,62.20313422,52.88992412,56.66331046,54.40043015,105.3068489,44.98890249,69.26600224,97.14556816,46.42262883,43.48077741,54.92814171,48.52029817,47.74471172,48.28222851,41.86406729,61.30669563,74.87134346,58.78067871,55.2524052,58.36211734,56.06489346,52.01904586,52.01904586,52.01904586,52.01904586,42.12273957,52.06086181,48.69452037,52.01904586,52.01904586,52.01904586,99.82845794,52.01904586,59.28028567,52.01904586,52.01904586,43.83330768,46.01329456
5159,1657,104.0049356,30.69715369,1567,104.0087919,30.69447168,474.1074256,,57.14687719,70.52837736,49.61589338,63.6860721,52.33535399,48.55723278,66.09048334,50.47531528,57.67389169,57.61305425,58.4916632,62.61139883,67.39948841,60.38160608,49.50077529,60.88418784,59.62573737,70.757721,77.23016888,68.19353382,60.15107426,62.98106023,58.76184418,61.01114324,59.2634282,52.63798711,51.20360197,64.13411923,64.13008434,73.14800282,66.44702386,71.24333407,66.44702386,70.09391097,74.21182151,73.25264945,74.21182151,74.6952618,82.98800965,67.09067343,58.8547149,67.30989929,60.02766937,65.53761452,56.64213164,58.13306308,65.00275911,56.5825344,56.57658157,56.57806966
5160,1658,104.0289627,30.62488198,695,104.0302157,30.62701444,265.1027488,,50.62970269,58.07524721,33.63418135,48.20049978,36.39854675,30.87038727,41.40433387,29.00330596,31.46274382,35.37979224,36.33387927,26.61059259,35.08712852,36.4541595,33.81891905,39.76541232,28.42501551,33.54551479,33.66087279,36.48202965,30.11620209,31.61116788,36.96242818,40.14777206,28.78943878,32.25974175,30.42424265,29.82405924,50.67450774,35.19446458,42.97203787,40.17191382,27.66289553,35.03346664,26.00462931,41.3147141,22.72309275,36.75758665,27.62286239,29.93319067,27.8377218,27.8377218,49.53476966,30.1129851,33.75966468,36.67832036,32.31500776,42.89302902,40.18399561,32.68390054
5161,1658,104.0289627,30.62488198,1901,104.0256858,30.62647154,360.1234879,,74.83085463,74.83085463,74.83085463,74.83085463,74.83085463,74.83085463,55.40361352,63.66824095,61.37923629,60.29536488,60.83247305,60.56272812,60.69730089,60.66360168,60.64676608,60.65518271,60.65097412,60.65307833,60.65202619,60.65228923,60.65242075,60.652355,60.65242075,60.65242075,84.91994909,70.76343523,84.91994909,84.91994909,86.14249544,85.52685366,85.83357061,85.67993764,85.67993764,85.67993764,48.92243609,62.28227865,54.79984916,58.30197211,56.49669017,57.38513654,56.93744775,57.16041557,57.16041557,75.81547114,65.17939372,70.09626127,68.79878632,68.16789577,68.48188807,68.40311914
5162,1659,104.0880259,30.66262974,369,104.0892991,30.66187992,147.6014535,,18.26651233,22.38741237,18.90325448,18.55865531,21.06502409,21.06502409,21.06502409,22.56327952,30.97210828,28.72082784,30.1912064,28.72082784,28.72082784,28.72082784,33.63071092,29.03635151,28.56802326,28.94146147,26.47999498,54.77992089,42.20115021,21.22065625,31.97493194,31.07399021,25.42417381,36.81514314,38.02255689,34.4838794,47.69885391,25.14346527,49.35280797,28.36469214,25.83623497,33.07252484,27.53187734,30.6556865,36.39487895,24.52454919,31.04373315,31.44172974,31.44172974,23.89948573,38.96353676,36.08592412,37.46956246,34.08918894,26.34868922,26.3323675,30.08863152,27.69931708
5163,1659,104.0880259,30.66262974,1443,104.0867086,30.66062918,255.1288461,,49.9617686,43.78850279,38.47256741,31.91881307,33.23252269,53.30060706,46.97023716,38.75374877,40.39423182,43.63248674,48.12280554,43.40908292,52.01523548,47.35570229,42.38248857,49.86569914,64.43476264,42.97912241,44.05102379,44.05102379,38.32171989,43.36467639,43.36467639,47.65052379,42.19831212,43.77806701,44.80311444,45.6947187,42.71924865,42.17974034,44.06808653,35.53051628,37.8357918,41.93101065,43.53339054,35.69497168,39.46138973,42.95650843,44.87151614,44.05102379,42.29449785,89.17124718,41.74835663,41.74835663,44.20245391,44.20245391,51.19464043,153.0773077,75.2839218,54.02728506
5164,1659,104.0880259,30.66262974,1750,104.0861632,30.66401786,235.6236818,,35.73439724,37.6433241,36.94045746,39.30169715,37.12233061,50.93418927,115.4075176,115.4075176,115.4075176,115.4075176,115.4075176,115.4075176,115.4075176,115.4075176,115.4075176,115.4075176,115.4075176,115.4075176,115.4075176,106.0306568,110.5205543,108.2290596,108.2290596,108.2290596,85.25077934,95.37543269,85.25077934,85.25077934,61.46704743,71.43117932,66.07557971,68.64908483,68.64908483,68.64908483,90.23885686,77.9771564,82.75563458,82.75563458,82.75563458,82.75563458,82.75563458,94.51200607,101.7385613,97.99223156,97.99223156,97.99223156,88.7924375,84.81127369,86.75620661,86.26165815
5165,1660,104.0160533,30.68223444,858,104.0177605,30.68169041,174.2971345,,21.93949945,14.1961467,48.26689878,20.40551819,26.19134042,35.25110585,29.41723789,27.41538762,30.65812789,23.47143457,34.47635627,23.93399939,24.76854017,24.51053454,38.61351903,43.09544534,28.02455043,16.53411553,28.45667502,31.85125301,32.17793252,29.25266593,29.41264145,21.80228229,35.0541723,22.74470989,25.92849935,31.32128208,23.66693764,30.90983666,23.3694482,20.55031717,40.22241565,22.329882,42.07676005,18.34706679,36.26992394,28.02991569,21.16255259,35.45026464,35.45026464,28.69525994,36.52326451,23.58908587,22.62899428,21.71175378,32.46932389,27.08502234,27.82570662,21.40491126
5166,1660,104.0160533,30.68223444,900,104.0174622,30.68377642,217.7667406,,36.56531092,25.24831775,25.57782271,35.27380275,29.36868241,28.62474728,39.19801331,32.35049242,32.35049242,28.2508204,37.26173393,52.14813302,35.06531541,30.32728302,41.6492449,35.26553843,32.46002267,32.05937553,32.25845515,32.05937553,31.30831734,28.46707507,30.93204782,28.53919862,27.71666466,38.57360311,31.58741944,35.63455755,41.0988344,32.50188609,55.36659168,39.74526344,40.98326936,48.09572185,36.79517676,31.38351746,33.41214375,35.23416927,35.23416927,35.23416927,29.96790008,35.23416927,35.23416927,36.35055329,35.23416927,35.23416927,33.34227607,28.48175354,40.20309057,36.45267149
5167,1660,104.0160533,30.68223444,1520,104.0139132,30.67782934,529.519934,,69.31897318,61.39361554,62.19483727,62.4597563,77.31611473,78.1258919,78.1258919,78.1258919,78.1258919,78.1258919,90.77484583,99.97928822,72.75846421,78.1258919,105.0287472,84.53533314,82.28511203,63.80825983,74.17399854,69.57196213,95.55246929,69.57196213,78.1258919,104.7576318,95.15499648,104.7445625,86.45223412,86.45223412,87.65268104,75.49591138,69.57196213,75.64570486,85.02550234,108.1061491,77.02108131,77.33354006,86.78020161,92.71248777,231.0632439,155.6140214,72.86971569,84.05078317,81.90211654,81.81423873,125.7435199,137.802778,68.14197542,69.87479541,69.93086828,79.22168363
5168,1660,104.0160533,30.68223444,1573,104.0143304,30.68271515,173.424408,,25.00645669,18.25520084,20.36958789,19.81993234,23.38854109,15.80576883,18.37609621,16.6044646,25.58720774,25.58720774,15.80576883,29.80085293,27.74790528,23.295816,20.25394546,26.49948509,18.56737156,30.60430729,23.24012749,32.14870591,21.16365657,26.7951875,28.75099557,26.7951875,29.80085293,34.30515562,30.90732024,19.72599901,28.31418906,17.2944008,30.54441628,29.96773771,25.9057207,34.30375135,32.43261656,26.51073753,29.96773771,29.24252313,32.85936152,22.49830158,28.18635977,18.29532216,20.06194951,28.94874198,26.45457071,20.04262821,17.08926648,29.58899852,19.81993234,25.94609325
5169,1661,104.0252664,30.64770209,1379,104.0243652,30.64894136,162.243029,,20.28037863,24.65751575,24.46387034,27.16627462,24.77627627,21.83967859,27.76312022,21.79129875,28.91459923,30.74078444,23.87877778,31.74320133,20.37470597,21.61239239,44.02574655,25.83269239,21.45756445,19.7991493,20.12456714,23.72479937,34.03479534,26.2505575,30.87896288,28.15242799,35.71504422,34.27334402,33.25693406,27.68127509,32.47867866,54.58643966,30.91303711,60.52589683,36.55356733,37.20987652,34.45882052,38.94238346,43.91540635,39.53129641,38.55279897,37.32107107,27.29321983,31.35371419,39.46452057,36.44773194,32.4486058,28.83996834,41.71963603,24.13532663,28.67219801,25.90132614
5170,1661,104.0252664,30.64770209,1619,104.0275827,30.648147,227.3709787,,33.9641296,31.00513346,29.55001889,32.09943229,32.41724845,32.1309332,48.72235258,36.62351335,33.9230747,43.08081702,37.89516312,58.6763816,36.9541997,37.72053103,57.14035067,31.42170915,45.96669605,42.32110544,38.24932352,34.04653823,34.53736385,60.18643554,37.98308693,43.87623412,73.57622682,39.92856211,42.96774401,44.1655858,36.05883363,56.15271696,27.13377425,44.4051821,81.85355233,35.16801389,48.95547388,52.80874344,84.60315487,34.83129886,49.87269572,35.32865618,32.26815466,50.01235376,47.3141921,51.64261977,42.52132589,49.30936887,36.98202666,43.35176555,39.25829848,52.30258935
5171,1661,104.0252664,30.64770209,1753,104.0282073,30.64453875,449.8220414,,81.37484166,146.7697296,71.47122803,63.71667712,63.5042882,73.27417869,71.10249612,76.56545386,61.44679376,110.1604999,87.74373352,63.62905104,89.22090077,86.9454684,84.78321199,121.0119079,84.78321199,79.7713965,84.78321199,93.24526,91.31725654,109.7044346,65.42866057,87.97412938,73.42923289,139.5999439,95.30739883,95.30739883,95.30739883,106.1874983,75.52982038,119.363097,112.6510852,145.8882296,106.7650799,101.4636184,100.7377511,134.386668,108.3183511,81.86852119,83.58964262,83.58964262,82.02254302,83.96678104,58.28527952,229.6963616,222.5923504,215.9145799,93.93641083,60.02567603
5172,1661,104.0252664,30.64770209,1775,104.0238047,30.64667783,180.2972627,,50.60975795,44.15443168,46.80794319,64.90701457,46.36215327,30.27379411,27.28823435,20.93774664,31.66195833,26.93237119,25.38735902,26.93237119,26.93237119,32.39277084,36.04693624,34.12230107,36.04693624,35.05822375,40.91392185,36.46461493,38.4824197,21.67179118,37.27610313,52.98531802,30.70341276,21.88579489,37.08972261,36.02609504,29.7738599,36.02609504,51.51350363,34.45475427,28.06789819,33.01475817,35.03077116,28.13887915,28.13887915,27.35806726,29.86519076,33.80573676,31.81716401,47.83396765,27.97716145,30.52053976,37.51850553,22.98174517,49.73717592,23.95092789,37.73663638,41.82153001
5173,1662,104.1355886,30.62881312,445,104.1365745,30.63082945,242.6223644,,130.3642555,37.4331648,21.23437225,24.25381498,24.26223644,74.6530352,24.90461745,24.92576966,22.39180949,21.15892713,27.77278816,26.92583752,100.9757817,23.0459238,45.72986973,28.11975222,102.7577073,23.58100734,38.99287999,26.12484084,88.22631433,26.98927808,28.28702629,29.19810689,26.29321907,25.94184176,25.96305707,18.68988257,26.87509267,28.50654412,31.25010776,28.52050651,24.26223644,31.72662195,33.00153067,119.6493852,118.0325016,30.62464907,36.10501599,74.02038236,26.26775899,26.64959609,26.9007124,34.07717188,30.9730678,31.28302686,28.13768092,21.46045484,22.48881306,95.98247383
5174,1662,104.1355886,30.62881312,799,104.1344607,30.62917938,115.4691097,,16.59436307,21.26285396,17.26282371,17.59156982,26.03478882,16.25371632,15.28267628,17.03642602,14.71464761,13.62914082,14.40030467,13.87942554,14.38369533,16.10091762,26.99277889,18.76698848,10.59881394,17.61393199,17.03642602,17.33481213,19.88941602,15.33906992,14.09114559,17.84072081,17.61393199,16.59436307,24.70661485,17.87908795,12.92966703,14.85929562,14.67568561,17.42929958,16.59436307,17.32036646,28.37466177,21.16233865,17.17722293,20.37690171,14.30644316,17.5272858,21.68811104,8.633204464,19.74768622,18.47505755,18.05380217,15.0885225,18.27203494,19.84194725,15.4818918,12.01702129
5175,1662,104.1355886,30.62881312,1638,104.1352029,30.62718758,183.9086609,,37.83263881,25.83692407,37.83263881,21.54536719,21.49581751,29.46904358,20.39813274,25.29402786,21.97730369,21.61276973,24.66052976,27.70172298,24.87601225,24.85898571,27.24572754,22.19678644,24.79667338,18.64989237,22.10588245,22.10588245,23.47770139,16.37502305,24.88989396,18.36535865,33.10355896,20.02483718,18.63668592,17.45504391,18.40614463,21.56583646,16.45948954,33.95236817,21.56583646,24.00099435,20.40280984,26.11720628,17.21697098,19.36106386,22.46102886,16.89753487,16.51811364,21.28846235,21.56583646,23.9880862,32.10528525,27.41495566,20.49355214,21.24254039,16.71896917,21.02078286
5176,1663,104.0337984,30.68400663,1639,104.034529,30.68488876,120.2346813,,24.26600435,18.58589539,16.52605228,19.72707266,29.04999011,28.10680862,28.10680862,28.10680862,26.76838916,29.04999011,32.00331628,34.72017534,33.71722319,24.77122213,29.14780153,26.63660632,29.29575991,28.47663504,30.5537543,34.72017534,27.83568184,31.14925477,30.80746282,43.89907228,28.84330397,29.20362356,29.02234543,29.11270229,29.06745364,29.44522807,29.07875263,29.0844054,29.08157874,30.75274264,29.08228535,29.08228535,44.08604981,35.84636461,33.71065831,33.16818794,40.0782271,35.13707581,31.79343095,34.96411785,34.87827582,34.92114407,34.91041714,34.90505613,29.19695465,34.69118854
5177,1663,104.0337984,30.68400663,1651,104.0353401,30.68296342,187.5564271,,31.44745838,34.86418954,32.42271969,30.10939298,32.42271969,53.28547873,23.85876811,46.66630756,27.28093485,40.6748878,42.95185353,43.31696151,40.17198178,48.05716282,43.46072695,50.54546259,39.54337555,35.63077243,44.71543957,50.23015321,50.23015321,62.67598258,58.64426055,53.44615866,41.90916027,47.80199204,41.08741203,37.40922652,38.92052002,59.93953343,41.5083896,40.92140228,37.5958263,59.92991378,43.77329903,59.92895196,31.6671558,57.41174566,58.64334913,49.89185747,58.33052085,37.2012748,58.21406896,47.21700263,58.21061782,56.93112458,56.30602952,47.43815956,47.0197171,46.38578875
5178,1664,104.0450327,30.63930565,57,104.0442801,30.63824024,138.3653967,,26.25114246,18.05492893,26.25114246,19.00750501,25.22217458,21.47474296,22.01457487,32.4857888,17.61681443,25.28504711,20.00390533,19.741344,41.55290328,22.74499672,18.48127465,44.08101134,24.90577141,19.57183752,21.78664943,20.96151332,33.94312968,24.59829275,24.10430332,22.32033285,43.31438505,28.70982295,20.11233222,23.22216448,19.77236988,21.34513592,58.2591144,20.5918925,24.51657084,23.3309334,24.33689645,37.85071642,25.31789041,32.45464599,28.84464256,28.84464256,27.68846182,25.09397623,23.27143065,22.53915964,23.04967763,23.65808887,24.7680836,24.79287528,26.74681909,27.47537926
5179,1664,104.0450327,30.63930565,1147,104.0430807,30.6403278,218.695071,,38.59324782,23.51325801,17.55411941,40.64369571,24.37468284,19.48767959,25.89810051,20.10989159,38.65641189,55.8568468,53.10340661,21.27268996,17.87292294,38.71185031,27.44807399,26.33117912,23.15594869,18.61723673,23.29296614,20.37004542,21.59358902,21.62918285,19.56030449,17.47618769,22.85347621,23.46653519,18.03670689,20.86490077,23.96658312,21.12145555,20.32122341,47.28542076,23.52496779,23.47819848,18.79002997,32.92429715,30.28085598,19.7566438,15.51334494,22.36654135,18.47404589,23.09933268,22.80713371,49.55482333,22.03271238,17.00436837,18.76763422,26.73352311,45.93553482,23.06099167
5180,1664,104.0450327,30.63930565,1625,104.0497648,30.63697586,521.858277,,75.03087719,58.2491941,51.89750821,74.71082092,117.4181123,51.05135318,51.08605839,65.07585229,49.91205625,58.04396901,62.7799431,57.5578982,77.49697384,58.39386203,52.72281938,80.41084736,59.26466237,60.25986142,62.02076264,110.4029264,80.7170697,68.82487961,60.92449224,56.89551173,49.72427859,55.93419567,55.54387227,58.16377081,62.29995642,54.4426379,60.262704,53.88855639,59.86901839,57.86518882,63.71525474,90.06691075,84.42895415,82.6922778,70.67171652,76.01786539,70.89395461,61.50995595,59.72521431,58.89309709,66.49849705,79.35331773,52.70638459,65.18005702,62.91816488,54.81588268
5181,1665,104.0982051,30.65973129,1494,104.0973389,30.65838887,170.3639099,,56.09543376,56.09543376,22.12119299,15.050554,22.12119299,25.00499748,26.84070353,22.46557054,29.48606133,15.53470303,18.33512932,18.65581979,18.75565981,21.22180193,22.24152586,23.47598376,18.75565981,25.29952063,25.98574884,19.47016113,25.82358213,19.21096556,14.03914496,23.85260382,18.55329461,47.54341672,18.42694269,19.56956208,14.62874361,18.24241748,18.10598531,25.60793635,14.00251314,18.64164364,20.51204266,20.93208449,22.05820742,17.47322153,23.07846004,27.5335612,31.37135937,23.77170836,21.51965178,25.03306431,25.03306431,18.82763087,28.00502628,18.95858039,18.95858039,20.47779885
5182,1665,104.0982051,30.65973129,1539,104.0998106,30.66251805,345.0401214,,41.14764181,44.94416778,52.7030257,37.0697171,43.82105908,33.72337838,40.72604712,34.94623299,37.45159106,27.57869532,28.81301954,24.96772738,32.5234193,25.83017545,60.46600181,38.10259009,33.10619502,37.98606841,32.60879984,54.28952959,40.44191191,31.79968035,27.55073212,28.41785489,34.49032551,50.64809121,23.45881845,32.26349187,53.72597046,20.92913963,30.96072874,36.18398277,36.32001278,28.05345027,37.21223598,42.01595575,31.28827297,46.22547081,44.40894937,25.2041482,44.29715844,33.46594801,39.92963634,42.39400809,30.10347015,24.52407576,41.63612639,27.86465586,35.55756977,33.792186
5183,1665,104.0982051,30.65973129,1599,104.0999471,30.65896984,187.0304169,,20.92648021,23.7273611,35.17813484,29.27432612,33.48284136,20.92648021,20.62203678,18.23204714,17.86756747,24.04676789,21.06286238,20.05887291,24.48398185,21.79876976,32.08782371,24.08116956,22.5187124,23.18330795,31.36534941,17.42820106,23.73195622,22.5187124,33.49798512,28.39470747,33.36518835,20.30487035,30.23845063,23.72896919,20.11380137,22.82405088,20.75979962,24.63054376,23.37880211,26.57101424,25.75500823,23.13778353,30.69800156,21.17325474,142.2484861,32.78439444,21.7477229,25.90150032,28.20566431,25.93642145,27.85724042,20.85841081,24.63327442,19.55400293,16.90882724,24.55093895
5184,1665,104.0982051,30.65973129,1722,104.0919183,30.66268492,685.5480784,,55.27106222,46.30343494,53.67851776,67.31855657,73.34243929,67.70845219,89.63582624,70.23758327,66.16549818,57.07615824,70.7155611,55.57246301,51.03335571,73.83614307,46.34691234,54.72224129,47.06279714,55.12970399,42.27187695,47.27917782,44.34369682,51.24898961,76.47548285,92.0394863,71.59597967,61.02370744,49.47640588,74.35786905,53.28395301,57.72639295,45.01957465,65.86530777,47.36234925,58.20691232,46.17349078,57.81300817,46.87508228,58.61240695,113.7314784,48.49464055,63.4440381,71.559854,48.62522081,49.70741354,83.88759627,64.02928147,66.12458795,57.26854979,44.63889816,49.1628104
5185,1666,104.0079121,30.72021768,566,104.0036392,30.71829539,461.29248,,47.48114162,48.58225844,50.94027387,50.94027387,50.94027387,49.47327491,49.47327491,49.47327491,49.47327491,49.47327491,49.47327491,49.47327491,49.47327491,50.94027387,49.47327491,49.47327491,49.47327491,49.47327491,40.70227765,48.98681204,40.70227765,42.94792055,39.63372143,44.41238051,45.91667082,45.06520836,44.23247353,52.71914057,52.22179019,46.47349612,44.93912829,48.35826162,45.70604389,34.13469533,40.70227765,50.31685993,63.11270035,46.91109966,49.13174343,55.86721373,40.70227765,54.89761745,54.71673568,50.82334898,46.74603597,54.89761745,46.74603597,46.74603597,46.74603597,51.6198294
5186,1666,104.0079121,30.72021768,1151,104.0096791,30.72093684,187.0332182,,18.9134715,19.22168437,19.7069147,66.33690498,20.31776393,17.84846997,18.37161216,21.35827393,18.02729814,19.0638301,20.35222929,19.95020994,19.91186117,21.4603852,19.32570341,20.01476373,20.07116348,21.46608668,20.39203742,15.17339911,15.17339911,15.64182779,16.05690586,16.95351856,16.70975519,21.32782976,17.96267339,20.76744746,20.20085012,19.23064358,26.79601211,26.38941798,19.49884773,17.261587,15.93655824,17.06624217,16.9277675,16.85933234,15.73559907,20.32151667,28.05498273,20.20653356,20.48964409,18.55087826,22.16162928,26.13015224,20.80433547,19.8373609,17.95319415,14.80499428
5187,1666,104.0079121,30.72021768,1338,104.0051809,30.72262325,373.465262,,38.55355593,41.06573165,38.93208492,40.81435399,44.15352851,37.40009404,38.8155884,44.15352851,40.34433438,40.08372501,40.05387119,35.47427291,47.02331483,44.5928671,41.0474477,45.56415947,45.85798601,45.71060057,50.06897601,28.91343964,36.4281798,33.82592828,37.22588675,38.54434526,37.30507612,40.9401627,35.81088579,43.39640729,40.99008973,35.45088842,36.91394095,39.1511495,41.29830562,33.78077747,39.25056474,31.8747023,40.9251045,41.82965859,27.8071343,40.1560558,39.36849002,39.36849002,39.36849002,36.21481328,37.72585884,44.22614945,37.14466761,37.24028606,37.19241538,37.2043715
5188,1666,104.0079121,30.72021768,1543,104.0116103,30.7148958,687.9839436,,69.57141003,65.32426258,69.31181522,75.97368702,81.33800318,111.5649638,75.97368702,81.33800318,75.97368702,75.97368702,73.78576554,91.05669842,75.97368702,82.14733655,75.97368702,75.97368702,71.8037208,105.2812836,65.78332528,110.1350179,56.03489133,57.46501617,68.57615681,71.0049725,68.72203654,75.4184591,74.04311501,78.54362148,75.51043283,69.02218659,68.00150176,72.1228049,98.28342051,71.7896289,70.56245575,84.38644623,86.44824422,77.94625325,93.14343672,68.17895783,63.28983468,65.08821542,66.70236518,69.57664555,80.0886725,81.47178279,75.12423064,64.95764473,67.60897718,72.91684583
5189,1667,104.0358641,30.6316149,213,104.0389082,30.63011246,335.9269365,,24.27262719,35.63611365,40.85597876,31.11016531,28.11685028,22.83922514,27.21688608,36.27452844,27.05451838,22.81767871,29.89708211,26.93400827,33.2875577,38.77115591,31.2934913,27.77183024,27.83284169,35.5455021,25.80115453,24.67614973,27.20522378,25.33527175,31.94233945,36.12117597,21.21954037,26.33573544,24.53016169,27.45996756,27.44750276,30.88983324,27.45996756,29.59225868,44.66893517,26.54965909,26.07626576,34.05710877,26.40473737,29.76218962,29.07060027,55.95544113,26.14782641,31.0760637,30.23342429,28.20282116,28.53331431,22.83682908,35.20330225,29.8400778,30.87668863,26.86669195
5190,1667,104.0358641,30.6316149,1092,104.0374304,30.63391543,295.8768103,,45.14012644,51.12751283,40.4080621,53.52545312,51.79043032,62.92063813,57.4208365,58.47367792,53.93197555,45.71487198,36.24830754,39.37732041,64.89910234,54.66345761,60.00881786,54.02315386,57.96770161,51.45683657,60.60634521,64.60388276,38.47645457,62.74854298,58.97876617,49.90192162,48.97271343,52.60032183,65.44740504,59.9525244,50.92381754,44.28925227,61.06965219,44.84869546,46.33353627,62.14448758,97.72078138,44.70751383,65.54809336,51.66900398,46.47279743,103.7490114,71.64729934,32.37557803,47.05274509,37.70465547,57.26647941,65.04772623,40.19458555,47.83279024,45.64956502,46.59477328
5191,1667,104.0358641,30.6316149,1682,104.0337291,30.63346353,289.5651337,,30.75027968,19.10970635,122.6393507,33.11418302,26.12617748,55.44864262,17.20188913,31.23399195,48.09386304,35.39675658,44.26473381,29.4889528,23.46944423,27.43248635,44.29608278,46.95650817,46.95650817,62.79725791,50.02684973,53.52680264,25.70738548,25.70738548,25.70738548,25.70738548,23.81346616,25.70738548,67.47148746,29.91203677,35.76104567,18.79953979,24.64384117,24.64384117,36.03922148,67.03758722,75.81341682,29.00687252,18.36888954,18.5074919,18.43793025,44.45349601,17.67587082,25.10378041,21.40522549,23.10744209,38.53731909,21.13399861,27.29779329,27.29779329,36.25859065,36.49128872
5192,1668,104.0979156,30.65029026,471,104.0934433,30.65227021,481.4511858,,92.25411943,55.08658469,41.2508751,48.0228382,46.16249845,130.3176142,69.12160594,53.66019408,55.92334586,47.50728924,105.3631774,61.96282958,54.13506305,47.24291023,43.07606633,47.5507344,59.39982162,40.33568231,59.45880854,40.29192411,63.21790646,41.65403194,39.69215883,66.87854101,80.14909914,71.91801946,50.66425808,40.63831814,36.89673803,66.74804629,61.82726287,135.4488457,68.33806876,51.08988265,88.24221987,58.77827109,87.61703566,81.70768504,102.557649,56.0077442,73.67584565,95.42872781,80.60008691,91.09157647,62.67419967,61.27291452,53.27953534,57.15720737,57.61091138,57.87059328
5193,1668,104.0979156,30.65029026,597,104.103721,30.64768079,626.972133,,62.25255221,59.53911978,49.43275687,74.00326816,55.56726792,55.49256293,66.58111147,61.7349859,43.15678162,56.75492422,55.2871936,50.28547979,64.31705012,41.8627452,59.84885131,58.62596568,46.3674182,50.22999678,72.19134299,41.96219192,48.38841642,55.97088736,47.00784335,53.68366044,53.80452154,69.55623047,48.54926959,43.61077095,57.59376573,50.2694806,59.10848391,63.83716263,62.46585828,58.66800277,83.86251462,70.31463174,51.14918068,63.29499941,49.3586309,65.23409476,52.0468796,63.79324959,65.13996187,53.18786732,53.3761551,71.08975366,69.35643636,96.72593438,86.58950173,63.08663698
5194,1668,104.0979156,30.65029026,1788,104.1003679,30.65428692,501.413837,,54.28841543,56.74152654,73.50569337,60.49868838,70.15895998,45.51411531,50.49202275,74.95182616,44.52300456,60.57348366,111.08245,71.75257633,62.92252072,60.61707216,40.36942075,64.40476141,66.9969708,68.74661965,57.9881996,81.85111004,52.25259985,43.39158205,62.68662334,50.53914549,58.75943402,59.28045364,55.58398193,58.65442123,74.11929114,189.0146401,71.06652808,66.70479707,53.99408677,59.67239052,75.21207555,63.92744691,68.83592718,49.0846992,46.98715348,71.01410625,60.5142555,59.78438331,60.70929866,57.85544273,91.51279154,70.95907944,57.75260688,48.44253105,64.05570664,58.56746988
5195,1668,104.0979156,30.65029026,1842,104.0957842,30.64664658,452.5352497,,82.15709667,117.5416233,67.53857443,54.70540292,73.16438168,121.8038803,61.65097063,141.3559131,60.35293526,62.64455391,71.20309873,87.98165069,90.13981368,72.12071859,66.74014334,80.95814101,95.83099405,82.79568693,74.79955153,68.21187296,64.17043423,65.53205547,82.97760098,90.3188856,58.21775697,95.54996475,68.76184964,58.0219315,90.69599994,148.1024454,173.3113722,80.13976312,79.1936687,71.63246416,79.3103015,66.03293742,85.21761662,142.4373245,92.07574788,115.4239706,86.136424,89.66025861,80.18074222,81.27573223,81.93429501,63.44824119,65.95655461,65.95655461,84.01498307,109.927591
5196,1669,104.0201392,30.70653513,674,104.0182871,30.70949657,373.0802071,,59.03686794,86.09543241,54.79509842,48.53075865,54.69715926,55.94084135,42.72816794,77.6351876,69.90970199,73.16792621,69.8368055,99.48805523,41.88426441,104.1888308,113.8210801,77.5333309,116.6913299,82.12457391,101.3999739,83.24930243,82.30791176,66.30717887,88.7782929,99.8578993,109.9438899,69.19571074,115.7835125,115.6240311,119.0153962,86.71304669,122.1955741,118.7073387,116.4010246,118.9890362,129.2674442,127.3857367,130.6727629,84.2502088,99.16785515,73.39282763,98.84737778,116.7057563,147.4121794,116.6835215,121.5857901,105.6510321,100.8577281,60.11867374,66.86786072,73.44791553
5197,1669,104.0201392,30.70653513,1133,104.0215097,30.70392755,317.4143893,,35.93370445,42.7494127,40.57854409,28.92890637,40.13926175,33.98534299,38.40980845,38.05801171,43.13672335,45.89123701,54.05353839,76.38314181,33.38415113,34.61204072,41.0670908,38.08972672,38.93328114,38.31964458,32.72848859,34.97143998,34.43917425,49.6054458,48.67297974,34.70590134,47.86143671,56.97181346,36.64151447,53.0251416,65.01258575,47.1213114,27.6346264,97.66596594,33.33406655,40.37780217,67.6148995,38.54657502,63.48287786,32.78886087,36.04705998,32.50901284,28.02432376,60.62025472,28.81946536,37.30535766,32.88321731,38.47447143,41.71930637,32.11612708,29.46166707,39.47121939
5198,1669,104.0201392,30.70653513,1205,104.0271056,30.71034592,789.598833,,90.32589129,84.33157869,89.91364932,67.81652667,76.10591161,114.7280356,80.93837696,88.5137482,87.65204437,69.33062924,72.6996368,146.308019,89.98779997,121.3902832,70.13708351,174.6822,80.93333591,66.73890133,142.5554563,133.4051458,89.0153173,64.42052802,124.7516651,126.2236145,87.41282487,102.1637391,97.64038811,85.5087692,84.41145653,136.3336115,116.6894827,79.8063139,81.06147714,236.4527213,130.4922326,52.44567894,88.24767917,93.68121748,92.0917677,107.4182635,122.6483466,84.59987496,81.33206864,98.50034534,107.7892231,125.2728918,68.45408305,87.12814709,71.00472437,71.06389497
5199,1669,104.0201392,30.70653513,1585,104.0263028,30.70117585,837.4148353,,94.80167947,95.37653807,84.61757457,96.74537588,105.8969423,121.3156301,99.00470959,97.67178451,112.2492226,90.98672256,109.9584221,99.57699115,113.7381709,103.231877,107.6355873,125.3745361,115.2479162,102.9170869,136.2342386,130.8709927,125.2031346,130.8709927,130.8709927,123.4265469,147.2003291,133.4179221,150.3587734,302.984262,118.2932694,152.0013483,155.6046083,124.3886579,130.1482066,111.1510151,111.5853064,118.0998535,143.2866007,118.1135556,140.3277378,101.199652,111.4145589,117.5319067,128.0124589,126.5614361,154.9365677,130.6358062,132.6695057,107.7277376,127.8218439,125.5631772
5200,1670,104.0326902,30.63157475,695,104.0302157,30.62701444,558.3018389,,64.17701604,63.5035267,64.86494393,71.22206308,73.784384,77.82716825,89.32829422,97.18987524,72.18679498,65.59070556,83.05316612,70.69952934,61.21482092,83.15625238,77.0226821,87.81590912,77.90258217,82.14795449,103.336073,99.98251575,83.7889159,57.78857447,73.2199133,108.5569459,78.34224514,72.55737842,110.4333308,66.42057568,59.64055252,94.07333585,82.54154497,56.61652451,65.5342359,74.29415901,75.74052882,75.62778764,80.61580152,75.37517052,88.16397004,78.20570506,80.90476066,90.33198292,67.2202883,69.16333861,85.71815397,58.89777641,49.50459655,107.4805679,84.09567448,86.74212061
5201,1670,104.0326902,30.63157475,1315,104.028974,30.63497769,518.7394218,,118.946619,140.9405221,148.2112634,63.19668083,211.8676407,58.78169894,66.41738812,94.03131513,68.82537784,68.23855974,86.21707842,72.19569272,65.89657684,93.14024531,218.3005431,79.63590271,81.30003999,78.79586154,140.9405221,121.0018522,117.0822519,77.95882621,137.989797,66.45771952,87.94954092,76.44916256,77.42759795,127.6169876,58.32819136,192.5218473,76.48308198,114.5682159,75.07384597,86.65716559,67.56374524,83.15670119,141.2069504,72.89236591,116.7163699,167.9875788,77.99710428,66.69506852,96.92708918,89.88213791,81.19399646,75.68234725,99.86427372,83.36883565,93.37309592,102.0470994
5202,1670,104.0326902,30.63157475,1682,104.0337291,30.63346353,231.8067288,,71.94001928,48.58830997,48.58830997,32.89766979,39.42539639,33.60419693,47.68595564,36.62783718,38.90462581,60.65970472,55.32624689,52.48454237,58.49328669,54.74723118,43.01568163,52.92838627,71.21772993,53.75228494,69.03861209,68.40198555,92.83730548,89.49106956,47.68595564,28.3844974,45.41519585,34.93476604,38.36801028,38.36801028,38.36801028,38.36801028,45.91495041,57.8623884,57.15782354,37.54799657,52.65010875,48.80141659,62.04492369,54.59373424,52.3434549,34.41254531,50.27133878,35.78491525,35.78491525,34.37002569,33.06276639,20.70730084,28.33630641,38.09072151,38.09072151,46.57697992
5203,1671,104.1018746,30.6694368,869,104.1010877,30.67158034,249.2431119,,51.19972627,51.19972627,38.01066148,65.97611786,40.97147045,42.18217878,37.47569463,43.53063446,52.57471891,32.33424154,36.58004311,51.27286873,79.40488521,36.57371751,41.47651169,54.84567255,44.59125801,54.49039692,40.81615783,42.05977514,39.41179514,73.37530863,45.08920617,42.70479548,40.5090385,49.76962297,33.07927015,92.50259823,89.72752028,45.22176578,54.49039692,46.07318115,58.07606491,81.9429409,112.1594004,61.6179832,59.42219886,45.32897861,49.30083532,40.62839539,51.86561866,49.03143185,40.10168504,49.97201005,31.04758487,40.63442964,42.93182789,52.16716296,53.25075388,56.19677678
5204,1671,104.1018746,30.6694368,995,104.0982797,30.66840388,362.931564,,55.36928493,46.47589615,59.45636543,64.34243794,54.3178676,63.50199905,42.33466603,76.18388515,77.28636666,70.81591493,74.79759079,70.50882077,55.83562523,53.1119362,58.89798485,76.29510251,77.25372537,65.73854744,63.27136225,69.32990801,66.11277067,47.08301371,86.75654916,64.90579386,57.07135835,51.80168579,108.8794692,78.85092277,67.00275028,80.90115359,81.96778155,79.01745572,85.78859699,78.00320181,72.90696846,56.56076322,86.44494722,96.07011988,76.79872992,67.00275028,63.99312405,81.7873947,60.74168435,67.11460796,61.62988823,51.69351653,59.4665133,63.40377327,67.47311575,63.29123652
5205,1671,104.1018746,30.6694368,1428,104.102687,30.66733134,245.983783,,84.20364043,29.17764807,39.13996105,90.9803033,52.8366121,43.57980407,34.96709255,49.5177047,53.45321642,45.43828146,32.37812135,40.62117517,47.40586824,34.55772171,44.72432418,30.74797288,35.99762678,42.16864851,37.08298236,38.07611383,37.80783419,41.50976339,37.08658763,37.64924509,31.79682653,36.97524114,38.63482294,59.98588442,45.41239071,44.63040497,44.63040497,49.65985444,41.14811008,44.2034086,44.36025642,51.78605958,40.62117517,32.98106588,38.62776963,30.08635172,46.2483766,33.2910383,46.15802027,47.99683571,44.22180369,38.08781156,31.57011119,39.06801259,57.22401414,53.47828696
5206,1671,104.1018746,30.6694368,1774,104.1046034,30.67026219,276.9632741,,35.27362453,42.42841646,44.21586638,63.10555612,37.01984357,65.38149421,42.85647462,43.62474516,42.85647462,42.85647462,42.85647462,53.17694863,38.67101953,65.45302759,55.95217659,155.7918417,34.86251003,60.98273925,60.98273925,68.40945364,72.84513511,70.55764966,70.55764966,60.60051126,53.10614044,26.58847431,41.98180155,80.085766,77.65325442,61.67429608,68.74749163,61.67429608,61.67429608,31.55277806,58.22293645,58.22293645,58.22293645,58.22293645,58.22293645,55.89728307,29.23952454,37.87531954,44.43756153,40.89485924,42.59267011,41.72650124,41.93972386,42.04715444,42.04715444,58.22293645
5207,1672,104.0155067,30.68723514,69,104.0104187,30.68940234,543.3340304,,75.47189893,70.20197432,81.59724414,61.25268819,55.21531431,76.70598076,77.77345962,70.55720475,54.33340304,72.48928387,88.7075968,69.03538269,67.68174773,71.3869529,82.23433972,63.63053056,73.55605105,113.5011128,74.04425902,71.64844357,65.02667917,73.81141545,60.97581471,71.07567258,66.44030263,150.4617315,88.90920497,79.83683712,98.88789229,56.77801189,67.9167538,86.47225948,67.02737763,93.2539933,69.82160922,115.3983781,57.08683366,85.04358737,76.30698998,102.6772971,91.34101113,84.67543331,59.21299222,56.12632739,53.5707637,80.91013483,83.90859192,85.50830642,69.48499145,100.1024826
5208,1672,104.0155067,30.68723514,364,104.0198136,30.68603439,433.4806221,,47.39651449,40.1164586,57.90464711,49.22808327,48.91944325,80.02719177,54.56399439,51.2860936,54.71489465,63.17936193,57.93396096,57.09256975,114.9561871,46.7784844,82.96680829,46.23793302,65.56849746,58.74015957,69.35689954,41.06658525,55.84402449,55.49920172,53.06172277,57.79741628,38.15477358,52.54310571,60.18242343,69.97893451,61.03768863,53.90377191,61.63463425,59.05157886,50.74895088,47.79571944,48.16451357,84.92681576,54.81956344,72.41439627,96.62725942,82.07917105,33.75335774,56.56016272,60.50765499,73.91499062,92.6130706,70.95334991,35.43974806,65.7223905,73.47129188,64.9514403
5209,1672,104.0155067,30.68723514,1318,104.0141882,30.68538655,240.68207,,23.35459439,19.87283147,20.43527009,21.60736788,39.47405248,34.72767343,30.58977765,19.62526505,38.00243211,27.07673288,27.09790311,43.87116213,35.36552865,29.71978111,31.01129034,32.96988521,38.59489764,37.50889403,28.40837548,24.47614271,38.03579684,56.63107529,23.70603152,48.27049872,31.13546285,13.81906622,25.2610919,29.53825405,28.72228017,20.22066399,24.10168156,25.11465078,38.42000701,33.97864518,34.63128264,33.56186386,27.45593737,39.14708368,31.58403835,27.37615962,20.61353177,59.14371686,30.88967743,20.96685909,19.31896214,38.78565859,35.12360554,58.5442873,29.57185843,21.81133926
5210,1672,104.0155067,30.68723514,1696,104.0165822,30.68915906,236.8129198,,39.41234285,33.30181685,33.30181685,33.30181685,33.30181685,33.30181685,33.30181685,33.30181685,33.30181685,33.30181685,33.30181685,33.30181685,33.30181685,33.30181685,33.30181685,33.30181685,33.30181685,33.30181685,33.30181685,33.30181685,33.30181685,33.30181685,33.30181685,33.30181685,37.63913957,23.10369949,23.10369949,23.10369949,21.4202641,22.23015675,21.81769703,22.02199577,21.91937037,21.97056323,21.97056323,21.97056323,53.505848,28.41755038,27.7695932,29.09646796,28.41755038,28.58429208,28.66839887,28.62628369,28.6473258,28.62628369,22.43490819,28.62628369,31.30452306,49.05843095
5211,1673,104.0377035,30.63995675,9,104.0404044,30.6386652,295.7785775,,50.99630647,46.68908212,55.36236807,45.50439654,53.42713894,47.03712331,70.28401842,58.93742872,67.25955809,45.31076081,76.42125928,66.8006825,43.53750089,72.33715211,54.14251926,57.85287788,91.20367272,74.07324376,36.01362612,67.82183943,64.10184556,69.29302899,69.89953255,53.92027469,56.32387617,50.86637958,54.67537248,82.63436974,58.13300521,46.75314507,50.92720028,42.7560132,42.7560132,44.47875572,92.32394907,55.48256425,44.06080878,101.409798,88.24333249,48.67670304,46.24551049,41.11208027,49.21505547,55.15525703,57.86972168,47.40357836,97.98799497,51.29314177,42.69030286,44.30217928
5212,1673,104.0377035,30.63995675,1893,104.03647,30.63980432,119.4115022,,34.94970796,34.94970796,34.94970796,34.94970796,34.94970796,34.94970796,34.94970796,34.94970796,34.94970796,34.94970796,34.94970796,34.94970796,34.94970796,34.94970796,34.94970796,34.94970796,34.94970796,34.94970796,34.94970796,34.94970796,34.94970796,34.94970796,34.94970796,34.94970796,34.94970796,34.94970796,34.94970796,34.94970796,34.94970796,34.94970796,34.94970796,34.94970796,34.94970796,34.94970796,34.94970796,34.94970796,34.94970796,34.94970796,34.94970796,34.94970796,34.94970796,34.94970796,21.54794025,26.65931212,23.83264909,25.16685886,24.81949491,24.64938414,24.73414703,24.73414703
5213,1674,104.0803937,30.67192313,305,104.0821882,30.67110531,194.3462435,,27.50182691,29.45879901,27.98585906,24.89845112,23.12880914,24.63543932,23.01468673,23.60016225,25.41088898,27.61035819,29.97219839,27.21838314,26.65319911,26.75512339,33.24174892,27.95761022,30.28772626,35.78754356,24.54899918,27.27161701,27.5797004,30.54536719,27.32994049,28.87521228,27.4603912,24.22598603,27.05815103,31.96758087,34.73386797,30.09232157,22.80039728,60.18464315,29.81448053,26.07378174,38.64300929,45.13848236,30.35342632,30.68624897,19.43462435,33.27029014,27.70877135,31.14153456,47.06142218,19.48875979,47.59499841,48.25148114,32.80213504,27.17073696,26.3119658,35.74183789
5214,1674,104.0803937,30.67192313,444,104.0794847,30.67048239,181.8802626,,32.65680525,25.15117588,30.62091239,32.3742371,30.52535876,30.63246528,30.32215087,33.06913865,32.76184858,29.94370176,25.74030252,28.87624897,29.40579095,28.87624897,35.3213187,36.45199417,35.81642094,28.27154341,35.20263147,40.61632125,37.06239313,37.8674594,25.21979568,31.60272436,31.17947359,43.3018785,39.09068331,43.25462152,22.5782395,42.11859693,41.05134454,41.05134454,43.23987485,36.63043051,35.09649288,30.00086806,31.97894727,23.80977983,26.87265134,28.97741968,27.88537531,28.97207723,30.17748672,37.53118721,30.34850268,40.60058052,39.76329627,45.50016692,39.76329627,39.76329627
5215,1674,104.0803937,30.67192313,1742,104.0787652,30.67260603,173.4019806,,36.27234922,38.86968432,34.00038835,21.90340808,34.11186504,25.68918231,23.00665099,24.27402969,22.17574175,35.94513225,66.76439895,28.43950479,40.2740084,36.47901418,34.8376494,36.47901418,46.04865875,66.28106594,62.42471302,28.86691931,24.67379961,26.43248257,22.45493274,28.46111536,25.10377199,19.6304129,38.69300394,36.18823943,26.17388386,26.33954136,26.25645132,26.29793071,26.25645132,26.27717464,19.29666554,29.17042664,23.22780019,25.86212864,25.86212864,25.86212864,29.10243031,34.68039612,50.47820458,46.77176299,44.39880015,49.41270161,37.26848538,37.26848538,25.63643245,29.58517205
5216,1675,104.0400369,30.70247519,602,104.0423189,30.70385974,267.044376,,34.40800836,31.97427118,34.40800836,40.31797663,47.78129988,39.00039568,52.88653901,44.67688778,42.53804219,33.97030931,43.64031413,39.83534891,56.21986863,39.93186931,48.10571764,47.32248457,60.71745813,60.16018483,57.30907622,46.56434731,47.77932096,40.51242114,35.85252145,43.49224144,38.59138958,50.79840178,42.62291082,46.21921892,40.22075149,34.6644142,52.72057876,44.66247403,50.20155371,47.09661989,47.14955367,57.62396127,58.85876044,47.94915536,54.93484306,45.57580795,48.69257456,45.22177246,56.46827555,51.0682472,49.89814467,71.54364721,78.74619144,82.90136466,42.25757159,57.56645231
5217,1675,104.0400369,30.70247519,963,104.0367435,30.70041989,389.0715425,,54.1840446,49.54426128,52.49185084,52.49185084,46.6885851,42.83356431,80.96286434,58.36073138,70.38480166,37.77393617,54.92774718,81.08003201,39.90477359,65.45128752,46.03640273,103.5606324,51.68478055,72.7236528,82.37546873,68.15851839,59.47590459,62.7534746,61.0308302,61.0308302,49.21062988,61.0308302,58.97505486,65.68147962,60.76605436,102.6122749,107.4673315,115.7568226,103.5606324,70.20839865,52.36103002,65.29872042,67.59930275,42.16308107,53.23669909,54.61185507,65.79899506,63.95696589,79.28250299,65.68147962,56.32671124,73.44821987,104.9968181,147.4376372,99.42555833,62.7534746
5218,1675,104.0400369,30.70247519,1513,104.0375073,30.70419899,308.5269538,,53.14339874,44.52043699,45.80193953,41.924082,41.81841241,49.30952425,68.14092231,91.04074047,44.61377207,49.95505091,45.25568323,44.1141805,46.44838614,54.04851745,127.1790497,51.38151273,58.24485538,64.50040846,61.04967207,51.82101247,50.15377011,45.28836019,42.5554419,39.68546793,55.6869198,43.87938898,62.75124484,50.1330189,47.82047863,49.62530495,62.19488757,56.30910183,51.42115897,54.41259197,54.20788777,54.44315303,56.5792096,44.9359383,48.7201243,130.6702393,49.06447415,53.71439421,56.33354054,57.12939432,48.13468283,55.01935308,55.957447,56.28254971,44.69605769,58.67498187
5219,1675,104.0400369,30.70247519,1633,104.0418589,30.70035883,292.3479732,,57.1364117,58.02997362,36.13571514,41.40118815,61.54694173,39.49165867,51.21424348,33.48205844,40.77956876,56.28089324,63.40076527,48.86038549,42.97674379,33.33183542,59.37673927,48.67958851,56.03119984,67.75446591,161.0896995,78.24927164,60.64068073,50.34454454,47.28857149,47.79576116,77.3862282,58.25383967,46.10278277,42.78263022,47.11156372,47.02298176,66.33105273,36.48016303,54.46068324,98.05459974,85.33400301,51.03473854,64.0762681,110.7844951,115.2320478,64.37019593,66.82239387,104.721662,51.57655358,47.1182405,29.85681428,78.11617405,58.90593489,149.2840714,64.12888525,64.96621627
5220,1676,104.0337714,30.63626349,434,104.0325787,30.63747441,176.2882066,,57.17455349,38.11636899,39.38790031,36.16168341,36.68425108,36.63131566,36.73733973,36.68425108,37.88880858,67.27606471,51.51278764,51.51278764,51.51278764,51.37205656,47.01018843,60.92520418,53.77334882,53.92088166,52.37949036,48.3749326,56.03444759,47.19374241,55.01046213,55.95423838,52.93332646,55.96091373,55.81658972,55.96258283,71.30758919,55.81534446,55.96300012,78.67407567,56.96925887,68.98234171,56.41222611,56.79083166,62.80948885,59.64872158,51.31839975,54.86779916,54.86779916,75.77761717,59.76574868,53.25629736,51.73675627,56.28714357,55.30610403,52.77651092,52.7422449,52.57668397
5221,1676,104.0337714,30.63626349,560,104.0346298,30.63539204,126.8696917,,38.94173241,38.94173241,40.81207889,37.97050155,38.85890283,46.60519287,32.85833742,40.41866284,31.82793659,33.41933342,35.18727967,31.13366667,29.03565735,30.31124288,38.42110537,39.99394835,38.84316572,31.04812735,45.3537232,26.76157559,46.84419386,48.93545251,48.8155928,45.12872378,32.16414719,45.24421157,40.83157058,46.84419386,28.02030001,41.53357593,40.15216616,43.23738311,36.56772539,46.23450804,36.24848334,38.22777477,37.04832676,37.6288108,30.11412462,30.63594568,30.11412462,35.96306221,25.82832555,26.15495434,27.91184907,26.69639884,27.39015833,27.72266404,23.70575554,27.50873044
5222,1676,104.0337714,30.63626349,868,104.0322507,30.63509005,195.336973,,67.6166445,38.60626422,67.6166445,28.83862853,53.81732928,24.98092728,25.91296556,25.90103509,38.01151907,34.0074386,84.72447022,31.25391568,31.62634095,49.34828792,53.27371991,50.77350923,69.28207909,54.93852366,35.16065514,36.72131085,36.10850335,44.50715841,36.10850335,57.11375454,28.86457066,52.06575495,91.32637699,36.17525808,50.86532389,29.75513835,29.75513835,32.40613377,36.62568244,52.87316562,44.22723917,44.79064349,52.08985947,88.26942713,92.83341291,83.71584557,66.65527041,48.00089439,28.06304368,24.9921849,25.10720056,25.10720056,22.38269881,57.17179698,31.81959741,49.75564408
5223,1677,104.1179911,30.66457956,392,104.118797,30.66166685,331.9189396,,26.13249169,52.5234366,83.15618516,66.2088148,79.55741554,36.34701696,41.70709189,50.16933694,67.80689561,27.64711204,29.10860372,51.72762695,27.80472792,50.71420534,54.79322665,32.07807202,58.27265873,26.73172668,43.48292764,38.67016772,46.23845019,37.5083286,21.33764612,50.08936212,50.46541479,50.27668528,50.37087324,50.32373519,50.50398223,50.57080088,51.45720803,51.01015394,51.24129093,59.22291029,47.13641746,58.09926332,54.11926095,41.37493707,55.44817552,54.65560583,54.65560583,53.64346499,38.73284222,28.11548665,48.48317225,50.31192348,32.29481574,24.31640583,45.39493523,44.72798737
5224,1677,104.1179911,30.66457956,1154,104.1170879,30.66668851,249.2360129,,29.26410479,38.14026127,27.43882711,35.39446337,21.40130343,26.7885694,26.46754119,23.72107459,21.33768481,27.18938323,22.31964295,30.99307932,25.14478225,25.14478225,25.14478225,30.43587674,28.00258974,29.25019222,28.61279766,24.95826555,22.12699498,26.93432335,27.27202573,30.72772762,26.68797283,33.88405009,21.83089164,29.27405045,21.80436565,31.12748123,21.80436565,26.62461859,23.37602205,28.91555419,23.84716668,23.37602205,24.88903319,22.93918015,30.6851927,21.88413772,18.85418356,22.43124116,20.63956138,41.39560076,27.57939487,24.14395281,20.67991118,26.57943224,20.65808856,20.65808856
5225,1677,104.1179911,30.66457956,1810,104.1148162,30.66338768,331.6213277,,36.60672379,49.48546237,49.48546237,49.48546237,49.74319916,88.30153696,63.637355,73.96758239,71.08286869,69.72327521,70.39650798,70.05827425,70.22698386,70.18473031,70.16362263,70.17417488,70.16889834,70.17153651,70.17021742,70.17054717,70.17071207,70.17054717,70.17054717,60.49848547,64.97655554,62.65761172,63.79601756,63.22169038,63.50755554,63.36430053,63.43584714,63.40005366,63.41794537,63.40899824,63.41347147,63.41123479,63.41123479,63.41123479,48.92773687,55.23583071,51.89077627,51.89077627,36.92278701,58.5596024,67.19531592,86.50991157,42.63702785,52.17058033,46.92447217,48.13453627
5226,1678,104.0456118,30.72816811,151,104.0434242,30.733702,648.108398,,62.1355588,62.1355588,51.86884306,50.59778222,48.54071219,65.72366853,71.24244986,69.83857021,67.90754983,66.68639465,63.23008761,50.23915807,69.61629816,68.42200096,62.9528562,57.3852896,88.88343744,71.24244986,42.5764641,61.48738947,31.56158583,64.23097681,55.08491032,48.17323261,71.24244986,66.6897984,71.24244986,67.25967932,71.24244986,71.24244986,62.05293172,69.49512491,41.55280913,65.13824303,72.79800358,83.64859825,37.06418162,77.64366483,77.64357021,76.49804042,88.49014788,75.26419921,73.16943193,75.58481267,44.97716111,88.10031215,72.79844743,75.14877484,41.96385311,68.93581705
5227,1678,104.0456118,30.72816811,339,104.0469719,30.72484761,390.3773495,,38.39777208,59.866175,42.2029567,29.90124379,23.52064365,42.91170865,41.16112639,84.15320109,60.83802849,42.91170865,41.76399579,37.27741268,21.08564829,28.14939325,38.6618558,32.45631543,140.5358458,93.27600384,40.61729648,31.23018796,38.293146,32.30709099,53.33428684,42.91170865,49.26040162,42.91170865,42.91170865,26.8198179,42.91170865,52.83302474,49.65930948,44.54384971,49.60088677,71.09739248,53.94850127,58.3741831,53.05879108,70.52688883,30.50154006,42.39392031,43.20856136,46.30893046,42.71606256,21.20762261,46.00191353,27.44840739,38.92959718,43.91745182,40.05672173,134.484063
5228,1678,104.0456118,30.72816811,593,104.0316331,30.71780965,1763.386917,,151.2813682,158.3880464,158.0454766,156.106303,153.2033334,187.4277739,162.528598,146.6095358,163.0878074,167.2410863,188.9062015,176.4612342,186.0276308,175.4273504,192.2917882,198.41203,155.521492,181.6699315,162.4268219,166.5108049,210.2742946,207.2305353,183.3413112,175.9111299,211.2842216,190.7387072,197.4554557,212.7143171,205.6612604,183.3050725,196.2157566,193.0367015,250.8470013,195.8237249,191.4629339,208.9736661,273.5501294,198.4106473,273.1333374,214.0758018,231.9108755,223.4065845,219.3841203,221.3770817,220.3760953,220.8754544,249.5195208,220.6879151,188.5657888,218.0483162
5229,1678,104.0456118,30.72816811,1528,104.0496097,30.72806879,382.935062,,34.24158528,37.07503124,35.10034941,33.37932744,33.81897805,37.67217689,40.37641658,44.06638056,41.18308469,41.90842628,42.52027327,34.26762151,40.21488399,38.58362828,46.75747507,45.53480506,39.01602519,45.53480506,44.07885606,41.75101187,43.00460045,35.87680477,35.88726313,35.88726313,49.16683041,39.40368951,124.1951552,42.41742225,44.86789986,35.62186623,46.85291611,43.91649492,43.91649492,43.91649492,35.95634385,47.45494744,60.99850545,47.74255318,47.88766733,47.81500015,47.85130615,47.84222449,47.83768494,47.8399546,47.83768494,47.83768494,42.73459306,40.57065296,37.97703094,40.73075037
5230,1679,104.0197036,30.65037561,1466,104.0222798,30.65034092,246.8908187,,41.74584296,37.42345041,54.15426945,34.22248972,43.28605264,41.14846978,39.45868801,30.40388646,35.18127536,35.7237519,46.03382595,48.90272062,53.75848473,49.18299314,74.95962205,61.38169526,47.67976682,120.9261153,75.80443048,36.68965727,48.59524042,62.24138287,34.10991574,63.74032476,69.51562714,131.6751033,47.87111026,58.47414127,43.78359346,78.65548206,40.58479212,77.06418621,48.49691199,42.05711108,65.03465467,77.28756064,51.28225486,65.11406207,39.28428496,44.73860472,70.12283608,70.22176783,40.27826045,46.05217344,55.23971083,60.73851578,63.59978156,60.11254714,63.03595371,78.17123547
5231,1679,104.0197036,30.65037561,1577,104.0196414,30.65228885,212.1300154,,50.35173991,50.35173991,34.96437372,32.7549519,33.68805295,42.58372057,102.5057793,44.52536319,46.4922281,18.94957954,31.07499717,34.13121037,71.7059207,47.8638706,21.65410365,31.27650739,42.09388975,24.75423194,28.92682028,44.55658587,38.20544437,43.14508788,69.74137493,31.66557244,26.82183929,33.62277508,35.43531989,38.50427171,44.97456157,36.04333005,39.57683726,28.84487462,44.77167984,37.32036923,41.74950644,32.42751828,42.90269974,51.75765705,51.86145685,48.73853134,35.65071646,48.40088066,13.63692956,25.88705273,14.64368275,51.50700493,25.62644481,42.28895555,32.5113358,15.30396905
5232,1679,104.0197036,30.65037561,1741,104.0159762,30.65041126,357.1935553,,60.16896788,84.37643039,76.58706367,55.82764686,65.60697954,99.37378664,87.12037934,87.12037934,56.70989191,84.80304238,93.95905627,82.60579007,82.60579007,68.21733682,60.25758196,67.11945016,85.72645327,107.6064267,75.9761772,90.10287882,214.3161332,90.10287882,83.76788042,71.68378382,78.26517341,78.26517341,78.26517341,102.4618963,59.12169191,77.20527811,85.53637246,108.0585545,85.53637246,78.17001818,78.17001818,78.17001818,74.61683555,90.47646783,95.25161475,88.03743597,64.04577305,160.7370999,79.56051348,81.61185555,67.24160439,83.77177844,162.7717467,83.88888716,81.18035348,68.25911959
5233,1679,104.0197036,30.65037561,1891,104.0201509,30.64753297,317.9548827,,51.79355555,67.89072228,62.8921746,64.6687897,64.6687897,64.6687897,64.6687897,64.6687897,64.6687897,64.6687897,64.6687897,64.6687897,64.76025899,64.73736742,64.7259277,64.73164706,64.72878725,64.73021711,64.72950217,64.72968091,64.72977027,64.72972561,64.72974794,64.72973677,64.72974237,64.72973955,64.72974094,64.72974025,64.72974062,64.72974043,64.72974051,64.72974047,64.72974051,64.72974051,64.72974051,64.72974051,64.72974051,64.72974051,158.9774414,92.00034112,116.5519808,109.2624117,105.9491949,109.2624117,109.2624117,127.1819531,122.1727298,119.8132313,120.9814773,120.6872852
5234,1680,104.1171783,30.67164767,624,104.1119203,30.67005801,533.6401359,,102.1398407,82.27904398,125.995807,73.65533676,62.17166632,65.67878596,70.91478824,72.8304145,80.04602039,82.83173037,93.07676789,74.52938456,82.1277302,233.7110084,63.06221839,123.1477237,109.4886381,78.6693075,81.59635106,83.68020894,83.22827808,85.90741148,129.5126622,113.3995385,219.0935492,228.5597075,130.786236,248.2849098,213.0333691,212.845744,161.1910708,159.7396738,173.4425531,246.8889303,202.415224,165.5027061,73.01803456,99.98313329,79.93499956,99.09897879,90.66565497,101.0221467,82.20657788,87.62164147,116.2984178,132.1482022,86.30298694,88.51779971,82.12900232,98.59402049
5235,1680,104.1171783,30.67164767,675,104.1138323,30.68001049,980.7063535,,93.52431451,126.0908169,74.32721837,91.36340152,130.5794867,82.57701808,77.08608892,83.46437051,81.75707154,142.5042532,76.08928605,127.5715582,77.08608892,72.77802532,115.4642952,94.65262393,78.10935559,142.2709633,67.4411246,77.8510005,88.04346316,120.4963438,130.9891506,117.4498627,132.4160477,109.417651,148.8688739,125.1533279,79.1855178,76.04246187,77.8510005,73.55297651,77.56999407,152.0147631,66.80308179,132.5697916,78.67505009,61.93934864,73.57487379,68.23623642,76.83444772,99.15398443,100.9688143,70.39965848,75.15483436,119.2247488,134.1076247,146.5715775,96.51086382,113.6266672
5236,1680,104.1171783,30.67164767,1590,104.1219214,30.67305942,480.5709836,,104.1156795,42.19647661,62.62644492,57.26764452,66.83437519,60.78902112,62.42468448,51.57100508,49.32239509,52.11010666,78.99796991,53.15070786,76.62647572,57.16412867,68.35707956,58.64595054,50.80926699,70.62892594,79.56564718,64.9082887,49.65309056,67.49241383,63.85781384,61.84028316,81.4965598,69.01817317,76.55113013,70.59756169,60.1758449,53.77982313,72.61513288,65.64543275,70.67220347,78.28305615,61.56781285,115.9998926,57.74996028,100.7696361,76.3974747,112.7072014,72.59755337,73.07520764,90.7689161,49.49300657,103.8033324,74.90665122,60.30402737,72.16081506,64.20990178,56.82844536
5237,1680,104.1171783,30.67164767,1720,104.1197624,30.66763544,508.9401881,,60.50808049,57.67027627,49.91195489,47.41328185,47.99086756,49.88930367,49.94272873,54.87408351,51.32169964,61.70357019,59.43827014,58.37048529,55.46143075,58.33125365,65.24874206,55.82146952,63.92828601,57.61587035,54.20664725,57.02895146,54.74194363,62.85367675,56.24257766,80.5355902,80.5355902,80.5355902,80.5355902,80.5355902,80.5355902,80.5355902,76.02426046,78.21492752,77.10403691,77.6555095,77.37879064,77.51690311,77.4477853,77.48232878,77.46505321,77.47369004,77.46937138,77.46937138,54.52930587,64.00596028,58.88881342,61.34085185,60.70889589,60.39777586,60.55293625,60.51407146
5238,1681,104.0427153,30.68486415,195,104.0444437,30.68572405,191.0314798,,22.2921662,18.54507849,25.51811975,17.30096421,27.26616716,14.23837117,21.88427454,34.82092796,32.67046685,36.48346564,23.89968123,24.73788947,23.45143486,43.32052455,20.70386334,42.75660865,27.31429808,42.37990751,21.0309886,42.24035025,29.64281583,52.90102518,31.25969669,22.88563485,46.98357464,31.25969669,19.6770623,42.83144138,15.92850787,39.18594457,27.0487051,10.16325114,24.30082429,21.22571998,15.64762974,48.6412606,17.34459842,25.00775736,18.20551495,23.47144462,18.4869174,18.54507849,18.97140213,9.652116874,25.42378289,18.26595823,16.4132059,49.1680773,19.81882788,49.16811385
5239,1681,104.0427153,30.68486415,1157,104.0422872,30.68440161,65.64691401,,7.370881573,8.943382798,8.609431346,8.380457108,8.132871129,7.682716323,7.799633348,14.33925767,12.37486008,9.513697328,11.55878005,8.427662342,12.85793746,25.41170865,11.85479828,7.755753554,7.374641323,7.997593585,7.25770105,9.187732242,7.670248878,12.67179037,10.45703055,9.449612013,11.49897288,11.06556677,10.84077479,22.72393177,11.35286903,10.84077479,10.84077479,10.84077479,10.84077479,11.69945002,10.84077479,4.146120885,10.84077479,10.79538137,12.79398493,10.84077479,17.31347183,19.85957062,22.72393177,9.256909144,9.692230641,8.931368331,11.82702344,9.837199902,7.806994965,8.29224177
5240,1681,104.0427153,30.68486415,1636,104.041945,30.68582265,129.3414543,,18.17089699,17.57091455,17.67093873,17.57091455,17.22160834,35.54421645,17.22160834,22.0939139,23.85293843,24.4264517,24.46656081,19.33324969,27.77112736,31.92886187,30.32180614,27.83535589,27.02346038,32.38631861,25.47902793,26.74817852,53.52060178,26.63995081,30.96607107,26.72924289,31.05157593,28.30411552,29.84811696,25.01701735,28.56623115,28.75971531,24.36796609,26.68744723,33.98753725,29.6471225,25.91803066,26.23263285,29.57160326,26.1375391,29.53837853,33.56517896,24.05220557,31.25527871,27.26964776,24.30628997,23.35839163,24.3047722,23.07997219,26.76030089,26.62670732,25.28760005
5241,1682,104.0337291,30.63346353,560,104.0346298,30.63539204,230.5115871,,47.64641417,63.67071973,50.67735655,38.21639471,27.17822206,38.03705333,25.61804629,29.55364464,78.5834956,104.561957,48.38727193,32.37353889,52.8561601,52.26434864,42.77534606,59.91636921,68.86653225,53.45196223,46.23073613,51.70353356,51.70353356,55.88159687,50.14149327,28.22590862,59.7008427,115.2557936,83.71669241,171.4548995,38.153642,51.70353356,56.78985208,52.58819478,47.60086312,53.3660266,60.35212462,48.52875518,57.62789678,54.28871022,52.05100355,52.14445239,40.82862059,35.58497914,37.85774241,34.17799479,32.87803936,21.36004807,65.86045346,64.0804412,66.38733708,30.73487828
5242,1682,104.0337291,30.63346353,868,104.0322507,30.63509005,229.2882337,,19.62990824,56.09089663,28.71087448,21.00350232,15.25057998,28.51252647,47.16786522,36.04531185,38.48194132,29.06470568,54.7251475,13.768768,50.24403034,23.55028934,42.54833203,18.19146317,61.83053493,49.72515912,49.03589949,13.41084714,69.55935178,13.00926149,47.16786522,36.04531185,18.57002568,14.3429651,28.12394008,13.22816733,14.58370391,37.95115592,45.41610131,57.23373477,14.25626324,25.7546846,14.91305585,41.82961021,16.12970476,45.29150295,19.3310923,28.73586219,15.78274649,35.39612527,14.71368345,14.07395808,32.70355156,20.33097639,28.02844283,37.67687979,37.67687979,23.15393103
5243,1682,104.0337291,30.63346353,1667,104.0358641,30.6316149,289.5651337,,28.84434093,40.38207731,39.54607289,21.25008002,49.24887313,41.97722744,55.64596876,15.92110701,48.59834412,45.92222385,35.47505466,20.94443562,63.45253364,20.0854428,21.15697701,15.90895813,21.18051774,22.11102833,59.313484,18.18350702,24.38443231,28.87630142,57.72062466,35.45695515,16.15676505,53.73373615,28.30779311,17.14530397,32.2985122,41.36644767,57.35540475,25.05852119,45.34514418,46.9036887,41.81685598,16.42922744,62.35899189,50.56679512,29.47108792,102.7029046,57.27661985,15.0152608,44.70130709,121.2133118,16.70568079,15.88471591,34.17817972,46.8124159,15.39785054,27.31269383
5244,1682,104.0337291,30.63346353,1670,104.0326902,30.63157475,231.8067288,,37.8288406,26.36664214,37.8288406,29.57137575,33.35348616,32.31381311,29.67963649,36.44123248,32.98435667,28.33630641,32.55543136,29.99058966,40.78710771,35.79003103,30.03974887,36.46113484,40.84033722,35.21114868,37.59028035,42.85002432,34.78912866,32.26176122,30.40088247,29.69765921,32.52767286,34.16248997,45.85188042,31.5502542,28.6279322,39.05921624,34.17764738,23.50716123,28.85062139,38.72409391,31.44744115,31.40063105,33.47165268,31.29574451,42.57674611,25.9565855,33.59162841,29.80372227,27.90984026,28.71659407,35.59014764,30.28268307,21.85281109,37.25465284,34.91649471,36.01529823
5245,1683,104.0913322,30.63488636,144,104.092415,30.63211004,324.7243547,,39.4269031,44.61861362,35.31745247,42.86004315,86.114746,83.33048613,101.6528415,161.2807927,67.75920844,51.27226653,52.71736987,58.96633932,118.0815835,74.22270965,157.1246878,64.5503963,84.93050068,55.6481043,57.21081617,33.93345942,46.29733374,47.52063727,33.49592197,31.25688976,27.09171905,39.09724672,33.64050869,34.50945172,33.4480022,42.2833927,59.82639084,89.92366746,31.96193238,51.6831247,46.62708683,46.76030708,26.79673758,41.16224215,32.39145683,43.29658063,34.131611,21.12028323,67.18434925,38.48584945,36.15487661,48.67485122,39.4935026,40.0802632,38.72489199,88.72923544
5246,1683,104.0913322,30.63488636,1388,104.0952575,30.63396936,389.6741548,,52.63891022,49.43012534,51.3411704,51.38560283,62.9190618,48.79701199,52.71379177,96.30391009,84.29405152,59.29108019,67.95890802,87.95153337,65.89909371,57.33625165,58.59761726,55.18414519,43.09760237,55.65611231,58.96708522,64.48035224,46.02261906,45.43369821,48.84252028,49.56255995,50.04617157,45.58246137,46.23010845,45.6879246,50.24451853,52.17394541,57.86557868,47.84403436,49.30850465,51.68139838,82.51923278,55.92061816,58.23803873,46.38025257,44.60499069,52.05294832,50.19058881,45.20387618,52.40294947,42.9765726,38.08579975,53.12061688,47.4569336,53.94450903,56.76588598,47.95989598
5247,1683,104.0913322,30.63488636,1740,104.0901163,30.63838237,404.604918,,54.65582382,54.65582382,45.28220843,56.29285816,271.4119947,72.73796279,73.33304996,73.93795456,103.4256359,94.52716668,69.52638209,88.38700735,108.8803932,70.87969366,47.80889621,61.85043332,49.16717991,49.16717991,36.18826596,38.43212941,38.43212941,38.43212941,55.48867447,38.12032727,28.4487833,37.81354374,34.88808874,38.35622659,47.44552784,52.16034753,62.73845102,49.99694639,49.99694639,40.46985982,32.58563098,33.99247853,43.03036056,40.7434323,40.7434323,40.7434323,27.8238339,40.7434323,50.66357234,40.7434323,40.68652807,40.62978256,37.39608998,35.8101464,37.39608998,35.8101464
5248,1684,104.0587728,30.72356968,467,104.0596416,30.72731696,423.565812,,54.15453304,29.04451282,107.3828819,51.42788948,37.47185699,39.68862372,30.25470086,48.45880052,34.5898735,31.28512358,67.27221719,32.3658673,39.35063028,34.77959747,33.43329633,37.53444734,38.15271701,37.81837607,34.32911616,47.50270789,41.77635406,38.17819037,29.8402529,32.59591542,33.62374693,34.4148716,53.88116336,64.24874677,45.99809723,42.29783421,40.88034647,45.63103012,36.23853263,113.7938002,33.05282348,30.41563012,32.28876492,31.68492308,39.6576573,42.81913357,32.29218389,38.92372491,31.45209588,39.96203093,40.11673042,33.71811533,29.09994128,36.04815421,100.3182186,31.4788795
5249,1684,104.0587728,30.72356968,1145,104.0659756,30.71997839,796.2967673,,51.5058484,52.91496746,56.63630502,56.82822745,53.89690085,71.27216671,88.24732412,70.53809947,69.37086381,53.76347266,116.4621933,68.72444381,56.49275505,74.26601975,50.9856534,57.02125093,62.22522743,58.56319433,65.68900922,61.4432371,63.50833113,68.45775194,53.70304163,63.7473293,58.45041972,57.79573311,49.13727052,56.56752991,105.3599398,69.43487382,67.2453287,53.42281704,126.6569232,137.8016163,52.7203377,48.73214386,78.33854152,108.7231996,60.07268152,53.08645115,125.5475195,78.60038596,55.41597453,55.79346754,52.85805217,80.04658603,49.49168475,67.93052991,86.30210824,56.57221383
5250,1684,104.0587728,30.72356968,1357,104.0558211,30.72479253,313.437054,,33.73313586,31.22837334,33.73313586,30.608257,35.44628464,42.27107073,36.22386499,24.08481098,40.1526599,24.66389933,27.75826308,36.47758818,33.92328882,40.08431241,89.553444,43.31567733,40.52939736,33.63259,34.16128115,89.79098627,37.44084262,45.80676839,25.58669829,31.12754191,68.80325576,48.17604102,80.36847538,41.7916072,29.49995802,49.08639019,25.73257456,32.27612684,51.64180295,31.90499701,40.92015936,34.43662444,38.32790063,31.43101377,73.27099964,38.94299894,38.77571802,38.38004743,61.65974833,37.14809529,39.97779962,96.44217046,42.58012809,38.58785963,41.63739463,41.67584098
5251,1685,104.0579058,30.67416757,677,104.0580009,30.67074252,379.710862,,50.18665822,37.99747333,73.88968125,52.50803214,63.57949317,68.35178898,37.17087976,64.63163609,43.81279177,33.50389959,45.87111085,32.70237089,45.11416182,39.71619159,41.48586049,32.15113531,36.6617384,34.04630394,40.88611476,67.75509805,73.4924249,48.21725232,35.26119784,57.55617277,36.21083717,25.01297536,52.03003533,68.86443845,98.34238153,51.38943997,59.8231555,41.30825796,43.04931041,61.25616219,40.95144108,48.80253849,48.34514954,53.08579042,38.2045585,62.4485214,47.03919832,55.14065947,52.88042952,54.75136594,37.37054606,43.16063925,52.10771677,46.65389431,60.43629475,44.18096649
5252,1685,104.0579058,30.67416757,1514,104.055294,30.67517099,273.80019,,36.61215913,33.18790182,29.30219275,42.7453339,31.89905126,40.76429628,52.15241714,34.30443216,28.82107263,29.86911164,26.19749326,29.68321674,48.79607347,42.01537442,38.93541164,50.54772738,57.934745,35.36074203,35.1070011,30.65880821,26.51104583,28.42626342,34.95321574,42.77302873,56.99514158,43.78856881,50.19133917,53.17737793,39.90610057,29.13562731,50.12708056,39.08329437,30.24140162,34.4884774,48.48404742,48.02791939,45.75440841,42.88231688,46.20378207,51.45238469,39.89264152,33.7892497,44.26709658,30.98001102,30.69920673,40.23186465,44.43163225,35.93003709,57.64214526,33.97833759
5253,1685,104.0579058,30.67416757,1745,104.0579073,30.67652495,261.2699314,,35.66631783,28.21312214,25.6247791,34.57278242,41.3256482,24.03249449,25.57127747,28.83224039,28.58176319,21.38959414,40.85889457,24.5330989,25.70369811,20.2382303,20.59877492,28.81653655,24.18810533,33.67776098,26.85155902,21.95437753,24.76274909,22.67804106,32.21136141,22.50171658,21.74104023,22.82941148,18.29906134,25.36601276,21.42532467,19.87123422,21.63655035,21.85198232,23.84413773,27.51819055,32.79330993,30.83841813,30.95440654,29.70226588,23.45565469,28.64685543,19.86423977,34.84889785,25.89917631,30.02281017,23.36409606,28.03028403,26.44531639,18.22813475,32.65874143,23.1822563
5254,1685,104.0579058,30.67416757,1892,104.0595661,30.67321994,190.6074406,,50.27009422,50.27009422,50.27009422,50.27009422,42.73088446,35.55371949,37.15812921,18.2983143,18.2983143,18.2983143,28.55146129,28.55146129,29.45007666,28.55146129,18.69718763,18.69718763,18.69718763,18.01015187,18.34724027,18.26179072,18.21936372,18.24055255,18.22995198,18.23525072,18.23260096,18.23392574,18.23326333,18.23359453,18.23342893,18.23351173,18.23351173,18.23351173,18.42112178,18.32683663,18.37385825,18.37385825,18.86532572,43.29254171,19.38380752,19.38380752,19.38380752,18.44588135,18.44588135,17.63976314,18.0338183,17.83461433,17.93366315,17.93366315,26.24041247,17.93366315
5255,1686,104.1111198,30.66475146,876,104.1117457,30.66314868,187.4831483,,15.20818688,22.27522554,31.24719138,31.04596752,24.33675483,16.62412152,13.28620736,20.598352,24.14809781,14.89932304,20.94458755,24.36604093,21.22450735,17.64547278,14.28443035,19.21261981,13.36513532,29.78220999,17.23982973,31.24719138,28.47845291,37.08457878,23.40288952,18.24160362,23.97653051,14.37570466,22.62998605,19.39480844,21.49488324,23.20625194,22.79237936,23.11436075,19.10463137,22.84058659,23.13873703,17.10150339,24.72305252,24.32700843,27.92852416,25.71260436,21.49488324,16.12758265,18.86622876,16.38202267,25.95920515,27.19336559,26.14004228,14.10531523,13.51229898,60.53267568
5256,1686,104.1111198,30.66475146,1316,104.1082024,30.66401277,291.246986,,36.59647992,68.08371101,52.35900872,47.87621688,51.20826127,100.8162644,51.72934441,49.77251563,43.23666596,44.0806249,46.7777186,49.10956204,70.13305348,50.00743161,49.69142889,31.7243313,33.35596447,39.96782019,42.27778829,61.84648286,60.84076304,40.82371771,45.19349783,68.08371101,90.44697377,56.06893848,80.65301151,25.29527502,42.22989652,61.60335779,40.62927196,44.03440891,55.67737611,31.06634517,44.42750634,47.70221746,44.63826283,43.32066604,43.31406566,33.98668232,72.14374884,98.91407072,56.21925735,38.72311788,48.28568453,31.08169416,67.00563387,49.38187128,23.82929885,31.84477296
5257,1686,104.1111198,30.66475146,1420,104.1104751,30.66671904,226.6451581,,23.81758959,18.02148137,21.0560663,18.42331514,24.65022868,26.60617073,21.73685701,25.18279534,33.01548028,16.46665124,25.29992463,20.73720392,23.89231535,26.25655894,23.8341549,24.24332493,21.27568629,16.64298968,22.67711421,28.78033754,19.57431194,26.45877808,29.2270771,25.22171775,22.44628801,26.40526114,33.30296201,26.75155964,23.32873679,24.84538883,20.41507679,19.18313251,30.89715525,26.52174592,25.26727956,25.14829837,24.36355307,18.43892812,31.30938485,16.89980466,25.65794243,51.64066893,28.65399716,25.56606081,27.89478869,17.94222252,23.78783,18.49465589,72.85022939,18.37663444
5258,1686,104.1111198,30.66475146,1424,104.1133659,30.66546935,229.4301945,,19.32043743,24.01013663,29.12372004,19.29786683,24.58180655,26.29363152,28.55758088,19.23047032,32.56895506,36.42552151,24.29260883,22.62873151,29.26820341,27.21412521,22.44425816,25.90543685,38.68612179,26.13761709,25.88470875,34.75849343,19.08604738,21.70693036,36.77888614,24.98332426,25.90534354,25.9053434,29.04179677,22.74296558,36.02829663,22.32293784,21.67844357,32.2321444,30.47781182,30.88620879,24.55257729,26.77925383,24.52705865,24.11052414,40.3722379,23.23343742,23.26616057,22.20292205,25.02874849,20.96316498,28.90459143,21.82163012,18.58152306,25.38776743,33.50704666,26.75137491
5259,1687,104.0078677,30.68522261,872,104.0034106,30.68701985,471.1184585,,62.81579447,45.90058053,60.61567014,38.78848372,49.99341048,47.04650348,50.44882545,45.85834893,42.72106928,45.24303951,47.35299536,49.16018697,44.10992069,46.95966176,43.39050721,47.33097072,45.87730044,38.37163915,47.33097072,80.76316431,45.73426007,47.04650348,43.76842453,45.56148961,45.59210889,45.83855272,48.80651656,48.80651656,49.12458945,49.87090764,49.83427377,46.59413326,42.17222836,58.08309762,49.62769424,48.87684296,48.81822357,50.58990158,49.9749967,61.67368911,55.88225537,55.88225537,55.88225537,55.88225537,48.59674644,48.3198419,48.3198419,48.3198419,48.63158281,39.71958901
5260,1687,104.0078677,30.68522261,1405,104.0066113,30.6827291,301.4289481,,19.51698225,27.37958486,32.40618384,40.07919532,42.72221312,37.55690632,23.27387052,32.92306472,30.60663166,27.37958486,23.3113687,54.35312795,36.8939809,34.63226213,43.03281744,50.18007922,28.93717902,40.7438378,39.82180599,50.18924063,37.45105136,36.35323997,39.98320609,29.15095267,39.21348997,51.14583879,42.68860005,40.1244779,48.40072316,30.48157902,42.65503983,34.97241939,50.47182387,44.3174416,32.91640687,48.94336013,24.34878563,41.87724894,47.30014732,56.04360042,36.23186021,44.86919457,30.784233,37.48720103,39.77315382,44.06037988,30.8279606,23.26139792,39.72241712,32.08587265
5261,1687,104.0078677,30.68522261,1409,104.0093726,30.68765838,306.0372569,,27.95392642,30.17622911,33.19538632,33.91038025,31.5537153,32.43460782,27.66785848,35.35367419,29.96285354,61.54939245,27.69807282,31.21059844,37.0536111,37.08255732,34.84627692,33.32697126,37.73011492,35.68849803,38.76389892,39.78125153,32.22784758,27.43198769,27.49180598,32.4998945,32.04267935,40.02818605,30.26742101,31.85737229,31.34861821,31.43321326,32.33262289,32.91833975,29.39264006,32.11384082,36.61151269,36.03382256,32.17133349,29.30143949,26.54141472,31.96907145,31.16645332,27.82156881,32.63718185,38.73236512,37.57780004,32.89679201,31.27458484,34.65126063,32.24849865,39.10367215
5262,1688,104.0573548,30.63968945,1448,104.0593742,30.64382237,497.2524457,,70.21345702,69.86191386,70.04508762,70.78423144,81.74012806,77.02460195,66.611961,75.67715931,64.94570802,62.42750844,75.99375125,41.53384697,75.6277484,55.99089201,64.45680833,44.28769927,69.56381366,87.9120346,63.91343546,110.5858721,69.11617006,87.75043159,97.79301633,51.00025084,57.97923254,74.54903923,61.72788981,82.67277824,81.2630456,62.98159876,71.07635638,62.13258481,95.38768051,57.58034039,87.64302593,51.68745346,54.74338852,66.27986935,61.67472195,72.08491831,59.89489936,59.45230171,68.6742508,82.52971437,53.26485342,68.33407843,68.06497356,76.90636764,64.17930077,75.82286041
5263,1688,104.0573548,30.63968945,1703,104.0594489,30.63864347,231.7631415,,34.37064096,20.75490819,20.75490819,20.75490819,28.77059688,63.48294747,39.5961435,48.77186776,43.70762333,35.43682163,29.79811819,25.05547476,25.05547476,23.02706466,24.55768387,23.02706466,23.02706466,18.49994034,20.51673711,19.97240717,19.97240717,19.97240717,29.43024019,25.63278984,25.63278984,25.63278984,25.63278984,25.63278984,25.63278984,25.63278984,25.63278984,25.63278984,25.63278984,25.63278984,25.63278984,21.6245523,25.39870044,25.39870044,25.39870044,25.39870044,34.81282236,28.77059688,28.77059688,27.75606485,28.25422653,27.75606485,22.36856057,27.35564949,27.9747631,38.7168125
5264,1688,104.0573548,30.63968945,1831,104.0551586,30.64072392,239.6687178,,30.38054169,28.15032248,36.79349186,31.33682993,31.93611538,31.29893775,48.50260123,39.15178147,44.70504581,24.85044309,40.06845438,35.72701383,34.10305866,20.14336305,37.88991022,37.43199063,37.43199063,37.43199063,22.01039245,35.65319769,35.65319769,30.79255475,40.22412047,34.72061908,36.55963492,33.05775418,63.20933217,32.98193364,29.37216627,51.35758239,24.54644051,33.21683866,28.23091645,28.23091645,28.23091645,26.96273075,65.86315909,30.06297506,36.15114737,34.28373711,34.46634025,32.17715338,28.10447505,27.06422158,30.22092414,40.50738892,36.81966078,57.67429038,39.45765475,42.5028268
5265,1689,104.07089,30.64524798,1291,104.0703953,30.63932221,658.4608274,,100.0193662,86.61847668,112.0122376,131.6921655,139.4387634,105.9028583,94.34662602,90.59078898,107.7481354,120.1246104,87.79477699,147.7842256,86.90958675,111.6385704,65.93766283,122.9491171,59.13212295,54.55601792,82.16495593,118.6218005,135.1972802,67.43837777,98.52281707,76.46641867,69.67839443,100.5496916,80.42269648,98.76912411,113.5743522,96.95128747,97.54975221,174.8494504,100.2308236,112.3440274,199.1982335,75.49232416,96.55637388,81.83402687,74.89601828,84.50834148,113.1483999,90.1315201,92.11628157,97.54975221,97.54975221,128.1329178,228.6616377,155.439933,131.3273672,127.9772697
5266,1689,104.07089,30.64524798,1758,104.0729416,30.64481732,202.3150389,,34.43660237,34.15400422,34.15400422,34.15400422,24.82393115,38.94834973,58.50073414,42.01927732,48.71800268,63.33340348,64.74081245,31.32619957,31.99125066,31.99125066,31.99125066,33.0185481,46.24343746,34.11401124,66.94247611,39.20458887,37.38881622,36.28711018,37.91887793,33.05601241,41.04341977,37.6539068,37.59143949,33.4405023,39.10518873,32.95629593,35.39898615,40.09178752,33.79740789,49.8371357,57.23647466,37.06535064,41.65309623,78.31549893,46.09709747,68.71076793,46.58853775,47.09056939,42.59263977,39.26329596,46.53892269,40.78018701,45.34055202,28.67457244,53.42304207,53.42304207
5267,1690,104.0204478,30.68347603,858,104.0177605,30.68169041,324.7043452,,64.58207971,64.58207971,66.04156174,34.89360128,48.45329089,33.59010468,56.1313634,47.80922874,41.89733486,39.75971574,40.61624888,35.23923126,44.05536342,61.52292856,39.00786349,51.83750079,37.05025809,100.3378234,38.83507119,39.75971574,50.98955912,49.63633302,132.8335958,40.7294649,45.66154854,41.67328495,32.60629408,53.01295432,47.55153637,52.83324939,41.20115559,50.32662166,66.98771592,48.4031322,72.42154579,36.47225094,53.21406567,54.0965203,45.7807693,55.00873613,44.6840842,58.62265009,44.43896174,65.48659063,39.96361172,47.22972294,41.30514639,41.45161854,50.33092111,44.78680623
5268,1690,104.0204478,30.68347603,1437,104.018984,30.68389135,147.5826488,,30.85351543,17.63155539,20.69318542,18.1330217,21.53181502,21.95444362,25.98031959,24.78355852,25.98031959,21.51002169,23.54781322,44.0301825,23.15021942,21.84162531,21.6856137,26.92061346,32.52842056,20.9999026,26.63145542,19.47571612,29.15337787,18.04679129,29.59874851,18.51210926,22.73416926,28.33586857,18.04679129,39.50167552,26.10798701,18.04679129,32.80534881,22.87415072,30.44685018,45.02521489,26.90114105,24.65417799,25.64589874,26.8614722,25.75207686,26.83320887,46.46917223,28.18554566,22.23002241,23.56522058,24.07465469,24.1567507,22.65661133,41.18585548,21.91058849,25.91695296
5269,1691,104.0665173,30.65097336,331,104.0677955,30.65381329,337.7397836,,77.59178181,72.37281077,62.67448365,51.62292246,67.72563198,61.25255521,51.73886047,72.3249768,77.93995006,76.71061331,65.45697017,72.69735252,37.66225775,50.5166343,94.80414978,56.18591594,53.28059689,69.08313755,27.0492374,53.42985865,64.19552381,69.57729448,68.88743462,120.981415,42.6618674,70.68972215,63.50430643,147.6756949,52.33270679,79.99100138,125.7355968,55.77354225,73.77810807,42.43850684,55.97145353,90.06394229,67.43556411,108.3174362,57.89824862,53.78735771,54.0023638,42.61700739,45.99009819,75.63690333,47.74332019,49.55964217,62.35196005,63.9928011,44.41509483,49.50919122
5270,1691,104.0665173,30.65097336,889,104.0642409,30.65165033,230.6699168,,63.71445274,46.77643751,62.43696996,28.70086523,55.89309521,80.62249519,62.08685611,37.68888202,33.48434276,38.57894079,47.63355835,35.08781833,37.10876516,51.90073128,69.20097504,29.23984861,53.97290531,64.41140876,99.64940406,46.26249028,76.88997227,22.81350825,46.91591528,36.90718669,78.34072646,38.62380002,52.2209287,41.33686562,46.52166389,58.72784303,39.9556552,60.1747609,43.45267727,49.42926789,42.30153647,33.71089448,106.8053634,53.74833013,38.02469008,50.0678889,52.47467302,23.72604859,49.2825935,31.75570556,48.43619771,30.68023524,58.89444684,40.18121131,41.75920907,34.69686771
5271,1691,104.0665173,30.65097336,1509,104.0698233,30.65116749,317.5138636,,63.85753681,47.23346731,56.84669069,56.86815467,124.5830963,64.5790909,60.40957855,77.23310196,54.95432255,36.88957751,53.60140253,61.45429618,59.31319024,67.4365728,51.83899814,63.67966067,73.39004231,42.33518181,50.34538046,65.5669164,39.96678003,57.72979338,45.05684469,53.81980737,51.75293882,37.76596615,51.98142647,41.56545123,44.91355241,64.2850779,57.72979338,38.36632019,127.0055454,62.63287172,48.23419395,52.65084795,61.62236196,34.37744087,49.16343694,57.22402548,50.15576608,49.03989558,41.69178999,43.8454127,54.91032388,46.94250139,33.61911497,39.66419242,64.28852131,55.48785966
5272,1692,104.091162,30.66894156,1656,104.0896351,30.66368435,600.736249,,117.5353531,87.28185859,78.33325071,62.68552163,169.3982112,81.49626343,81.05126942,151.2343004,96.74484978,63.7479881,94.85309195,81.60945269,115.6497592,90.48746847,120.8184635,79.27725525,237.6539007,90.48746847,151.2343004,98.69483155,170.5560328,245.7557382,170.2874407,98.90169952,100.7641466,91.03501169,185.2377299,97.25241131,88.71268633,79.0972446,98.67196474,96.33723465,94.99196908,82.2300569,87.02818899,128.7291962,63.79499989,52.74757308,126.323043,84.36867997,104.7288376,96.60080386,92.81761787,127.2147351,110.0585494,103.6426911,116.2715321,77.66513829,117.7914214,87.4858615
5273,1692,104.091162,30.66894156,1862,104.08965,30.66997767,184.8482131,,26.51209431,19.69963195,24.25711667,28.0387739,22.35566295,20.99222609,26.01460388,24.83035698,23.04601098,23.04601098,23.04601098,22.33065662,30.38600763,30.9753406,31.58798578,47.44766967,28.56023893,22.40584401,18.82471194,28.9831693,28.81998992,42.80973628,26.01968982,31.62372689,22.48153943,36.00289814,21.53571415,26.00697869,25.61900162,26.40688759,30.35135996,28.13757155,19.76105619,30.11102114,26.0451494,35.15603751,31.43167996,31.43167996,32.93392936,39.06772411,34.58698374,45.57901145,27.11394046,18.85137584,28.68334341,25.23844123,28.68334341,33.0523295,28.16734676,27.66958699
5274,1693,104.041902,30.69606019,1181,104.0436286,30.6964945,172.2389552,,19.88282946,12.1580439,14.43259211,9.786745594,10.20955388,31.05476988,19.93762825,21.23493968,24.74672941,16.33887322,26.13531038,17.29596203,26.38203382,15.75756642,17.81782295,21.79473598,22.18462393,26.85696757,25.16095313,28.53516594,28.51158909,25.6298082,28.51747966,28.27958313,28.51895267,26.85180921,26.73169009,25.4274323,26.81345465,20.91265561,30.14896307,16.10546075,44.6222091,32.27379252,23.2123627,22.50672373,61.08967869,33.78858287,16.5349397,22.33646393,25.63998231,22.46595068,21.97496416,22.54764504,30.8885588,36.70684831,23.66642133,22.78237252,21.40599213,27.1717896
5275,1693,104.041902,30.69606019,1495,104.0407045,30.69517994,150.5712968,,12.69453556,12.69453556,12.69453556,12.69453556,22.49197795,9.518115338,12.58645515,16.71724498,15.73811272,18.57153468,26.6840422,19.78760369,26.57140532,23.83474262,23.5708838,19.83776763,20.51302435,20.29541349,23.2642347,22.4454107,17.32632128,19.05217369,17.46699064,17.65892826,17.03103202,17.83232949,19.59224834,17.83119094,18.82120069,17.95637667,20.41161094,21.31984659,32.67597988,26.68586676,35.89284052,28.46842835,30.25344516,26.95683642,32.12887231,34.48935213,34.41997194,18.43730165,25.41064349,25.39889645,23.07621441,28.67076594,25.2010901,25.56823972,25.35186423,28.44268577
5276,1693,104.041902,30.69606019,1597,104.0415793,30.69688253,96.23678547,,10.09329724,9.080335757,10.75939216,9.632597618,17.85837256,14.30390206,13.07676066,12.9002533,12.03795788,12.62121777,17.25790424,14.5230451,14.80104715,15.240774,16.5618131,13.18380064,13.37654161,14.40613032,12.58968622,13.17951674,13.03854318,14.77138409,13.87084817,15.1115315,13.32830564,14.49354369,13.3824642,13.81661017,14.43545174,14.11925331,14.13578326,14.19701909,20.71956049,16.0063952,15.78167444,17.04407597,17.55743608,17.06874631,16.05379786,15.72612922,16.82430699,14.63324485,14.47320847,13.37008886,16.84192478,31.21193042,15.09887198,15.12977998,16.10821313,15.11817467
5277,1694,104.0298934,30.66792296,1403,104.0266969,30.66826907,308.6322849,,108.574224,108.574224,75.84138059,43.32284406,51.14933588,70.99528598,57.56871635,52.40925593,89.89289851,106.8342525,157.9729231,131.7481691,49.06216058,56.81178655,58.67069178,112.2299218,114.5439408,60.43149633,69.4061151,88.88609805,79.36258755,52.04104101,55.90320632,52.47887708,59.9918443,63.55544135,66.83165267,65.58790967,56.05833631,53.36367705,56.86162874,55.43831478,51.90501249,62.37308268,50.27494234,49.08348335,57.32541636,59.45558398,90.14817247,57.99211616,54.97655743,110.1893778,75.58341671,79.55199704,59.08670377,63.06534426,72.99706932,72.03087362,103.8388996,55.82095443
5278,1694,104.0298934,30.66792296,1729,104.0317137,30.67067588,351.4356002,,117.1452001,117.1452001,117.1452001,117.1452001,117.1452001,132.4783414,117.1452001,82.15377667,76.90991858,82.15377667,82.15377667,179.4564767,112.7098584,112.7098584,56.10501821,74.91743365,64.16066742,69.12306837,66.54948819,67.17474833,67.81186909,67.81186909,158.1460201,94.92190997,118.6363067,105.4624355,111.6621514,108.473781,110.0448766,109.2536809,109.6478515,109.4504113,109.5490425,109.4504113,109.4504113,108.1340308,101.01143,94.76915062,91.01929214,92.85637877,91.92865836,92.15884622,92.39018974,92.70753639,93.02707064,117.4169987,103.8086696,103.8086696,91.67885223,109.3805326
5279,1695,104.0875368,30.6431534,26,104.0860338,30.64221009,177.9770438,,14.46314577,19.19752383,18.43790957,18.08233371,32.4413852,19.69922698,20.93847574,26.93221344,20.80251161,23.84064587,19.55393767,23.28000089,24.66669327,13.38732465,17.55390021,18.01032629,12.76329398,19.8364507,30.59359826,22.17015078,14.47131243,18.84462817,17.8971329,20.37257099,23.8074262,26.2052089,25.0036042,23.77429899,20.9689317,36.48954748,20.11671453,20.69691511,18.21082021,16.99515538,29.57984444,25.0036042,23.38384517,18.46447717,19.89805459,19.97871399,20.72028825,17.36361403,16.89432716,26.2589081,19.18315442,18.78936533,22.32464661,17.94726492,19.99118121,16.7180002
5280,1695,104.0875368,30.6431534,1037,104.0909857,30.64806866,637.1693347,,227.7541452,143.1952933,114.6586306,201.4322375,158.6953892,268.5959725,144.264755,104.7401646,88.90734903,124.2480203,140.4112724,186.0348422,161.7637239,118.0854365,147.3088737,218.0427381,229.4765757,163.0670335,180.3160219,184.1112525,176.1457888,155.5125156,144.182318,124.1135639,419.5993179,120.6562621,114.2010472,221.4458187,157.6501447,157.6501447,81.05334293,147.6305458,126.1401221,142.2958812,109.7516557,179.765643,140.8397219,86.01889408,158.5265051,277.0301455,240.2556918,148.9486756,146.1025226,143.8125144,125.3447872,252.8609013,144.3885874,177.6894764,150.2905556,171.8209442
5281,1695,104.0875368,30.6431534,1485,104.0877355,30.64267114,56.73875603,,8.010177322,6.808650724,6.808650724,17.31012896,7.586240361,7.643012973,11.55314037,6.508738274,5.658158496,10.03732293,7.219351616,7.172033768,8.958750952,13.66284426,12.19459831,15.07450345,9.018080429,11.25913762,11.04105523,12.20188302,11.24364339,10.23857252,16.53923253,13.394067,10.56287119,7.416830854,10.36192881,11.69871258,11.67197267,23.21130929,8.747731122,7.621623944,7.917035725,7.911924662,7.48660434,11.84113169,6.489579721,6.686072724,16.74258375,7.821754115,11.87555359,13.70869273,10.50914284,7.876331172,9.50044287,6.763560321,12.76622011,7.731664153,7.781315113,9.875561083
5282,1695,104.0875368,30.6431534,1832,104.0865447,30.64375218,115.9472542,,12.94517931,12.14283971,17.31992179,17.31992179,17.31992179,17.31992179,17.31992179,23.98908708,21.88257484,20.96221545,20.96221545,20.96221545,17.15384035,17.97003052,18.40796153,18.18636004,18.40796153,18.40796153,19.50514557,18.9406776,18.9406776,18.06970195,18.87121369,18.80225744,19.41442396,19.41442396,19.41442396,33.57185913,24.60177495,28.39524593,26.36274412,26.36274412,26.36274412,17.17737099,20.80116852,18.81638385,19.7590587,19.27620312,19.51464452,19.51464452,20.77205487,22.2026657,20.87050576,21.51598532,21.18833072,21.35090103,21.31002502,21.28964565,21.29983046,21.29983046
5283,1696,104.0165822,30.68915906,991,104.0121158,30.69204887,534.4137894,,78.74036734,104.9728355,78.74036734,105.2024411,61.86140327,81.71551439,61.76210728,86.65356369,96.03442473,79.95385525,80.69442747,80.28751766,97.82489703,77.26464425,86.38121604,83.57167676,80.76500159,79.71367897,81.51355179,93.3627251,76.31958911,76.63202821,86.08007346,91.97878764,82.83701364,93.22017586,78.99439337,81.05721792,71.33516371,89.41392602,102.3967875,92.02811818,80.32942137,91.57018762,96.19833445,93.83054957,96.65691943,80.61553077,99.18617401,87.59999539,73.60649036,85.79912367,79.57825768,85.61356301,71.52006103,87.66477752,63.18192584,90.64262152,85.22213253,72.75649646
5284,1696,104.0165822,30.68915906,1061,104.0180424,30.69090113,238.4113748,,123.6716065,34.46911443,28.60936498,32.75881486,29.66408811,140.701795,106.6187515,28.22756901,88.48257209,29.29564253,49.61161557,31.72942511,26.77665191,32.8528593,31.05026045,145.4713473,31.41009878,102.1763035,31.41009878,29.38479713,33.46124559,31.41009878,31.41009878,31.41009878,34.07349265,104.0340545,105.0956264,26.02823197,151.9081326,25.46827743,26.88105124,25.33203318,25.26445624,29.31788042,28.31296364,38.47437896,42.41710214,80.21317283,30.68327546,31.40599396,30.76000177,31.10719899,147.133877,37.52340788,143.6453472,127.7203794,100.9742293,30.62018135,119.2056874,37.26159637
5285,1696,104.0165822,30.68915906,1612,104.0209353,30.68733577,463.3485895,,88.59168782,112.7910917,98.84769909,85.61445282,91.1505422,67.74973454,74.54597438,71.28439838,87.79236433,79.14851351,83.03370741,108.6287576,78.65574877,94.77584785,82.90531422,91.31687529,202.8030301,171.6105887,145.3456365,63.18389857,64.52823684,83.96249607,102.6495337,91.34251892,73.16030361,75.19406112,107.6936463,93.12961725,127.9837537,127.2110522,133.4443938,96.83918271,91.52564731,80.71233493,55.16054637,108.0813125,97.53740997,73.97139345,78.43518442,89.40524032,66.57425409,109.6374128,69.11829789,80.55804031,83.40274611,118.9768133,91.65136935,67.43244517,66.04027212,79.87493643
5286,1696,104.0165822,30.68915906,1672,104.0155067,30.68723514,236.8129198,,32.580631,32.75011808,18.94503358,29.14620551,32.5288335,37.43255812,36.21168434,17.38076476,34.13519565,32.99038418,34.80668692,36.21351552,41.87437251,21.26001275,45.26689441,30.81595161,36.8660113,42.27404187,34.85627985,30.25826127,33.6140305,31.66300878,60.03707826,33.30181685,29.97707186,24.86708346,28.85030495,36.43275689,37.6004048,24.06567428,31.50559918,25.17302691,56.64627982,27.23726873,24.63949455,19.57580967,18.2358612,26.08710255,41.96576805,44.75859909,28.5483972,24.28850459,32.46532961,40.79074217,22.70376861,38.45984261,35.53684765,27.67943218,34.96263979,22.97915125
5287,1697,104.015711,30.65440143,368,104.0158985,30.65212806,252.5996352,,32.7696824,32.18968803,46.33674837,41.71370123,27.55632384,28.2059146,23.5585152,33.05041956,32.98761862,35.99044934,25.43660662,28.43523098,34.84132899,36.32591292,43.77177794,30.56667855,38.28878681,52.02280816,37.96904746,37.78498698,37.56486472,30.26152036,47.86098351,27.30806867,47.04738216,52.86969109,31.71259588,29.47678077,36.22942975,29.7936705,36.52042919,32.50611928,39.16273414,52.11224566,30.20213029,32.01967207,43.14869213,44.52184513,56.42349658,42.0999392,41.90593026,32.78937573,41.77758131,35.05116595,34.85468328,34.90820295,43.37163847,35.92274722,32.15554055,36.48379887
5288,1697,104.015711,30.65440143,1105,104.0196143,30.65421329,374.590421,,53.22490373,65.23019264,68.97828724,115.9190988,53.51291729,67.59526394,51.93294668,40.19450121,67.62916327,36.12121917,87.74464518,111.1422129,86.90819648,118.1436622,60.02339089,93.55900773,66.80593494,109.4582399,42.94667247,54.15765123,70.27637313,74.74013152,80.06512817,97.80783431,81.04119685,43.62395522,127.4969578,105.9051452,139.8094314,49.03729148,78.1064892,33.96789712,105.278784,40.7563435,89.90170104,56.51825296,77.34458084,44.33855618,117.2321971,49.82675435,105.9051452,88.22997517,53.30140378,101.1394137,53.89482506,77.94945177,105.2669876,47.9658466,115.4663578,128.3088026
5289,1697,104.015711,30.65440143,1375,104.0110726,30.65470198,445.700541,,55.28068726,59.45609983,32.02638618,41.49625726,46.32478063,39.1163344,94.38364398,49.40791217,67.41688855,70.62721658,48.84885166,52.86727999,42.37293875,66.61057803,49.79604531,39.75525143,52.82042369,55.42390147,35.95791217,61.73612726,58.19973582,70.03865644,68.37728985,117.2190508,82.70731689,213.5802925,101.687515,55.55823918,85.60711612,113.7958828,49.79121637,58.71225109,73.50202339,59.98212888,79.21120383,150.2105653,67.89736526,114.0317641,116.2697063,68.40985049,55.57106723,74.31094607,82.7324025,67.31404051,70.52843726,98.26946258,43.63762619,62.66224009,53.44980222,42.78725194
5290,1698,104.0726142,30.67363721,820,104.0709467,30.6743258,177.0384233,,34.17363667,28.01487138,34.17363667,34.17363667,34.17363667,28.83883818,34.17363667,34.14312449,39.22081993,34.49733823,29.33944523,29.8286267,28.30937181,39.73534167,38.98888604,34.59408308,27.90753471,29.71274237,35.54757093,34.03337244,28.94361144,28.44651864,28.01663066,28.60584937,39.43661359,38.64266619,39.43655929,31.98175946,39.43650497,25.93441806,33.35878272,40.3378686,32.12120009,31.53621661,31.82602049,31.07072877,30.47154319,31.71672199,29.28944503,34.77181125,29.35110703,34.45072021,31.38174516,33.6492763,30.57726505,35.57709943,30.38618323,30.82424043,30.01694601,31.72882955
5291,1698,104.0726142,30.67363721,1196,104.0715214,30.67202107,207.4714213,,26.34557731,52.5983885,53.47712051,43.59321694,40.04810277,42.43733618,37.7220766,37.31819998,55.26722852,27.52015905,46.91564803,31.46154662,31.94598446,37.34485583,53.43157707,43.35550545,35.51016403,37.65867816,74.19507779,31.38223179,50.10630552,25.96414383,40.76949327,56.15767795,33.44315448,35.85106161,44.72437824,67.74577022,51.36843994,43.56899848,37.7220766,36.55287684,28.14496907,50.17543009,52.45064022,54.71773749,37.87510734,38.28456795,32.19384124,39.20719773,19.22020372,46.19982164,32.95134338,27.79152062,29.44186915,34.28993441,34.57857022,37.99621959,40.46029885,30.73650686
5292,1698,104.0726142,30.67363721,1232,104.0744083,30.67271422,200.0120628,,29.96019804,34.82676789,35.47011951,30.77108658,42.54318618,48.65158284,36.9253039,36.3658296,31.00294623,36.3658296,46.75606663,45.8626386,35.18025174,36.3658296,56.40026835,36.3658296,32.95812249,49.40263644,42.98766723,34.94414038,31.73842277,32.87035675,34.94414038,36.3658296,34.28778219,36.3658296,33.62942831,34.94414038,36.3658296,34.63597453,35.12406956,34.94414038,102.3758426,36.3658296,44.0842914,36.3658296,31.78999674,66.98078382,25.35364176,38.97393375,42.66924006,39.23942376,32.25880573,36.28946288,51.61601621,44.81598087,35.1326385,29.70412119,35.57526809,41.18701596
5293,1698,104.0726142,30.67363721,1724,104.0738388,30.67497315,188.9019845,,30.77136399,36.56167442,33.41755008,34.91898045,34.15177121,34.15177121,25.13456758,19.88441942,18.91647133,31.41095354,18.03838579,27.2503308,27.04562218,27.04562218,27.04562218,26.28201523,26.6583516,26.28201523,22.96486768,19.84090866,26.0305127,19.84090866,19.84090866,19.18327628,23.2793203,32.38319734,28.15930204,37.88563477,19.85539107,31.38679127,31.38679127,31.38679127,103.0374461,48.11654323,65.59940296,55.51405259,60.13681454,57.73304371,58.91041856,57.73304371,57.73304371,45.70337281,41.39109965,43.44048032,42.39103529,42.39103529,29.82662913,29.82662913,28.76984217,27.78537872
5294,1699,104.0558705,30.72777242,467,104.0596416,30.72731696,364.5744015,,30.22726498,34.32784252,30.03788518,36.6483168,32.14206969,45.5915882,46.30537051,46.30537051,35.72961467,32.60789678,47.04185826,34.57502227,42.40606932,39.0228299,33.43015398,38.11620074,36.79644443,32.55128585,39.94120041,40.88684877,28.6252529,36.661113,34.16656968,57.06381937,35.25116389,45.61139341,35.47689811,30.73695188,42.7166101,46.45903878,37.84145638,41.81082235,29.40555292,25.50131824,33.00975466,38.98419342,34.357797,34.34281322,94.42214715,32.590546,42.68188115,45.54832422,30.66513657,36.25601783,36.25601783,31.24923441,40.68558937,36.25601783,33.98917839,39.47271715
5295,1699,104.0558705,30.72777242,1357,104.0558211,30.72479253,330.3006646,,32.05073834,32.90852927,35.48175733,34.28726622,48.8663997,80.88995868,33.87216615,39.76171573,38.98497649,32.20263758,28.4639711,123.4341584,33.02433307,34.98844763,35.16521357,39.13869221,91.46787635,47.88251246,36.45027086,41.45483884,37.7501454,27.17902612,34.07112873,31.85164322,33.84232887,30.88525695,72.06559955,39.85194445,37.33382708,42.12869416,37.18578992,37.46914178,40.82113299,31.73001715,35.60571107,43.45660073,40.37631214,44.34346727,35.03483773,41.14027091,41.06700832,31.29164191,92.53559475,39.88297436,44.04008861,104.5347158,34.27676476,36.47492002,28.27782146,37.56974384
5296,1699,104.0558705,30.72777242,1471,104.0558742,30.73252706,526.9643699,,41.21828857,48.70530762,30.84669482,55.7962274,46.61928075,34.51313035,36.3655923,72.77696085,49.84798093,44.32410588,139.4905685,29.99322896,44.98984343,43.09894127,28.08396346,77.45372768,87.54453022,36.2613265,65.440948,43.51081953,31.07406604,37.60300756,51.48091538,42.15714959,47.1908391,42.8555361,80.61272196,80.59753884,74.58399719,72.51392856,29.99322896,78.06879554,68.56553016,60.41629719,66.14169757,65.92141152,44.42790941,76.6321615,71.83799327,73.01890152,35.01343604,94.14748048,78.56724799,70.57438163,72.90995203,77.51213341,40.03950468,45.52061744,77.44201777,46.1895726
5297,1699,104.0558705,30.72777242,1528,104.0496097,30.72806879,600.3521143,,59.51855729,55.59754296,56.25371191,62.32028868,65.99290417,65.99290417,61.28358066,65.99290417,58.83668634,65.70255593,66.6617881,65.99290417,55.52518352,58.5656475,58.5656475,65.99290417,61.16795127,65.99290417,65.99290417,65.77199061,65.77199061,65.41366863,64.65316072,65.41366863,65.41366863,52.77820785,65.99290417,65.99290417,65.99290417,65.99290417,57.94283141,76.4733253,69.2405749,73.55121347,65.01682461,75.10196333,51.95354835,81.55730594,63.67906928,59.05102764,56.82561643,71.21741143,89.44718587,70.01529719,69.42933102,69.72108295,69.64791533,59.70352518,69.64791533,59.43963571
5298,1700,104.0312907,30.64635526,931,104.0350085,30.64701254,363.6314208,,104.7258492,53.96014488,52.32803923,67.64207583,69.77293253,54.46906165,77.92101874,45.25749749,52.89184303,34.35887441,57.41225919,35.73447994,49.80620603,49.27502314,41.16582122,87.27154099,32.48320384,57.92358915,46.01311476,68.28010039,48.21632099,49.88845712,54.54471312,67.18938144,45.95926677,41.50141216,56.00312791,84.37856176,42.78016715,74.73097213,65.20912154,40.05323146,102.8741151,64.80559975,82.85272879,69.89711521,41.3609199,64.93418229,54.20592608,99.71177153,74.09847819,71.30027859,61.6760007,43.13255733,124.67363,89.60117145,64.27527568,91.86477999,52.43283503,37.97166396
5299,1700,104.0312907,30.64635526,1589,104.0318014,30.6440233,263.045384,,43.99933114,30.90323393,26.08714552,47.0930816,34.10432349,25.59360493,18.28114638,26.37781009,38.37744204,29.96719565,38.81556734,42.60128738,42.49189344,42.51918922,44.08142454,48.10845239,36.73960746,35.57505076,22.7909358,37.38016101,56.98876924,29.33288743,20.85822428,25.51315803,40.70626272,42.52829674,25.22712973,23.09666786,30.71232592,47.33122113,45.96909623,25.15174986,31.85747292,25.81688611,43.94261635,38.68314471,51.9901465,28.8122733,48.81254548,48.02857391,65.30781948,42.52829561,40.55517698,42.78449018,22.90117007,58.45452978,37.74433322,31.60758953,30.54720588,49.91406397
5300,1700,104.0312907,30.64635526,1705,104.0308997,30.64806517,193.1793316,,35.51211543,31.65913173,40.43288336,25.19730412,28.31948316,22.76417656,23.29800984,20.01282284,21.0741089,20.80096492,30.07982672,27.09528287,30.07982672,32.57356411,22.43372883,36.89366545,24.60883205,41.89431288,38.63586632,32.14075534,31.06208607,30.84015937,28.58974692,26.24322995,26.64542505,19.42585457,15.84158528,24.57404925,19.26442088,24.57404925,24.57404925,37.12343028,37.12343028,39.36484492,37.12343028,37.12343028,31.3263781,33.9794264,56.46378297,17.56175742,34.42799969,31.11613395,25.52093922,21.63127819,18.08701154,30.47526704,68.18094056,56.19762374,47.79694802,37.12343028
5301,1700,104.0312907,30.64635526,1753,104.0282073,30.64453875,357.5418123,,64.68093087,67.74476444,66.17740485,54.92818739,79.82328833,55.04563896,42.8336281,55.16359391,55.16359391,85.24175657,55.16359391,62.13115965,54.92818739,58.50684201,58.50684201,58.50684201,58.50684201,58.50684201,68.46545342,53.07837214,47.71642351,50.25477889,50.25477889,55.10946853,134.545351,61.00239452,45.29030698,45.29030698,31.88647046,37.4244192,37.4244192,47.44380849,71.64103102,64.78945591,93.27177712,73.55145853,73.55145853,73.55145853,83.04196931,72.21040809,82.37763355,76.9596726,52.32319204,113.907126,71.7075501,71.7075501,55.84167134,66.00771919,55.84167134,55.84167134
5302,1701,104.0966037,30.67264048,1336,104.0936842,30.67180601,294.5838901,,50.2607585,34.01225158,96.40927312,32.50580856,28.91083531,38.24951679,30.49610365,44.68407322,35.82777042,38.59241436,40.32327013,45.22396607,28.71395319,106.583116,30.34044552,29.73648017,25.75423108,36.99425596,35.45136817,102.9613596,41.98345227,39.25362138,36.85497843,30.48879744,54.61812897,30.59350518,108.2144902,41.5883139,47.68774146,69.37053177,49.07702855,56.91423996,42.27739397,48.53556084,36.55922947,44.77331283,46.5694508,37.96320044,40.72327696,38.15517906,39.71917619,51.48067982,38.0767879,41.67001982,32.71639686,30.76147946,41.87569612,35.82777042,37.96546555,31.23717244
5303,1701,104.0966037,30.67264048,1341,104.0958335,30.67466937,236.6580219,,43.66583092,28.50983421,18.72459074,21.98629365,22.49719775,23.62037838,41.98959482,33.54208184,35.46176395,26.64484375,19.79021786,30.51308341,38.550628,29.77177212,37.72555922,38.60886157,28.21089003,26.98951041,51.39222459,36.27528484,21.38834006,46.21132971,26.74941535,37.8652835,20.18883599,33.80828884,46.08796098,32.33960317,34.9454011,48.85142654,41.12953209,31.94883295,54.05893901,30.06506851,26.83366548,33.70426334,26.40945068,32.35324857,31.98881898,34.08362424,21.98062123,26.29533577,31.35697015,25.1133052,37.53166867,37.94961598,30.20809168,19.99256504,42.03793809,26.26291242
5304,1701,104.0966037,30.67264048,1706,104.0974457,30.67052751,247.681827,,19.59680389,34.73978872,24.95884051,43.41064154,43.81594974,26.86862695,34.6374508,28.73987356,26.6298032,51.8403824,44.80676267,38.08861927,32.97335878,32.48597693,42.95836566,66.68356881,54.46686241,74.48475316,36.70871047,50.07537113,58.25088231,35.86944327,54.20392567,38.89441994,33.65888933,62.89099681,56.76315612,66.0484872,111.8062166,74.42859576,90.57439272,68.55365789,80.0887345,69.35299422,53.95049696,66.57960658,55.67042104,79.84966361,59.3694267,63.98341403,62.15286595,36.95977522,48.2376592,39.21515458,25.62225797,29.64769999,49.45786086,43.07510035,52.67713507,56.34468102
5305,1701,104.0966037,30.67264048,1714,104.1001707,30.67370325,361.4377406,,45.86090776,66.58063644,66.58063644,66.58063644,58.87673603,62.49215138,60.63059452,61.54730003,64.03255725,66.7269675,85.32300762,57.06911694,74.6943666,74.6943666,74.6943666,139.9113835,97.39340316,114.8434127,105.4010422,90.53232675,79.33999184,55.92446415,65.60550587,60.37939054,62.88405313,61.60627499,62.23860645,61.92082642,62.07930978,61.99996682,62.03961293,62.01978354,62.02969664,62.02473969,62.02969664,87.03034274,148.4936794,145.790013,136.387629,104.2330467,128.1245382,106.6537595,96.81368052,188.5762125,94.28810624,112.1703333,107.0926639,104.7224037,104.7224037,60.51980773
5306,1702,104.0040185,30.72959782,206,103.9925196,30.73704047,1375.671187,,241.5812816,103.6883805,114.0879724,108.6398678,218.1681178,296.1577838,154.6421943,118.1021369,164.5321021,105.9718176,92.10941611,117.305295,123.9136682,112.6829641,220.60057,137.3763183,103.175339,149.3190836,112.5549153,263.2222137,115.1724715,112.8970275,137.5671187,166.1884655,128.6620378,168.0446636,149.8461807,171.660876,173.6166967,172.633247,148.4028849,125.2719125,173.0007322,146.3047643,148.5937159,143.1710355,135.0536208,144.934629,161.0541877,178.0164009,193.9588619,120.9012212,157.7659398,177.8885156,184.2188323,152.6560372,237.8428306,161.491835,189.5661731,153.088602
5307,1702,104.0040185,30.72959782,387,104.0060803,30.72767637,290.389597,,30.66071268,29.59209905,31.28289166,31.60354733,33.18738251,38.79044709,44.01694944,44.01694944,40.73878737,34.18675729,42.4385338,39.73026315,44.26936248,40.7926042,34.6826713,38.95311739,43.44953284,41.31699836,47.82431638,35.77899319,36.14808261,40.45272263,49.62353872,45.92117686,44.32802329,43.27295823,38.74252808,39.64909037,38.74252808,38.83601568,43.07237972,43.06005923,42.25271333,42.25271333,36.26721767,38.11092082,38.054059,38.08246868,40.30012102,47.180528,39.15616576,40.70616804,38.71323609,44.85543122,48.43213317,59.24475771,51.65444817,60.73814225,42.11087811,44.30845242
5308,1702,104.0040185,30.72959782,837,104.0071302,30.73264917,450.7025223,,40.51100579,38.75130094,42.07829207,44.4224252,55.74005321,57.21524821,48.70631385,42.40058572,50.15545843,52.43690976,52.80810676,56.37696596,74.67056169,53.48017477,52.00413719,50.14438658,67.16374176,67.86975814,72.21939525,84.46548002,54.4139986,51.15405379,73.1968006,63.47019874,59.65180442,55.0554191,47.72144354,56.24017609,82.78209593,56.5587479,70.664414,50.96949991,76.08948841,50.96949991,69.40218403,67.31394752,53.63732497,53.63732497,53.63732497,67.49289019,63.54552535,53.63732497,53.63732497,58.28049857,69.68628835,50.8098877,77.92295477,105.5875757,58.89397751,53.63732497
5309,1703,104.0594489,30.63864347,1330,104.058422,30.63692932,213.9600738,,24.7670825,32.73706047,24.7670825,21.27131867,35.93730634,38.1314983,33.05820883,30.996228,30.68750062,29.1763737,27.50915235,23.13081879,46.58808059,23.59883881,25.71624313,35.44123922,22.65552152,31.9608409,18.94072784,19.9652934,20.09988391,18.97650322,27.16953318,23.66378696,36.07757685,26.0496729,30.10120013,38.01986689,38.03043827,25.90759211,23.66378696,25.11022871,23.66378696,23.91102364,23.80870554,23.72757076,36.21894666,30.45695001,23.44767932,23.44767932,32.13864808,30.38486255,26.56056089,25.62396093,41.63547382,25.62396093,43.57357248,41.35604111,25.8258597,51.01034872
5310,1703,104.0594489,30.63864347,1688,104.0573548,30.63968945,231.7631415,,50.20427936,36.95072229,33.98970588,41.66528387,38.8068516,44.92984973,32.84831927,35.01982411,38.27281236,32.67374078,42.78704151,34.54854283,32.77090767,36.11893114,25.92751117,58.61924892,38.06328966,36.19728023,29.78925235,43.85531193,60.67980432,33.24092866,43.05382804,28.97039269,35.35369955,33.58886109,47.70424868,76.89836953,31.18083997,35.50414083,50.14859861,32.12116687,36.27596997,26.37557353,37.56629038,29.56057784,30.63357945,32.43332592,76.19610132,47.31648258,27.46822418,31.11577606,27.67321093,38.46606695,45.96954873,85.13748055,34.16655649,41.92700047,44.55793375,46.87344435
5311,1703,104.0594489,30.63864347,1733,104.0601611,30.63830872,77.68142189,,12.37175088,9.772386212,10.14921344,14.87516589,11.39448098,10.84136921,13.09960238,12.88511984,12.00227978,11.0601184,12.62542297,10.85329051,10.64331565,13.54252391,13.54252391,13.54252391,13.54252391,13.54252391,13.54252391,14.83570922,15.57956094,15.19853907,15.3444784,15.3444784,15.3444784,15.36555598,15.3444784,12.05401374,13.50165933,12.73683433,13.1080999,12.91980048,13.01326906,12.96636633,12.98977536,12.97806029,12.98391518,12.98098707,12.98245096,12.98171898,12.98208496,12.98208496,12.98208496,13.46104062,13.2172252,13.2172252,11.84970842,12.49616464,12.16435385,12.24564353
5312,1704,104.0784525,30.66903116,444,104.0794847,30.67048239,188.8080619,,25.02610541,25.33864018,29.17206107,26.82179636,32.36709633,31.97690199,25.99269686,34.04929357,28.73527664,28.85421067,25.17440825,32.32860989,31.46801032,31.46801032,31.46801032,23.68324121,30.89586467,30.53499653,25.84444954,22.68216984,31.37118566,23.76604975,25.79846843,26.09247688,25.9795022,25.86750161,47.36648243,26.09247688,25.60109314,26.98596617,30.26694122,36.89058469,29.64924854,27.38002106,25.15984816,27.10703979,31.03694168,25.01229155,24.27532224,23.27770626,31.37269397,28.43970807,24.01798667,31.33455963,31.3307513,31.5516382,31.58232067,37.14256955,37.55298469,31.6118834
5313,1704,104.0784525,30.66903116,904,104.0802769,30.66813158,201.2208564,,33.92951209,33.60162736,23.49643474,20.81595066,27.07007037,22.15275483,28.18657911,26.92918524,48.05274183,35.6259877,31.75778532,28.87314326,40.99576022,36.62671768,22.08521595,29.4469546,13.31608609,37.40422115,22.49674171,41.31530893,33.19867475,27.5854944,25.82513665,27.21243738,36.97465332,26.50225914,37.16579251,35.33634551,17.12517927,31.13445915,34.96677794,41.15881154,29.115558,30.36064027,36.73403058,26.11104831,26.24619866,29.18006377,35.06268553,34.7088963,40.95519904,30.54908099,29.15070757,34.4377388,27.23289786,36.40176297,24.27597463,32.01746223,29.05327874,45.63118633
5314,1704,104.0784525,30.66903116,1710,104.07744,30.66741927,203.2810056,,25.63263118,40.76944959,31.47576861,35.52483593,33.37795303,34.41794804,33.88997373,34.41794804,41.81780687,37.75874209,39.68475147,39.68475147,39.68475147,41.12384203,41.88324944,41.12384203,41.12384203,35.12695777,37.8895819,36.45600707,32.45284347,61.4967748,49.8773539,43.38804071,58.64919484,49.8773539,53.90877497,51.81476709,52.84103358,52.32286851,52.58067451,52.32286851,52.32286851,36.72831218,43.16013855,39.68531191,41.34985206,40.50048636,40.50048636,40.50048636,24.84929101,27.50674994,29.06066816,28.26236583,28.65595826,28.45780119,28.55653598,32.0080211,47.11233607,43.8210551
5315,1704,104.0784525,30.66903116,1752,104.0766779,30.66974975,187.7401673,,44.94240322,29.86775389,34.6310788,36.06213973,25.91505377,29.51373809,51.98958479,19.25540177,30.37593718,28.84201717,40.98218911,25.48829424,32.54564697,22.01513362,32.03824618,33.49180388,30.7056104,30.5130746,32.16488292,52.31150172,65.61792255,36.73177186,26.90008367,29.5912698,36.86534195,22.15949516,15.5549966,28.06746687,28.97804498,29.94968695,32.36617599,26.17094297,30.96745028,36.99988698,23.19901381,21.80208394,56.47893611,26.50449421,35.50952377,27.36293936,33.62510459,28.88310266,26.24716902,34.30784783,32.23519565,21.25360385,22.75638392,25.67386903,33.77787653,19.01166251
5316,1705,104.0308997,30.64806517,488,104.0303879,30.65018741,240.2681057,,25.85845084,27.93213715,39.16596081,31.83920909,43.94403966,42.05665383,38.55111055,35.71776382,34.48824484,38.64902505,36.31446573,35.391374,92.50964498,45.34548784,25.93598742,27.37231584,46.43217993,43.98128036,25.47761946,29.72388936,42.41915732,45.16789454,39.31659911,29.2712413,31.51057124,33.79503636,34.2153948,34.91785619,32.15483942,30.56414065,42.09076304,39.47359637,39.25711864,32.16978821,39.02281937,38.10419297,41.988601,34.78412254,42.90174494,29.0256772,48.77623199,64.54964034,51.79432219,32.7431614,33.22529503,44.0084042,56.16657016,37.21423641,37.60718176,46.17251854
5317,1705,104.0308997,30.64806517,1619,104.0275827,30.648147,317.9769691,,39.13881287,39.6553264,38.63558159,43.11552123,45.33533025,43.7227821,49.07683124,48.04688725,34.68839663,38.47788534,79.67868365,48.52209489,48.12263116,44.80301717,39.72413263,55.45662117,87.16119967,51.98533555,42.66026418,30.55838464,65.41240507,59.15850588,30.60740879,39.82614126,61.58531749,45.18322829,54.4714294,57.25971264,50.53938582,50.54445751,54.95898231,59.2095046,31.05821558,92.50239101,39.26988298,56.10212401,51.70941112,28.68965135,63.41045339,45.97257385,55.70399459,52.57024518,53.82682235,44.66566121,36.91312719,40.80987839,42.47558771,74.57440318,67.93573227,62.38240266
5318,1705,104.0308997,30.64806517,1700,104.0312907,30.64635526,193.1793316,,28.69789246,28.61916024,27.79929089,31.87680338,33.19549374,43.92287962,24.82256729,43.46534961,22.00777195,27.02508784,26.29283908,23.29800984,35.81079268,29.34369594,26.11184958,79.32839472,18.87233633,30.77192893,15.45434653,24.48752091,43.32994354,38.8300164,23.98088254,27.29914009,44.15527579,22.9141876,25.96330216,37.79595618,29.28191974,30.71016271,24.61754314,34.09047028,22.14794885,26.55820598,34.85942826,36.28411793,26.74790745,33.06397435,35.84771102,35.27196587,39.36484492,34.06264132,56.54029218,46.18708876,23.35451621,42.92874036,33.64284144,65.30005575,38.12749966,40.71695514
5319,1706,104.0974457,30.67052751,869,104.1010877,30.67158034,367.8985108,,67.16819284,55.45434637,67.29850807,54.56472296,62.0707505,71.7103303,70.78752747,78.03310675,77.10749609,56.19530626,57.45920342,52.26066783,73.71621365,53.10233222,82.36533824,78.83539517,65.7287662,40.29719996,56.01838352,61.53006452,77.58194538,56.57290817,68.42097764,59.57664466,45.90761313,54.53801175,89.58971629,89.43389212,61.29277157,84.28220432,81.53951164,68.44623457,57.10663452,41.91248857,145.0110919,95.05511765,99.87036141,57.56325849,71.33400208,68.37051971,70.55289584,77.60359211,60.74923807,66.89063833,137.9619416,90.35369909,80.26876599,67.03573732,71.87028734,104.286192
5320,1706,104.0974457,30.67052751,995,104.0982797,30.66840388,248.5542772,,47.30195935,30.98858521,27.36377364,43.3419907,27.51100378,36.05402702,21.7359206,37.22673743,34.23961982,35.70612123,39.73924787,26.67050366,35.30538616,31.61821194,25.74950785,37.23659584,36.44787772,38.72375756,32.87003503,27.25478016,25.74210006,25.60215731,36.82285588,42.78393297,28.92657537,26.67845551,31.65549756,21.7183349,45.24405257,25.20550417,38.45825492,28.57858186,32.07151964,40.2155235,30.79130757,35.0213463,25.25292751,33.04876816,34.97571588,21.62647487,24.65001096,24.05363973,35.05564732,73.82800313,32.42012311,28.44633903,29.1464299,42.06559964,32.53801447,37.57670962
5321,1706,104.0974457,30.67052751,1701,104.0966037,30.67264048,247.681827,,22.45981303,19.12054133,24.33721125,30.74670956,24.30780756,24.94138677,22.98078807,28.80951784,24.09877236,47.33850617,35.9538136,23.13674552,22.85317156,34.89841789,24.2132947,26.41156923,34.40689088,27.23995654,23.06666052,21.35699586,47.2399776,36.24612102,23.74579433,44.79738298,53.77892504,24.40978506,40.5169149,24.11180577,42.28617129,46.97333614,39.8504839,19.88081555,29.99678981,29.33074267,26.56896833,32.63145754,56.22033904,38.6599558,37.70209629,25.77864181,22.49759236,43.28420278,32.45921286,24.97631869,31.45166057,23.52650599,23.93703563,23.39277421,31.92080826,28.03945211
5322,1706,104.0974457,30.67052751,1830,104.094616,30.66956628,291.2689636,,33.04942968,41.34034291,46.19243476,41.34034291,51.78114908,57.73259568,42.91548168,37.22098318,45.92269792,58.18913812,56.62834935,56.62834935,56.62834935,56.64534467,45.26193966,38.06055423,43.04025732,47.23280491,51.14967166,74.51754196,71.28708874,68.29041422,65.53551681,44.92030529,34.25574221,60.12963165,95.49802085,44.81060978,38.45604898,64.1980573,48.45509561,47.80706394,49.15163762,51.40040534,99.39035725,48.36569506,72.17929259,60.27304105,72.17929259,51.73856589,50.63508744,49.57769593,55.82439765,45.04159231,44.81060978,71.57462587,56.52659132,46.70682713,51.14967166,68.64604052
5323,1707,104.0243967,30.65035249,1379,104.0243652,30.64894136,156.4262643,,26.13153371,21.05175893,24.11711141,27.33662871,22.19905594,25.16802465,27.22155378,25.6662949,22.21438073,24.44836217,17.32721697,35.52899378,23.93770676,31.46003081,21.61744919,29.32992456,35.14741061,37.20927238,37.54230343,35.01354725,20.25663854,27.59230311,20.40342578,33.32157109,30.23172311,31.71966272,43.99488683,28.75580689,32.93184512,31.24619512,31.15759328,42.50072087,28.5372239,58.1407354,24.48411093,38.96579082,42.34094372,37.17059746,25.95090099,50.73284248,33.13693236,41.7755602,38.6524888,44.03789269,32.46667924,41.45394362,41.71367048,74.58735781,35.47330175,29.79547891
5324,1707,104.0243967,30.65035249,1466,104.0222798,30.65034092,202.8528379,,23.67164397,29.9905633,22.0625443,32.74754334,43.08378858,39.26183959,35.35704094,25.13838955,32.12332331,44.37405828,42.5400126,47.49724985,49.93300625,41.72972665,24.04181783,37.03195824,20.93964778,44.90937022,41.72972665,37.56534035,49.91181491,31.34206938,43.12619389,67.93211316,54.60784447,29.32812114,40.64583764,37.33805965,45.14808139,39.37651134,40.48154567,39.22230098,51.73717438,41.31656104,56.24674326,31.20812891,44.59665444,34.77477221,51.77285074,45.36965232,40.7972188,66.53942747,40.54241313,70.99849324,42.3345053,46.10812175,76.8705491,51.57623556,62.83395745,51.86578242
5325,1707,104.0243967,30.65035249,1601,104.0276298,30.65025967,309.9800513,,39.46427203,37.81383156,38.54674213,34.37150466,48.18342766,37.14807539,36.82931303,34.82611366,33.97041658,46.03956331,62.59212574,35.60390745,47.3580634,32.27558018,50.49448799,55.07048019,46.4970077,61.34151045,53.61602426,37.51019108,40.06923464,51.38579514,53.15525738,41.48431913,44.86143456,54.1712711,41.3817621,64.39816399,47.00624198,49.23212579,61.92648632,65.45033341,61.74303532,58.92884569,52.51426751,89.81313358,68.14828609,63.74911081,48.20424124,41.84730692,72.73274948,33.31128909,51.30311169,55.68503916,55.79640923,49.81822253,48.07075258,68.67250367,63.13596519,42.51154989
5326,1707,104.0243967,30.65035249,1829,104.0243492,30.65209681,193.3788619,,31.02334683,27.84655611,30.70182592,25.54729919,21.84614758,23.59877637,24.2671513,25.82210322,63.43179069,25.78384825,31.21811223,27.6255517,35.88473726,33.38915601,31.21811223,30.9781672,18.18338552,30.7418825,23.8821236,20.385473,30.48893006,29.38433638,28.35698179,45.95141273,39.33129395,21.92642214,28.29934564,28.29934564,28.29934564,28.29934564,28.58989334,23.3220738,28.58989334,28.58989334,34.86630565,30.21872611,30.70182592,29.75059414,23.75986017,26.41988246,41.07161669,42.70944189,22.78768913,20.56614189,22.78768913,22.78768913,22.85716379,22.85716379,22.85716379,22.85716379
5327,1708,104.0821982,30.65181091,721,104.0808711,30.64973437,262.9349518,,43.27158064,43.27158064,46.86326355,56.40315628,30.89986376,62.8947393,43.20861951,45.06326911,38.8298493,44.95681912,32.03268448,44.21262394,53.47829528,41.99293851,38.60907517,43.22218386,41.42520028,39.49260038,48.92013705,44.91415547,42.92139655,38.48415212,33.83613321,35.25384829,53.4028675,44.25789954,46.41924772,39.09409712,47.95773662,40.74536783,43.34207103,32.08697717,46.97597154,39.00817308,43.65804342,31.27592356,45.0286156,37.91191855,38.8847464,38.28375436,48.22036813,27.59667133,52.85124659,42.52741832,54.55710815,50.20089827,41.6943432,40.99906124,59.63961103,51.03435778
5328,1708,104.0821982,30.65181091,1736,104.0827149,30.65151133,59.61637085,,8.665636677,9.496413056,10.96859975,24.11448709,24.11448709,24.11448709,22.8318016,23.45562132,23.13950782,23.13950782,11.72781066,15.56619656,13.37710542,13.86455218,14.12184429,13.99201552,14.05663014,14.02424841,14.0404206,14.03232985,14.03232985,10.94994567,13.5834769,13.5834769,13.5834769,13.5834769,13.75762404,13.66999586,13.71366997,13.69179809,13.69179809,13.69179809,11.6324626,13.69179809,17.59171599,15.39866799,16.42230015,15.89401972,16.15384199,16.02287762,16.08809328,16.07173965,16.07173965,16.07173965,16.7671043,16.41205978,16.49940377,16.54342531,16.52138522,16.52688974
5329,1708,104.0821982,30.65181091,1766,104.0780951,30.6537093,445.9133441,,42.65773264,35.23178058,54.05010232,49.09137733,53.82357213,84.08317967,55.06991557,38.96330191,51.38219801,46.72804412,55.06316928,50.46092067,53.65405451,120.1278958,84.07910194,51.56171431,71.96808142,78.01777885,63.29616168,63.02852462,65.7568065,71.09335867,37.83507162,59.12663126,39.1533668,33.44847826,66.49449935,38.41237422,59.56541888,50.48075594,45.14671061,60.57690712,48.53070994,38.36054929,92.1764333,41.89529461,41.88828684,48.85977899,42.46793753,46.3554155,38.90035635,59.0179426,40.45002257,45.15578168,54.94425688,54.94425688,55.67911845,56.43390356,39.51964645,222.9566721
5330,1709,104.0112513,30.65234786,157,104.0113764,30.6504565,209.9648436,,22.92510424,24.70174631,22.1989262,21.94117379,17.9223103,21.66861262,27.57404239,20.50289612,45.18254701,26.61526186,20.51216925,35.72180704,24.50157008,24.89701703,19.9045013,27.88057759,33.01866492,37.05261946,32.0814003,18.64052865,40.93177456,33.23564108,33.05568966,22.9748765,23.2040963,30.60216344,26.17290294,59.05261226,26.1160615,22.87060324,27.75545056,22.88791633,19.1967857,29.03483113,36.57452114,32.09464378,19.48127415,25.24386479,31.39299,26.56848636,27.36688765,24.14931108,47.12427911,38.38765223,18.9917949,17.99698659,24.03413154,17.12057615,35.5426381,26.06460127
5331,1709,104.0112513,30.65234786,368,104.0158985,30.65212806,445.962037,,70.64745141,65.44897404,67.94892956,61.44474211,60.85911043,65.61085024,62.10689877,58.84410507,128.9528782,68.86178514,100.4111883,99.92510371,90.36378984,60.55305507,99.71821945,63.46227455,97.59655521,105.6225877,69.27565623,70.54766686,71.72583768,118.9232099,76.35973047,113.2202633,74.12111418,71.31430686,82.16291367,140.4940068,126.6138275,146.0840158,122.7105733,109.0033301,83.18462866,89.1924074,52.96766362,145.620257,144.7993987,62.83613829,62.34809061,72.97560605,90.89672092,125.9186928,90.0764915,84.08947749,89.69068901,66.2661576,119.0702102,109.3639873,114.0938409,78.89254709
5332,1709,104.0112513,30.65234786,1375,104.0110726,30.65470198,261.4719247,,56.68341311,55.88001953,64.2838293,72.4695497,49.13795388,40.44248889,42.16344586,71.85488007,61.72451993,56.66208752,62.08072079,108.8206854,60.0003067,50.22174164,63.77364017,61.43357768,57.04841993,54.59442796,86.18199758,119.3195825,147.6547339,119.2236279,94.63949015,69.9250633,76.09017952,84.32689173,82.57008148,64.47252938,68.85154131,64.76827494,54.09763959,61.29388373,57.33800581,60.55139307,48.44678077,46.54135619,62.94694485,45.52836416,34.9600345,59.42960617,66.60133933,51.5780235,35.43713615,43.64600906,64.15031321,50.90854132,46.54135619,45.02555373,75.60633967,67.09870165
5333,1709,104.0112513,30.65234786,1843,104.006442,30.65256995,461.4879763,,107.724859,107.724859,107.724859,107.724859,144.4658013,123.4189883,133.1156058,123.4189883,103.8347947,112.7830317,108.1240924,110.4044335,109.2523653,109.2523653,94.37757954,81.50564423,83.06783573,82.27932552,50.19204576,72.12836678,94.84434145,81.94114499,87.92185482,84.82621241,86.34629669,85.57950508,85.96119091,85.76992334,85.76992334,85.76992334,81.23993715,83.44349442,82.0423069,82.0423069,82.0423069,82.0423069,82.0423069,82.0423069,82.0423069,59.89029253,69.23762095,75.89445453,83.96748737,164.4907638,94.21682694,94.21682694,94.21682694,114.0146765,103.1746001,105.6866705
5334,1710,104.07744,30.66741927,186,104.0756937,30.66829634,193.4954925,,43.53648581,37.89213634,38.11675912,33.97969624,36.87254201,35.07765538,40.73589316,39.44136304,31.44847734,43.02389642,58.73387631,40.62823428,40.62823428,32.1006347,39.18235893,56.74816888,35.7724064,36.5916883,60.70446824,40.03355017,38.96026151,36.28047514,39.7639428,61.7812659,35.95271086,54.63402141,53.58336715,67.95939249,25.05697025,40.32322854,42.51625261,47.10393415,35.66128531,43.87929279,76.26829632,65.71545028,40.12227242,50.1139405,44.12512605,37.73557743,33.7124633,34.25470863,49.89855107,40.31715081,41.61620674,41.57771784,61.0369133,40.04062901,44.12696685,37.45074048
5335,1710,104.07744,30.66741927,1184,104.0792781,30.66658936,198.6725851,,27.20765787,31.55968258,40.6087328,55.65924563,34.9570531,33.42806496,33.32908374,33.58832082,33.36957884,36.34216134,34.97058441,22.96055558,37.57832986,31.00670403,32.42583642,26.98948326,31.25276274,55.01702357,30.23704634,33.35849549,30.4928853,38.31542712,37.96454932,28.53309555,45.12437264,27.09171615,42.07184155,44.91185597,36.07673676,37.24422891,38.60843759,32.14176829,31.87171954,32.32453524,31.79813744,32.63534566,41.26276768,40.38607257,45.49753857,33.94050653,39.13213577,36.68193471,32.16078151,40.86978893,32.00543154,47.20932715,34.56790745,37.57730157,37.89866529,37.76356757
5336,1710,104.07744,30.66741927,1605,104.0765093,30.66612382,169.0112505,,34.76802867,28.36552456,26.16948395,29.53594669,32.42134112,30.07119449,28.17669473,34.18205066,32.92426958,31.39325388,32.99457051,31.35505574,29.97243851,34.19105463,34.82243873,32.47180797,29.89267562,29.20514409,28.56528177,28.02796938,31.03793409,28.87524441,34.66897446,34.47254968,35.78930197,31.68960947,31.55671738,29.55087782,30.78113837,31.32254836,32.96512936,32.96512936,30.32725243,31.0372657,29.51206961,29.32243382,34.37896317,28.53179375,29.6348494,31.25550522,32.77058357,32.08651295,29.60781031,31.00333767,32.72285052,31.00333767,30.02790879,36.76377654,34.37516959,33.47536495
5337,1710,104.07744,30.66741927,1704,104.0784525,30.66903116,203.2810056,,24.07275066,34.49229945,38.70367691,24.39372067,34.52959576,33.9145139,29.8090273,41.93762866,33.14489315,32.26682629,21.74774503,34.03774977,34.54657531,29.59804328,26.75728044,30.52394662,32.26603591,29.0171142,29.41956262,20.79010285,35.46475961,31.74278058,29.17763748,30.63014603,37.91770053,22.41383216,37.74971975,35.29814688,33.33883273,33.92352406,20.64348717,39.68384299,32.00925621,35.71681628,22.55197597,31.34096874,36.77445327,23.60682646,25.06204179,34.35735306,40.76944959,33.21070035,29.22862187,36.80527847,34.30798855,36.6210986,34.27689087,40.13352037,40.20942968,42.12782469
5338,1711,104.0632252,30.67144791,659,104.0640141,30.67295026,182.8543638,,36.77517931,18.15932992,35.39116719,70.78233437,33.93173761,18.2095632,24.97252313,29.71899367,21.13244654,23.01663321,51.02912478,28.22189538,38.05061906,49.12505296,32.49269449,35.5319538,33.7577287,52.24410394,35.87333568,39.30004237,44.78066052,35.64669907,36.36882374,19.70885358,47.52893211,29.75257445,22.76785853,38.35053827,25.48164038,35.64669907,25.56410523,37.3313257,33.33041568,29.25669821,23.05694255,18.32361057,22.39033026,35.67567751,23.17872217,42.28751881,26.43677549,34.53249625,30.4757273,27.61223614,17.62451699,35.10803785,39.94391442,23.07041039,32.17563848,23.67898236
5339,1711,104.0632252,30.67144791,1655,104.0629728,30.66960555,205.6161214,,20.54259122,28.80266431,25.59094337,26.86816831,29.00852836,26.08506408,27.7140858,27.41475063,27.24311132,34.19020956,22.09606081,32.81116225,28.85584622,29.54470794,31.92601831,32.80139012,30.55595612,43.08095747,25.46621687,88.12119489,39.52346498,26.62654809,73.28891456,84.59634709,36.08472719,32.77294978,18.50545093,17.83657921,32.04407087,34.97744065,19.4028319,35.35017987,26.53111244,35.48990588,39.39234837,33.04544808,27.88015205,34.86113205,35.93291442,34.11143028,26.62654809,26.75486881,29.18005262,36.22600508,36.28519789,22.56905658,31.97486121,37.9152931,40.19283458,33.74231585
5340,1711,104.0632252,30.67144791,1777,104.0625021,30.67187144,83.68299612,,9.991999537,9.991999537,9.991999537,9.991999537,11.95471373,10.79780595,11.34684693,10.79780595,14.32859862,17.12914206,15.56892951,15.56892951,15.56892951,15.56892951,15.56892951,15.56892951,27.89433204,19.98399907,23.28570327,22.36205324,21.92717196,22.36205324,22.36205324,23.62814008,22.36205324,22.36205324,11.76792133,13.09820809,13.09820809,13.09820809,13.09820809,23.05551933,22.07024073,22.07024073,22.07024073,22.07024073,22.07024073,22.07024073,12.07450044,15.60926352,13.61621632,14.06518989,14.30096596,14.18209806,14.24128397,14.21162939,14.21903145,14.22273538,14.22088317,14.22134618
5341,1712,104.0946578,30.64250692,200,104.0988698,30.6401137,482.9838012,,81.86759107,111.4157883,82.24070701,97.49953372,74.30520018,84.73400021,130.9293437,77.72916745,73.6754951,134.328004,126.1100043,167.0260984,146.9677627,95.58300114,148.1882118,117.8807922,75.14820894,126.8640061,194.9659381,140.725496,131.6516148,99.90271979,181.0490763,133.0669656,104.9542264,128.6368693,133.0231792,170.464871,116.0450513,91.33791081,139.4339763,182.784934,94.62539779,115.9161123,134.0439625,117.4407821,165.0704131,114.894825,128.2678291,148.6104004,116.2066289,156.9697353,133.4414186,150.232342,141.1845215,144.8951404,87.75983265,115.8058211,193.6237956,97.95727799
5342,1712,104.0946578,30.64250692,1301,104.0905023,30.64456289,458.7979694,,69.84801337,60.14831354,83.27761463,58.06985851,137.6393908,77.22908461,50.05068757,82.9291727,119.6864268,88.79960698,57.44948486,87.45950171,83.24963154,85.06468787,98.56529264,87.31309372,100.4056346,129.5879518,80.7663907,84.70116358,101.6413963,79.98414963,79.98414963,106.5595284,100.8989956,84.41257357,77.90908914,91.0597826,62.98084613,66.33223654,106.2020461,89.40848196,112.7421631,71.19278836,91.37884868,64.68691998,110.6648368,118.7033761,78.65108047,64.97532218,109.2507492,88.28369015,82.74913276,135.9401391,87.1595087,56.30702352,59.51973657,84.99173363,124.8115383,119.2543458
5343,1712,104.0946578,30.64250692,1518,104.0964616,30.64524213,348.9631013,,50.269837,57.36379747,44.04091725,58.43103092,52.67367567,63.12900325,62.42917868,37.05802846,57.93699454,51.6628032,44.50902266,44.58800939,48.24837886,82.92192506,61.4311572,42.5964349,46.58592699,45.10833625,58.70407312,72.40732938,42.62144749,65.85935333,56.08335557,51.2762108,51.53329299,60.22373752,43.82327318,49.62894619,55.63627833,42.40053111,78.43499466,53.70138409,67.06052482,69.51676011,65.77314998,59.49844489,70.37911287,89.89389372,63.01214656,42.15661626,61.13222213,69.02566839,43.70710812,48.31796787,56.41073932,56.88143694,90.59618974,77.81420843,78.63957212,51.89399648
5344,1712,104.0946578,30.64250692,1732,104.092417,30.64102626,270.2586661,,54.20229515,41.71194847,39.0539367,35.84860715,36.71438483,36.27633102,69.59450629,35.12386996,35.66027604,54.05173322,48.7074442,45.35809781,31.84717506,36.81361289,52.73339826,58.05078747,65.51725239,53.04968364,53.47244836,53.90200543,45.67752103,43.17742003,34.13793677,35.21922889,43.64551168,46.94481052,35.82220906,53.25658285,42.8332806,31.05099568,70.58751136,98.41789574,82.2112671,53.10115696,123.6776947,74.30106733,77.58621993,77.58621993,77.58621993,93.19264348,45.89298104,74.0810557,47.03646551,93.68967096,67.61684001,67.61684001,70.75505911,74.19875676,95.05259432,81.129606
5345,1713,104.0208166,30.64174363,569,104.0195149,30.64076755,165.1214109,,20.57468979,22.26348206,20.94009966,29.36700267,18.64169594,24.71465784,27.5691619,52.37331095,23.13922618,26.45077481,18.6343912,22.6129179,23.53478074,19.57477827,20.39935069,19.63134344,24.75434507,24.09066177,26.41942574,22.36903886,29.13907251,24.40236482,26.76639757,23.63301559,20.95723775,20.22770567,21.49085608,19.39763255,21.0420205,26.83136799,30.45497419,25.38973109,27.68318512,29.31297988,24.55252453,28.37408493,24.28043504,22.79720342,30.77991349,23.61806126,26.79656255,21.62244604,47.68211864,23.84105933,27.6997707,23.01831052,21.88778107,21.27376094,21.09446498,19.71851856
5346,1713,104.0208166,30.64174363,1275,104.022218,30.64263573,166.7717293,,26.80259935,26.80259935,23.36102045,22.15417806,23.36102045,23.36102045,20.70269743,23.36102045,20.87903301,29.94405115,21.10292532,20.5257513,25.1836504,22.0987528,25.55324824,22.78475239,17.30196615,28.80893596,27.15220817,29.26102501,22.36145417,25.42359625,25.12042784,19.55138077,19.5507901,19.55108543,24.40561892,48.03025804,22.25137356,23.49816929,21.95515853,31.59885397,28.38667733,21.84610105,20.35180425,21.85514777,19.55098694,24.60566498,23.59050002,31.31710207,24.60566498,20.49072442,26.03495288,38.11925241,19.55098699,51.02364521,19.55098699,27.28991934,28.94784115,23.54424414
5347,1714,104.1001707,30.67370325,869,104.1010877,30.67158034,251.1476902,,64.81230715,81.16083346,79.44918143,50.56664903,72.43589609,64.51500301,34.24586802,38.35855476,53.30965122,39.31007325,44.13823824,33.42446154,80.48650015,64.95198884,73.2090433,87.35571833,63.22599194,50.37947696,51.07058134,35.75409529,79.65917927,53.41989275,55.35500112,42.64772098,35.68940861,37.03876492,35.59034641,47.31996279,42.87789046,58.08126453,98.00885471,43.69895603,49.64120678,48.42589334,95.17175629,119.752541,86.93573892,86.27210732,61.71547336,59.6130781,70.5740257,69.01768586,43.02852146,57.22352435,42.46909702,54.031774,47.84714876,87.35571833,53.81736219,42.52736052
5348,1714,104.1001707,30.67370325,1701,104.0966037,30.67264048,361.4377406,,65.71595284,58.47981421,49.54501156,48.94858896,70.25787614,42.72341274,56.53292201,108.7609007,83.58731472,57.6762352,49.47436753,79.09883685,52.95611462,61.47889769,60.04561031,73.43373606,54.67125488,64.03797295,63.6773486,76.66659495,64.1492486,60.10786343,57.54232686,57.28897595,56.68676007,61.03076295,87.19835076,66.7269675,77.67991164,95.43785577,82.62605073,98.57392925,96.76568164,164.7058058,57.1505182,70.1852331,67.08968326,67.01334932,63.37860022,66.84326988,105.5007459,88.03625617,57.0008467,60.1005019,47.21676009,49.54501156,87.13231249,51.73661496,126.327754,53.91798886
5349,1715,104.0663676,30.66577495,489,104.0683242,30.66585244,187.6538421,,22.95199881,26.44046307,27.63001356,20.96133343,20.19018069,19.96570327,32.55681116,19.96570327,29.64038749,23.3351928,22.69497754,21.13307085,22.74592025,30.02461474,25.06693253,16.22952148,18.85517074,23.62902524,33.74956693,29.89176246,25.33326868,17.40968555,17.18654123,16.97371436,25.44458876,17.95094327,20.89188625,20.5566158,20.72289505,68.23776076,21.72198815,20.66022605,20.67064454,20.66543399,20.66803894,16.45234452,20.66738764,18.91235522,20.66722482,20.66714341,18.90189792,18.25821166,20.66716376,21.1772361,17.61840123,17.61840123,20.00653005,35.14848239,33.2695714,25.05953424
5350,1715,104.0663676,30.66577495,1463,104.0662788,30.6678427,229.3277673,,38.33220951,24.51870911,23.38753434,28.17679052,33.02319849,36.53008683,31.40082265,28.50103437,38.12324094,38.45869389,41.27899811,22.25282917,40.45435171,18.14461456,42.17368266,22.08171079,34.88366037,27.73504912,29.00163802,27.4076712,23.42977189,25.85998316,26.67071832,56.06655092,28.37044544,50.28913475,38.13302366,22.34316542,75.22368677,37.56050784,29.20191883,35.86642806,36.36916133,30.24102426,28.83282756,63.40859925,27.51933208,30.24102426,31.84493586,27.14607356,35.05647398,28.86643225,23.58799892,36.53008683,14.92911324,39.56848547,35.70579002,20.95380615,41.17605797,30.40250275
5351,1715,104.0663676,30.66577495,1610,104.0663788,30.66084053,546.88406,,58.79888351,47.20272183,74.43412537,63.73527407,91.09462654,61.94618861,52.86741719,48.75637979,46.91300911,78.65953517,40.1246457,72.3152476,80.35847412,45.15556459,70.43104995,69.79848555,70.93728939,73.091903,70.19458476,78.77312171,87.47836503,98.71831854,64.89395032,78.12629429,102.2744216,59.12260108,76.6276414,50.92933596,77.59444206,92.14271212,49.73766609,56.93414158,104.1683924,75.24009996,70.12582782,67.83058109,66.40076277,58.37754236,78.39851134,58.50765575,75.3360695,72.82796361,54.61255523,55.61532814,43.22245041,72.36508582,93.54275236,64.33930118,67.83058109,60.7793256
5352,1716,104.1022894,30.62560224,253,104.1050091,30.62341935,355.6431265,,42.61629476,64.12263382,38.30985205,47.70620421,36.79066826,42.79388577,46.22076734,27.22420045,38.12731553,31.47671187,32.45412561,47.77295729,39.6259751,48.62836021,46.09595879,32.78656224,34.73218733,50.40611242,47.27899761,27.83294033,45.66031581,36.4762181,38.39026253,32.66110345,58.65318578,58.37303597,33.6629778,47.41908353,60.10869744,49.4139427,41.37464022,31.3956659,36.1926574,41.47889596,69.58235084,34.00571727,37.99155061,59.85578567,47.09205537,38.56371251,47.41908353,51.00857591,48.68118842,36.32100015,63.18644074,35.66337759,55.71432791,39.76134334,49.21381176,40.74193335
5353,1716,104.1022894,30.62560224,403,104.1012867,30.62466428,141.573317,,22.50171926,28.87614398,26.30523567,22.35368163,21.68782729,18.65192831,32.67076546,22.28851054,27.62406185,22.75285452,18.37288901,24.3044321,21.3248511,17.93538796,28.57928643,27.96829676,34.20563364,31.07706959,22.50171926,20.88786644,24.66115844,35.02844957,26.1031468,24.09758587,32.35961531,21.06049344,28.84890233,30.42769798,28.84890233,15.4913052,20.18471054,41.83288164,36.14637881,34.75968908,26.06976681,27.47514508,26.57267681,24.32763442,38.03462248,22.60150515,19.52735407,26.68397598,20.34586592,39.40700577,24.12610373,22.87540131,25.72760935,26.03647209,29.98023184,27.06180219
5354,1716,104.1022894,30.62560224,1844,104.1007334,30.62658897,184.9290569,,19.36711578,19.04848655,19.37181197,16.95732565,21.75635964,28.49934096,26.84454052,25.37136451,19.9324732,20.61128808,22.49137179,19.32495224,20.56353992,34.31673221,20.88064626,16.94006628,18.72435958,20.57943137,17.1760734,24.03410126,17.98094814,18.74017185,18.74017185,18.74017185,32.62223845,32.9712557,37.26182489,23.59402025,26.65644063,26.79651809,19.14159301,37.20188291,43.26321975,22.52942825,17.35970286,27.70088509,44.59106529,27.65207295,27.60343254,24.75909687,29.80945992,43.51271927,24.83092186,16.3115584,22.59825543,18.71383288,22.28869028,24.55414083,20.4059649,19.84335633
5355,1717,104.0543066,30.67334374,1383,104.0502855,30.6751566,434.4642783,,71.69158449,56.66925369,97.55123091,50.01027664,128.0975759,82.17538015,97.44993158,68.788187,82.17538015,83.55893841,78.39956902,95.7594736,61.96796362,70.6658766,123.1552285,78.00854872,79.12671509,76.92154437,82.17538015,84.31651762,74.68705459,74.68705459,121.2458451,88.66303784,65.11876771,99.62238229,65.64832747,50.61719747,85.4524223,85.59330666,78.84417905,50.21095993,84.5444001,59.47039551,84.08986032,77.04785231,65.15025178,53.69409514,93.37739713,72.83219566,53.3400986,53.36941994,62.61294643,64.63104966,63.83964906,63.83964906,134.4473985,121.2458451,116.4321143,59.55476201
5356,1717,104.0543066,30.67334374,1454,104.0537252,30.67093727,272.4641234,,24.92683213,35.41049979,75.4516034,31.63314556,28.01256804,28.34886833,24.27898129,21.27702482,24.76946576,26.94700122,34.78265405,30.55672412,24.20907061,29.19258465,21.43199223,24.66565409,25.41116177,27.17093751,29.97771529,45.41068723,18.35118511,25.5268925,29.54430254,35.91617884,21.89443849,31.95019037,36.12783957,28.33249117,23.25716287,22.17910332,25.08621085,30.62031772,46.27943089,30.55672412,23.02513719,48.02305235,43.71082194,20.49886822,22.61808249,22.47641715,28.34886833,20.86959243,30.94229793,50.30106894,40.03554466,64.53097659,27.17093751,31.43816808,20.49886822,37.56326833
5357,1717,104.0543066,30.67334374,1514,104.055294,30.67517099,223.5203052,,43.14601066,25.77428247,36.81778285,37.70726798,36.4517825,34.86451901,62.13691882,34.50570749,30.39369589,21.92569751,23.15606039,43.07671835,52.1245732,27.22802068,49.62741579,31.58677522,35.76324883,38.79812434,32.6439391,40.47651402,46.64771587,25.11464103,63.67344006,60.96008324,44.3210397,17.45494791,34.94780016,28.11576166,27.5572979,21.17560786,32.01617104,35.18584017,34.63442319,65.1557165,47.67020727,19.296717,44.9538044,34.1445445,33.29681787,88.42561524,45.89390298,34.81926001,49.1253418,30.25086837,19.48361014,52.10649114,29.34086048,41.52556128,18.75694869,52.47868036
5358,1718,104.0932502,30.64666933,1037,104.0909857,30.64806866,266.72183,,58.54869439,74.92546002,119.2793277,73.61369146,119.5267952,81.28387826,100.5443548,119.7255097,36.93071492,86.5043773,113.4986511,89.90623483,46.65687988,99.57614987,121.5441251,103.9457199,90.15949183,80.08680061,81.51091579,85.73201679,70.0144804,78.54385178,111.6509986,82.9801249,89.94834548,141.2056747,97.83682847,121.0334355,78.04445784,62.08180525,50.87757452,68.58561343,91.57207239,72.66891435,88.09161358,95.43258139,141.2056747,76.94779754,81.71902877,84.14593274,86.5043773,88.90727667,51.07439298,80.49001974,43.57936104,111.3273725,151.8100534,111.5699158,99.67459391,64.0132392
5359,1718,104.0932502,30.64666933,1301,104.0905023,30.64456289,351.9118393,,58.11388172,48.68880175,41.30353318,62.98422125,47.37190409,55.17357387,63.50288829,62.25467427,46.28233947,51.59980131,43.91274251,44.45202181,63.22558311,100.9468224,113.1145198,39.60039452,62.45929113,61.95025044,95.10349865,49.65976271,114.650011,61.10366343,114.1335695,42.87250834,56.60780257,55.29823752,107.8197976,55.20486395,69.03992488,73.37158038,106.0152821,111.7837608,61.10980387,60.83152461,70.83492432,95.97595617,46.57656697,60.85905306,100.1488238,170.4326397,104.7010431,151.7224696,67.43220873,89.00814673,138.8364517,102.9149164,135.7374237,111.4559491,150.4611189,115.1711474
5360,1718,104.0932502,30.64666933,1518,104.0964616,30.64524213,346.0063643,,36.48666196,35.07973466,30.74094056,44.62137737,39.48091637,28.81480628,32.20584298,47.58109231,52.46937285,35.2691364,38.19464658,27.14313001,28.83386369,33.99728947,52.42520671,30.05846794,55.14045646,52.44728048,57.57080682,47.20503691,44.43363537,31.63888523,33.3723486,44.48653255,36.78279005,72.32649164,36.95479365,39.31181415,45.17218174,44.37628092,38.4377369,38.75917266,37.54537144,32.07888003,48.46781757,45.18037401,47.90857352,30.85134146,67.88135757,49.01270591,37.33402004,31.30420842,70.77402906,35.64742592,30.60498554,57.05743869,32.29791473,56.31206652,39.34374326,45.04224861
5361,1718,104.0932502,30.64666933,1842,104.0957842,30.64664658,242.8317595,,69.93554674,71.95015096,74.08426561,74.08426561,84.05714752,74.08426561,74.08426561,29.53359237,33.92733509,39.85688454,28.33693142,33.12387752,33.11342175,33.11342175,33.11342175,33.11342175,33.11342175,33.11342175,44.65871439,100.868577,68.56426151,62.70371792,57.76614544,41.2355818,57.76614544,53.08872474,75.68782114,49.11204125,59.57031238,49.11204125,49.11204125,43.92936353,49.11204125,66.56302039,62.14651663,62.14651663,62.14651663,61.4188057,61.78051832,63.34741552,39.42251789,39.55630471,39.55630471,39.55630471,47.42464743,59.20051923,46.01022812,48.20924638,51.02301562,64.18460604
5362,1719,104.058001,30.66940919,677,104.0580009,30.67074252,147.7734406,,16.33032605,13.6669078,7.771868315,8.421916403,12.42591267,12.3430252,23.06957442,19.18443513,13.79985438,24.24232646,15.28063481,23.60877454,12.36693652,13.66291909,14.57491469,14.68218177,36.94336015,15.72755022,13.1030637,33.08993789,19.94585272,18.43966676,19.67883056,10.56572763,18.40776423,14.78761324,26.89053342,31.45768381,20.20833376,27.28125057,16.12073897,18.63342859,21.82500046,16.52981003,26.46688488,26.54612705,57.20262217,24.97579278,22.73437548,17.34731694,19.24690254,16.72413828,18.50380474,13.34408995,18.55220178,19.52952959,17.28023528,16.00171793,18.09470701,19.48660755
5363,1719,104.058001,30.66940919,760,104.0597426,30.66945889,166.9479883,,22.72259954,22.72259954,16.23262006,19.6409398,17.23348273,18.98934464,29.80228551,19.82449998,19.60132583,15.57604333,18.66499248,22.34248171,22.04742325,28.82555194,21.61916395,18.57844692,22.25973177,15.88579977,15.62424847,17.15953627,20.94121108,19.07977009,16.35408865,20.35606293,21.11286034,18.43597417,18.94445257,23.45415641,15.70590831,22.63701536,18.17120961,25.32801789,23.89712755,22.63701536,22.85219612,21.01443209,19.77015651,42.02886419,17.53501846,22.00840127,20.24975599,15.56197351,21.27478789,15.55397918,19.83540455,22.06361079,20.00042456,19.52245617,15.55135784,15.55135784
5364,1719,104.058001,30.66940919,1454,104.0537252,30.67093727,443.2576751,,94.35196632,44.95007409,73.03101283,56.22718923,76.79151253,63.89299821,73.47427347,71.87962299,63.99977128,39.04451485,50.33841105,87.19823117,63.70170181,50.7034199,48.35538274,49.31908908,79.48830039,67.04737943,49.58755843,55.27924816,66.17843983,82.6801881,43.58995418,52.62953926,56.51451258,54.57344837,54.09246205,53.36881707,61.61110542,87.89686499,63.95701925,76.62557649,73.19851515,60.59725179,70.71171182,55.66954106,45.13017103,47.44482549,57.01063345,62.94783552,64.89995446,83.73053016,69.50898202,50.33841105,51.34509386,41.55540704,53.45821207,39.46564626,58.05661856,47.63366061
5365,1719,104.058001,30.66940919,1484,104.0580837,30.66598975,379.0605032,,45.67959552,35.70428602,39.50209454,50.73921413,38.50967418,52.90070664,53.15239528,42.54680352,32.86750713,33.72896754,59.24534638,55.60789778,57.71163369,62.51521387,36.84535082,37.06312168,63.67322794,66.02428934,39.2131555,38.87800033,35.22243614,45.43219106,46.58061084,42.15331628,44.75624177,40.8568207,63.39687858,41.85944207,42.62299511,72.5860538,38.37987594,50.89144743,35.93621344,35.45777535,35.94883592,45.72434961,37.66194512,59.72069197,34.99835842,51.91480804,69.41087546,64.06656392,33.73591623,57.52487262,57.92095974,34.2725277,53.40969908,50.44797824,41.9999886,38.65772837
5366,1720,104.1197624,30.66763544,1154,104.1170879,30.66668851,276.8923422,,33.33820843,41.46474342,27.38495692,69.22308555,26.1097552,44.500555,28.66304272,29.85461526,29.87721186,34.36296807,29.74819494,40.06480836,32.97583659,34.982012,26.31103704,30.37004701,27.84392268,26.31848005,27.02853666,29.75559498,57.37049968,35.69851685,22.41287087,33.31592353,35.45081394,28.73932494,31.98328658,47.75149374,35.16093234,33.79025193,31.05334679,34.65529947,32.65263653,32.78988263,34.09071245,32.83038063,28.85451261,28.76484266,22.17602741,34.39260835,27.23531235,27.74060571,30.00187906,29.46969496,30.49910552,27.38495692,27.44149847,27.00575523,29.40449652,25.16144127
5367,1720,104.1197624,30.66763544,1680,104.1171783,30.67164767,508.9401881,,79.31535399,114.1548085,66.32342723,65.09533112,163.9538861,62.63879238,66.1097564,155.2698879,66.36164454,73.95296376,86.13938304,66.2036017,79.71315292,60.53865795,175.6087551,127.826838,80.2416647,220.7451418,80.08168591,77.47081087,101.7880376,78.80364203,67.97717047,62.74605059,94.47033547,81.07011846,118.973031,75.08953595,63.72816268,91.3807819,76.90177029,115.5952478,74.84414531,82.90428403,97.48020045,130.3383408,123.796262,72.56176939,80.90739239,94.51210565,76.88315301,85.83336377,78.40158263,59.87531625,185.0691593,78.6345355,99.03700958,76.0637126,68.00035916,60.18315849
5368,1720,104.1197624,30.66763544,1838,104.1242711,30.66979471,493.8097046,,60.6410238,52.09845142,48.4281027,37.25303723,44.74865589,41.5163997,44.74865589,38.71962835,64.28292014,58.80909525,53.38483293,46.78197201,43.70918355,55.14544292,67.91652098,82.35608573,62.0277368,55.90298543,52.59511647,82.49257246,47.24823752,41.93960334,36.31695478,52.28573343,46.12449565,38.10378859,38.39557098,63.54655716,56.97804284,69.55843798,56.23307476,51.3493627,55.83275555,65.76517684,51.181812,56.00866215,41.05577221,40.2106975,40.62884097,27.69026381,41.73039757,56.22870617,47.65991787,45.69961277,47.79660163,68.7556271,51.1047415,57.71801742,54.21043153,34.85715562
5369,1720,104.1197624,30.66763544,1848,104.1230265,30.66673235,328.3410563,,41.05094675,47.11562233,36.43524092,46.35403148,43.45696851,38.11012278,35.37454545,45.02963058,49.40648946,41.83605053,38.58737624,37.11880749,36.82329603,51.07054667,50.9714447,44.10551503,45.90993536,97.5538764,42.84222113,42.38385081,45.90399234,54.97803733,36.43936489,38.43991328,51.95726605,42.94378462,42.94379177,51.95726605,51.1506595,51.95726605,45.57215625,60.19237697,47.16555649,43.6978855,43.6978855,43.6978855,43.6978855,43.6978855,43.6978855,43.6978855,43.6978855,43.6978855,43.6978855,43.6978855,43.6978855,43.6978855,43.6978855,43.6978855,43.6978855,43.6978855
5370,1721,104.001228,30.67021384,330,104.0009914,30.66823038,220.9956852,,66.40938787,86.94912205,69.78811112,67.80549434,32.19903407,112.0541502,37.51650889,51.21788413,43.90642752,38.29528119,46.4710553,83.74573334,41.38280711,44.86378573,43.87414339,33.34436812,36.9180727,33.79268244,116.9977157,65.75078237,45.85501249,42.82132137,75.76994921,62.3987817,78.38270608,50.14187814,57.86068849,49.36408272,50.35344726,53.39493065,62.84237494,48.39321574,80.36206735,56.48165584,39.58131675,59.81838096,54.64975655,66.85583754,54.67934479,47.28585241,47.07600395,45.33244825,46.68922927,41.78306973,46.5935266,37.66637511,79.71788244,55.879506,118.7439503,60.38591778
5371,1721,104.001228,30.67021384,797,103.998596,30.67045434,253.5573664,,54.76839113,50.09304069,37.76435907,46.90413173,27.5356416,39.29570664,39.86054668,52.65270953,40.85668865,47.69727075,32.10877202,40.99430474,52.16037252,39.86054668,42.86482832,49.19584376,52.16037252,87.7698576,39.34510858,36.18658153,38.13290941,37.13425961,39.2569778,54.98834452,51.88243092,81.50058206,44.81865068,40.41647661,107.3890022,72.15861811,38.87178574,38.87178574,78.0176512,40.30496592,37.9020008,40.00028567,43.38434026,36.86338995,39.84749619,44.27696443,42.28647954,40.90682224,56.87268031,40.90682224,65.20046565,37.08711098,68.11988948,44.6360156,39.17624545,38.24274497
5372,1721,104.001228,30.67021384,1739,104.0014678,30.67222384,223.9545091,,40.43818095,36.73058008,41.16950976,49.31108457,45.68906288,56.24903951,56.24903951,56.24903951,41.63009807,59.77655109,38.12811074,55.34802512,50.15466456,45.04113032,61.31074013,65.5476612,50.93090542,57.32216372,53.95892243,53.95892243,53.95892243,53.95892243,48.35658976,95.2247519,95.9805039,54.84600223,54.78388896,36.53638516,54.72191626,67.94125555,63.84223562,73.29420298,45.26591451,84.86697187,54.35300447,48.56844776,52.19483595,61.64558852,50.20150889,50.20150889,50.20150889,50.20150889,50.82388524,70.31129935,51.46188719,37.76282121,37.76282121,38.46546912,38.46546912,41.77389807
5373,1722,104.0919183,30.66268492,357,104.0901728,30.66338933,184.5621388,,22.00078476,18.91036916,21.04193455,26.26180631,38.22921172,35.68972424,38.22921172,47.1222482,22.2960973,34.97733888,38.71368971,33.34623336,29.75031492,28.4854748,47.23391229,16.48694044,29.38070688,60.95630272,27.28639424,41.14078636,16.12678883,28.70080776,32.38834191,60.95630272,33.78425591,60.95630272,27.2304795,24.20487066,36.10998368,35.40446001,21.74872994,21.3641061,32.09776327,41.65665829,41.14078636,32.8110469,20.69855762,60.95630272,26.13269222,38.01050914,48.42738336,26.31380989,28.55689253,25.14851248,26.66226724,57.77597389,17.81296782,41.01380862,34.78658114,29.40334447
5374,1722,104.0919183,30.66268492,705,104.0909494,30.66142069,168.0767401,,40.33841762,33.22421638,40.33841762,32.97418334,62.05910404,23.66917909,27.0576306,34.50185399,25.10689894,27.08728177,34.70800752,19.87114169,26.39852817,36.56049936,30.44408877,25.51902004,24.54359293,23.05738667,24.17751308,33.31029282,21.57839809,23.04503744,26.65450332,27.4089147,41.72939754,18.5038613,60.50762644,55.51158389,69.99596889,19.39347001,54.51137517,42.41188768,23.7750988,33.70898409,55.25810633,27.36869647,23.02859236,53.07686529,29.58808139,38.72488092,27.75579194,44.16615068,26.99726779,32.58572948,32.09953657,35.78568346,31.34298184,113.4517996,54.88220085,48.08553096
5375,1722,104.0919183,30.66268492,1665,104.0982051,30.65973129,685.5480784,,55.68252129,60.01880064,59.80893743,50.30196156,52.67522867,59.4692309,55.04772675,86.30588551,55.43337583,62.51198283,58.14457893,57.06296144,54.52076028,62.26061594,89.50038376,65.81261553,55.58497933,137.3003106,85.84254199,50.24147872,56.55499748,61.96358352,49.90845465,47.2419124,57.8453787,67.31600633,72.03334098,53.98163953,51.27554791,51.83142175,72.85887864,65.58250148,60.77753445,63.11217926,57.85215851,35.35778055,43.45023032,68.21373914,48.91380255,50.95608567,57.11798841,65.14257758,61.91603317,45.72437392,53.12705531,52.87186847,59.36705009,62.98527646,50.06030593,51.92089234
5376,1722,104.0919183,30.66268492,1770,104.0936056,30.66482686,287.2043926,,41.35743253,38.97967251,38.97967251,36.8604568,38.97967251,45.39784032,41.94465774,45.39784032,84.40292354,59.03987514,69.47909708,63.8355123,66.53785023,63.8355123,41.15167416,47.21168098,47.21168098,47.21168098,47.21168098,60.46408265,50.43589333,50.43589333,50.43589333,50.43589333,50.43589333,50.43589333,45.90170093,42.11551175,37.52943061,39.69043429,37.52943061,36.05704667,31.49043087,34.69583266,78.32847071,42.50506941,48.42790695,37.87310672,40.8670282,40.8670282,40.8670282,40.8670282,40.8670282,103.6007829,36.99233679,93.14737057,91.49874455,48.97268506,63.7985847,63.7985847
5377,1723,104.0649365,30.66253637,1071,104.0632366,30.6647108,290.8636252,,30.29610273,24.07147243,30.85783057,26.71196558,31.83581967,29.06841905,24.39392081,28.6879192,31.44471624,30.91096829,24.78364617,21.60324016,27.05708141,29.57935172,26.95261392,32.21874002,27.42559064,30.66205127,29.12681643,24.85227178,34.83911813,23.1022405,28.27795343,24.50811119,26.16464395,23.42525841,26.6609561,28.54269219,31.95653257,34.21925002,24.77387344,21.79207182,37.00031981,35.39640856,21.83751931,24.2199472,19.24832814,24.50811119,25.67702429,21.58987733,28.25660507,41.38770951,27.37540002,23.93939302,25.17089064,18.41880476,22.76324023,21.0051966,29.83216669,31.69056395
5378,1724,104.0738388,30.67497315,633,104.0719208,30.67587069,208.9353201,,43.2694431,53.98328846,77.44320745,54.95285131,38.25524314,34.82255335,69.96903743,41.29950047,47.82364139,38.25875648,35.40304307,86.95574016,35.37182651,35.34066496,53.06293844,42.84109085,41.02729923,32.84572718,34.07647316,29.55470147,50.73640151,28.52494534,48.79675689,52.08312652,37.60835762,42.49531934,49.04105313,41.90346253,41.44171638,39.8675169,41.94240627,47.15781519,48.68395808,56.13187704,46.08867355,54.60378602,58.53440874,42.61570268,27.65320413,30.95338076,33.35552782,55.71608536,38.87168746,40.65768391,37.58151369,30.26829587,61.72532315,47.98514529,100.826696,32.42121971
5379,1724,104.0738388,30.67497315,1461,104.074683,30.67600168,139.768161,,22.76766424,27.05190213,24.72557148,27.08102151,16.60611814,24.97098658,27.30884014,25.57384394,24.94210408,17.35053033,20.09503727,23.16066189,21.85300237,23.51240092,22.04678519,9.846680618,19.72445546,22.14961319,17.81116388,22.14961319,21.82930063,17.18754499,18.7061917,17.35701427,18.00636563,15.41088452,40.90775444,28.03149747,23.13404044,23.22301752,20.49553481,25.41239291,26.13846128,25.67170304,37.54965519,14.3761537,29.62908649,24.37479348,26.71674582,27.64644943,31.05959133,23.8561223,23.8561223,23.54449037,23.8561223,23.69928194,20.87823152,22.068657,33.76948856,22.09288165
5380,1724,104.0738388,30.67497315,1644,104.0753428,30.67410729,173.1105499,,60.21236518,60.21236518,30.62397934,31.92612601,33.62579027,31.29682258,30.35055096,32.41601975,25.69481046,21.08961014,24.65872807,29.18960092,20.70425182,30.77520887,52.29633394,23.21035306,30.15474095,37.54204697,26.59096229,30.13044221,35.44925937,33.44532986,23.60598408,30.51775457,23.60598408,25.12895079,29.10628862,38.40128395,22.66174471,37.76957452,21.26955562,28.75192524,34.2730328,38.54832863,32.45822811,33.23722558,89.66877405,34.4600798,31.2641127,31.02191516,26.68942097,34.05453441,30.49908547,39.80903353,33.60728939,34.62210998,30.92793944,28.3917075,30.9072009,26.86216562
5381,1724,104.0738388,30.67497315,1698,104.0726142,30.67363721,188.9019845,,38.16023256,36.34186475,40.78243743,38.0091557,36.46365384,28.10112166,34.60799716,30.70190267,20.26966153,33.61023777,23.20980014,32.32272966,30.99871125,34.17322333,45.95652462,35.58282781,26.08876512,42.45871867,42.26082718,47.89064396,18.47954196,18.15072449,21.35155869,37.26285722,34.25930197,35.69801282,39.53762466,22.36997185,44.30112078,17.99066519,34.95886409,25.58973261,35.10675225,37.81541118,38.27657471,36.74275431,28.27638853,34.34251926,30.25120748,55.28838571,35.24538646,36.90893591,16.07676464,33.00198455,21.11947653,34.74455678,32.77335635,19.45771514,35.14455526,36.20224701
5382,1725,104.0574161,30.63195061,452,104.0572518,30.63571665,417.6863188,,62.96778675,93.37569951,69.5071224,94.662081,113.3420161,89.15043957,129.8755924,111.3830183,117.4742772,92.24973912,75.78985623,94.57048728,84.65109397,76.95510811,75.5613441,52.76037711,60.38838344,75.5613441,42.15899292,45.38241694,117.1083137,67.55901946,109.4905884,96.08119793,91.29755602,57.24634825,113.057951,91.26325345,74.80948993,84.31798587,65.66247806,89.37121829,87.93396185,71.86001184,67.62540399,47.84950669,116.789961,66.97080217,97.8679241,105.9669308,92.91477331,96.21293631,91.68724071,87.57546579,68.71781565,95.16903466,78.34018605,87.93396185,67.88581254,66.16812971
5383,1725,104.0574161,30.63195061,1165,104.0597716,30.63202286,225.8890994,,38.11878553,40.61941847,50.50936384,33.61596519,29.700539,36.92171432,38.50121951,41.27922629,49.07669027,49.80232112,53.82465028,34.78933723,36.26313301,44.58948638,38.08902847,55.8517004,34.16809907,28.6338295,32.12418344,43.57989056,29.76939931,24.49399873,45.52558476,88.07228425,37.04787052,56.86718586,47.17245775,40.78238505,67.97916471,39.23767227,47.00582415,76.71705263,54.39469952,42.15659709,38.72384561,41.33167765,43.72047085,45.84641341,44.31611759,48.54929898,69.14972431,52.46456502,43.45347562,48.62994566,37.1324547,36.53922526,107.3532354,47.14207292,51.79622661,47.8353387
5384,1725,104.0574161,30.63195061,1885,104.0561246,30.63192746,123.8118697,,20.7796145,29.06887376,21.53249908,21.53249908,21.53249908,21.53249908,21.09930087,18.68858411,22.79911667,25.39730661,29.58336709,27.33097993,28.41260436,28.41260436,28.41260436,36.09090939,28.41260436,28.41260436,18.88655639,22.69030765,22.69030765,33.07775369,24.25042062,24.25042062,24.25042062,31.72403779,27.51374882,24.29006708,36.06170962,27.34495282,41.08043603,24.49025994,34.4187437,34.4187437,34.4187437,34.4187437,34.4187437,32.77373021,33.57610026,33.1700637,33.37184696,30.96640771,29.03731146,23.33626863,35.51575545,32.77373021,32.77373021,29.91427724,34.19867502,29.91427724
5385,1726,104.1119814,30.653166,42,104.110012,30.64971387,426.6043255,,29.98660624,27.03830232,36.52260575,31.60961188,57.65464371,41.69970408,72.67958658,41.17360782,53.30791241,53.26635585,33.52306842,62.97849444,34.00627224,35.48464815,52.61757848,63.46180049,42.25613008,42.20820181,30.85263425,51.54762493,28.65921291,50.11430225,49.10910259,57.15740748,46.93951456,31.6247222,49.41362844,45.16322811,37.1034968,42.02669665,36.59683869,35.23318926,41.25260553,48.50838824,57.48568926,41.46669437,41.86956303,32.69346614,46.46824726,56.40473432,24.57896354,45.87828445,38.33847902,36.98436055,35.56065,35.3661617,40.15974474,33.39161051,42.34375914,48.85818363
5386,1726,104.1119814,30.653166,777,104.1121511,30.65500441,204.3966949,,55.32542118,32.81949971,51.98785502,37.35168029,41.39679897,48.25102306,29.4839019,35.12305974,38.88127353,35.03943341,42.19197831,38.18399794,45.98925635,42.28897136,38.75329041,32.81284734,40.82971953,51.74599871,36.02585565,37.1964324,24.26473542,47.28634713,42.73684316,44.76929312,45.7036088,33.47631706,35.05937595,63.22905277,36.79958315,56.17008409,41.31609099,102.1983475,61.23396128,25.95513586,58.63172125,42.94716547,45.56211156,49.93281379,39.03597356,70.07886682,33.49748565,31.09132823,15.32975212,31.17915685,43.59386432,57.19714738,51.09917373,31.58060522,29.43312407,38.43196979
5387,1726,104.1119814,30.653166,1602,104.1149881,30.65323511,288.1919027,,35.22889133,29.54611859,41.62450751,39.62049071,41.43334064,72.33501942,29.64259571,40.96128566,46.0084634,39.40551247,39.9957922,45.10829781,27.55619787,79.04692188,31.74696603,45.47074578,56.98090851,58.00088608,56.08058647,46.62880223,78.54369818,22.72707228,77.58149365,32.38785171,48.8806054,44.75801768,62.34920972,32.22021272,36.27590384,69.83111487,36.93452651,79.80698844,26.00227694,37.86462955,36.72533981,23.90531912,31.69985137,34.18421251,80.89597269,42.59770824,25.30465487,32.90140116,28.05292969,26.58528763,98.80865235,55.43139,32.93621745,28.13807032,64.84317811,84.34884957
5388,1726,104.1119814,30.653166,1754,104.1082528,30.65517353,420.8822456,,35.66518833,69.10723303,47.04906976,55.98372108,51.12900421,55.98372108,53.44634641,98.54803799,60.44585441,60.44585441,60.44585441,85.6838502,43.2201817,43.2201817,44.36362057,113.4963359,45.56920554,44.02612671,36.35695463,44.0458164,86.96801505,47.75968744,52.15752441,39.63835407,79.46727713,61.05105101,143.6185862,88.17707572,34.16406052,55.3185865,67.7022379,46.76469396,67.7022379,72.47334585,81.24268548,77.96789457,79.57161053,82.4585624,60.9974269,51.83042478,39.9782608,34.59306128,37.97433795,42.32757693,59.96739119,47.80812527,37.3426022,49.95085992,80.33807445,62.35292527
5389,1727,104.0447227,30.66539556,736,104.0433938,30.66603272,145.5910052,,27.9121217,23.60935219,22.24650334,39.43774407,20.79871503,24.70843223,24.8696379,43.51248154,32.99512866,35.36623608,33.88756155,39.62763532,17.73697525,35.29478914,25.65061756,33.27794405,16.63897202,23.10783089,40.63004796,30.4430369,45.70181165,29.86482158,29.6452273,25.71353813,16.86072303,20.36666813,55.75825731,36.68078202,23.08932241,37.34876144,28.69966427,21.39296403,21.45133501,33.92411772,20.7233166,20.66206118,32.45372252,27.213272,21.8272824,27.69498646,23.93276798,10.39935751,28.99737863,28.17890423,19.37498108,25.13801529,12.17485758,18.69684561,18.23618251,29.77997834
5390,1727,104.0447227,30.66539556,1201,104.0476212,30.66415736,309.7643485,,54.70899369,44.16442196,54.70899369,57.24654331,56.75072034,51.49966407,60.71606104,67.38076463,60.55543653,74.02618857,69.43178756,58.9247902,59.7936544,67.17781052,61.7812551,60.93724889,50.40233467,58.21135297,26.48816282,49.79166011,52.44751619,51.0850927,54.06249816,53.82389956,80.73009084,62.32799186,70.34547577,70.1905054,70.1905054,23.01654602,30.76280426,55.76914705,55.96163674,55.86518525,51.46849169,55.68000773,29.4623951,55.73815517,20.65095657,54.72715635,46.97228113,51.8876303,63.06781879,59.11946393,32.9926525,46.30687226,46.75841088,46.46465228,47.84467458,47.7975791
5391,1727,104.0447227,30.66539556,1508,104.0421319,30.66058405,588.2029864,,97.75098678,113.1159589,106.0280061,195.1641245,106.1660814,82.03950392,116.1351418,121.6971696,84.63967391,176.4608959,180.9855343,103.402269,113.6014351,90.26585448,89.53618398,169.4024601,106.6228978,109.1510696,97.28318916,149.5607358,136.175611,73.41385052,91.2728772,108.926479,98.88402442,159.8136416,90.43755497,101.0065776,103.1264976,159.384035,82.50119808,81.44349042,102.7615772,135.046604,140.2338246,107.8538583,132.5527857,99.41458925,78.57256961,73.9103229,86.14852527,188.2249556,113.5405228,118.5185122,150.1794859,122.7366817,82.81449969,97.00095057,108.5217553,121.7671507
5392,1728,104.1070034,30.63859978,848,104.1118232,30.64369174,729.2562404,,318.2209049,68.01108823,63.95426225,75.66082283,54.29829298,59.10392493,63.87645901,67.87206862,79.89243454,65.43675138,79.31059939,80.84133843,78.5310924,82.08407918,72.28163754,65.65699908,108.0379615,95.35069488,62.99041681,89.02631591,64.84696111,69.0874333,56.35553215,62.96681074,64.84557072,60.90705485,64.7051715,75.23346689,66.24897003,59.55306582,64.56830545,75.85581841,77.56657753,79.09129245,79.09129245,79.13556791,67.4745547,62.48288295,80.72395692,64.08435635,67.47192724,68.29885117,67.14379707,66.7172164,64.82500001,61.70161344,74.2365472,75.07014686,65.8525702,65.18859395
5393,1728,104.1070034,30.63859978,939,104.109586,30.63629375,355.772862,,43.47160978,41.21885704,43.34288674,25.17920648,37.55959833,26.62749071,40.31843556,35.66645233,28.61169977,46.40515591,45.04509859,33.28279078,38.31195395,39.84247413,41.16616483,59.57126992,22.83034409,39.95577299,59.57126992,24.39585339,45.74222511,31.09533512,29.25830504,40.55675438,39.14371342,25.77026767,32.24121594,36.95452666,31.70253226,36.59478544,31.68114534,40.6905119,27.90375388,40.20663328,27.20438197,47.21018348,37.36237757,24.63042891,30.78803613,35.2479493,37.82410255,57.86667033,28.99009287,38.98880679,30.64683477,38.84100995,31.46885266,23.329368,127.4410252,37.55959833
5394,1728,104.1070034,30.63859978,1208,104.1044176,30.64089419,355.0584151,,58.23281523,42.74950817,91.30073531,45.91272609,63.43475406,35.9480597,36.40143231,36.05670788,39.34468009,36.74337893,146.9207235,32.77462293,37.3882353,33.81029545,36.86448806,30.57919364,26.82497994,34.94794848,38.3091968,46.49446357,34.79750684,39.13687368,26.71285882,35.61714509,33.28672642,110.1905426,39.81418024,36.67748334,38.37725049,32.97366267,47.56131328,43.47654062,51.32680964,42.39754574,45.16074226,43.20363138,33.07141771,38.34630883,36.29504097,28.51026679,50.48223911,30.43357844,38.16819061,36.67748334,42.22497433,159.7762868,36.83603154,34.02511875,48.34380841,41.23259014
5395,1728,104.1070034,30.63859978,1250,104.1037953,30.63314518,678.214597,,82.20782994,101.9445741,66.60650766,80.0159547,74.32960129,80.80329456,123.1044983,73.11270132,75.5368884,78.48822789,78.21374957,79.27183601,64.84920449,74.66582719,79.50230418,87.42832381,72.47710721,86.7343712,104.6388236,91.96130129,83.83081714,77.10026207,67.63413644,61.50056799,50.34170205,56.73677497,68.97097597,122.2620205,87.19901961,78.00551275,66.85952072,72.45022401,89.74137046,76.32640159,79.43302315,96.21622233,76.2197466,67.8214597,47.54766405,78.11469863,88.25947403,76.48165521,93.84218447,91.10345333,89.92900734,139.9181977,75.65234696,69.81588443,83.73498312,101.6565522
5396,1729,104.0317137,30.67067588,1694,104.0298934,30.66792296,351.4356002,,62.86549867,79.32799287,86.35960141,71.57952819,130.4297073,80.84141602,65.55275444,78.05299925,90.58483249,98.99594372,130.2059857,134.5029274,72.31963258,67.73964616,65.55275444,101.8243993,78.58187334,80.92760092,71.51515811,101.0338372,90.36915434,59.25846186,65.18125506,65.83218183,68.31193896,66.80755964,76.10034049,49.26027881,63.83290417,57.46855951,64.7476029,63.12689366,64.11035064,63.07131326,57.24742809,62.87177469,65.27571187,67.70130626,102.1555541,74.92535637,83.92491945,121.5339251,86.06586127,47.56271281,67.28126712,71.81169371,83.12082087,82.0206263,76.67685823,65.59051524
5397,1729,104.0317137,30.67067588,1863,104.0349573,30.67009888,317.2509976,,31.998592,18.22990569,48.49696779,30.47415453,35.13564287,28.95913144,41.48075998,49.69989519,66.71165837,34.38591458,97.24628502,36.29841154,41.33064867,37.81799971,51.57887187,32.55711492,46.65455847,36.96128127,74.16257087,33.29101024,51.6205013,37.14762047,36.8539397,37.44601939,42.85566947,58.79555168,35.14164896,41.05122023,60.87972235,33.27322917,52.55077875,36.45011462,36.90157,38.07011971,38.07011971,49.15797381,46.3462327,46.3462327,56.61986643,72.74545168,85.39092272,58.41962104,44.81348172,28.69607013,36.84205133,30.88853526,38.00677509,52.25310548,39.37318463,41.83529639
5398,1729,104.0317137,30.67067588,1900,104.0295701,30.67099192,208.3333427,,28.30188806,48.5436915,57.78589067,54.40220353,57.85124229,44.98714856,38.10623728,41.15226522,49.92319734,51.54639407,59.37880901,85.22727656,45.26462599,65.4307554,45.21098662,37.80718506,51.50706069,30.44655076,48.80694362,63.51039546,32.05128349,45.88715367,63.43526637,59.48089669,52.08333568,49.76303542,50.51505775,56.17977781,42.89215878,52.91005529,65.11123461,50.00000225,49.28806354,34.17968904,71.01238485,32.03759221,52.76895379,34.63060841,50.57316478,59.76095886,45.73170937,79.78723763,61.15641492,42.56966135,52.87275529,43.47826282,47.02194569,34.29878202,43.60465312,55.21472642
5399,1730,104.0822831,30.6759215,718,104.0839234,30.67841788,318.1792328,,72.54755202,66.2107074,47.7434625,55.28544136,63.16793594,49.18419438,46.77832445,60.49886822,65.1314578,86.7761544,47.25109266,46.30612869,62.59263596,47.48943773,45.65547893,42.84040161,36.29133428,55.64678987,34.3388294,44.74395461,71.07209335,56.37538084,47.46115191,56.24774934,50.15633226,48.9506512,49.40813393,45.48602908,60.08105104,69.04894268,64.15862052,42.16362839,55.94360137,48.30837462,70.18659547,62.44098816,45.89290701,53.9191639,48.84627881,28.60038048,54.56666477,72.66900797,56.24117371,40.1526374,52.48317242,53.36339334,35.10046695,56.39115018,47.13766412,44.85177137
5400,1730,104.0822831,30.6759215,855,104.0843515,30.67489765,228.3359391,,23.28638472,23.28638472,29.58642043,30.55796954,26.86305166,20.5245788,37.67804648,39.3934208,36.11456337,33.09843551,33.92060719,30.00034236,27.83327475,23.35253923,27.71440933,26.1786427,36.34689203,19.45584333,32.49048936,35.35524218,59.85505201,40.49307294,40.22511567,39.69561637,36.18909224,39.12770765,35.38350551,51.3755863,42.8594941,34.21729377,27.88835897,28.10288481,27.58420741,36.89094832,40.92143775,34.50282973,36.9282832,31.44441367,27.30021191,30.19318203,34.46580213,40.49307294,19.80745496,20.94291416,42.92165887,31.82524593,30.50127572,26.89601246,26.06450672,30.21537882
5401,1730,104.0822831,30.6759215,1259,104.07673,30.67884784,623.0297404,,83.37944481,76.46274088,92.77795514,78.33904313,100.8048119,77.67247934,51.11456393,66.04879703,75.62060234,263.8714195,73.01426866,76.22453918,69.45328633,69.01252509,72.94006717,91.32357758,79.32474148,39.41840185,59.06828239,73.80006795,250.6041414,103.9586125,99.41286005,97.55625829,58.92050084,61.90175894,83.10910849,59.57256482,76.94363861,70.0908458,92.23141876,81.95237355,80.30099138,88.67527189,90.72112541,84.02449814,195.035397,60.13155671,75.61422892,80.98529637,60.70113844,72.42972223,58.63809321,45.63391791,73.97247434,60.86586338,71.51557004,84.95860096,81.25861511,116.9703815
5402,1730,104.0822831,30.6759215,1536,104.0813226,30.67490618,145.3556476,,20.3294612,18.36071338,22.77111973,19.3181479,22.39430804,17.80874639,23.46548571,16.55077484,19.1853467,22.24020837,23.93780107,18.37683341,19.29144079,23.24675622,12.45905551,19.89659055,19.63622912,20.00307077,27.98290542,23.11989682,17.61886638,13.77053504,18.85694888,14.0101829,18.8230335,19.34492907,17.24152657,22.32067529,21.39567776,20.56887056,20.56637435,17.01724655,16.61207401,14.82380542,18.2486602,19.87002949,21.09892264,18.8555333,49.83622203,18.85694888,20.05188442,17.32716329,20.51438133,26.69797609,22.29096193,21.80334714,25.52586982,17.00171266,20.73766175,20.90334213
5403,1731,104.0008795,30.62747673,455,104.0112729,30.62008866,1289.528685,,70.2846823,69.43537908,79.13742164,76.6372805,81.75947985,76.61438351,65.24429474,59.64574982,67.767759,64.44421214,62.84706587,63.32541078,69.17012104,116.665213,108.9502783,165.7761294,93.70160168,68.84137661,80.65450078,73.62891778,71.42005025,71.38344336,76.13843704,69.29606437,83.11700156,77.60268146,68.90611294,67.27975748,81.94284655,88.67819037,74.62481712,68.85774753,79.29826222,61.59234811,73.64560421,70.73985929,61.38582831,95.99469119,80.36090318,69.45290294,75.84733832,71.80243006,95.78342364,81.99163434,69.99326447,73.93946919,82.49561544,71.07638422,76.55565904,72.10784818
5404,1731,104.0008795,30.62747673,703,103.9943014,30.62444502,714.442903,,147.910224,69.91015088,98.21458523,88.81707457,89.94297949,114.9580357,110.5441741,87.09030562,110.3860279,106.8991875,95.85072489,136.8082155,101.259624,90.83978038,89.6881465,129.5511135,106.0980866,105.8570063,100.6836166,116.0298248,105.4222139,87.83134153,106.6848718,96.32938018,125.361504,120.1300028,111.2491081,129.7348655,151.4237145,133.801236,151.0300503,134.8380886,145.5473632,92.517786,128.2940222,125.6312527,79.9998274,87.12718329,127.0905226,109.8409481,133.9580443,123.6371003,123.6371003,129.4815173,129.4815173,119.5680634,132.7000175,132.1525353,150.8992834,137.0200374
5405,1731,104.0008795,30.62747673,902,103.998551,30.629674,330.3261364,,28.21290845,28.21290845,42.09465809,42.09465809,42.09465809,22.78111286,45.95841898,42.09465809,45.19426474,45.19426474,41.43463732,45.0764877,31.2119184,45.04713929,41.6158912,45.08716933,52.0426298,41.84998584,48.97499474,27.00213649,32.01006975,66.0625392,56.32337028,66.06455522,66.0655633,33.07855608,29.12857541,32.75961683,48.37286311,30.14382994,50.95004675,56.88265027,56.85296394,61.19905261,48.88596297,56.8640927,54.40665775,56.86316514,56.86270135,54.42444353,46.9105418,61.77527746,56.86286077,56.86285354,53.48400942,30.53862586,62.13842409,68.40886431,56.8628559,56.86285593
5406,1732,104.092417,30.64102626,1533,104.0913246,30.63909142,238.6278746,,33.2485863,34.762179,32.56483505,37.24922921,36.8959348,44.85954823,47.64413196,31.8406356,46.73039068,34.39681075,31.20073906,52.27547761,58.04461815,21.0039205,52.19607182,44.51089889,28.58769879,33.95495449,45.01626281,60.83996803,39.81739738,45.50308621,34.12839069,50.58255243,28.63534495,32.17454489,30.14246837,25.99274882,42.31824377,19.50193754,28.4188206,37.0284633,58.43297276,34.5004156,31.75823839,54.25644308,38.87150898,77.16688512,49.27688425,24.30156573,39.38385552,28.63534495,39.34627551,50.90727991,35.33612037,44.14493055,41.90538286,40.90763565,28.85173295,45.75554453
5407,1732,104.092417,30.64102626,1587,104.0896025,30.64396027,422.4742469,,81.76920908,79.99512367,88.94194672,124.8106802,127.0599239,65.98296264,124.4095942,79.99512367,145.5413674,133.1209881,73.45160465,67.34541275,111.0151306,115.8051235,95.58774861,79.62865387,182.6132251,144.3899325,110.2106731,88.3606268,86.0890918,97.49405698,70.9461126,145.4022265,140.3914421,137.0186747,86.56786932,89.78201233,182.0719021,126.4787766,167.0452566,221.7066019,294.3691527,217.0509892,85.03814866,103.6393383,106.3943539,107.1438738,102.9611162,85.98769124,163.5384182,94.46629123,90.53019576,116.099793,96.27264915,92.30050976,107.1035282,84.02802701,87.2413359,97.96504276
5408,1732,104.092417,30.64102626,1712,104.0946578,30.64250692,270.2586661,,61.51303674,63.69435011,60.80819987,39.48830962,46.38527761,48.89101497,81.41683665,49.32477556,39.45839157,52.30812892,45.38454568,35.76952934,49.03887086,43.95773485,41.08662154,103.7793278,48.92174471,70.98808901,45.46407467,40.96552412,67.62336736,46.31000942,43.31839706,62.76975471,70.09590763,49.7239113,45.89298104,53.63950371,48.4527489,76.91155715,74.84086138,52.66679167,49.95795625,53.16563923,53.82745217,54.81302524,54.50594947,115.5500235,48.8005139,38.27424068,68.90447578,47.00150715,70.84450472,93.1671462,92.91293843,62.59028438,94.64311264,72.98124317,90.50522772,97.09892195
5409,1733,104.0601611,30.63830872,882,104.061945,30.6415775,400.5904883,,68.89135787,49.72847441,53.66049332,77.27398569,63.56977521,49.30344471,62.97492392,47.8317001,58.15023217,48.42959634,58.15023217,58.26770739,48.88561891,64.96061972,64.32676924,41.6799352,64.25958957,64.22605233,64.24281656,52.01535646,96.78696362,78.37639988,70.23339731,59.42825925,78.66140499,47.4383473,68.0783206,83.96656523,69.6258664,80.34126785,67.5963443,58.7423934,93.64452973,95.59545741,60.72108454,82.17240786,66.95594386,66.94084408,85.84081892,70.60591226,66.9465057,71.21608681,76.91337375,84.03996258,68.15908577,68.15908577,74.52886848,64.44069346,62.72959906,55.8963472
5410,1733,104.0601611,30.63830872,1183,104.0640514,30.63742297,385.5342511,,57.1556609,49.15903084,49.15903084,73.82570766,61.89178613,46.1717666,64.18142446,52.7727492,51.82040961,51.35701402,72.83948639,51.82040961,60.21359236,60.79605638,68.23055979,62.8754564,62.6576686,53.91016727,47.84481648,46.68738828,68.67454595,52.84810296,57.83296153,55.59467785,48.56689558,53.10931011,48.04260125,59.63951353,52.96185043,47.77705005,71.57731314,56.97513964,64.85996306,49.40449788,49.8953854,62.45512925,62.81840631,69.23469925,46.24478948,66.73980173,64.34289278,60.88522609,58.08800146,54.18929444,49.46880588,63.92292638,47.10527578,54.55768148,59.78104471,60.02344637
5411,1733,104.0601611,30.63830872,1703,104.0594489,30.63864347,77.68142189,,9.643210993,10.8053643,9.772386212,11.58983742,11.42607227,11.54796086,10.46410173,11.1249376,11.92550613,10.76920276,11.79141752,10.29397983,14.12984179,11.27633544,9.907619685,12.6135592,10.50586969,11.86227439,9.681463903,10.93563047,12.55448517,10.40085983,11.07745198,9.11664609,11.96501948,11.08736798,11.62705587,14.9410057,11.861304,12.68987493,13.44827892,11.34783135,10.88144431,9.232014925,11.15822918,10.69163656,11.60988558,11.00671529,12.04103848,12.27221586,11.6694338,11.71321964,9.593588981,9.422274892,14.61092575,12.01388116,14.93189803,14.09541929,11.27519882,14.88308243
5412,1734,104.1225333,30.67210855,1521,104.1237274,30.67169125,123.3912942,,31.72918994,18.3937333,10.87414098,10.87414098,14.12428169,14.12428169,14.12428169,14.12428169,14.12428169,15.73812787,14.88759645,15.30105177,15.09149282,15.14334258,15.16940128,15.15636073,15.1628782,15.15961877,15.16124831,15.16084089,18.98327603,15.16073904,15.16068811,15.16071358,19.5686634,15.16070721,15.16070403,15.16070562,15.16070483,15.16070483,15.16070483,12.50411426,15.16070483,15.16070483,16.21199486,15.66873563,15.93573658,15.66873563,15.66873563,15.39718056,15.53177123,15.49790345,15.48102489,15.49790345,15.49790345,17.16748441,13.42020118,17.53685982,17.0668969,17.94782461
5413,1734,104.1225333,30.67210855,1590,104.1219214,30.67305942,120.5868686,,15.6071446,13.73189476,15.38088731,15.18086194,15.81300956,15.78591734,15.60687741,14.65797506,17.4869175,16.32002733,17.75512176,18.34602121,17.38527482,14.07749646,25.53604276,13.21580751,16.99204942,17.92003001,18.08053597,18.2707677,17.01959632,61.1426376,17.40700264,16.98956691,21.8147099,14.03149043,26.96352341,15.65075176,16.56164566,14.73077013,29.33194101,16.90336417,15.38422304,16.91301097,26.30986224,23.78024786,17.39930769,23.91805658,16.85329254,16.35956441,17.53990816,17.00760702,18.15896374,14.36244848,22.9284891,23.52914509,15.84674323,25.62648919,14.76479738,15.91587603
5414,1735,104.0310773,30.63634952,434,104.0325787,30.63747441,190.3866487,,35.97857928,37.62788555,35.97857928,18.28931115,19.77686378,18.09615671,18.46328978,23.12908668,21.37396887,21.37396887,25.26014504,84.09716998,20.20102546,27.04604809,29.10369152,29.10369152,40.67607925,33.27145317,35.14830438,33.4882053,84.61628831,42.57092766,62.30835776,42.57092766,24.4782834,28.67748683,60.59271186,49.13203837,26.51419479,35.23865991,19.85204737,21.86258167,21.86258167,22.32183473,34.94668886,22.80079625,24.74339117,68.08529157,66.54290634,66.86750588,27.12632989,32.95153535,35.97857928,35.97857928,41.53890517,34.09910126,33.68019338,33.32537772,31.08353448,33.40116644
5415,1735,104.0310773,30.63634952,868,104.0322507,30.63509005,179.2475238,,29.19869166,29.19869166,28.7434782,23.85148503,19.97032373,16.65267318,17.3261577,28.98013857,23.78222675,24.7651394,23.78222675,23.78222675,22.47610863,36.56040145,30.09753198,27.40089536,27.87434495,31.32480998,36.45712348,44.5028335,39.10855065,42.4533609,55.27904563,40.08019166,23.0461102,54.91839027,55.24702984,27.40089536,27.40089536,33.17691957,19.58394797,20.58344771,20.58344771,21.01583083,32.90203114,21.46676932,23.29570706,22.6021396,30.18905664,25.53922502,25.53922502,31.02360989,33.8735478,33.8735478,33.8735478,29.8745873,31.70963566,31.70963566,29.26490184,41.88501976
5416,1735,104.0310773,30.63634952,1315,104.028974,30.63497769,252.4825789,,42.21070979,29.87959514,35.55165387,25.53194618,27.34767539,27.19740527,34.8251833,29.70383281,35.89090954,36.65069694,33.58142675,33.11246936,33.00768307,35.80059324,34.69226275,39.24599672,52.38831608,43.72518504,54.31896121,23.68566212,49.36522928,45.2207604,50.84963827,38.86423449,41.09303566,36.56101435,42.44271573,33.58142675,33.72158728,47.63822243,33.11246936,40.58110087,39.22663988,29.33948625,35.98192018,29.32055755,29.89925276,40.69868437,32.46204586,51.27995961,42.48887158,32.00483395,29.22627923,44.6652228,33.72680089,38.34889469,39.01018386,36.65069694,40.66833486,47.43931545
5417,1735,104.0310773,30.63634952,1511,104.0291032,30.63837159,293.289081,,61.86566551,61.86566551,35.33701938,28.1745348,28.1745348,34.4595526,58.33373987,40.32491502,36.98216083,32.25172025,41.89844014,144.6357112,32.26024794,102.508805,42.68897676,40.06985547,67.68209562,40.72673835,16.00971481,23.61003335,65.58016718,24.25361466,38.11699248,30.08093138,34.36422104,131.9800865,32.99502161,39.49528772,48.76862317,36.18603634,29.94230958,81.42730267,27.85859345,33.81124623,37.45591732,34.86924345,33.30727734,18.85429806,32.17800203,36.49540114,42.31826419,41.16337979,62.00406745,23.73742562,27.65790941,79.98793118,60.52050279,34.09374584,54.99170269,75.59718554
5418,1736,104.0827149,30.65151133,498,104.0817032,30.64925009,268.7115101,,31.75146946,42.80360338,71.65640269,30.80768906,30.21655536,43.47691849,64.6343944,27.02126917,46.28523619,32.90345022,52.28980737,28.57788586,46.95929303,61.52455267,53.37166545,31.6648588,33.21982955,50.23297086,41.79419348,49.60827879,54.8804182,35.6433838,44.31629617,44.04605288,24.4283191,61.61537811,54.65318849,54.12316877,55.45604795,25.52404845,57.31097129,62.538794,38.90193443,42.2814711,44.15624533,38.65580165,52.46583441,52.34639807,38.84985688,41.8318459,39.91862874,29.76496727,64.16991286,43.83813155,29.79552678,35.66966948,34.67245292,43.27163482,65.63326745,28.94558457
5419,1736,104.0827149,30.65151133,953,104.085206,30.6563458,586.5620605,,84.57065002,107.1113328,107.9194251,101.8467887,86.74509346,177.5468121,107.3252055,117.1497042,114.061387,95.91022335,145.0575458,94.97556603,164.0385424,116.8132103,86.32573591,140.1822541,155.3425761,92.54126531,136.6451737,82.51752317,119.7235106,121.6118199,78.89582001,157.7678015,144.0397966,97.34721863,129.2253765,125.0406169,138.6944774,153.2775324,136.3263505,133.1834385,136.774605,148.7640764,123.2649503,125.5258307,100.2881834,131.3449973,132.3000234,89.22352468,191.61737,125.4585024,179.6793882,139.6744293,182.8245383,96.68202954,91.52547322,114.6375363,145.7474548,94.0116702
5420,1736,104.0827149,30.65151133,1708,104.0821982,30.65181091,59.61637085,,9.321126387,9.811151317,9.321126387,11.26467792,8.4040699,13.04060945,10.2137177,16.96592372,9.568536113,9.748021273,9.605450913,10.02451811,13.81666964,14.64975666,8.795857994,11.70566879,12.34388047,11.42197632,11.09187277,20.63643606,9.731752575,9.928018275,8.370661633,9.181558719,10.80483865,9.902252036,9.971969106,9.198775679,10.87366359,8.701135084,11.02494529,7.275218138,9.858205607,8.584757402,9.84737753,9.058093089,9.051559242,7.978399073,8.196590305,8.680240043,16.63712675,7.890402024,11.98319012,10.91652772,11.69585477,14.97341408,10.45476667,9.295893235,13.52234514,11.57123912
5421,1736,104.0827149,30.65151133,1794,104.0835708,30.65122542,87.91891936,,13.74628055,13.74628055,13.74628055,13.74628055,16.52783863,15.0092761,15.73199675,15.36214092,15.45296489,15.49878078,15.47583893,15.49878078,15.49878078,15.71036128,15.8183327,15.76416211,15.79120095,15.76416211,15.76416211,15.10778567,10.34340228,15.51510342,11.94370225,11.94370225,11.94370225,11.94370225,15.14392869,11.94370225,11.94370225,9.40123098,10.5210452,9.929666187,10.21680515,10.21680515,12.14322538,14.96492244,30.00076869,20.15975221,20.15975221,20.15975221,20.15975221,28.0716727,34.92503279,28.0716727,24.04620017,19.29927498,20.12770173,20.56917041,20.12770173,9.433922793
5422,1737,104.0541861,30.64382805,356,104.0560473,30.64264166,221.5894798,,22.81813865,17.05141704,23.22757786,22.42052072,20.35524693,22.22454124,31.14581268,27.48058509,22.27977746,20.41950838,20.00139057,23.42796262,23.81260081,24.85115661,27.72007392,22.89673155,28.23795141,22.06036903,28.49007597,26.30575853,56.71010382,21.15973812,27.32965034,23.40609069,33.81969803,26.2600554,31.58726926,33.48022358,22.66792689,32.52689612,23.60124637,21.81029216,24.50095061,21.02588633,35.18844849,25.25103014,30.27408453,25.26836007,23.36791292,22.93183578,19.99500449,24.16607474,19.81426049,23.84106776,25.50557004,19.55201292,23.57334891,26.8019041,43.71080149,21.49172134
5423,1737,104.0541861,30.64382805,1050,104.0563422,30.64710146,417.5015831,,36.42767085,27.52757691,44.63569841,36.2534038,38.22496692,28.13401597,50.17186406,46.47512984,33.07417823,52.05214543,45.6840638,37.50950085,34.50176185,36.00492759,32.99470155,35.17860033,54.20794779,42.37229116,54.8542226,40.67674423,41.79659898,27.87030435,54.33860084,45.5111491,41.72908301,32.83877998,35.19330956,51.00698073,28.38984478,31.19887284,44.89562327,38.62774863,45.89967432,32.83015862,35.76456155,30.62245359,39.14077342,43.78293755,50.34632758,43.00445491,38.26389254,65.77705467,38.09210678,36.55677517,69.6731975,34.76363361,46.69653166,35.1991967,28.20339076,43.36784787
5424,1737,104.0541861,30.64382805,1895,104.0528196,30.64164579,275.036403,,33.51507426,22.33546246,29.37105952,44.54647399,24.01173732,36.89012857,41.40642136,26.99453288,23.1303002,35.22633733,24.00899735,29.76616988,34.33369875,31.86495483,30.35518829,40.63465324,31.48564883,37.54988017,31.69143739,42.19515132,32.51068754,48.47247311,30.50729016,47.30321841,26.11908686,27.98297836,44.18036419,24.51371046,30.12132706,25.50475568,38.6421605,33.07954916,29.2764947,39.81226581,29.63355184,38.71900699,35.65286706,25.52980793,31.41278714,31.5391137,61.56255239,34.61996681,35.0046331,25.00330936,33.22587419,18.91970161,29.76047643,36.00476548,41.16969026,29.84120105
5425,1738,104.0868417,30.67168591,172,104.0873989,30.672681,122.5245309,,24.36951996,29.3406859,20.83881785,10.29778159,12.87849084,15.72507348,14.77682785,14.13744587,12.49541958,12.65676646,11.71549299,19.61845714,9.404868043,15.57240287,10.63504066,11.39763078,16.157081,16.20159086,14.80162118,22.99045553,10.15162972,9.492574847,20.50892181,25.57033688,36.15477961,22.27718744,17.46884401,15.78133493,18.18920871,9.996335665,10.48338232,12.09225653,15.1863767,16.85151141,9.956846755,11.00428219,17.52668786,13.95849086,13.7325128,15.47678285,14.38722407,36.39342502,29.73629065,14.76269748,46.67601177,14.55737001,12.80372456,13.78400973,13.22603632,12.2333385
5426,1738,104.0868417,30.67168591,1756,104.0854869,30.66959784,265.3293422,,23.4497291,21.33698359,21.33698359,19.57347606,19.57347606,17.65592665,19.12283547,19.12283547,41.83294739,26.24737253,32.25616317,26.24737253,26.24737253,24.19978377,23.29129303,23.73684882,23.73684882,23.73684882,24.44180225,24.26166729,24.17259183,24.21704765,24.19479933,24.20591837,24.20035757,24.20035757,21.49626947,19.33574154,15.95299594,21.93307995,22.90613026,22.40904708,22.40904708,22.40904708,20.51956245,21.42272233,20.96141834,21.18955995,21.07487174,21.13206023,21.13206023,22.71547282,21.8951766,22.29778295,22.09464586,22.19574963,22.17038704,22.15772747,22.15772747,20.742359
5427,1738,104.0868417,30.67168591,1840,104.0840318,30.67384238,359.9769757,,30.45633637,30.45633637,30.45633637,30.45633637,30.45633637,33.35693983,31.8407153,32.58119705,32.20670053,32.20670053,28.26427726,32.20670053,32.20670053,36.07912615,38.38688105,37.19724411,37.78270059,37.78270059,37.78270059,38.15773331,38.34805555,38.15773331,38.15773331,25.11467272,38.15773331,38.15773331,42.07523093,42.07523093,42.98232546,42.52394135,42.52394135,42.52394135,31.37813832,31.37813832,19.86079866,24.32505138,21.8674054,23.03084949,22.43405334,22.72853449,22.58033384,22.65419179,22.65419179,39.27021553,26.67868477,25.13903225,28.41923492,28.41923492,32.47912563,30.31385059
5428,1738,104.0868417,30.67168591,1862,104.08965,30.66997767,328.9752251,,37.40965153,37.40965153,31.46415543,43.3020406,28.60135991,26.21606664,20.71378768,27.6063126,32.53601127,31.05710167,31.05710167,31.05710167,29.24224223,28.7105651,28.19787644,25.99706657,38.05014652,44.31253524,27.91868954,34.73978377,30.21201047,34.73978377,32.31808214,42.03410152,26.89577919,26.41585451,30.16071673,25.32382346,22.21971502,24.31849713,38.36860076,25.14460319,27.67081333,27.33024947,33.26715759,27.77898695,33.69305293,37.4781902,34.12999453,31.58162161,23.26740295,27.67081333,28.38939218,28.38939218,29.67577725,31.08427324,34.55548784,21.69067418,29.72454526,40.69796599
5429,1739,104.0014678,30.67222384,291,104.001918,30.67545709,360.9340037,,34.86661216,42.88324796,55.29201759,43.96102896,47.70052912,40.49259598,43.24001375,47.63204203,39.88833195,50.85567175,50.72803622,48.52894167,33.69497344,52.07865384,56.12796602,42.49754418,64.32487195,56.12796602,84.92564793,49.0325439,56.80272845,51.95470426,58.9280006,54.59505938,77.16633792,121.2091803,88.29189669,54.99669591,38.59492316,48.56132884,59.76042638,58.26737279,50.41173282,73.06630254,81.46472811,83.22577507,40.22793849,86.4320896,54.90263717,37.61906234,35.86096817,102.5812431,59.78661412,59.78661412,59.78661412,60.8600662,39.68730645,55.14535441,57.74944059,64.96812067
5430,1739,104.0014678,30.67222384,973,104.0064463,30.67175686,479.7478001,,54.48240001,57.82674376,68.27677585,69.76868486,61.59386877,58.59063341,63.40279296,52.02084579,75.01683272,64.89342225,76.36368814,60.83452203,59.53329013,66.88970102,90.42366913,64.63970359,76.29341051,62.10327509,106.4854189,88.48874432,64.70529179,71.86236119,73.18186781,94.15611031,64.88761729,66.9415535,70.84467953,73.59217208,80.39785394,103.7292541,86.47814423,116.2046816,105.5679756,100.477238,66.9415535,131.8390901,47.64391946,57.63377353,125.6828682,107.5399801,99.16318163,68.26450911,80.78073341,92.35786526,58.21658697,65.50286018,62.23755245,39.88665313,47.02312159,65.72150916
5431,1739,104.0014678,30.67222384,1219,103.9988935,30.6724723,248.1534678,,31.01918348,38.90484416,31.01918348,42.38920446,40.63771725,48.95082105,44.42697808,41.42283542,38.92603416,20.13566831,35.31037486,59.35896904,32.25099221,20.97071559,38.92603416,41.66432105,48.870486,51.83863545,40.80011346,54.47271244,33.13621974,41.04222744,44.36131985,39.05054855,48.90615788,47.70907792,37.81195639,37.81195639,28.33041705,34.42591461,30.64674045,45.17585255,35.97392554,48.15916356,29.24230717,45.00516293,57.48728984,59.42477722,33.3755598,46.16808703,41.53517943,47.1426113,49.49321241,67.04333839,44.93724769,43.05313176,41.84320769,59.10649707,42.62177882,38.13671223
5432,1739,104.0014678,30.67222384,1721,104.001228,30.67021384,223.9545091,,50.92018313,45.16729595,29.94934,55.28477026,32.63013421,34.25933001,38.01880261,46.94864247,31.31014496,38.80800158,35.20682239,30.85087626,41.93686516,35.20682239,26.82982472,34.82661913,37.41235419,39.52138396,35.91252707,32.23716848,46.46894713,37.02577418,35.67416959,33.07635827,52.05722245,84.75545154,39.58606707,51.93148037,42.7484747,54.10981428,41.09955306,55.60249881,43.87680178,30.85087626,35.72686408,44.11689372,44.81164795,53.62990463,35.19529555,38.45323844,43.89670958,38.44941796,44.6668273,38.85475821,38.85475821,38.85475821,36.81443985,54.40190504,42.54544764,33.73373359
5433,1740,104.0901163,30.63838237,1485,104.0877355,30.64267114,527.2409087,,77.41946721,78.10976425,73.71135034,72.49142985,93.84757831,55.01644265,65.28176342,66.01973118,65.11380005,78.3246467,86.08014836,65.33794394,128.4958501,73.61605449,118.6292045,129.5609059,104.8655951,82.46490678,102.5982309,122.8522506,58.76369261,106.1558877,127.9883528,130.0540955,86.74896121,161.6590361,76.45789613,69.5991142,91.15584548,138.3430956,72.03291352,70.98895825,68.11246188,82.34565168,115.453482,63.64014321,115.7358092,82.16741434,71.76057737,68.67724184,61.71461503,80.3414718,141.7790679,60.16061082,106.2747632,59.78164634,96.69920596,66.83335462,120.13084,56.77170304
5434,1740,104.0901163,30.63838237,1533,104.0913246,30.63909142,139.9419338,,21.95167589,21.892057,21.95167589,19.92252938,26.63212132,26.51531377,22.79597112,31.77060118,30.98345398,27.46390251,23.249655,44.08170914,23.10967714,23.17168087,16.76509024,21.46074384,22.53378103,24.63525485,41.98258014,30.90742096,38.02195937,25.31371955,25.09990557,34.15531944,27.37994357,21.69525593,37.78432214,26.90472426,28.4949639,27.03708203,25.96860627,35.80240337,26.23911259,32.29429242,16.382336,26.72631096,16.52196851,16.15159501,16.98186688,39.05356292,32.15686989,22.22104445,26.21428845,30.44054149,29.41845032,20.66128346,22.20158479,33.14414222,15.44318343,19.64735632
5435,1740,104.0901163,30.63838237,1683,104.0913322,30.63488636,404.604918,,34.5652042,51.32409108,43.70825821,31.493572,59.33106741,30.61791468,82.94861645,135.7443215,158.7839068,61.56287848,71.58664639,78.38086305,45.48962226,115.9695625,60.84284481,74.20161512,37.83318714,36.49655988,71.40086788,28.95780725,41.64625318,73.14891173,50.71397132,32.98623078,59.53314869,30.0531851,59.94146933,47.43850409,28.20638468,50.13252427,57.45868658,39.95315021,43.93899562,60.14515019,34.54334478,32.64039675,35.6829423,33.87390011,49.41739456,54.0474102,29.24854829,29.77164445,83.71136234,38.05558994,30.13905981,57.7720458,34.84635657,52.80165683,31.24027249,46.31407646
5436,1741,104.0159762,30.65041126,157,104.0113764,30.6504565,440.7880496,,47.76033043,42.06327312,57.72940349,53.07147085,64.57118936,59.75286727,46.36861301,56.97798846,45.74482001,72.67955628,79.22301441,61.80475087,68.864593,73.35147822,64.76885627,77.51471633,67.39751208,72.71920688,69.90471271,63.17026189,115.18458,66.04940598,60.13783394,57.39012581,42.10978272,61.71032695,48.52712473,78.75121482,64.70283297,61.23406203,60.37252664,63.62618198,71.1586089,69.14322347,60.42216006,128.3156586,178.2962897,58.77173995,98.21272191,64.66328356,61.36656057,60.06808102,71.23847266,68.51025131,45.53334228,86.36915768,85.77497181,63.34678557,104.8570691,56.05397162
5437,1741,104.0159762,30.65041126,368,104.0158985,30.65212806,190.4208117,,18.75553822,17.11647746,20.74175256,30.00886116,27.86646025,22.69916961,24.22314212,35.79712387,19.89883664,27.008714,25.78508573,25.62672606,28.86378619,34.72426789,30.7958186,23.98582653,50.59150717,30.05545877,23.80260146,30.35938539,53.47230282,38.21153412,28.96235984,30.95850189,21.3223926,37.05486066,42.57856659,29.33032707,33.39778907,33.32399268,35.61116479,29.73985497,25.68674181,32.26345563,27.69757261,28.9858318,60.13288791,19.25603714,30.61017737,34.30213237,32.91568816,61.80450085,26.57034582,38.72965662,26.7431049,27.25705456,33.76920799,44.70749493,22.83527389,21.53168189
5438,1741,104.0159762,30.65041126,1529,104.0160869,30.64749339,323.5660561,,33.76341455,43.59966819,47.30199078,55.46846676,33.9355514,26.47358641,49.67564295,33.69829706,36.40118131,51.75619226,45.06142367,37.77852331,32.08919565,42.5900476,39.9624153,33.28108006,24.48424176,48.03454853,31.41841678,33.40378785,48.13379347,34.91022383,37.14744698,38.01689954,25.37772989,46.81588754,93.18702416,37.12899398,29.24279001,46.59351208,48.61009448,26.65532728,40.2014772,43.62688397,49.56756604,46.6816886,31.71064797,74.87908731,38.82792673,37.57541297,35.84116314,36.23760878,38.19140334,51.91740608,41.67577109,42.15934136,29.37800257,50.68518917,29.71525005,40.00129814
5439,1741,104.0159762,30.65041126,1679,104.0197036,30.65037561,357.1935553,,72.75229415,76.26908654,85.15872842,53.88776528,71.5238585,71.24081989,71.14228487,71.90767413,77.59722064,87.95463742,47.35178086,75.19864322,87.57526443,105.3191606,96.10588932,58.62751364,67.50114431,87.60841173,61.84483311,102.5733487,65.60697954,90.04879545,121.3110188,110.8531723,81.04391589,103.3441745,81.38587336,67.09860302,72.64953667,65.74114515,81.38587336,52.3512252,81.2145347,128.5896799,63.55338382,112.7979648,104.4171173,90.08033619,107.3817786,112.7979648,57.78770374,72.08951922,58.27326883,98.76319501,106.9150778,63.0241328,53.5790333,68.94889003,70.77332086,74.29025625
5440,1742,104.0787652,30.67260603,1271,104.0778208,30.67124474,175.9195987,,25.96865424,23.17696451,29.52496761,42.56119323,31.30035694,28.46339574,30.74323084,25.31795481,24.03455618,21.21643401,29.21848006,29.28603724,32.14774392,33.71980128,30.66879203,33.98044562,35.4464863,59.18790237,32.34476789,20.26593777,58.36963644,28.9182902,24.39221327,40.54956989,26.33307922,30.50628879,26.72196436,21.91386005,19.51650402,29.88292809,39.33605934,38.8534083,27.50534442,27.71599804,38.90113976,22.98767896,27.57020375,28.31492795,32.80551957,20.69642338,24.59458467,22.78095523,26.36048097,27.77677874,25.03203776,22.76457783,32.82252165,20.69642338,28.0680543,30.75290327
5441,1742,104.0787652,30.67260603,1542,104.079532,30.67344742,118.711583,,22.08587591,16.73303441,21.87858527,19.4587,23.3530983,17.89996644,20.74571353,16.61808291,16.26495524,20.20622689,19.03615585,20.51336155,18.60791141,19.25052697,25.28767449,21.10428142,16.69381636,16.33229422,18.23490959,20.66212887,16.89176675,21.00057488,13.49208205,19.38148294,17.1861273,15.48411952,18.07026211,19.70922516,14.99514733,18.03213919,29.81593248,21.16961975,20.47241671,17.98944273,17.51482372,22.59678513,15.90183065,17.70530083,17.44333464,28.87579046,18.99385328,20.54623552,18.05753657,18.45307565,14.61065637,17.41963446,18.42277911,20.54623552,16.89176675,18.46054854
5442,1742,104.0787652,30.67260603,1644,104.0753428,30.67410729,367.6673525,,63.81882686,52.62832879,50.39095694,88.70704379,80.36820222,92.55961322,74.84485473,80.34005882,77.40365316,49.57312618,69.73669489,58.98406725,72.20962733,59.40765121,64.0711159,51.76099041,66.71383412,74.35968927,85.45496571,58.67032221,51.5773003,58.05273987,65.43652655,72.52616268,70.7808807,59.39432214,61.81848584,42.69685384,72.03278743,51.54215222,99.30565147,68.84798278,45.36769388,65.49333785,89.73576061,68.22693139,83.31093432,80.21833145,66.40146167,64.46115922,50.32709008,50.77758832,71.44952599,99.17101414,77.85896876,42.28761882,79.02104293,58.05273987,70.40438665,66.84860955
5443,1742,104.0787652,30.67260603,1674,104.0803937,30.67192313,173.4019806,,22.25479965,21.05386611,22.86619524,28.42331839,23.24942757,27.68279956,28.15094161,21.05682519,31.23466698,28.54788705,26.10352397,29.23874146,21.67524758,27.53019317,31.49780537,25.58389878,31.46406906,32.41158516,34.39378128,30.18116665,35.33474321,27.25356083,21.34178223,26.90720389,24.50104585,21.84591882,33.52562461,52.90229917,37.51485157,26.84933893,27.082305,23.07752792,24.84565692,34.79638407,33.46048269,26.6203467,30.48826033,24.14882515,25.61999252,28.50443517,26.58550872,27.62155443,33.20463458,27.86817545,32.58074792,30.30325875,37.94815381,30.01188126,19.81736921,30.3769893
5444,1743,104.0065655,30.65040297,157,104.0113764,30.6504565,461.0406423,,56.98699785,62.8691785,56.05672882,54.77710602,142.1015678,70.75797834,48.0621519,47.40197547,64.74051091,48.67291238,49.32381314,53.32518272,70.92932958,66.38985249,50.47890244,60.36890551,71.9288792,69.4454524,64.15041967,104.7819642,66.28379841,45.78610517,68.30231738,51.0691173,57.33147884,76.047941,59.61120671,58.87231122,122.540745,130.4319302,54.43575967,85.04250958,58.70013483,60.86736845,66.17328538,48.81606801,42.12554092,57.16692236,88.51980332,112.5251737,83.1258587,139.47448,78.96033836,58.13472197,120.7966748,95.11440185,132.779705,80.66056844,77.24241128,66.02969053
5445,1743,104.0065655,30.65040297,1843,104.006442,30.65256995,240.4600735,,29.91468733,35.04917733,30.45404625,29.15976638,32.81486977,32.00208002,29.31943318,26.47266864,54.13849796,37.1298643,49.29003642,45.72631309,49.29003642,34.80025184,35.14166163,20.48890567,34.88790991,36.83643679,26.23821972,28.80719683,25.34908104,25.61113209,25.42086778,28.31255158,29.9017708,37.46416076,29.74763796,29.74763796,29.74763796,29.74763796,29.74763796,29.74763796,29.91468733,29.74763796,29.74763796,30.6607886,30.19731155,30.42728522,30.3118622,34.31739404,32.29056629,38.38830442,37.55558632,39.25878751,39.25878751,39.25878751,46.61226041,59.03879042,45.56085603,41.05068238
5446,1743,104.0065655,30.65040297,1849,104.0068929,30.64748892,324.4893922,,39.36518322,54.13940661,44.24855348,44.24855348,44.24855348,27.02514313,32.99892124,29.58620039,29.58620039,29.58620039,28.21646889,28.88510559,28.21646889,25.45014841,40.58936108,46.44778576,36.14734848,36.14734848,33.13934218,29.09493928,37.62195852,37.62195852,37.62195852,40.17753437,26.25082723,24.76230656,22.7268835,23.43353685,37.56147305,24.54121454,21.99928083,29.99131738,33.44772547,30.76808986,30.76808986,30.76808986,30.76808986,30.76808986,30.76808986,65.35170976,22.97270033,29.44327188,31.10950231,32.32920144,24.48976545,41.7946981,35.51993347,33.03975427,34.23498304,33.92814139
5447,1744,104.0819461,30.66728632,713,104.0810256,30.66585121,181.868571,,35.34288019,24.88165629,35.34288019,27.45185977,28.4799469,28.55017358,30.52932686,25.42628565,25.8240937,53.01432029,25.05731866,28.54242516,32.96296315,27.27352138,29.74099929,26.26975991,24.82430181,26.49822013,20.46021424,29.6524844,26.90658311,27.28028565,29.20665246,22.72863894,28.64541889,27.8311097,30.15189467,33.94879991,26.99378424,58.71989736,28.03423672,29.86840181,32.67100078,25.33562558,29.1421449,21.41969814,21.52592593,21.53706762,24.32421754,25.23032199,21.57254878,37.41296318,26.66911835,25.5752678,26.66911835,29.76031162,36.57691931,27.79566358,33.96452424,39.20520093
5448,1744,104.0819461,30.66728632,904,104.0802769,30.66813158,185.3371688,,19.20730645,18.24484024,26.42082132,21.30435961,21.20382863,22.7977383,22.40476184,17.43210471,19.78395279,21.5627731,26.92187523,24.16346972,38.74925925,22.06394867,25.58335152,45.56582102,26.90378257,18.87450658,32.86767526,22.8889814,23.8125622,29.97965186,17.24066687,25.86514893,21.87586255,22.83675326,16.53156114,20.7209257,21.114361,25.85605546,19.36759964,26.70635655,23.91447339,23.23887101,16.61802759,20.06658068,15.96205282,20.64399157,25.85591173,21.93579641,26.40687893,16.8914888,21.84899902,29.00929599,24.75329472,19.50917566,21.44232911,22.38972509,27.80057532,35.67988276
5449,1744,104.0819461,30.66728632,1768,104.0834323,30.66647581,168.3546689,,21.36329954,24.99285806,19.81290644,21.28452355,19.21004146,19.50367846,19.50367846,19.50367846,17.14988138,22.84926703,27.05700036,22.55869012,21.51115556,22.69006353,40.04912829,28.38767251,22.83635298,23.58275518,23.20355314,18.89561366,18.89561366,18.89561366,16.20526225,22.98647818,22.98647818,22.98647818,38.97600052,20.56240231,36.07600048,23.69029869,26.19928565,21.61986236,25.18324687,24.24307232,28.79224741,28.75809291,17.46619043,22.65707694,22.65707694,22.65707694,39.96110821,22.20739449,16.6963308,21.77521466,21.77521466,21.77521466,23.38560031,25.25320034,25.25320034,26.61149541
5450,1745,104.0579073,30.67652495,476,104.0577632,30.67840135,208.4203538,,18.34133079,20.46308928,16.61823419,16.06666539,37.15035188,14.4014064,15.21933618,12.71717413,14.13906923,14.71202497,36.96124501,14.44298891,19.86006548,13.10590871,14.83810034,25.14454671,25.73973495,28.5678157,15.01377236,16.03233491,26.34411319,31.36573853,29.30911225,38.67594194,34.81732128,26.84804176,25.67550947,24.45344727,32.76477178,29.36646864,26.69362373,30.11492168,18.6645093,25.7544602,19.68292953,26.57544063,14.07717211,13.33890264,20.56164925,13.33890264,22.28101778,14.38759873,33.19358261,15.03031398,32.12707673,20.79390135,36.12237219,40.40731195,26.58799694,16.32298637
5451,1745,104.0579073,30.67652495,1526,104.0621684,30.67466021,457.5318851,,64.59273672,66.0166247,54.30048747,45.31264887,102.3052662,70.18487737,66.900645,113.7903134,66.20596626,82.97807488,74.49637207,62.07719045,77.14823355,61.55520847,60.04975675,62.29239658,69.62441729,88.31714672,73.53191011,73.64149565,63.5951655,65.67443327,76.83310948,138.4130073,93.73823988,67.45634629,56.73184463,61.63102834,75.99020378,54.10261994,127.8815828,71.28464713,157.8704269,75.02964279,72.11449153,116.8166515,84.46742494,74.27771875,46.56154873,79.27324378,75.06382491,72.84012838,60.87541448,66.4727951,74.53008083,98.43315458,100.1285584,74.45521386,83.91414486,100.4338284
5452,1745,104.0579073,30.67652495,1685,104.0579058,30.67416757,261.2699314,,24.40930155,35.45982104,39.02787357,36.12951677,15.44452796,47.03122561,29.05240936,33.54318076,23.7218601,31.248231,41.57223218,29.76492889,40.3678864,27.91014104,30.48854953,36.26883367,34.37762255,70.27933399,33.50035575,46.6206569,50.56837382,33.17713415,33.35360826,45.65882296,23.91284118,37.68316318,35.80061863,47.38396741,24.91580803,27.80225737,41.16287759,37.29467696,29.62119735,38.94707052,22.55567753,38.94707052,50.75027445,40.91984009,21.23186801,42.96932887,33.35360826,32.24291024,36.38575447,37.10342221,27.95680485,33.8335163,23.99417737,32.10142502,51.58528811,26.64509215
5453,1746,104.0872468,30.62967908,318,104.087302,30.62863419,115.9255709,,27.82213702,25.92124567,19.26740791,34.02163493,20.97146006,13.00353045,16.17566106,14.14285418,23.37994707,15.31845121,15.31845121,25.79308129,16.46251305,15.05204487,18.84117631,30.73640341,28.19811184,30.29633795,23.02521684,26.666585,14.00443138,21.13073697,22.68108996,12.95559349,12.31976547,24.31650722,15.08542711,15.63953988,17.27486948,13.96051199,27.93387251,26.58165957,29.38958135,11.68666099,17.46159227,15.18798422,16.62656811,21.74863056,25.01990739,16.98076119,25.68197263,13.81132008,14.39489699,14.69901111,23.57808222,24.62136019,19.6854743,12.82433934,12.63344833,14.12502103
5454,1746,104.0872468,30.62967908,678,104.0899921,30.63529384,675.6140046,,83.72497131,112.6023341,95.16128212,70.96635168,91.22214408,91.70287775,88.55135011,87.77662264,119.0315049,60.95765455,96.05886321,109.7788051,76.24484064,86.82589617,64.23090888,86.24859633,79.66212362,62.80724123,105.5188901,67.48641555,86.78716919,89.37256125,84.48434484,89.83987436,96.23623385,128.0672444,73.92736828,87.19088211,82.11725399,73.62897326,86.08698121,105.2145818,96.34250838,75.89496528,140.5901975,86.77611068,59.17786902,113.1260659,77.43153077,80.13872872,84.96804949,136.6410346,95.38080065,89.1513315,74.04856068,70.87346088,93.54655448,74.91003067,61.62695312,97.48338343
5455,1746,104.0872468,30.62967908,1190,104.0842695,30.62916042,291.0831249,,28.63112704,28.63112704,36.25948961,38.15746016,54.27186447,46.33305451,34.02270291,51.04589246,45.46200649,34.47037005,31.37422903,56.95104618,32.68556611,50.19876645,28.65069719,56.78131941,52.04797598,39.37133824,41.17482317,48.6264153,48.58883692,26.97295366,53.65153797,35.8869606,42.77139794,37.11567591,37.64907484,61.73191456,39.54336791,37.80300323,36.13445688,36.07226333,29.31186712,37.02824204,28.09381366,42.11602109,57.83108442,31.09493322,31.42126686,32.38699604,25.71531901,24.41517357,56.22531185,29.32553871,52.06952793,44.1778773,40.30381729,36.57589004,53.73842306,37.77414598
5456,1747,104.0255582,30.67516952,959,104.0261589,30.67753043,267.9153336,,68.56600953,30.23495928,32.07855435,45.05107286,56.6517005,65.48464021,46.23104618,49.46129236,55.30362391,66.36434871,47.51207887,51.82362274,36.91343032,39.07475494,54.49125429,56.20097541,53.36073034,48.58917889,60.75560321,55.46263375,39.47456485,60.42256545,35.00890022,50.23412505,69.13944093,45.38800946,54.83981242,53.54588208,77.0363579,48.73238909,58.19414441,59.90653422,42.2946918,53.96280499,79.33568044,64.29968006,67.5259184,77.85163056,81.05001689,83.337719,64.08605986,117.1451661,74.6585545,65.16859466,81.73688144,62.70140886,65.83584989,74.1602461,80.37460008,57.08010396
5457,1747,104.0255582,30.67516952,1475,104.0214793,30.67608461,403.6988235,,94.8639533,70.54930896,46.83079801,92.17647554,50.81523652,95.19535574,64.88016806,78.5576089,89.56342015,78.5576089,91.98201042,91.98201042,97.21175683,91.11697584,100.0906174,101.4531075,105.0070096,62.30721392,76.5406591,67.15876916,71.54156367,76.79343538,61.22446612,74.1487635,71.06678556,78.66391148,66.62765683,78.66391148,94.98795847,101.9289538,101.9289538,129.1836235,103.3162866,92.96262889,57.98766143,79.56289685,84.39696659,114.3388305,92.76483602,114.3388305,104.7165245,80.62778167,83.79909682,101.3941231,87.31255236,96.5017108,102.6675187,87.97310924,74.84888057,87.94741741
5458,1748,104.1076474,30.67360279,1118,104.108349,30.67202603,187.2315886,,48.84302311,44.15944556,49.3195404,45.23189204,44.60517258,44.60517258,22.06329686,47.54156324,11.73252775,67.38465392,66.23053945,61.27579263,67.38465392,61.96586706,61.30288355,46.27233768,47.8674634,42.66036196,92.33338616,61.27579263,29.86414351,30.43041621,49.02063411,60.58730058,36.76547559,30.84822512,79.76730402,45.96990411,40.88494336,33.65610997,37.09710119,41.28843608,12.09029092,59.64900168,31.49690276,27.66617757,29.01149436,24.11461809,49.02063411,54.43071756,29.21407884,33.08140952,28.98290649,31.79404335,33.54792462,38.60997961,51.77846011,31.16918932,37.24915015,25.96598597
5459,1748,104.1076474,30.67360279,1530,104.1068519,30.67543362,216.7469263,,46.65404692,17.26302953,33.79585727,19.93075184,36.12448772,16.22222317,18.02052967,38.92794021,27.65347671,32.23208665,28.2032145,28.09124439,18.96494449,31.5459444,51.72316591,12.89733776,50.83315535,20.71105334,39.66030376,14.48556191,33.37638693,24.03570952,20.6560688,34.45675745,18.32739717,16.02236006,18.22040711,36.35827291,33.89519609,14.0213645,15.28479794,21.9182285,33.56081439,43.32853785,14.47660361,37.87472924,30.93315896,30.09067957,38.09074614,62.33999476,14.80624164,13.44166985,32.03649719,15.12187858,13.22523618,35.22749141,31.74545828,13.79821281,33.09815205,34.58216582
5460,1748,104.1076474,30.67360279,1554,104.1036894,30.67231679,405.0706705,,119.2497768,104.1610296,116.6603531,64.3536811,54.85596542,84.02234136,82.38725502,101.3263055,94.28369053,73.92924785,83.80772493,89.91164016,56.30325922,66.8924043,46.0986643,69.11158359,148.0461334,79.08104196,194.4339218,100.2549909,99.59322023,63.1278967,102.2618804,136.1037453,103.9753593,127.0414548,73.92924785,107.9046607,134.4013285,110.8938718,81.77127556,61.33562203,85.71664446,97.00140227,78.9668455,86.85830393,64.30323235,70.27732115,100.2236711,155.8872551,107.1458056,126.8047316,137.7335928,102.2140944,61.99475543,64.52453158,108.0188455,113.1779545,140.2167706,65.98436262
5461,1749,104.0229439,30.65622063,143,104.022186,30.65402171,254.2968848,,34.46470721,35.07543239,30.8498327,29.15505686,28.76194639,28.98773118,28.98773118,28.98773118,27.49155511,61.03125235,26.15625101,55.48295668,24.80945218,31.03284018,35.83048083,34.21602602,35.83048083,28.06034591,38.2241664,40.77811961,50.45295041,26.08173177,29.67483907,27.59098208,27.76251055,27.59098208,26.08173177,28.53038676,28.53038676,40.12281016,32.44042471,51.86791985,54.44897614,51.86791985,43.33580049,46.94711719,57.94106236,31.19144073,67.31388127,31.19144073,38.09162769,46.10274458,36.47285997,41.92986803,33.19321194,54.57768096,41.92186767,34.03229685,55.48295668,34.91934336
5462,1749,104.0229439,30.65622063,1399,104.0299614,30.65658206,673.5888892,,49.89547327,49.89547327,114.6534279,59.80073985,71.21644644,103.8509636,78.73116887,66.61868135,160.9460177,87.52249045,64.49255322,67.54651814,89.31565382,73.70577511,125.6435234,82.09631828,68.11573037,83.33058423,73.26042299,62.55167672,102.2069069,91.50641514,127.2923885,98.97632658,115.955529,111.0120744,79.31054787,81.30494555,112.8156726,112.8156726,113.9351608,68.40394926,73.78052741,85.78726418,167.2358621,148.5402757,157.3346311,125.8064851,155.0398402,63.23129077,154.476564,154.336384,61.31276868,154.3013786,112.2648149,154.2926298,154.2904427,154.2893492,154.289896,154.2897593
5463,1750,104.0861632,30.66401786,344,104.0859453,30.66383958,28.74746286,,5.054498964,5.054498964,5.054498964,5.054498964,5.054498964,5.811644885,7.037202978,6.676830084,9.959024821,7.040194986,5.922224108,6.432998682,6.167053485,13.44037225,13.44037225,13.44037225,13.44037225,13.44037225,13.44037225,12.93635829,13.44037225,13.20457624,13.20457624,13.20457624,10.40109209,11.63635882,10.40109209,7.07629855,7.499338137,9.774816179,8.061605943,8.375588572,8.375588572,8.375588572,7.028242193,6.472603775,10.09666988,10.09666988,10.09666988,10.09666988,10.09666988,11.53101574,8.733406438,11.27965845,9.844553274,10.51335785,10.33777968,10.25217157,10.37360237,10.2734404
5464,1750,104.0861632,30.66401786,1659,104.0880259,30.66262974,235.6236818,,46.14208094,40.44077495,33.26451978,29.62612216,33.62716569,43.11364538,43.37925869,70.10291359,37.3060035,45.84851327,45.18326782,40.09036257,48.03855574,45.84851327,41.83932144,46.0533562,45.85387842,45.09214061,42.27135819,44.25211235,43.28565058,40.04935101,44.48838746,49.60498564,40.58589734,43.48033734,68.13214895,45.28044734,44.89170995,41.26073824,51.61860779,45.2799958,41.24369146,47.43317554,43.07677242,44.14112338,54.3746958,39.6723884,46.16300705,45.23974691,47.05937612,57.90069996,44.49811171,43.65366379,44.07184306,43.86175672,42.06174815,68.18691756,58.73245862,49.89677968
5465,1750,104.0861632,30.66401786,1880,104.0867203,30.66501226,122.4514347,,26.16173086,26.16173086,26.16173086,26.16173086,37.67736452,30.88092224,30.88092224,30.88092224,26.53575109,24.79157342,25.6340274,25.20576303,25.4180914,25.36467465,25.33805037,25.35135552,25.33805037,25.33805037,23.76415983,24.1390127,24.33090906,24.23458101,24.2826495,24.25859145,24.27061451,24.26460149,24.26760763,24.26610447,24.26685602,24.26648024,24.26666814,24.26657419,24.26662116,24.26662116,24.26662116,29.12941619,26.08432929,26.08432929,26.08432929,26.08432929,26.08432929,26.08432929,26.08432929,26.08432929,26.08432929,26.08432929,27.55157281,26.79788237,27.16950169,35.80305908
5466,1751,104.0653152,30.67506014,659,104.0640141,30.67295026,264.9869195,,39.91434771,35.21745861,39.58310831,22.44595083,39.25732141,34.04441613,36.88556443,42.39790712,33.88820285,39.88097451,49.92339697,59.18280947,55.06221704,42.02435728,34.68919673,43.39297519,43.73924393,30.7231211,147.899676,51.56502217,21.3890787,24.08971995,47.22539159,52.31917242,51.66975817,43.11651572,22.90403146,24.48125518,54.93340494,59.99703838,24.86842832,54.09940891,32.82700999,52.41499507,30.7231211,21.7054132,26.13569617,47.69764551,32.33738679,33.7802022,23.78934938,38.8180228,47.17430556,47.25138245,36.22032882,52.66301556,35.86289136,30.69840419,35.86289136,34.50100941
5467,1751,104.0653152,30.67506014,1586,104.06481,30.67529443,54.92324282,,7.259244576,6.840663369,6.358100327,7.547425294,8.106803642,8.578033586,8.029387783,6.961692652,8.179377639,8.012948359,7.136831056,12.79764881,11.39617718,7.616809884,7.081582122,7.766923226,7.207424332,7.11236238,10.9441148,10.74332252,9.919247869,8.983271362,10.79760547,9.245987593,9.152770314,7.549106235,9.19132416,6.568892829,9.018183542,10.28471647,23.26160872,11.34107313,9.883352453,8.787718851,10.7279355,8.659430986,7.91686383,10.32181554,6.713876881,9.790724147,10.09566884,18.47884805,9.449697674,15.09341024,12.83919962,10.48534635,6.554375938,9.363982092,8.32871416,9.646919992
5468,1751,104.0653152,30.67506014,1643,104.0666797,30.67646893,203.6268237,,30.41728487,21.17130875,20.59147655,28.15928418,37.78642089,26.85188884,27.1934073,32.58029179,38.9923705,35.68425562,29.70245402,35.6904605,47.91219381,32.29324076,32.06663185,28.74731629,16.510283,25.4312772,29.4400227,39.62467921,44.26941583,41.7740679,25.4312772,24.96219859,40.50036272,62.25869089,38.68372376,58.0963169,31.39428545,64.49177992,51.26269688,44.27433957,30.64617748,22.55558663,43.37612813,60.83456974,35.2431041,43.12097443,25.36527908,38.90958415,66.04113201,36.25067237,37.59264438,27.20061467,43.8275152,58.17909249,27.10005787,27.55851749,44.62083441,60.08660371
5469,1751,104.0653152,30.67506014,1800,104.0683853,30.67345172,343.912667,,35.38831853,48.05554557,59.52334621,32.18593417,39.72467169,66.74315909,55.28813343,45.6598945,45.53878073,39.32927577,37.58101319,45.45708148,32.92780854,42.80330514,61.94299443,47.83947454,46.86986841,37.80798863,68.27677949,44.48211741,41.06419904,57.43273166,44.19103871,41.73322251,45.48744693,45.48744693,46.10989457,46.74961364,48.3627188,30.54487503,48.83966869,35.1728864,59.81089861,34.82659919,45.85502227,26.20286987,76.89972678,43.07883094,40.44489359,31.991876,38.11448747,41.0188493,50.02366065,42.57271824,35.86343872,44.24894929,44.24894929,25.73982539,40.61199254,40.61199254
5470,1752,104.0766779,30.66974975,158,104.0733448,30.67124245,359.6266167,,44.48989073,58.0563148,37.54802263,28.75415481,43.51784269,36.45450821,34.92776493,63.58039632,30.66451492,67.80838565,39.76564607,30.67904787,68.39174961,31.37291971,51.95248074,35.47002247,36.64120246,35.66544959,38.13419205,41.23107707,26.27853491,38.87855316,49.9867112,42.40800534,28.93085632,36.26486891,32.44751429,35.14107632,60.38506624,69.92824077,28.00769757,55.09173703,32.03152051,32.47464431,59.29721314,32.21265329,39.5919211,72.93835606,36.12320927,61.70904767,31.50014161,31.36387174,45.74755548,32.25474446,62.44320677,31.96681037,53.43504622,39.8355637,35.11407161,50.21289542
5471,1752,104.0766779,30.66974975,186,104.0756937,30.66829634,186.6504078,,39.29482269,28.23565949,42.88988093,45.02120389,45.57742517,20.96541242,71.81053857,40.45132584,33.34697112,59.46384673,24.96067861,44.00402541,21.95887151,24.6584025,41.55115086,24.79488812,29.97062748,21.33147518,24.77203569,27.93935418,50.52191489,35.69410189,44.9459176,31.1084013,55.53235273,31.82880638,31.64145566,30.90807121,22.70072527,33.64250492,33.42992379,39.14222143,31.5650719,35.48654208,37.90925067,47.05472466,42.93555707,48.57408204,32.08451758,31.03655742,38.91552903,41.03459347,35.13419441,35.18018157,29.99738697,48.11036763,21.09706336,69.70347179,39.46792764,35.13419441
5472,1752,104.0766779,30.66974975,1271,104.0778208,30.67124474,198.5985543,,23.41555007,28.61454298,30.29469472,28.20334499,26.97942624,27.39290404,37.10838038,28.65550282,30.32038997,24.1811092,33.85603388,40.81568765,25.9983562,31.71937868,37.98909647,37.16222704,37.82579435,32.17618341,39.60968396,30.85026086,30.42360832,58.36365677,39.28323052,28.25908283,36.35363366,28.11093561,29.38170393,29.18182839,31.67020135,24.40118756,35.75902071,30.9638283,67.44856561,34.98963111,40.20364361,30.26263685,26.74394497,30.95042405,46.66806759,36.55188116,37.67326205,24.99841942,25.13022128,23.69361377,27.13300932,31.90538431,38.9621142,49.22236113,34.39201753,20.51520217
5473,1752,104.0766779,30.66974975,1704,104.0784525,30.66903116,187.7401673,,19.47736606,22.2690149,19.59027833,18.07124605,32.18402868,31.79136745,18.40339285,33.66697894,23.08674986,24.26802881,32.76869634,19.90764661,29.86146991,20.26580517,27.87070525,20.11501793,19.36574792,35.01889131,18.29132888,30.08299416,18.29132888,21.30384877,21.15382167,58.01412895,15.75441963,28.98018059,35.06121083,23.38631842,25.45629387,32.75595811,18.86572512,37.96992148,20.42768659,28.13581379,17.64659536,18.54223875,32.99583087,24.00939973,19.08451882,20.01079503,31.34399106,20.09792785,23.88214142,16.22724135,27.83244759,28.60292485,24.20285057,29.71592171,22.62939516,41.49590804
5474,1753,104.0282073,30.64453875,1505,104.0267297,30.64356199,178.2376267,,25.26202583,46.60935515,33.65620016,31.04569863,33.06792129,57.98091469,32.53006115,33.10915666,29.09342354,28.51802027,34.26223141,51.33243649,36.35441678,37.70285456,40.55495674,35.64752534,41.65114782,37.85577912,36.45769637,49.74073303,34.06417215,36.62416987,25.89931205,31.47126858,30.88346491,34.59059063,39.54733166,29.91400728,33.97399167,32.06006359,59.96779964,49.54868387,33.08212879,30.60359886,35.78004403,26.29735476,41.41048442,35.78004403,43.9132867,40.38346857,43.35509839,32.53006115,30.33353874,64.16554561,36.35441678,36.71848104,32.59892242,52.38003723,30.55502172,28.44444003
5475,1753,104.0282073,30.64453875,1631,104.0304369,30.641869,364.9690961,,73.69568286,73.69568286,67.55212061,96.96595911,60.06972655,72.49041357,42.68644399,61.68491765,78.20766345,65.88660656,66.32756404,55.85074372,68.31310639,62.86549024,52.87278656,46.16209911,58.86598324,113.2662712,50.76196057,45.9080624,53.9446239,70.76600067,93.26297175,55.95778305,108.9459988,50.97531507,54.29292339,109.4907288,59.34456847,86.15663908,59.5867912,79.68999217,73.12924373,66.13533955,86.62526758,71.17490498,81.73491421,109.0364105,99.32204342,95.90428803,84.08887974,40.11874033,70.07406645,105.5332326,73.19714462,74.67510074,70.12081366,68.40943682,122.7933407,57.00168095
5476,1753,104.0282073,30.64453875,1661,104.0252664,30.64770209,449.8220414,,80.87465056,82.62037495,71.12852191,78.10414868,79.07028071,67.10052552,74.20959374,70.89497332,79.25086538,87.19017544,72.07830929,75.14428534,56.48927961,76.02626052,122.8648975,69.20339098,59.49152642,54.89353726,45.68009447,77.40415133,89.96440828,81.47719995,161.9359349,87.51979666,95.14449759,104.4747967,92.20551454,81.71704031,89.96440828,112.4555104,68.90890847,78.79135624,121.4519512,129.2901676,123.720154,104.4747967,122.2157999,112.4555104,105.6678205,96.75036082,87.77015442,95.44357655,92.93310468,102.8436739,126.4027246,71.16641168,97.11300444,72.2525086,57.01969539,65.7741409
5477,1753,104.0282073,30.64453875,1700,104.0312907,30.64635526,357.5418123,,66.51940694,55.6886584,66.51940694,64.23708169,124.9660703,55.8013233,53.18803819,50.57565911,50.37391981,85.07273789,60.26274963,39.24239403,47.23488162,55.57644751,57.07984587,80.07157227,57.36604008,68.10320234,66.34796517,70.38974629,41.03561714,64.27717974,52.45646558,67.94044084,56.80693673,48.54118884,53.74323692,56.83924434,54.36749839,148.5173682,47.893973,59.31569236,63.87843793,61.92476748,59.23769671,73.86046662,70.66708762,75.8039178,97.36388232,104.2227145,80.03008443,55.84167134,62.83709299,62.15258912,75.71473672,98.85948727,53.13314858,91.85730771,89.17902018,58.24210517
5478,1754,104.1082528,30.65517353,1172,104.1061061,30.65160594,445.697783,,58.25510442,74.75885935,59.22894126,66.88563302,63.59540304,82.36714676,60.32000071,84.13171635,88.78084612,53.6113801,66.75562974,75.75599711,61.98445988,88.99123787,71.79024693,78.95217868,68.22587373,69.98961914,102.4354742,63.54503045,111.2699042,79.8264686,55.9767736,66.33260528,86.52992399,86.57438952,77.3880395,72.24277437,63.36935303,81.03596055,62.46275499,97.53872455,118.727105,98.64992522,92.7846686,80.89976567,132.2919214,85.34638398,96.49880921,116.1487501,88.4841187,109.8479246,79.01710407,97.83609871,73.26538899,67.93773277,96.54103603,82.54847669,94.20673717,66.32498871
5479,1754,104.1082528,30.65517353,1351,104.1026521,30.65777585,609.2264249,,48.08627778,55.75970669,63.96285213,103.4535439,56.28439169,78.75099209,66.46106453,62.02261624,57.99088127,42.02903475,56.59910012,52.79877328,54.63309208,42.75273157,52.39763108,53.29307792,66.50757332,44.27160132,41.51423585,53.55242271,94.99024401,63.57145303,59.25320691,54.89900199,46.41725142,43.11694226,56.35187897,98.85708889,39.48892923,52.14698149,93.08074821,51.50810544,59.59823722,96.759491,71.53343541,77.40759282,67.07079907,102.7811492,42.03574757,55.15787814,56.67222557,46.61456174,47.7824647,67.12481872,64.0609836,64.88802159,50.89228477,66.06069668,49.9418404,45.53387812
5480,1754,104.1082528,30.65517353,1726,104.1119814,30.653166,420.8822456,,54.05310445,56.30531714,49.55874676,49.5245497,51.58046244,56.71462885,40.98763077,40.7305399,46.00737098,56.43113907,86.64607145,78.62635355,73.48089642,104.6058901,76.49989696,73.58471049,89.22062152,106.5524672,120.2520702,59.2637321,49.96458645,57.21374799,65.28447745,76.17139927,135.2835789,47.69704357,43.37927439,42.967097,64.65900787,54.69949762,58.05272353,44.7394513,55.52516842,52.36783702,49.42857992,44.43331625,54.15641285,42.63597845,49.35426984,69.01978872,35.43442666,50.11607776,66.85829384,64.20237645,80.14154495,95.34406401,70.21205209,59.18656579,55.79046644,54.79841172
5481,1754,104.1082528,30.65517353,1804,104.1082439,30.65965928,497.1539143,,85.44547626,84.82246879,78.03632725,97.67138256,75.16185501,110.1079139,80.19638099,87.21998496,119.9628935,148.8226468,156.7459793,115.4966651,140.7824837,80.01881183,71.53147117,73.35057752,104.1900829,73.8853248,65.21681815,91.36437829,110.1613105,74.8931433,91.7648319,79.3398782,66.53360935,63.42896957,73.74727135,77.89065194,82.35854318,81.29472098,73.05118741,115.0145436,71.86069806,104.3208214,83.91930879,82.45603696,88.39331119,78.16495283,62.07239624,79.28834075,76.10811802,63.48146459,128.2977843,67.77232282,69.44240914,65.43612442,85.01385068,66.10232192,80.49868479,91.89446434
5482,1755,104.0641712,30.63209389,752,104.0641764,30.6318617,25.73839799,,3.678897532,3.110827958,3.543027932,3.285117515,3.148203003,3.319596337,2.983021236,3.706181063,3.267901833,3.014133543,3.161431613,3.061773252,3.272363558,3.062792791,3.179490693,3.467066688,2.792514561,3.198393898,2.788165097,3.961791496,3.950047224,4.615968104,3.836779825,4.177417119,2.923309152,4.786109887,3.902768666,3.114192992,4.211669482,2.786269386,3.561332214,3.549505696,3.609240735,3.456448422,2.889967117,3.068302814,3.424264388,3.494888553,4.089607307,3.061563944,4.145782227,4.589327924,3.360371105,3.201716844,3.530125613,2.934060213,3.420437725,3.474249447,2.890120692,2.937053235
5483,1755,104.0641712,30.63209389,1165,104.0597716,30.63202286,421.7383005,,66.15502753,44.78636819,76.00790397,46.53664006,54.59276502,47.70304684,65.55517624,101.6236869,76.45903001,86.92316116,82.402056,78.58477649,46.60807005,60.60909708,70.45280194,84.39454596,63.31350633,73.79139158,75.07259289,70.48550983,57.41311319,90.58817911,105.2518462,85.05646397,70.39835618,91.68649818,82.38233003,80.75839797,110.7543744,79.97846613,115.0195365,70.61664567,88.96437182,89.38098312,74.24243921,121.4606305,73.11033138,86.86395727,96.70432368,60.86140136,78.78770744,90.05088267,66.54161643,79.59412224,72.41293553,85.49551659,70.20107902,111.4999668,76.14131804,140.3628242
5484,1755,104.0641712,30.63209389,1592,104.0640898,30.63580183,411.0247426,,86.54520346,115.1061123,86.58052336,73.76472894,64.18209704,72.80831929,87.48919629,74.3128126,63.67677562,84.33806029,87.17430506,65.29337593,69.32947466,90.31189331,104.143586,97.64311705,93.34822689,132.0519333,91.5997998,67.39261365,100.4074728,93.53281121,95.95306198,98.86563962,76.70094547,109.0297212,120.8402673,103.6724829,106.6442575,118.9528971,134.4026408,103.2169757,99.70074317,92.45648985,81.75077753,117.7231209,94.68807679,112.3664764,112.0370309,107.6062259,91.7473404,94.62330497,81.30159744,92.50016457,81.20105443,75.88149094,83.08692281,60.09941613,60.81033003,82.66419404
5485,1756,104.0854869,30.66959784,305,104.0821882,30.67110531,357.4694262,,34.28049905,46.51409401,34.28049905,68.330439,51.96555836,50.66495804,43.22048478,42.024163,47.11417124,36.97959581,51.57875488,51.27051531,34.64037508,52.93914412,49.59760474,51.04147896,39.59661336,38.13007213,53.65713001,38.76174501,57.32249151,59.30368361,45.36627265,42.75381842,34.90659858,43.79243355,48.56188431,55.29606594,74.27936129,67.31861009,63.56100782,63.2303569,72.18593861,54.64500783,64.58669683,68.50364668,59.62424407,46.1802608,51.95057405,54.90730386,54.59188408,49.43634802,48.66326611,50.93231929,56.81633264,49.63197626,54.7612738,50.89442021,38.76174501,56.81633264
5486,1756,104.0854869,30.66959784,1058,104.0885456,30.66809939,336.8158621,,85.09032306,85.09032306,31.92287241,31.05088613,31.61765589,32.33432276,30.87955272,29.55005127,45.49857799,37.0240337,48.04721951,52.26453033,33.31908688,75.07969681,50.94693712,46.63604244,42.99776963,59.25654752,72.82505126,70.19028096,36.57728819,51.8824933,52.52326561,51.8824933,38.70828742,43.17639538,49.77574317,56.92662458,48.37249083,84.20396553,32.72073911,43.87950918,45.00880117,46.45736029,44.41527852,27.55766144,37.65643179,35.37672075,35.79445324,34.93084922,82.67298431,45.30026538,47.92636773,63.65024166,49.0244112,47.42648384,47.2724017,42.01445265,42.04358889,78.22820023
5487,1756,104.0854869,30.66959784,1136,104.0845712,30.66808938,188.8031216,,24.04001077,21.99648019,19.99091876,25.15046208,20.02036046,27.18764951,18.34524258,22.11097065,27.37536631,27.37536631,26.93301014,22.68673816,18.6771121,22.40124925,29.38448995,26.14197068,24.10252616,20.96195028,16.07785305,25.64872595,25.36161335,28.74718426,28.61481332,28.68084606,26.56649945,24.20265535,19.67268416,26.08178196,28.66430931,23.46875456,15.13788948,24.59678786,25.2298158,19.30941016,24.89711494,15.5003703,27.7424995,24.24994222,26.00196013,26.00196013,13.99981952,14.30928922,31.05976715,28.43896392,27.48077781,26.58505493,32.19378272,23.55132494,24.04922557,24.20552841
5488,1756,104.0854869,30.66959784,1738,104.0868417,30.67168591,265.3293422,,19.64055446,22.67054506,27.10707717,20.21984826,20.26919113,22.21361935,19.30643016,23.32882141,16.98754935,21.80789114,18.3190468,29.28520077,19.87899338,21.46484566,23.03039498,24.33938473,24.69881827,28.54888627,24.2002947,23.42185009,21.1792823,19.54344004,33.09994812,22.69523331,18.82881198,25.20278712,17.66245621,20.25128548,19.14199663,18.16633001,21.90290374,26.18602534,28.9002925,28.47051064,21.56175241,18.46126076,37.95439597,17.82062746,24.52337951,28.80318528,34.85548907,35.22070914,36.34187566,19.67137224,34.47286492,19.18043438,16.84630744,29.849551,24.63229423,20.25307462
5489,1757,104.066047,30.67201962,659,104.0640141,30.67295026,220.3793376,,27.45209742,55.67478003,34.56930786,27.58573071,38.06936734,35.70368418,33.86832936,30.26187979,28.18350321,31.13272526,23.96874971,43.35331231,43.2351834,33.71241992,31.31706377,33.25318682,37.62998967,34.66637039,46.21547273,44.35667643,44.07586752,42.43470829,32.8176056,18.5365798,43.39777725,39.09408637,32.00668141,51.48938554,39.10957258,47.50692308,32.78370311,44.97112604,45.46507824,35.75732351,38.48953865,34.58186481,32.58175012,47.08401278,30.66147306,33.91175958,33.19521403,34.21522869,31.438578,29.35876644,28.66280764,24.26324971,61.9816887,54.90419483,31.3604915,32.13608401
5490,1757,104.066047,30.67201962,1043,104.0657402,30.66947157,283.9259829,,51.00466759,44.89891403,49.1410355,32.65602359,45.12730854,66.56879175,38.93842051,47.76324946,42.10642795,46.48702847,34.07111795,54.15277025,52.6872958,52.6872958,53.16689407,47.95532688,50.97922885,70.54061687,65.55958556,63.0474893,67.24562753,67.24562753,47.61491638,39.03401401,50.93688729,44.97837353,51.36349439,57.91124864,50.7262302,58.40763077,50.10458522,48.67302564,50.10458522,46.72610461,48.13815723,44.92894674,48.13815723,48.13815723,48.21384615,36.57007293,49.92426023,36.94458572,36.94458572,36.36677032,36.34656432,36.35666451,43.00702125,50.5006689,46.45357697,46.45357697
5491,1758,104.0729416,30.64481732,813,104.0735,30.63892748,654.9590477,,91.21489338,134.764632,75.62200156,84.86180354,127.0489123,107.0460262,169.8673055,146.7881472,116.0360518,110.2609928,75.63723922,68.19053058,53.65173517,67.38165526,84.37426957,93.04397872,94.19143495,91.30537343,62.28013319,55.21902978,57.81805911,63.99599855,66.15307515,55.03490498,58.15101367,69.64873297,74.44006511,80.97526783,76.73572019,77.56093986,67.91768621,74.16002538,99.62046912,77.11400716,76.04340695,62.41833413,62.76676048,80.37303466,69.11575519,81.74823182,62.57655685,53.75248083,55.72655763,63.32500684,65.14025397,60.49041164,65.7638315,65.67039131,76.17930943,87.36382521
5492,1758,104.0729416,30.64481732,1261,104.076704,30.64358527,385.5321041,,54.3806712,40.8570967,57.51527893,57.9989793,51.17102233,68.49675878,41.15390881,48.13182572,77.14928153,65.05854258,57.4356494,51.34089673,81.18364382,76.35232379,43.45383766,44.47697068,57.78166423,68.37022536,82.49126744,57.40459638,60.48576087,39.56429803,57.00759074,80.29263654,67.32007637,56.90121932,58.85986322,53.93454307,61.14165528,57.08650179,44.29517792,78.41330931,61.89144146,62.42858823,57.23363195,55.96433769,51.40428055,66.40744377,49.96995769,61.41219357,70.45256725,66.09121785,53.61704758,57.60732578,52.10382261,48.17060563,80.53668714,44.98915964,48.35942769,88.34599457
5493,1758,104.0729416,30.64481732,1364,104.0726607,30.64669137,209.4380693,,22.29052622,28.59067902,25.66487687,28.6507582,30.83984295,23.8647533,42.14302614,24.84032915,25.02461898,20.03735515,25.72598094,28.48267321,24.00351413,28.71328369,23.18400767,29.19305717,21.51293212,34.60121949,31.49444651,22.77876282,17.32285007,28.36785459,33.64813471,20.197201,42.48846077,19.36329839,29.91972419,22.86758816,17.6162862,26.31682546,24.98869402,24.08872363,30.8690706,28.29182174,25.50913169,22.54301206,19.85892141,23.80622168,16.90531501,24.55224258,27.63990231,36.7943253,44.74641243,18.52763055,32.69631611,34.38891902,31.89902901,24.57285333,22.81322389,21.20891841
5494,1759,104.0241872,30.67793555,959,104.0261589,30.67753043,194.1451883,,37.04537161,52.28033121,60.14825111,49.88741455,38.97519464,52.33042601,49.30671449,48.70541309,46.00697824,41.32580505,44.71674203,34.09378916,31.31841723,49.17661762,39.20239379,87.00282298,41.57844569,72.38554776,43.56746494,54.39086987,45.59182504,41.97733801,36.30767158,38.56125119,66.56406456,37.27587615,37.50402564,53.76328291,38.3628228,56.59292938,48.75921244,60.77588503,58.9808167,44.61861248,48.01235274,59.99336291,47.16986834,55.61718921,49.28932848,53.35287617,47.38458833,53.76328291,46.03222907,40.28372783,64.41683667,70.3141527,52.13895396,49.21990689,49.7896832,63.82855506
5495,1759,104.0241872,30.67793555,1468,104.0247833,30.67972229,206.0965752,,38.12540792,33.37227754,29.55966816,29.17225442,40.9350439,54.02531584,57.96466178,57.07289775,47.13771733,34.6704519,56.82312575,45.63023805,45.27804595,34.6704519,50.47263066,35.86756095,53.76432397,46.37172942,73.09829268,42.15611765,93.91742667,52.06650321,47.97075456,41.9179475,32.61308443,34.73639424,36.95878808,37.88064479,36.21465141,39.28247098,35.97867171,35.97867171,35.97867171,71.68576529,55.36922916,43.08639203,40.89156724,40.89156724,40.32324297,40.89156724,55.99605062,57.07289775,53.9598306,62.61161778,57.07289775,47.33318473,75.90257501,50.81833361,51.16880488,51.5241438
5496,1760,104.0782286,30.66139729,130,104.0797902,30.66062591,172.3249935,,35.10952131,26.47382546,39.67674641,34.43630178,27.8088895,26.86876703,35.30900788,24.93448459,39.21428424,43.61124616,35.16836602,27.57199896,62.663634,36.70828264,18.85623029,35.1484406,33.18965545,28.77411765,26.34267417,23.95250875,31.78646478,24.86452812,29.43043377,43.61124616,34.71206541,31.73247962,28.03312295,77.54624708,33.21927586,30.85283183,42.68600757,30.10591333,32.43764584,35.75619462,29.06929854,51.270246,40.94851331,24.56910798,43.08124838,32.41222448,33.84367665,31.52814411,34.16251807,25.04995552,34.89666315,47.72076743,30.60428639,26.89075158,33.04989755,31.44402505
5497,1760,104.0782286,30.66139729,1166,104.0773122,30.65990178,187.5659269,,44.78125398,54.34505729,49.55870362,53.59026483,47.44911016,39.8690859,30.79258213,28.85629645,51.19743918,46.63241277,45.26730749,39.11584862,43.47021483,47.48504478,45.54720653,57.04222487,64.61601309,95.10385026,66.56227858,39.90764402,76.15458686,46.40806439,31.09657254,53.89579655,80.86674693,41.60793448,30.46183474,72.60616525,41.42560349,44.31418125,35.60126556,38.14900208,44.51502839,53.27316267,40.78614785,44.84498441,54.27952868,41.53480982,78.28838688,54.45462394,61.38521244,45.01582246,42.38445425,42.73654031,44.2053903,35.09549568,67.18779471,46.95669936,42.46775703,37.82842223
5498,1761,104.0167328,30.63860797,87,104.0184715,30.63982391,214.3053235,,22.96128466,27.36216928,23.15423663,26.02569394,16.78997094,34.54570548,32.12488389,31.36109068,41.59025146,29.78761253,25.80264765,41.47844971,29.78761253,30.59208666,30.62622231,30.60914497,34.59637509,30.61341251,18.21721758,30.61501316,30.61474637,30.61501316,24.57003709,29.78761253,29.78761253,29.78761253,29.78761253,29.78761253,31.23478399,36.22061806,29.78761253,29.78761253,29.78761253,29.78761253,29.78761253,30.9218102,25.46201863,29.78761253,32.67906713,20.6559348,29.78761253,20.46416882,29.78761253,29.78761253,23.66561855,19.38440112,27.8519554,21.70180491,41.62765277,42.8610647
5499,1761,104.0167328,30.63860797,1556,104.0146463,30.63701254,266.9297442,,40.95672154,40.90587069,29.62457277,50.6650481,34.77492446,36.39951057,32.0735704,35.09240703,36.33070242,38.35169173,35.49204355,32.80207641,42.17859753,28.62311698,30.03179582,30.9776047,34.46080155,28.14827185,27.38579969,27.55828236,29.4882111,32.11454682,25.32139866,33.4176815,29.23152336,29.85487843,42.59425466,42.42969268,43.48176829,56.60954811,28.87895054,24.35860784,20.75479653,26.70224603,29.33273543,25.22170811,29.62228974,30.57906377,29.11960846,30.98788028,47.57163758,38.2117967,40.84790985,30.40971769,37.71154313,28.75365288,42.89942318,37.84983084,32.72701845,32.27633148
5500,1761,104.0167328,30.63860797,1845,104.0180527,30.63718421,202.2388926,,24.88030802,23.50476234,25.59086163,27.96550265,24.85553388,25.99827454,32.25786501,28.43984427,27.7224184,25.89808851,26.84710812,25.93701133,26.79205032,22.49702629,26.89074852,33.03107811,26.94024101,29.10784661,21.32316237,24.53028624,32.21504484,32.21504484,32.21504484,32.21504484,32.21504484,32.21504484,32.21504484,32.21504484,32.21504484,32.21504484,32.21504484,32.21504484,32.21504484,32.21504484,32.21504484,32.21504484,32.21504484,32.21504484,49.8671242,39.14301147,43.85903695,42.57660897,41.96311316,42.26763503,42.11482362,42.19109096,42.11482362,30.46276207,35.35344526,32.84481263
5501,1762,104.0746648,30.66106452,1166,104.0773122,30.65990178,284.508718,,111.9378563,60.00886951,92.17819098,83.19569011,59.05620133,80.01807694,73.85898059,89.54691037,46.33532763,75.4807162,108.6397462,49.00628635,84.00257405,79.13487522,50.8461128,60.17566886,80.2270014,61.37532267,79.60347548,94.16946208,102.4231385,42.2944825,99.23710512,114.9827979,57.37990951,94.48629011,60.82448194,166.5416886,66.09162696,67.3245871,69.45180697,57.21963044,69.02714723,61.33122065,66.98701012,55.46379339,68.18468563,65.79644869,71.66312166,63.50416026,63.95735678,94.35572407,75.99890411,87.541144,69.03520362,72.99644613,68.07031798,66.6462303,93.4456786,59.79372784
5502,1762,104.0746648,30.66106452,1400,104.0734954,30.66161953,127.8212461,,30.88298563,43.26257559,33.28437511,19.0540988,52.89155011,29.05486888,30.27345302,18.13424575,26.33227387,26.90973602,22.60100619,24.11510975,33.98078665,44.59666383,25.00850467,28.53683634,17.56322465,25.68656621,29.24723428,21.95141257,38.18726025,30.91756905,31.16183877,26.52198766,31.73493007,30.67709906,22.59360814,23.53741616,20.82156045,33.02558512,30.1741958,28.75978037,20.18230202,24.36301713,22.28360707,13.2993204,15.84015442,21.15662004,22.75186581,26.67573832,29.34437535,29.23949077,26.70153691,37.87296181,23.10167485,23.10167485,26.14525488,28.80478785,21.80836426,38.34637383
5503,1762,104.0746648,30.66106452,1416,104.0716869,30.65684818,547.5176035,,140.289208,235.5852636,175.7916051,183.9965809,270.0086812,141.0140727,137.596047,146.4385864,123.5776409,251.6251114,150.9567134,135.4259657,204.7858049,154.7145504,96.85815099,172.9002958,125.2794517,71.15752248,204.4671548,130.0173729,106.5259718,149.7010156,351.9756023,152.2056658,153.6891519,292.0093885,191.365376,254.6593505,179.6776092,166.9999562,205.625091,139.5443096,285.6613583,197.1063373,99.80067709,140.7902409,108.6284581,117.3252008,136.4057697,129.6752219,180.2801866,161.5625715,94.53541355,116.8614648,135.935405,103.1970352,60.52395207,71.62294232,68.29741416,168.948289
5504,1762,104.0746648,30.66106452,1866,104.0729025,30.66099639,169.0187841,,16.93716417,16.93716417,17.94889743,15.7342939,13.78182611,18.23123963,23.69883633,18.23123963,13.60008097,21.38726266,19.13420197,20.4183766,18.00200067,18.49445662,15.51224022,16.87258573,14.00923153,22.09930834,18.61326469,19.94975812,18.27230098,18.75092828,16.76219346,14.18339447,17.52246574,18.35498108,18.98494923,18.98494923,18.98494923,32.97927495,32.97927495,34.57202402,33.75687228,34.15958584,34.15958584,34.15958584,41.39235529,19.94975812,22.0659156,24.6842849,17.45961615,24.6842849,31.49961808,21.92676118,19.72342375,12.74277744,15.17375618,14.89516824,15.17375618,21.88732456
5505,1763,104.0378879,30.66164635,1363,104.0335172,30.66419865,505.3501363,,57.13245148,57.75430129,78.44457738,68.90238242,70.38665813,51.70801964,56.05390077,52.57978297,67.92086954,50.66747763,66.76185287,50.81733214,76.19052776,62.6362985,53.96943203,74.82819499,59.22422432,47.50027391,60.54357152,76.8025537,71.90752928,56.00955907,80.75700937,65.44102484,57.27301545,92.21057945,78.66127511,54.5742938,69.88884864,103.2832396,50.24764962,46.1936646,70.51397251,72.87476302,60.4004147,64.43118357,82.5763627,65.54985139,41.41742722,71.62442877,48.72535785,71.40943971,50.07138966,51.95305599,69.29196308,116.6192622,54.79700273,106.1412188,69.22980937,60.01330554
5506,1763,104.0378879,30.66164635,1544,104.0385394,30.66145875,65.79172506,,9.455098212,6.928097524,7.221042994,7.661623909,6.745780242,12.95274587,6.013877645,7.990074091,10.57701476,9.088803531,7.837855974,14.75702244,8.10358413,7.925001938,21.33785678,7.678793772,29.60627628,6.732157737,18.28959152,6.23977395,8.201184564,6.891858687,7.303892927,7.48693143,7.304193411,7.117156506,7.587410087,7.555030629,8.031424607,7.676811907,6.901229901,8.386500737,14.01480534,5.965337345,7.218625448,6.86763318,15.42998112,8.15044351,7.490441839,7.306325892,6.235260031,11.30010545,6.520308609,7.535667315,6.72047887,8.142874601,5.63859149,7.234090714,24.93160108,6.41104511
5507,1763,104.0378879,30.66164635,1835,104.0362324,30.6594657,289.088139,,39.38514535,36.99049496,34.99189578,35.69831023,35.50443123,32.51479498,36.28796399,46.25303157,47.43337167,41.68427104,41.68427104,41.68427104,41.68427104,41.68427104,41.68427104,41.68427104,41.68427104,41.68427104,41.68427104,41.68427104,41.68427104,41.68427104,30.69962538,35.35845868,32.86475685,33.42775055,33.42775055,33.42775055,33.42775055,33.42775055,33.42775055,33.42775055,33.42775055,33.42775055,33.42775055,33.42775055,33.42775055,33.42775055,33.42775055,33.42775055,33.42775055,33.42775055,33.42775055,33.42775055,33.42775055,33.42775055,33.42775055,33.42775055,33.42775055,33.42775055
5508,1764,104.0696195,30.65608713,1214,104.0688632,30.6551454,127.0599661,,34.98400596,25.79412846,23.70030456,25.25166519,25.75177357,31.15204618,26.78078911,40.04155472,26.44022416,32.07684979,24.6585379,33.65414184,27.75020494,30.5963798,27.48618195,25.07762489,40.12419982,32.67256271,39.43240327,34.09310891,25.78443506,26.67147976,25.55395966,38.17100513,37.69911083,25.98953852,30.5453007,26.92166286,26.71041623,20.55801699,38.98430779,25.68549619,27.4724251,36.30284746,31.43751739,35.71070566,37.90739319,45.37855932,37.59582558,25.16731103,45.13972481,27.72217442,37.55466978,18.00849913,30.12618297,34.65271803,26.36402755,26.37780558,27.91958564,21.62722827
5509,1764,104.0696195,30.65608713,1572,104.0679573,30.65714859,198.0014115,,29.70021173,31.96435343,31.96435343,36.36760619,25.96214379,41.68450768,43.46372448,35.91427532,64.80046195,40.15803275,25.96214379,39.74749525,36.74252997,36.83747191,42.55552725,42.79275788,42.79275788,42.79275788,44.20039776,38.68684295,35.16551956,40.25441657,38.61349303,46.02454117,39.6002823,32.6974808,34.48858179,53.26894583,43.11321058,44.55031759,37.1103967,41.76592273,39.30253581,40.88748078,40.37953651,40.14546765,46.93918691,31.76493233,48.49014159,34.97842545,36.55410674,35.374942,64.50724719,39.38149621,34.35205212,34.72560641,50.55355187,31.40110491,37.0288354,36.76960625
5510,1764,104.0696195,30.65608713,1632,104.0722331,30.65441931,311.2551407,,93.96381606,78.63287765,56.54424759,46.41429781,57.31552463,66.30287021,42.90434613,43.27845355,36.38047099,69.16780904,50.73088881,61.96751663,49.10247618,44.3111619,67.2984088,54.59286268,41.30943803,47.1598698,67.36584209,61.11919128,41.74363782,46.68827111,90.95117748,77.63407668,72.76094198,39.38553626,42.80872995,60.54129708,59.23445848,32.01481447,52.79239136,50.4738066,47.19392026,65.70822562,59.76098701,86.35980782,83.30992614,50.61059198,63.09225825,41.19553333,45.18219784,59.92077575,70.25194398,68.58567752,58.66589039,89.82112277,49.00226704,73.88034107,53.61332567,34.22475585
5511,1765,104.057619,30.62742855,424,104.0598002,30.62746869,209.1068497,,49.01853592,29.8724071,37.78091136,17.34526864,39.93552567,31.62960752,57.85706175,42.05500888,39.4955225,41.98798894,56.60035029,29.6371913,47.64459867,40.60190306,73.80241754,50.93440622,24.76265325,40.89267667,48.0500846,42.77185562,37.35904014,50.98479048,64.34056914,22.01124734,53.20032925,47.14111367,40.91219065,35.22883872,40.91220494,40.9122121,94.09808237,40.91221032,42.91117763,50.69256962,40.91220966,40.91220988,35.34200277,38.95392802,39.04152522,41.19777086,32.68240198,44.40115952,48.75667472,48.69474315,48.84286269,49.73299601,49.74085839,49.74479051,52.48630036,49.74331588
5512,1765,104.057619,30.62742855,524,104.0555066,30.6273915,202.500837,,52.12483239,34.96417329,28.94304767,39.19371039,33.38945099,88.90280649,25.78259994,35.21753687,86.27254594,35.91147848,26.70340708,60.58196787,40.5001674,93.46192477,63.39156637,43.10793114,85.31894823,40.96289641,40.96289641,39.06768559,54.675226,33.10994182,58.53308867,39.61972898,42.19988499,48.87171037,36.32905381,43.49260749,27.96686751,18.31665862,38.7081246,29.83980497,81.15061372,27.16781416,38.85943567,52.99932922,88.90280649,47.64725576,42.46619494,37.38476991,42.69417354,41.18661092,59.2150462,53.95026925,66.2730012,53.82933643,50.4251096,59.01020657,38.29216527,60.24818291
5513,1765,104.057619,30.62742855,623,104.0579293,30.62518238,250.714191,,49.18643529,42.22554796,39.80583354,28.36387052,41.11941174,36.63161288,41.11941174,32.761201,32.94055064,44.46162993,42.92847028,52.24724096,47.59768425,49.41082595,51.16616143,60.372648,50.7157382,49.02935683,50.7157382,49.05570553,49.05131211,65.64153364,59.04670665,117.2170244,50.61146287,49.05282227,119.5458394,49.05278794,49.05277077,51.28244816,49.05277506,49.05277722,68.03299654,46.64450065,49.05277642,54.72891889,49.05277669,49.48984716,56.58752911,50.07329196,58.84734079,59.44077967,58.08625811,58.60851218,51.57549072,46.52428287,86.7856815,45.25786257,38.95990306,52.6747907
5514,1766,104.0780951,30.6537093,1266,104.0769254,30.65164009,255.25075,,57.54585653,41.88947243,91.89027,47.98378834,64.4844,60.25591475,66.22722162,50.35083288,60.95540299,61.96839017,55.28897112,43.03993911,37.77606166,42.67350001,51.33534637,58.2254015,58.34302857,48.95219863,59.44841866,67.566375,41.57930769,87.72340811,55.11412051,78.76308855,55.55079294,71.70924083,100.8674753,86.48496,44.25780614,68.16785608,63.54790456,45.34059374,67.86578287,43.29341343,51.62374719,45.40593947,95.61942768,78.42697295,69.61384091,94.73223711,48.87780319,61.77497143,42.12734441,120.5118295,71.90161972,147.7335531,85.47932093,44.87925275,91.89027,86.48496
5515,1766,104.0780951,30.6537093,1296,104.0757401,30.65475607,253.7318697,,96.26361333,90.17124688,21.4925819,90.7385494,115.9508121,84.1875328,53.21918455,46.08651518,85.57820458,70.29800719,91.60520225,86.81005892,45.67173655,82.90844049,84.61290135,108.0987847,76.11956091,100.377443,59.59033659,113.1188521,93.57897073,71.73571187,62.64984437,43.43943238,59.01914264,75.02543991,70.08450623,38.1698859,28.74079531,53.41723573,48.37641811,36.9811632,84.64854289,65.28773256,93.02963523,74.42589473,71.92399456,55.38765421,54.53341677,28.04814936,42.98516381,33.95668145,47.3282244,53.81779347,41.5197605,62.43691556,67.41215726,46.78282873,37.19629503,61.64913818
5516,1766,104.0780951,30.6537093,1708,104.0821982,30.65181091,445.9133441,,64.81647531,46.8501825,42.23330804,48.14901136,44.02788234,36.79743355,53.74848343,47.6346599,44.89745342,39.72156587,57.87304517,49.52681955,37.47170959,44.83262109,38.56547841,38.55004295,29.33372387,38.61959997,57.00596729,35.47597876,51.77513429,34.98788805,43.5124757,42.77726164,47.29383953,45.05486179,67.21373506,38.14042331,35.16512681,39.22778265,35.46291691,38.14168194,39.13601158,34.29369876,39.27310187,40.96283626,44.38584439,57.12768821,41.48031108,40.75234535,47.29549831,40.00094786,30.20297345,40.92512527,34.40210102,41.02598127,56.25188046,64.27579735,43.75406526,45.69131041
5517,1766,104.0780951,30.6537093,1836,104.0811576,30.65811967,570.1147208,,136.2221014,136.2221014,97.08670742,155.4858329,166.8628451,229.3198877,154.0593574,122.2335839,160.4587274,155.17647,161.2687004,181.4956223,162.0326048,150.9127202,220.6895693,163.4086779,168.4742681,126.3578801,159.7773739,226.9651021,149.0341386,123.7635977,70.61053881,290.2988677,131.2844133,204.47452,208.1374222,223.088369,211.9339506,164.1930396,146.705718,137.0559596,185.1801199,128.9744237,154.8341739,140.1921445,120.8091364,213.3485442,184.2033392,204.2201985,176.8368762,165.8515551,172.4716802,169.0968482,172.4716802,128.4765568,81.98720353,151.9282836,101.2599689,152.5957617
5518,1767,104.0392578,30.63682457,9,104.0404044,30.6386652,231.7111229,,36.693257,44.22319642,40.65767875,49.9070111,46.21385277,23.49746598,32.43235002,32.49974191,34.0937347,28.51829205,34.43892832,36.37325767,21.6946695,35.1471928,32.08307856,34.46942324,34.8777718,23.13897482,25.29674124,33.18939161,29.42363465,38.38159705,24.90029977,43.38933901,31.83816956,44.04078759,32.02149875,41.60399214,29.65023848,35.16694951,56.83521644,47.92875512,32.71215853,48.49767689,33.50040331,48.49767689,43.28801466,52.62839384,44.13545198,47.43395853,20.93249793,39.34717181,42.94260193,32.10552998,45.33478492,24.85789824,44.53943781,26.69312136,40.59172956,52.87860808
5519,1767,104.0392578,30.63682457,1092,104.0374304,30.63391543,366.9143986,,53.91395245,68.3514533,67.97042034,57.12939874,51.88106186,70.82529946,66.08589543,58.88076531,44.32522936,61.83226846,79.36689138,90.47204349,61.20391822,57.31379092,91.51675533,85.53416139,55.46636381,45.25539477,77.6995197,63.89939769,44.26157418,58.96838549,58.82249635,64.43374805,95.44016149,90.78294398,66.96536552,69.45969332,80.15120358,64.25960277,52.68514442,75.69580716,60.0860577,65.8662041,53.91395245,61.44873821,63.04972959,67.42110598,64.04818084,70.82529946,55.85166321,42.22350032,73.87538227,43.24716018,47.35922485,65.36414081,101.9993695,68.49914444,55.34462995,38.28671985
5520,1767,104.0392578,30.63682457,1371,104.0424412,30.63531088,348.1679614,,79.66555051,79.66555051,63.41001657,93.18993762,60.70981205,73.51346986,43.9020897,54.49585483,75.16669631,59.54416442,47.12047598,63.06438546,42.20217714,51.98538069,63.57849731,57.22754655,55.80608464,78.33779132,59.3468116,62.12662508,56.41892062,52.08954435,84.90681273,54.40513481,55.33795413,59.54443796,33.57333914,61.83545442,67.64191371,63.54396254,76.23149913,59.92850399,75.27955922,52.7749331,68.36752698,57.42976683,87.49770758,98.6932804,54.68606724,62.67023305,74.28806026,61.44140495,88.89394759,62.01562369,62.4827847,67.68300566,89.74257714,51.10027837,64.07864122,55.8102261
5521,1767,104.0392578,30.63682457,1871,104.0367784,30.63796107,268.9371816,,43.8990618,50.82277448,50.82277448,50.82277448,50.82277448,71.18925395,50.82277448,45.56112253,45.56112253,32.93108346,40.2567091,40.2567091,40.2567091,37.23745591,49.77757603,58.85555342,53.93726205,56.28917754,53.93726205,34.51600192,31.33248718,33.06604692,33.06604692,33.06604692,33.06604692,33.06604692,33.06604692,33.06604692,33.06604692,47.22799287,34.76387267,34.76387267,34.76387267,42.18622456,42.18622456,42.18622456,50.82277448,38.5726635,39.73353708,39.73353708,39.73353708,39.73353708,39.73353708,39.73353708,54.08792479,45.81264293,47.63462995,49.6075416,49.6075416,58.64758328
5522,1768,104.0834323,30.66647581,1136,104.0845712,30.66808938,209.4900167,,20.40119189,22.18129589,22.73290309,21.0660352,25.138802,17.45346124,18.88951935,18.84232505,25.56488339,19.63968907,23.01416131,24.86255144,24.53896074,15.84378278,24.84889819,22.76565494,26.29785564,16.05173594,23.79066436,17.80368414,23.61374748,28.95063571,21.95528559,18.44485625,17.16610152,16.39487087,52.01131449,19.84167582,18.90135489,27.0309699,16.53868553,28.14045,20.30051306,15.30187948,23.34873251,33.97135406,23.31264483,19.05829755,17.45750139,28.89517472,53.96522792,22.20742227,37.52060001,21.22910796,21.93931811,25.4098403,27.73681722,18.47309394,21.27402144,14.16935763
5523,1768,104.0834323,30.66647581,1497,104.0852545,30.66570422,194.3947913,,23.03938267,25.52448236,26.40834901,39.00898822,23.09641085,26.03716923,39.31580049,23.52340332,28.47695824,25.87139551,30.62675049,35.30884201,30.45349211,26.58029702,35.16689692,23.26533407,32.70192751,25.26430501,26.79254398,21.01565311,22.75841459,21.81827743,23.92551278,24.14366062,38.34636979,27.84434677,28.10527103,32.61049621,28.75190011,26.04793729,26.24329682,28.04894784,26.0156598,35.29993688,19.06869887,33.11457013,27.82589458,26.77887432,19.88128547,42.86807036,28.37880165,25.64230529,24.46927443,18.35195582,43.81351017,22.37637885,36.18517315,26.79254398,37.15865038,17.56138642
5524,1768,104.0834323,30.66647581,1575,104.0824686,30.66503017,184.9187684,,34.37388465,19.86198606,24.83056942,30.12251431,41.8158019,26.64733646,18.83855865,23.56904111,19.33791042,36.24542102,20.40482962,20.72681355,33.21157482,24.03276412,20.14009393,25.91077354,18.25857285,34.89033366,29.41270543,29.59712162,25.61572799,15.59034113,34.18754977,30.57912569,18.36941408,30.16150786,30.27909657,16.25659502,26.84304703,27.62908968,13.24791177,12.72863415,33.96467175,19.87186765,18.00426143,36.77942355,14.56690517,13.13032675,24.91213346,17.1574115,19.3238771,21.46059208,23.66058879,12.83910446,25.17170026,29.4723881,31.83299779,35.44139661,26.10617907,28.10586829
5525,1768,104.0834323,30.66647581,1744,104.0819461,30.66728632,168.3546689,,56.64269234,16.57306011,56.64269234,19.3522348,20.16894536,19.27010147,18.77852233,19.71622668,19.67781844,19.67781844,23.19541284,21.9493638,30.51362155,20.04222249,43.76005834,24.31776259,28.52126155,17.14502993,18.93990025,28.86080038,18.99927298,25.25320034,17.64415744,23.49511764,24.53752259,32.32409643,15.76272583,42.38299357,19.17964582,23.48685741,60.00760476,24.25924515,27.30075712,21.10948635,15.68115933,18.22787393,15.68115933,17.46619043,22.51678544,32.93895696,33.05873499,62.26816521,31.3565237,23.67487531,27.75924312,34.11314116,29.87702574,20.33814792,18.25532554,36.29202443
5526,1769,104.0310763,30.67761252,1187,104.0336123,30.68105059,451.9024524,,101.6780518,203.3561036,89.00692678,89.86960385,77.83965687,79.35847945,78.59173085,78.59173085,100.7336736,78.40235319,90.59619569,145.2543597,192.9069757,109.8547398,76.24364751,244.6389216,185.9255804,100.1137741,145.0385285,85.62362256,131.1974862,116.7594853,150.6341508,155.4314167,175.875549,118.3162784,105.6395343,88.24441533,93.1402001,116.293778,86.53451216,97.1253032,122.5827966,87.93777452,81.25175866,168.5853708,77.46899184,70.54485349,76.41932273,79.16539312,106.0988367,107.382761,80.53707072,82.91142786,111.1741797,75.66738738,99.29901296,102.6403046,137.4801827,138.7504331
5527,1769,104.0310763,30.67761252,1285,104.0303797,30.67428477,374.8065205,,52.86778957,53.384905,47.97997339,61.02684187,40.96557036,74.0119676,85.17433815,73.13297961,52.29858426,77.81450253,46.85081506,83.9706557,43.23151038,47.34398154,46.38109907,62.3440549,59.35352525,75.38008234,49.82656846,57.4579194,56.45621229,52.50208069,86.22206551,54.8092253,47.41052262,42.66572249,41.26310317,111.0537839,72.70373765,37.20505902,49.68503059,42.54037894,77.25019887,57.05300101,64.55997482,60.26121889,41.43204116,55.15306337,52.97778665,62.40996641,57.83909563,38.9268943,78.34349429,86.30939067,71.62858521,86.30939067,50.68758354,55.48122836,60.74903084,55.77170601
5528,1769,104.0310763,30.67761252,1431,104.0337804,30.67627372,298.5352416,,87.1194139,76.43861094,101.2699053,66.59237058,66.42316871,61.45979048,76.5319236,43.6289663,62.75777342,62.57507248,74.37556192,74.37556192,44.09135876,72.61668039,74.37556192,45.3744758,45.0361736,99.5117472,67.59288489,74.37556192,44.2274432,84.05685012,45.1945698,66.03544515,52.65401104,66.03544515,38.15598354,60.84794733,45.44299661,56.56457209,74.37556192,63.21922763,99.97459254,52.59674731,64.66467327,66.13703814,60.86061554,61.41296399,59.70704832,41.07236444,59.34985016,60.07416824,57.26786161,60.94859376,65.79001387,38.98646444,55.37926157,53.38047367,72.50780981,83.9630367
5529,1770,104.0936056,30.66482686,827,104.0998265,30.66440044,597.8811793,,71.66611251,92.47571409,76.56281887,66.02368851,88.28434149,56.57868382,94.08135118,69.54352974,67.24061998,65.75475292,48.91755103,63.02700572,95.49122651,55.43065273,132.5352368,87.40597951,65.58474986,53.40874058,70.50536927,77.23823846,90.05741613,86.17148669,112.0378844,70.59272698,75.84116439,83.79064703,63.65611077,72.86914077,81.79481933,113.7316906,79.71749057,55.47351148,53.10922992,80.16283968,84.64385235,72.68020126,87.67300389,59.40309786,101.4313028,95.41865558,154.1537866,103.6455335,45.3130999,56.79082442,72.92645557,84.67239361,67.89817809,96.00233031,86.85925123,41.41832416
5530,1770,104.0936056,30.66482686,1635,104.0954487,30.66752479,347.2602902,,46.81378481,46.66867176,42.52468155,38.23049066,42.15721381,43.25110144,38.62172758,39.74998552,60.83391945,42.04635426,51.54141599,64.27439819,65.62399185,41.81371117,48.64346478,42.40807513,50.74717122,43.32761338,53.84170314,58.73000148,58.12338062,48.08219403,51.13034948,49.35932337,57.47756527,49.89104914,51.14342295,37.62167908,47.94006404,44.21490796,49.63323254,42.02877124,41.55868007,44.96895844,48.83149134,47.39856094,70.23241824,50.61483697,54.70061817,110.6315969,52.70482854,54.70061817,42.37453439,46.46702608,45.91871606,42.79597288,43.26876405,150.6189211,52.07887188,63.59323671
5531,1770,104.0936056,30.66482686,1722,104.0919183,30.66268492,287.2043926,,34.23628521,31.23673152,32.64201463,31.23673152,31.23673152,31.23673152,32.79732953,102.8791854,31.23673152,35.33047001,31.91159918,30.27630493,30.27630493,44.32736606,47.97846002,31.30551595,41.93934089,57.52076848,41.31379484,42.90190097,32.04346529,39.37865511,45.5464,46.8355151,52.57300745,31.61883221,44.35113409,37.66614985,56.19216377,33.13896838,42.76880303,33.55345754,40.62616163,57.60088097,64.0207934,46.76679141,32.20983842,68.92905422,40.66610869,59.14964607,47.42824832,40.2309655,44.438502,39.13458794,41.49020118,61.14948133,28.7195062,63.82319836,140.6715392,45.75569911
5532,1771,104.0221269,30.64526787,533,104.023712,30.64367064,233.2586384,,22.69543509,56.35779183,30.27876557,22.51289808,47.53194895,34.34483019,15.53619053,31.55401027,25.16048234,24.3224069,11.81471823,31.98975612,30.2673971,30.2696701,31.41704949,30.91353276,31.50739294,31.38551491,38.51977515,31.37061537,31.37309764,16.27385849,30.45184407,20.5313227,28.42731696,27.71389763,26.70728877,12.91893997,25.23609612,37.15624328,33.49991083,25.25507062,24.5356055,16.71106663,13.50049997,35.93393306,46.07578042,17.14903536,36.90314648,40.58019744,12.93884589,34.41520894,34.17013625,24.77082886,21.53156662,12.86944212,28.71489116,12.14361675,11.59049135,35.25562298
5533,1771,104.0221269,30.64526787,1457,104.0204302,30.64710515,260.5781451,,26.6122361,43.97828832,50.84451612,41.468522,111.6763479,32.77139991,25.35354925,39.43934787,32.12607268,28.73143407,65.35728786,39.41518161,22.0725017,38.91459715,61.91955923,59.12277241,47.46399291,39.91835414,47.57966011,50.4344797,77.39944904,30.35861885,61.86387619,59.7504027,58.06306057,26.87912098,37.67394869,31.17183542,39.25026453,39.91835414,44.06292541,43.41444334,40.99670019,55.06989968,72.27261406,51.99376862,34.14831693,15.85936302,35.39929518,35.24002204,34.24826277,42.8962491,20.93931523,45.80903602,17.41218232,66.66116836,33.71233514,28.40861166,30.33072376,30.16332257
5534,1771,104.0221269,30.64526787,1775,104.0238047,30.64667783,224.2027644,,47.77262961,46.50131409,49.1154129,68.40084338,54.81357907,54.81357907,41.30050924,41.30050924,37.4104265,37.4104265,44.66478867,55.40937883,61.37870356,55.69905565,55.69905565,55.69905565,55.69905565,55.69905565,55.69905565,60.58523409,26.77047933,30.77292845,36.60453296,34.26495078,27.54709733,40.35649759,44.84055288,59.87610919,20.0778595,67.82604637,76.14433508,51.6209197,76.50520871,54.74718667,61.20416696,31.83944583,53.45231469,63.77673015,62.0935533,81.80371133,60.49693579,106.4347189,54.2608371,58.32917448,43.04693076,63.05702749,50.60375874,20.53765781,50.60375874,50.60375874
5535,1771,104.0221269,30.64526787,1867,104.0180759,30.64236,504.55078,,69.63767955,72.49421405,82.93985425,70.80034332,56.6071775,69.16260097,53.92460186,63.86718734,58.85063484,52.13498301,88.60403941,74.56606781,174.6521931,174.6521931,174.6521931,174.6521931,174.6521931,174.6521931,174.6521931,174.6521931,174.6521931,174.6521931,174.6521931,174.6521931,174.6521931,174.6521931,174.6521931,174.6521931,174.6521931,174.6521931,174.6521931,174.6521931,174.6521931,174.6521931,174.6521931,174.6521931,174.6521931,174.6521931,174.6521931,174.6521931,174.6521931,174.6521931,174.6521931,174.6521931,174.6521931,174.6521931,174.6521931,174.6521931,174.6521931,174.6521931
5536,1772,104.1094437,30.66934232,435,104.1063806,30.66837289,312.5007547,,44.16104875,30.04012595,83.33353459,26.14765176,45.86499137,35.06667579,33.33341383,32.83081858,60.48401704,46.39186462,46.34408721,31.18078484,38.00684854,34.09099142,41.74407113,35.25272908,40.03568388,46.82633577,72.11555878,51.05912483,54.56611271,47.44344615,76.40086363,27.52300225,45.09028926,49.01972623,57.98983077,51.24000228,66.86494603,50.79019038,86.87279667,71.82778719,48.5333355,81.81837941,57.25204666,70.9780894,51.48753853,51.48753853,122.282904,51.48753853,61.4755583,42.21398563,51.48753853,49.88925574,58.18979571,61.39168987,51.48753853,51.48753853,50.0743049,46.98698699
5537,1772,104.1094437,30.66934232,624,104.1119203,30.67005801,250.1775177,,95.23373786,59.00553724,53.47305723,68.40296685,34.59561065,67.802188,65.48118002,47.36644213,63.7056809,33.89046336,31.30842631,74.09279315,49.67672718,42.20426728,52.42369405,37.49191292,60.68996386,63.51474356,85.40542842,32.06072015,31.6986912,56.11458341,75.48876743,43.75574399,66.91226328,99.33519085,56.80274402,89.57868845,68.3452915,44.58609226,54.58418568,48.0340834,64.48489715,34.20148344,70.84673068,64.35325053,74.92837469,47.17857851,43.42522004,39.7107171,68.2302321,24.1458194,64.56194005,59.36415675,53.04116983,37.1397552,59.64497111,114.0049448,49.62198698,57.64090008
5538,1772,104.1094437,30.66934232,1118,104.108349,30.67202603,315.3813339,,23.50060134,26.8121529,24.30554567,24.03753286,23.28571804,28.72683228,21.92284882,29.51459488,44.66774257,19.77375051,24.98619723,26.44135279,33.65729651,26.67699253,21.30390467,30.32512826,24.04293161,20.8612366,27.45460722,21.89836894,24.88033898,27.81974291,23.52129277,21.78753778,30.73384135,24.92038635,26.86919594,25.72041947,20.79437366,53.40417695,25.87007239,26.83120601,20.21735217,24.39039317,29.62210069,31.53813339,40.69939588,27.91328339,23.24385264,22.42158088,23.66592605,32.80239226,25.62195322,31.82253771,21.88670462,21.999473,35.68484448,21.88821155,25.93220158,27.62172038
5539,1772,104.1094437,30.66934232,1420,104.1104751,30.66671904,307.0681031,,52.42182199,44.36074704,64.45744438,65.99672664,26.99499807,49.68292904,48.62662044,50.98132996,44.66445136,46.13229718,43.55718947,50.97479975,46.03357566,51.02250877,48.04832619,54.7852783,41.5787135,34.47110259,20.2092353,54.9289526,41.41019559,28.53989255,19.56540126,50.22736311,55.09214959,65.65700877,56.9502572,47.16733769,53.62984457,60.62770592,56.600186,52.22061629,52.89211345,61.26235556,53.08897448,46.54217797,39.92578496,41.44124353,39.87178255,40.64136659,39.87178255,34.81717075,48.18663318,37.6642307,35.89593304,49.29521388,19.91793101,55.21857385,119.5075861,40.06597064
5540,1773,104.0227021,30.67217959,686,104.0189197,30.67281507,369.1366858,,25.51636077,33.69533235,30.38162023,25.46380012,26.56645575,35.68453461,51.78846722,36.88572485,39.55035919,89.73947569,38.0589614,34.86242012,24.01973916,26.5844875,43.34914323,22.90315707,34.24979559,25.96619327,23.04437114,40.77398319,28.26828481,49.70475277,23.47036505,37.41016147,27.99435578,25.05888729,29.53093486,40.55621776,26.738271,24.74083442,61.6042681,32.37690477,25.66572113,28.84193313,32.07947058,36.93646887,35.85785399,26.44561331,28.39007447,29.03412866,30.71399234,26.65246829,36.76049983,23.46207749,25.43063708,37.88175795,29.67933152,24.86233992,46.7097388,28.2793134
5541,1773,104.0227021,30.67217959,791,104.0228234,30.66812114,449.9545,,70.27488937,45.35294704,70.27488937,44.27848699,47.23162025,40.92535195,56.48949259,53.81515615,50.41507003,69.82052586,57.13707937,82.46938649,55.68839536,98.59287982,99.93848023,111.7128414,99.68222769,96.07162378,96.18027905,101.8764906,72.61482951,59.33465934,55.53922469,55.53922469,57.79968599,55.53922469,55.53922469,45.15222857,61.42029936,58.41852632,72.40521029,66.17484795,71.51594702,92.04237356,61.60244153,92.81567308,85.12197129,208.3390611,68.77747423,94.45109038,96.50858015,69.8807679,59.4981157,51.44378563,55.13553935,61.27303369,74.30441284,58.44707029,83.71246512,66.07723428
5542,1773,104.0227021,30.67217959,1490,104.0247463,30.6718376,199.471172,,22.43466449,26.81987305,25.98137074,32.27398738,34.93677125,40.85895984,107.7144329,52.03595791,31.63419468,42.93549891,68.39011611,72.53497164,51.88405029,55.02653021,70.98150435,61.08208138,62.56870541,67.65374881,54.40122873,69.38127722,92.65757667,38.96872713,56.43192292,46.25418481,55.38017113,46.75190143,46.97276986,112.5542663,84.98180109,54.83497236,79.7884688,71.09863556,78.05393687,46.80692357,48.27537608,45.18708051,78.05393687,65.08424949,79.9661714,100.5953755,50.01665207,103.5715701,40.59771329,49.24088361,105.9920619,20.54638682,50.6111725,54.90965142,55.16273448,59.10256948
5543,1774,104.1046034,30.67026219,1306,104.1053761,30.66815363,245.1370777,,50.93757459,33.89317253,50.93757459,36.88582987,34.80255976,39.57369864,36.64438452,54.89850574,46.56957677,37.18480207,48.09228772,42.02349903,34.33826769,39.22193243,42.18196037,38.23628595,37.00182305,33.26084914,61.17805752,32.88795577,34.74383778,49.9554066,30.27421886,32.99041046,48.28965689,42.78756265,27.19548474,57.52266026,52.42535524,40.78065988,50.14167498,56.93506321,45.12109825,38.70585437,49.96424514,50.57269225,47.49908838,36.36648954,61.28426943,46.37684975,32.87978687,31.1285178,36.22715434,41.43161877,58.93111718,34.98812619,34.90703504,34.24942353,35.82777907,48.48865273
5544,1774,104.1046034,30.67026219,1554,104.1036894,30.67231679,243.9645892,,31.42298823,40.01241554,40.66710099,34.9909371,28.94767703,41.2863151,48.57701997,51.18138235,39.23900687,41.52588752,41.63223728,41.01415327,40.21087467,52.78432514,29.52176542,41.69015131,38.18576179,48.30760533,49.64328898,53.43780074,41.61607207,45.1635862,35.08412202,52.13706276,88.26859509,53.30940948,37.6133842,58.19586003,53.88174976,52.02009011,21.71254688,25.38359888,49.20950625,50.78030168,50.98295967,50.98295967,50.98295967,49.98334547,42.09814361,48.79291784,36.59468838,43.84785427,41.67366648,39.3368105,37.06361387,35.3429586,38.85766371,44.96275706,34.85208417,40.19553872
5545,1774,104.1046034,30.67026219,1671,104.1018746,30.6694368,276.9632741,,44.63649857,43.11644483,46.26764672,51.72854925,45.52820944,46.87356956,39.10069752,48.37199693,36.65690393,51.16083284,45.36250167,53.80726228,53.37621985,37.41342539,42.97705977,30.30601176,49.55058024,45.73705444,29.55150524,46.73755251,57.80103112,47.03149938,50.10390888,47.45431032,60.13677845,54.68379087,44.41281901,92.60691515,56.65157879,56.65157879,60.5506753,53.750285,64.53513183,28.44701246,49.42095597,58.30805771,65.96856814,57.53894894,54.78394433,45.14697848,44.11804366,41.37210733,57.46788396,71.21912763,47.03149938,42.88463599,59.23174972,30.42159532,74.40804379,43.73104328
5546,1775,104.0238047,30.64667783,1195,104.0222988,30.64833345,233.4363503,,89.87923648,52.42955461,89.87923648,87.53863136,83.20503575,39.1964021,51.63569039,38.68220304,38.68220304,53.75506575,36.43884492,54.8067953,34.87016021,41.93990573,46.67106483,62.98282686,57.99297034,57.99297034,57.99297034,63.08038158,54.0000157,37.34981605,55.0274264,68.46198461,41.94862868,53.64069325,53.18802918,60.94059906,51.00885348,63.66445917,100.4427324,67.22966889,55.51539237,58.63052521,64.23070662,60.76179301,60.05432139,54.24014123,61.48838324,55.9315049,84.03708611,70.61940009,54.20927794,87.9969488,82.79515873,57.33227345,63.97955109,49.1444948,57.61864809,53.40774459
5547,1775,104.0238047,30.64667783,1505,104.0267297,30.64356199,444.7725155,,81.97172642,85.88710645,95.37936297,118.1060842,101.5101136,117.9072942,103.1182598,92.57292911,58.22476567,76.21647232,110.1008585,91.06242973,119.1946196,86.5795772,93.85930351,95.45043552,101.9860545,95.45043552,102.7342578,60.36497854,83.89421698,69.45237317,81.48504101,62.12147646,77.72723572,87.77352254,90.20738343,93.15510847,133.4317547,91.45251153,120.8438533,77.90687536,74.48797314,110.6807181,88.7216601,84.58570992,102.1741738,88.28014091,94.55793638,136.8530817,119.305636,118.6060041,90.10163036,152.7844519,100.230426,74.93827093,107.7329558,63.33081242,104.9954791,89.51396538
5548,1775,104.0238047,30.64667783,1661,104.0252664,30.64770209,180.2972627,,34.80268878,23.15351293,30.47277679,43.41606326,26.31365455,28.70177524,41.92056916,31.90093748,39.33758459,24.37822144,34.65815076,42.84291391,34.75609883,28.15922541,18.49202694,37.51850553,36.4141564,34.85410308,44.15443168,19.70860767,39.76604025,29.17169194,23.51703427,30.31464095,41.37498937,38.52048343,37.56909449,42.23883811,64.90701457,68.32317323,33.44155317,41.44339338,39.80147119,33.22884706,25.75675181,35.22086062,43.24971819,23.51703427,35.56548744,18.59799844,28.46798885,54.37236823,30.25968045,27.32926929,36.31161654,24.06191458,49.22525481,30.13237293,16.96915414,57.7651424
5549,1775,104.0238047,30.64667783,1771,104.0221269,30.64526787,224.2027644,,38.25260435,44.55520703,47.47823246,90.18211752,50.97662855,66.02289995,42.89441727,51.40955107,38.61865798,28.44510843,40.86733933,112.1013822,37.28082918,42.2028733,49.11229979,47.7135844,45.03013287,44.32591818,68.90133738,46.79014214,55.00033743,33.57794911,52.6441119,67.03737142,52.98446075,49.9770868,47.96315406,47.62560336,43.16202951,64.82971501,43.78841459,39.91156403,39.12112687,50.76289005,71.69936119,46.02104051,46.83468599,41.20637916,44.83173181,48.69103301,52.07290012,49.56395549,94.95646492,52.27849837,36.77129621,66.7049547,68.11223222,29.5651997,44.50061761,46.66165352
5550,1776,104.0823613,30.63646567,1806,104.0804527,30.63930556,364.0320042,,98.41165568,85.19058822,75.10115846,85.19058822,106.7629503,142.9652962,263.8621238,165.8880019,152.3854901,110.127329,179.5226322,136.5120016,155.090558,136.5120016,131.0515215,92.77983824,71.80905288,62.55442554,134.9886917,66.05419431,111.0606115,77.64737942,77.71132884,77.77538369,67.20590847,77.77538369,106.0155432,96.61512911,96.61512911,96.61512911,85.93542394,122.8224194,94.96487066,128.6711061,135.1046614,144.012661,114.2559037,98.98151172,68.43421489,99.28145569,142.8354458,132.1083886,109.804375,76.19274507,93.94374302,84.1422289,72.40415553,155.3970611,87.48432678,87.48432678
5551,1776,104.0823613,30.63646567,1816,104.0863831,30.64181519,707.1449913,,108.9975037,85.3334666,98.95799728,97.23454643,232.4860245,232.4860245,232.4860245,232.4860245,232.4860245,232.4860245,232.4860245,232.4860245,232.4860245,232.4860245,232.4860245,232.4860245,232.4860245,248.3631189,240.1624499,242.1614239,243.1734418,242.6663777,242.9196451,242.7929454,242.8562786,242.824608,242.8404423,242.8325248,242.8364834,242.8345041,242.8354939,242.8349991,242.8352465,242.8351228,242.8351846,242.8351536,242.8351691,242.8351615,242.8351615,242.8351615,166.9325881,153.3567451,159.8569525,156.5393985,158.1807825,157.3558103,157.5612456,157.6641645,157.6126883,157.6255542
5552,1777,104.0625021,30.67187144,1711,104.0632252,30.67144791,83.68299612,,15.40965657,14.71362401,16.19670893,14.51849571,13.41394442,10.33884226,11.35345569,14.02834859,11.54261384,14.44886264,8.992799583,13.35370176,14.02760632,16.49038856,13.86863876,27.38716237,14.75553237,16.85198468,16.19517839,17.0471464,16.14507217,16.20341909,16.42124235,36.96426822,15.40762416,13.47574877,10.41967267,14.97321014,15.84530104,15.20380486,13.58551459,17.08461925,10.79780595,13.38927938,10.84640094,11.97848056,12.33403423,17.21478777,9.129054122,13.88289337,13.57021559,23.90942746,15.47396654,14.8892316,10.99484621,11.71073998,35.65192734,14.68733237,15.49864886,12.11397867
5553,1777,104.0625021,30.67187144,1847,104.0608677,30.67261623,176.9975815,,50.39298456,42.07867033,37.39019814,33.80325164,28.85830133,21.61191498,24.71489922,20.03746206,33.66928895,22.53834792,25.25673303,37.97325944,20.60773911,30.29435627,26.75668299,23.69999497,30.8194096,36.36936606,29.27932422,22.2405338,27.61392387,50.04120107,29.77529408,26.99963108,20.98324786,25.67594197,20.82324488,34.88273503,36.08445268,37.37192337,43.24827784,40.49944662,41.82875012,30.1986395,50.37085323,26.88570858,49.39467391,25.18542662,26.19491443,19.85019606,34.75588874,38.81368284,41.21992195,41.21992195,41.21992195,44.31093834,38.09813413,33.01509292,36.72572296,40.84559573
5554,1778,104.0698106,30.6728792,820,104.0709467,30.6743258,193.7785227,,56.59105751,30.66385414,47.7810056,51.29431483,47.67216505,33.97415658,36.27121771,34.92378882,43.18571661,36.45213229,34.23816843,26.47448507,30.68633498,31.66124123,27.43766693,31.66124123,32.70651369,33.82316033,36.97949059,33.95348685,33.49430713,34.14634339,32.66312451,21.30084524,42.53674889,38.44269027,43.63141405,45.05022162,42.46985025,35.23245867,36.14521667,37.20547636,37.88745047,38.86365915,37.14604269,33.59916589,51.16890087,37.87887864,33.19473074,35.38137016,33.13422043,26.62605655,37.46355866,36.38875106,37.83180288,40.12608188,34.98399281,40.5239365,36.00868762,40.22817688
5555,1778,104.0698106,30.6728792,1196,104.0715214,30.67202107,189.4880062,,33.18876756,22.73856074,32.60008709,19.62476474,32.12669493,26.01510352,73.74668349,39.9701263,26.12376534,34.2792373,28.63197575,31.63014632,28.58997579,65.27816482,65.90887172,43.50489938,27.88106903,32.48365821,21.11940626,29.36714487,30.0840936,25.21836681,29.3195862,24.0704595,26.01500625,38.00316559,27.63766607,28.91552503,28.27314012,36.41406525,61.87363468,48.20896271,27.3409548,46.80321251,31.87648702,18.71486481,32.28380607,39.43103019,30.08652963,49.07603038,24.13112792,45.47712149,32.32970722,23.98793221,19.77266152,28.89438361,30.52155805,14.21160047,24.80570263,26.36354869
5556,1778,104.0698106,30.6728792,1800,104.0683853,30.67345172,150.5714891,,41.25867722,20.77345574,26.06045004,20.75622103,22.92805191,22.90383214,28.23215421,29.01288283,21.59591079,29.48634783,17.27672863,27.37663438,27.94110107,34.28934281,20.84836003,28.68028364,23.75707936,22.93209353,23.1978899,23.07679201,23.35195954,23.11545248,24.00380531,21.78937364,25.44870238,20.00211663,20.00211663,20.00211663,20.00211663,20.00211663,20.00211663,20.00211663,20.00211663,20.00211663,18.4373252,19.18787118,18.80511226,19.18787118,19.18787118,34.09165791,24.55525983,26.40157617,26.40157617,26.40157617,25.09524818,25.73184326,25.56968571,25.48937094,25.52946516,25.50940229
5557,1779,104.0326736,30.67337488,910,104.038017,30.67271158,517.1541842,,39.75985186,40.7634,39.04414673,47.8805417,49.61844829,63.2743624,65.74767732,38.80003605,39.95182539,49.7130858,47.26766266,51.24096504,61.32840207,59.808561,50.64277628,44.0710036,99.82600875,99.82600875,99.82600875,99.82600875,99.82600875,99.82600875,99.82600875,99.82600875,99.82600875,99.82600875,99.82600875,99.82600875,99.82600875,87.2016423,93.08775316,90.04861248,91.54296561,90.78964038,91.16474678,90.97680693,90.97680693,57.63947564,76.14540135,82.90299116,79.38063924,80.2328654,80.66587761,80.44878883,80.55718696,80.50295141,80.51650346,80.52328119,80.51989218,80.51989218
5558,1779,104.0326736,30.67337488,1285,104.0303797,30.67428477,241.7852368,,60.4463092,41.25245746,35.60028027,24.7906382,25.15684545,28.94187373,34.33636499,35.84725595,46.093526,40.88110461,29.20895478,43.10377481,32.15367779,28.91183234,28.3295965,31.50866434,30.84796878,41.74709125,39.9583865,41.21176655,45.78784074,39.92783727,57.17089343,43.67146328,48.90038497,43.67146328,39.86687875,43.67146328,44.92767238,52.75314257,46.25829153,50.98734701,42.93104081,45.04149301,34.88684779,49.73867728,50.49611907,35.36074556,45.61864632,45.54600487,45.32796911,34.74757894,44.47653115,44.05790392,44.06082598,44.92855678,32.04025223,46.92147887,51.93074192,46.83425878
5559,1779,104.0326736,30.67337488,1431,104.0337804,30.67627372,338.3261344,,47.72210168,48.18888561,43.31002274,55.08702324,36.97834031,52.84630412,60.19641272,65.13230395,47.20829782,47.08662695,42.2907668,40.95177642,40.12149923,42.73593277,41.86676885,50.19123971,55.87037082,57.31642747,65.30692139,61.90465483,52.05017452,74.34226353,76.12338024,61.38982277,65.30692139,70.09922785,65.30692139,65.83643696,67.41109775,64.10389915,76.12338024,76.12338024,76.12338024,79.82688726,65.40921463,73.05652806,61.59593597,79.07852839,64.14258162,64.7864538,63.65269278,65.00235898,70.80743439,74.34550275,77.24819321,77.31152669,69.83041727,67.85370941,67.48812353,74.84987681
5560,1780,104.1362858,30.62448308,319,104.1377093,30.62399046,146.9547283,,27.45866895,27.4824427,27.4764954,25.03329757,25.03329757,25.03329757,21.18266354,25.37347827,27.4824427,27.4824427,27.4824427,23.63751005,23.79795424,19.56678768,23.92479466,22.02982307,11.45101779,21.02481955,21.97192447,21.08619657,21.9062949,21.08730464,18.62001279,19.77700371,19.77712554,19.77706462,23.92479466,22.11808184,26.93585944,22.7925728,23.14548359,22.96767261,22.96767325,22.96767293,19.97308251,22.96767301,17.7083522,20.35247019,18.93856662,19.62007846,19.27329979,19.27329979,19.27329979,18.86890849,19.06896042,18.968407,18.99344581,27.49646153,19.61480379,19.31159853
5561,1780,104.1362858,30.62448308,918,104.1340428,30.62526002,231.5828176,,30.31629612,43.30899446,43.2902541,39.33311469,36.91652296,36.91652296,33.96495577,35.32619252,38.67780829,38.45896146,38.02583963,37.4748428,37.60236472,33.92464469,37.85772753,36.14788029,32.1891175,29.74837264,28.26095401,29.82632252,30.39920304,29.82772936,27.836332,28.15348418,28.15364086,28.15356252,34.80996331,31.12991102,32.86724676,31.9749971,32.41498312,32.19348687,32.19348766,32.19348727,28.40538824,32.19348737,28.16547782,23.76901335,30.86342039,32.41596669,31.62064785,30.96233431,30.04929209,30.49898134,30.70711394,30.49898134,30.49898134,31.01512775,31.00099313,31.00452557
5562,1780,104.1362858,30.62448308,976,104.1352438,30.6229403,198.0154805,,29.63030398,37.03146648,37.01143864,32.2012752,30.30205015,30.30205015,26.00872228,31.05561356,33.0715589,32.88443336,32.51409143,22.74088661,22.79575198,21.16869279,22.90529506,21.94175833,20.47700481,23.26742488,21.41511768,20.6507356,20.21748059,20.35536539,19.30106924,19.88350264,19.88354834,21.9805104,22.7675608,22.36711409,22.56556101,22.46589933,22.43986367,22.37753867,21.04480369,21.69071878,20.31179485,21.52555118,21.84246253,20.03443463,21.76236307,21.68284894,21.68284895,22.30890504,22.63568892,22.7836636,22.85132296,24.67257234,24.67257234,27.75107464,29.7178001,29.20043952
5563,1781,104.0536897,30.6502576,470,104.0543756,30.64982872,81.1072442,,7.434400487,8.336504757,8.874956812,14.00412849,10.05115591,14.00412849,14.00412849,13.48665492,14.36585875,17.58952284,17.87669873,16.63146054,15.20760829,15.20760829,18.02383204,19.64582534,18.15188768,15.82580375,17.32855069,17.22631735,18.9191844,16.16159109,15.24980338,20.24868787,16.3620603,16.355616,18.77723981,16.3572266,33.18023626,16.35803202,29.94729017,15.65609003,16.68491881,18.42183464,18.59783943,28.76710139,32.80742462,21.23535121,12.80640698,15.61422883,14.63589369,14.86880097,19.99904652,19.80909628,18.36390435,19.62272037,10.79430976,27.87456603,18.58304402,18.56827212
5564,1781,104.0536897,30.6502576,826,104.0540234,30.65066071,54.9352341,,6.578522836,6.578522836,5.9145224,11.53159433,6.747802426,7.856984319,7.856984319,7.917931816,8.096902467,7.973397774,8.315354287,8.846154555,6.823467836,6.939187465,11.11049678,13.54567416,10.63262595,10.63262595,10.63262595,9.198457803,10.63262595,9.922450562,9.24144125,10.1216137,9.485220276,10.17266004,8.561335184,9.194893892,10.19193541,8.770148238,10.19032634,8.770148238,9.83506885,7.599110193,10.19032634,7.965101906,8.368131571,6.301651921,7.317922026,14.64939576,9.91312495,9.358052498,10.15165057,6.473546408,10.1313359,10.12120902,8.433554062,9.647163061,8.433554062,11.11049678
5565,1781,104.0536897,30.6502576,1129,104.0509942,30.64871622,309.6744128,,28.65881455,44.39334539,35.17500725,52.58622104,49.84327359,57.76310291,49.84327359,59.53686975,51.4932049,29.3182876,60.58847207,55.67180455,27.19092405,68.01619133,68.01619133,75.00944566,35.05748069,110.0159098,52.75210818,51.85245982,44.76096908,47.66768086,71.2350087,57.05636522,57.63478712,94.4769395,31.71629832,57.41650975,64.07056817,38.4423409,62.56048743,49.024973,44.45973623,82.88683168,39.67359025,71.35824201,51.97332802,41.06180059,53.0029106,60.1255489,55.88109705,48.05292612,29.33757595,56.99711193,39.58905845,68.49520067,49.16550766,79.38754023,66.43162121,59.82976134
5566,1781,104.0536897,30.6502576,1499,104.050223,30.65267368,426.6785023,,46.05824912,129.0792108,75.05094176,75.25009716,53.44693382,84.51403622,62.66098261,62.37604552,68.52362051,64.43582221,71.61236526,93.04551973,61.25793054,65.99538596,78.5297857,65.99538596,96.60645335,48.55132701,60.00166439,71.44384225,72.96031389,58.61709315,58.61709315,72.1711484,69.14892866,94.04342502,81.91430854,85.55354512,83.00625341,63.21162997,69.42565461,42.54965674,64.53960539,68.08888138,57.05953225,67.68685049,92.95265406,67.52980958,54.05930137,117.4116968,67.47324887,68.50497072,66.63959255,67.57572011,68.90004777,68.52963782,59.52617075,63.89005597,63.86855411,103.1959579
5567,1782,104.0991292,30.64644369,737,104.0985074,30.64632943,60.91020231,,11.4504819,11.4504819,9.252182629,9.252182629,9.74563237,10.29468208,10.1989176,10.1989176,8.98675116,9.596355725,9.596355725,9.596355725,9.890058623,11.65590582,11.25337641,11.54594445,11.35137961,11.40102412,11.54594445,9.682873009,9.789139657,9.767337564,9.789139657,9.778226458,16.48697205,10.45185865,11.13653979,10.78334181,10.95709523,10.86952418,10.91313404,10.89128546,14.86621887,10.8967394,10.69642577,10.89810373,10.89878603,10.89844487,8.243486027,11.24448177,10.89857281,10.89856214,9.893811411,10.89855948,13.45256002,13.38413398,10.89855865,10.89855856,13.82826214,10.89855859
5568,1782,104.0991292,30.64644369,1473,104.1015145,30.64422921,335.3831085,,70.81402877,67.83029161,74.07234298,129.8257194,61.75852637,86.55047961,95.93251227,99.69185978,92.51947821,61.91688157,110.4731245,53.90085672,86.3956487,63.37948507,66.33951597,63.37948507,63.37948507,69.62971111,63.37948507,133.9052707,67.83029161,54.63254256,129.3134421,151.8715963,26.89040514,83.26753039,90.78039027,68.21351359,85.37024582,90.01311335,75.22611779,73.95890907,74.58713147,74.58713147,97.36928956,96.07791965,88.81869908,98.1858554,76.01179771,90.58579135,76.65899623,74.7603214,62.88433284,87.97876658,59.84531304,75.68526763,60.89331866,51.06605624,65.61843427,167.6915543
5569,1783,104.0636453,30.6516143,889,104.0642409,30.65165033,57.21044854,,14.60692303,8.093204985,14.01072209,16.59037173,7.219405787,7.517387161,29.52797344,19.33874317,7.603419095,16.21713502,8.731642384,7.568492963,7.842928712,7.760670592,6.70972582,12.09736357,23.4042744,7.936709624,15.31283381,13.82265871,8.390451441,6.793077378,21.23274379,7.97512545,5.898145247,5.349548435,7.877012292,6.263130142,28.02144418,17.62832652,7.000400445,6.035240598,6.679706425,7.847574514,7.958571553,8.488721885,12.87235092,10.29702265,18.72341952,7.110097795,6.644605926,8.030580246,15.72195532,7.551149945,16.28123437,13.70006307,21.01608314,7.468030578,14.35244702,5.95683629
5570,1783,104.0636453,30.6516143,1568,104.063511,30.65498885,374.2233224,,46.60709454,33.25565188,34.95599275,53.78059723,29.54145482,51.38730936,40.42959535,45.17449943,59.53761672,47.82406676,42.74370801,35.94826324,49.7405609,38.28734257,75.66436173,63.96220585,29.6170148,51.76775133,51.07651773,50.74717536,48.82534566,55.26360823,47.12975199,68.04060407,56.29857133,47.42880667,73.46330322,41.65000008,55.86194722,40.54512604,64.76942118,45.87527675,28.50219945,48.48548958,32.76641999,41.78456326,39.87121225,39.13762313,38.10063907,41.25554282,53.05345081,65.66388109,50.98217448,39.87495866,29.58936878,32.23569205,36.73585416,68.02151833,46.30561411,55.60065871
5571,1783,104.0636453,30.6516143,1837,104.0637012,30.64989872,190.2139105,,25.05256383,26.8888774,23.45103006,55.67236405,32.85144297,44.1787147,44.1787147,71.54314246,37.28330731,42.74469899,76.76794594,41.40085114,24.23964877,26.97538223,30.40719706,19.31650431,34.68946696,37.74323264,22.49573186,18.96870022,29.14328604,42.90539335,22.06563087,29.54779192,23.35770589,24.81051007,13.1771022,67.4650323,25.44262498,41.20156906,48.39364507,32.84268958,20.62560475,39.44528098,27.08742396,32.11867157,29.38927373,32.11867157,30.69341451,37.05465789,24.14563039,103.7530421,25.55112231,86.02639168,22.39030227,54.60686426,76.0855642,19.43988865,26.07654523,25.84038029
5572,1784,104.0915652,30.62800793,144,104.092415,30.63211004,461.8731119,,119.9093656,80.99090126,125.8065475,98.38717177,82.67212941,86.54486417,94.47404562,74.09729068,97.39918344,99.26825092,117.6746782,111.3444109,71.98022523,73.6949896,81.4571073,91.86426535,120.0536609,77.80215522,98.48429634,83.84988416,65.37653485,61.22029466,75.30539868,74.0642852,73.08761331,63.67178568,79.65738995,59.25345844,69.47394999,61.81201498,84.66105921,72.13636455,59.19576276,76.62411073,57.90167856,80.53797986,92.46023372,79.27261992,74.42341824,78.12975324,109.7117949,84.40320827,90.2193816,84.46445876,95.66991961,73.44272097,67.8670695,72.37900765,84.83383688,111.5935035
5573,1784,104.0915652,30.62800793,1512,104.0904021,30.62313887,551.025639,,210.4713316,210.4713316,94.04771937,167.0477727,94.04740208,134.4876136,97.55863774,123.2745085,127.9801484,106.5069691,109.394796,138.3971373,100.1864798,116.6877824,219.1925194,92.69220074,138.7197413,103.0489507,184.8160529,118.8246287,168.109517,183.675213,72.26565757,164.2809359,139.8936742,103.5870653,82.45629431,172.7954966,123.6692296,128.8111883,194.004137,79.89972648,110.3693679,117.0319941,110.9915413,124.3694232,124.6037877,109.7064621,83.73542847,119.6978308,97.71883253,94.46153811,171.3773046,101.1056218,82.39635723,68.05119384,147.4864164,79.82665193,122.7026165,134.9450544
5574,1784,104.0915652,30.62800793,1790,104.0948905,30.62569686,408.8815963,,107.4433392,81.30579957,50.36693744,50.36693744,50.36693744,51.55774945,68.12065161,100.3618463,50.58329026,57.34962649,78.37985872,78.37985872,78.37985872,53.20387036,83.31926866,80.28947711,86.58669098,73.46094806,79.3754567,64.41898235,73.35417341,68.30504625,68.30504625,58.33064183,45.57194262,50.89812402,112.0792193,84.96240962,68.94490617,110.6747178,59.35378011,83.63487197,81.10048191,84.11278552,72.77991331,66.00779133,52.66453476,66.00779133,66.90789758,66.45479669,114.106492,91.99835917,82.00410845,61.07774882,61.7179768,61.39619381,59.75536185,43.80874246,59.75536185,69.14281691
5575,1784,104.0915652,30.62800793,1854,104.0894085,30.62850815,214.0077479,,37.95211293,37.95211293,37.95211293,37.95211293,37.95211293,37.95211293,37.95211293,37.95211293,41.2729228,43.16122647,42.19595943,42.67313505,42.43320578,42.4929348,42.52286242,42.52286242,42.52286242,44.024451,43.26063048,43.44909,43.63919869,43.63919869,48.45458443,45.92099849,45.92099849,45.92099849,30.54223558,45.92099849,54.06511526,45.92099849,42.47444199,39.50912269,36.6870425,38.04582185,37.35407963,37.69677761,37.52464621,37.61051496,37.56753152,37.58901095,37.57826816,37.58095329,37.58229599,37.58162463,37.58196031,37.58179246,41.70117267,56.03111945,46.83452234,48.83853518
5576,1785,104.0010888,30.63443687,497,104.0034916,30.6354158,254.5667925,,31.80980399,26.71838055,39.29847569,84.8555975,33.53415144,28.16927622,31.82084906,42.84656663,98.06269439,73.98604301,31.37957381,100.9295653,49.80654636,99.30469304,67.75899837,111.8328106,62.30435712,88.11927433,75.23369547,67.08934502,84.18744316,82.78594878,78.83358735,75.2414165,73.97277198,51.02675128,119.6007116,184.0241873,89.14790399,99.99113102,126.0330682,88.01970449,109.3604359,101.9933728,90.80583759,88.4463689,144.3213312,67.38532743,108.812191,119.6397458,102.8058201,98.80759601,112.8621248,137.6036716,106.8735222,70.52733227,86.45664651,85.01302904,100.9093592,90.14168387
5577,1785,104.0010888,30.63443687,1538,104.0033008,30.6320895,335.6030833,,35.80097712,29.94877699,34.07978844,31.30266568,34.3759412,31.14679242,29.05203156,31.0580806,45.23009046,41.29869164,33.91397139,46.80673941,42.76711858,36.23089943,34.10246306,34.85392936,37.32133413,38.3941529,47.1711508,35.98049029,37.95550284,36.46308279,32.21301524,32.74176422,33.69681161,34.70326071,33.33283665,44.33655412,44.90994564,42.40219648,39.23598838,39.69350636,33.87684064,46.46253479,42.13937858,39.53396814,43.07205347,34.03086679,34.8119566,29.00895646,32.45106289,46.93065695,155.8930451,41.34032848,27.61798737,32.47043169,36.87865561,31.64822789,39.43438922,38.07861848
5578,1785,104.0010888,30.63443687,1622,104.0003855,30.63414755,74.64159246,,19.90442466,9.276648957,34.74694822,8.09540835,25.11305915,8.411417229,7.641035057,8.5723191,8.45686169,27.34959113,8.376037711,13.18443307,10.77892961,8.484294678,39.08505205,13.53701425,9.675989222,12.5802584,10.52849726,8.483019226,29.77393162,7.619593665,22.29956289,9.312056355,21.98034625,10.57508461,7.306476735,32.18080633,22.48617011,34.44996575,44.19567975,48.19905522,42.15054633,9.30005159,13.97559423,13.70283011,9.449376836,8.140406562,44.41483188,7.474540552,16.58702055,23.41697018,17.44868395,18.66039812,6.97344672,9.207643617,29.42077367,34.44996575,26.25828009,22.92745161
5579,1786,104.0774485,30.64502758,507,104.0811725,30.6436929,386.3043426,,45.78764432,69.67412993,69.53478167,69.49617269,43.77845645,62.01541286,49.81001552,54.17753441,43.83798585,49.70320348,53.73630732,46.85632188,59.262598,52.28179073,63.94002912,64.0407587,49.93521125,66.73203615,68.63396093,82.45231026,39.28518738,47.62656279,58.86542363,43.03893643,52.36929162,43.91901574,30.00422078,47.68099314,31.72689658,49.49094781,55.29604904,124.7260658,77.09133897,49.0833753,75.12197884,74.51818531,103.0144914,53.59135389,64.08735638,54.88143778,108.8607149,49.31544799,69.48050003,46.2793888,45.97340937,62.98440368,72.6211819,56.87916701,52.9284732,67.45492157
5580,1786,104.0774485,30.64502758,1261,104.076704,30.64358527,175.0510587,,29.13022241,20.03764106,27.92542738,31.49169518,29.22750886,34.0639898,26.75939751,23.29699857,49.81690208,35.07516574,28.04378054,38.07757168,50.16388548,30.8913633,31.65078618,15.22183119,52.29741173,32.31711853,34.03770587,27.47894527,32.65201095,48.38263427,33.40196879,29.93747322,31.50919057,28.51510458,33.60980327,26.45052723,21.54965729,27.04651551,41.91910054,34.28017107,27.28068447,29.75372103,27.04651551,36.4268099,43.36127143,24.2378389,21.50797991,23.91589417,19.78599094,25.86253671,45.66549357,28.84136436,27.70038731,59.17218886,34.78475499,28.00816939,64.30447054,54.95789051
5581,1786,104.0774485,30.64502758,1364,104.0726607,30.64669137,494.4690868,,128.1792052,71.48950653,102.1205428,67.02141237,70.35923765,107.4932797,77.62014736,115.8050278,138.2056454,72.21455223,80.59258461,76.23506263,58.51277726,89.06805564,75.18854118,87.86222668,74.42408147,92.54283825,67.21543283,56.3542133,72.58831012,73.79194281,84.90089247,171.1623762,100.4079048,66.05152922,130.2696501,95.99399865,95.09867578,105.643247,110.640873,66.6387913,122.7647388,71.2035485,90.35983312,163.3108911,53.9420822,84.44443608,63.80246281,86.30733151,79.82460594,107.790839,99.90676091,81.28258961,83.47426553,92.21266802,70.08223277,75.8022163,53.88765023,158.9364922
5582,1786,104.0774485,30.64502758,1596,104.0780189,30.64613707,134.565403,,31.304391,32.24196012,30.24570972,27.72162809,42.49433779,23.19954269,25.38969868,24.32428201,25.82278522,24.57958472,25.18728514,26.9130806,28.2813204,70.4633383,43.11842019,58.01622165,42.03344475,26.4436939,57.670887,48.44354508,30.66047157,45.18987414,47.68065461,26.15742175,41.46380465,24.96505018,24.85877875,27.06343301,49.231245,30.8557612,28.26585016,29.73516833,33.99547023,13.02245835,38.60043433,43.25316525,50.54978617,29.13897448,39.98877543,23.51628402,23.82469431,21.69403059,21.38787862,15.93537667,24.71609443,31.81842041,39.87123052,40.3696209,52.19187031,33.99547023
5583,1787,104.064009,30.67394402,317,104.0623267,30.67481854,188.0676956,,31.92347525,31.92347525,33.48938355,33.95830491,31.93602378,31.93602378,31.93602378,31.93602378,31.93602378,31.93602378,31.93602378,41.1473311,34.29425965,36.26539205,37.33844359,36.79409595,31.93602378,36.92868943,36.99635612,36.97941621,36.97095208,36.97518365,36.97306775,36.97412568,36.9735967,36.97386119,36.97372895,36.97379506,36.97376201,36.97377854,36.97377026,36.9737744,36.97377234,36.97377337,36.97377285,36.97377311,36.97377299,36.97377305,36.97377301,36.97377303,36.97377303,36.97377303,50.77431107,45.26985588,50.22055501,42.4922827,45.12945012,40.16942172,45.0732002,45.05291299
5584,1787,104.064009,30.67394402,479,104.0634855,30.67324036,92.7202324,,18.64764451,18.64764451,16.77350938,16.77350938,17.89773923,17.26514673,15.74494512,17.26514673,15.01317107,14.70453025,15.01317107,15.7635342,16.90759125,17.87938948,17.79931807,18.03219511,17.91499983,17.97340642,17.9441556,17.95145938,17.9551135,17.95328625,17.95419983,17.95328625,17.95374303,15.08668188,18.22861034,18.22864293,18.22862664,18.22863479,18.22863071,18.22863275,13.0331325,18.22863224,15.50321986,17.12612286,16.27431177,16.68935544,18.22863206,18.22863207,18.22863207,21.53502172,25.77550862,21.81652527,21.81652527,21.81652527,12.60190039,21.81652527,49.81982636,26.25705696
5585,1788,104.1003679,30.65428692,1172,104.1061061,30.65160594,624.9805001,,84.21723052,91.61812812,96.64646909,84.45154082,65.74897137,85.94078687,84.5573367,70.45709188,91.20309968,94.06986376,65.02687284,104.0429965,57.98788145,84.22760132,77.85224223,82.15020448,81.89399657,63.73738811,115.8265019,98.42719147,56.17802248,94.73388633,86.46924675,58.56142114,77.78141595,84.18820581,70.57496237,228.0334257,103.207789,73.28761565,62.4286848,72.19026097,106.5475833,100.475334,65.21535653,64.9074949,92.62782216,84.30211575,81.94972866,96.70185387,72.64533489,119.1700106,75.92061652,92.61511254,103.9883521,95.48313197,143.8311288,72.63695885,70.2006178,104.3013815
5586,1788,104.1003679,30.65428692,1351,104.1026521,30.65777585,444.3221833,,56.86601838,98.55108142,64.14122027,135.5559203,70.36187068,47.35928527,51.7563859,65.16150738,74.28296564,44.63887981,63.26538669,116.3316262,55.06230154,75.12609908,60.221873,60.62766368,58.08900118,56.35861134,64.44640854,62.03279234,65.72033206,57.24396227,61.38661742,47.08049624,68.50363426,115.7166287,57.33189462,66.44070031,72.25566843,54.96769278,50.28556446,71.99328338,53.82099125,58.060249,46.63439825,65.55573196,59.92357118,54.24279856,79.18613168,52.03512882,61.55535469,59.46319182,58.64564106,54.07978489,78.40979705,130.3989016,74.22551554,86.4017773,49.06625337,66.28582688
5587,1788,104.1003679,30.65428692,1560,104.0960134,30.65626308,471.2193394,,83.29245278,55.68780047,65.4555481,54.4063381,94.85189286,57.95972454,67.71370854,66.55770954,63.69707578,60.10491322,42.35679455,62.71310986,71.12744746,58.46259466,67.29277259,55.12232727,63.67679519,45.77619848,82.3010684,68.22773617,97.54037115,80.22651321,70.97864527,59.09049482,63.33034393,90.71602256,53.5138682,76.17916053,54.72224587,72.93447661,55.82524465,88.55862293,76.88146938,100.096044,104.143974,65.64551906,85.36827717,58.00205868,56.73543886,54.21699786,73.04758227,60.60939498,73.07178621,88.6021096,66.87475512,105.324928,79.56799352,78.95692911,81.71791478,70.14333679
5588,1788,104.1003679,30.65428692,1668,104.0979156,30.65029026,501.413837,,56.3562227,64.01027706,61.07446735,59.31633768,126.3773498,64.14675953,54.30008033,43.84833554,61.6422247,58.65442123,53.96382102,78.48216579,58.62720656,76.90778541,41.22464555,53.27695446,70.51132083,47.31082172,67.01029469,49.45451543,60.3036686,66.77274279,60.60059802,57.96978155,46.08179684,63.05990614,50.0024879,75.95048301,94.67254263,64.8263535,81.12763205,61.79463035,54.59628925,57.54802804,49.80539493,52.62652517,65.31728452,85.32869768,52.8770359,69.56030109,46.82463847,74.81130072,68.89655776,52.32144386,70.05523207,74.13099849,48.69846618,73.29250981,59.62311522,71.96371349
5589,1789,104.0309005,30.65657928,380,104.0331866,30.6533746,417.2953069,,42.21534216,40.46252241,42.22535876,43.86169649,45.66149255,103.2483234,45.66149255,45.66149255,60.38381702,45.66149255,45.66149255,58.11462688,103.6043521,45.66149255,45.66149255,51.42220898,58.15032497,70.96022744,50.41151359,55.71757668,56.08012442,54.0418066,67.77106667,54.6303334,54.69195595,54.66112732,54.6765373,54.66883122,69.18121816,64.02170034,54.67172074,101.0490877,54.67147993,54.67135954,54.67147993,61.1775737,71.99343952,58.25208458,51.83434761,61.19197983,54.9725752,66.82813375,63.02298071,63.38996933,61.80022472,62.58500323,62.19072158,62.19042993,57.80866463,53.25412267
5590,1789,104.0309005,30.65657928,596,104.0322445,30.65667491,129.216138,,13.23836509,11.88539357,12.84135533,11.48469738,11.38333232,15.25424157,13.00848761,12.72891221,16.02680781,17.08643147,19.0646761,27.68917243,15.50593656,17.17316463,17.17316463,17.17316463,26.43057368,28.3645181,28.3645181,28.3645181,28.3645181,27.28317283,28.3645181,28.3645181,29.32564834,28.8370769,29.0793106,28.95768719,29.01837146,28.98799755,31.89821143,28.99558507,28.99576157,28.99567332,24.24911657,31.89799784,28.73687084,30.9131563,29.84900561,30.43799018,30.1406208,30.21441708,30.25145091,30.23292265,30.24218393,30.23755259,30.23755259,24.48305773,27.05772984,26.36459555
5591,1789,104.0309005,30.65657928,1399,104.0299614,30.65658206,89.98096423,,9.34105676,8.920380984,10.16255596,11.18290464,10.71659702,11.79406881,10.2901743,10.8674485,17.61693929,14.00217085,12.90925257,13.68513708,15.06931794,12.51351778,14.51355405,13.41171155,13.15637754,14.21221806,12.36615657,13.73549397,13.65324783,12.14014661,12.22532133,13.78508098,12.2039158,11.48358935,12.61319976,12.679286,13.10893899,13.82154806,14.28927733,12.39306491,25.30714619,13.20432203,13.70964222,15.88548285,14.52607494,14.87598754,14.50999738,12.40023948,14.60768296,14.90173608,13.51868943,12.60806007,14.26386381,13.29820769,12.89047928,13.83768298,14.18616952,14.68852196
5592,1790,104.0948905,30.62569686,516,104.0969164,30.62883906,398.7211986,,126.3275085,119.7589297,151.4359337,43.12657932,111.0558077,78.69497341,85.64417154,63.14772283,132.9070662,107.386258,38.77544073,94.1061988,124.8170709,51.41439096,53.5345945,45.2235764,133.9515226,31.63988938,84.22546647,28.86461995,42.89032813,90.99184247,152.3775281,120.4834755,36.88610208,22.62247935,21.31249168,37.49551049,105.9103184,94.34201684,185.3452918,117.0387211,42.79655083,148.040049,75.52067598,34.77640981,73.23450587,74.04038762,78.75974293,101.1680653,123.4370295,72.20822281,73.52627681,100.5013894,76.37625886,88.09715519,44.07562891,81.268015,94.51687761,77.96358983
5593,1790,104.0948905,30.62569686,1452,104.095579,30.62458258,140.0193622,,24.35119343,24.35119343,20.87245151,30.14770956,29.16507449,28.54026754,23.39070552,40.54179925,25.0158662,19.63907937,49.80222905,21.72714241,24.89233106,58.16188891,42.46074522,58.20666327,26.86417996,25.00345754,57.60796616,34.62017197,36.00497885,41.06474166,19.58589453,19.97502294,29.47776046,18.32980742,56.32063731,49.90789148,33.83018147,37.89997774,29.30637813,28.64032409,66.76419919,28.80398308,30.6611742,65.93935081,22.15691006,67.20929386,48.39069156,33.03827647,73.26594534,31.5043565,28.08187766,33.49300358,33.60464693,43.28842879,28.16031865,30.36564481,45.82451854,40.98127674
5594,1790,104.0948905,30.62569686,1512,104.0904021,30.62313887,515.2104813,,135.3837761,188.3002774,63.9571632,46.48515621,72.45147393,108.246069,161.2832811,115.3815075,118.1374352,92.01174238,56.60501727,74.71330242,104.4097553,137.051064,98.98200123,94.72343558,113.4408399,148.7773582,215.6695038,125.5335183,146.043916,111.85874,189.2609931,63.08699771,98.9632965,97.41374646,112.0721057,132.9575436,63.84708202,105.3839621,113.5102652,63.08699771,106.7705932,107.5221874,159.892908,106.595272,79.26315097,103.9079962,64.62570497,97.88189041,132.6603653,210.7679242,206.0841925,225.5786432,67.50710583,78.21856543,118.5148711,168.9214693,190.9660471,218.2067921
5595,1790,104.0948905,30.62569686,1784,104.0915652,30.62800793,408.8815963,,131.4262274,91.37626629,131.4262274,137.5676399,72.84744803,160.5789542,93.7562896,77.30142562,88.14214052,84.35379637,80.8961986,89.24433477,77.56160035,107.7053961,77.61943467,77.31054597,101.1183187,80.10741479,84.85877245,57.164029,111.0923582,66.09375444,59.8834955,75.04853861,85.82937298,77.0418661,129.9756068,98.52692239,77.88220882,91.9770682,218.0701847,69.18795519,79.24488542,88.94101188,86.08033606,72.511022,78.61007993,110.6747178,68.70439387,79.4189149,87.61748492,94.35729145,59.87689818,79.45877175,74.09590871,80.43572386,139.5235779,72.10720715,83.07713195,99.45768559
5596,1791,104.0669157,30.63191109,425,104.0691154,30.63175477,211.5300381,,34.69285363,34.97740788,43.14493695,40.37153809,48.10791073,49.44858034,29.80462376,32.16507443,37.57441466,32.70380662,25.96788192,37.23756172,39.50755575,38.91450078,38.91450078,45.9431757,23.57610332,35.83567704,40.61376732,30.38739574,53.6273336,55.38240998,54.13564955,53.55190838,50.69855485,51.65101542,50.84886748,50.92435852,50.886585,50.90546476,50.89602314,50.90074351,50.90074351,47.00667513,53.77882325,33.69505032,48.04467742,45.22019817,48.04467742,57.7994791,57.7994791,62.44612047,65.06134055,65.06134055,65.06134055,53.66512595,53.13156373,52.60850688,52.60850688,24.44648915
5597,1791,104.0669157,30.63191109,752,104.0641764,30.6318617,262.598445,,40.45739238,43.16686767,46.40589631,41.28185162,51.88760905,46.67973497,60.14524713,90.03375257,50.70623678,40.03315678,78.12846298,43.26564769,45.16024214,97.79528296,119.6651142,58.79069664,68.75304742,44.48726598,50.41890144,64.75030151,59.42510648,64.16205774,40.96877148,63.69150299,62.93839772,63.61135539,63.49196269,63.53933231,41.76994787,50.40457203,71.61775773,62.60625179,50.4027076,67.12299764,59.40287985,69.00397095,41.58450449,41.1620204,62.03112874,69.3202128,86.33373534,71.18590664,28.64710309,71.13359794,50.68924408,32.78685788,27.16535638,54.17503736,53.94318984,46.80937828
5598,1791,104.0669157,30.63191109,1637,104.0668253,30.63590393,442.6111722,,67.51695847,191.3994258,62.25956763,69.7330512,89.68481536,87.77204603,72.39956998,72.73427804,66.34560249,72.10590161,86.66512461,84.56191795,72.88280023,82.64434661,82.64434661,94.79235367,70.03957011,138.5565409,70.90379124,77.72684,66.4479143,71.9985979,125.9604917,58.17452428,62.26922266,89.08817051,83.37601168,95.79560442,64.46833246,66.90273841,60.53166715,62.49570793,64.16376725,61.75969845,68.59234696,191.9759301,69.74068147,82.7613924,107.8443465,111.5566082,138.5565409,112.3689309,67.79667266,93.41921099,72.26304852,81.13139239,72.21918361,54.01356678,66.5154024,63.8608277
5599,1792,104.1237401,30.67079064,1521,104.1237274,30.67169125,99.82069604,,12.54291469,12.60893003,11.40807955,11.40807955,11.40807955,11.40807955,12.28562413,11.40807955,12.63108983,12.63108983,13.30942614,12.96138885,13.13310208,13.08974864,13.06817908,13.08974864,13.08974864,15.09892881,14.02273542,16.92277687,14.54094671,15.03157685,14.33833439,13.24809238,15.55647211,15.67522381,13.38378047,12.51016556,12.93223592,12.71769983,14.21163466,12.77066376,12.7973115,12.78397374,12.79063915,12.78397374,7.994538504,12.63108983,12.63108983,12.63108983,7.115930807,9.933780394,12.3861958,8.280057736,11.66617042,11.33666307,11.66617042,7.803572329,16.33313569,18.14814335
5600,1792,104.1237401,30.67079064,1838,104.1242711,30.66979471,121.5361988,,16.67417362,11.15674413,10.71065644,10.71065644,11.56467795,10.71065644,10.71065644,12.56819578,10.71065644,12.65583558,10.71065644,10.71065644,12.97347118,12.09064776,10.71065644,10.71065644,13.84589607,12.44751965,13.25849441,22.55310906,22.55310906,22.55310906,22.55310906,22.55310906,22.55310906,22.55310906,22.55310906,22.55310906,22.55310906,22.55310906,22.55310906,22.55310906,22.55310906,22.55310906,22.55310906,22.55310906,22.55310906,22.55310906,22.55310906,22.55310906,22.55310906,22.55310906,22.55310906,22.55310906,22.55310906,22.55310906,31.03051884,26.12121288,31.03051884,32.40965301
5601,1793,104.0151336,30.67558557,1439,104.0147899,30.67361433,220.944462,,51.23349843,18.10653725,51.23349843,52.39789613,31.87976205,34.83503927,26.93760268,71.08838697,27.44110617,40.72013976,37.45997159,33.45531286,71.22985638,13.43108529,27.76265491,24.88476577,35.14285994,38.61165355,64.60102036,54.76076167,24.93417126,26.45271464,34.93864382,54.23182248,36.57011785,27.7475221,36.43053725,27.33333551,42.19628982,46.24418972,36.48624143,45.91053756,34.18624913,37.43059121,20.73153944,12.94385782,20.83051152,19.70031116,20.83775928,35.40356364,29.66310964,33.28033737,32.83385194,15.60372856,23.88518458,35.74831745,29.17115146,35.19469306,22.63517539,28.74074302
5602,1793,104.0151336,30.67558557,1550,104.0077715,30.67693868,721.0450059,,173.0508014,86.73190524,98.48419592,100.8062921,113.0230198,94.90903186,93.20509951,84.43463825,95.87302018,112.8592183,122.7582719,101.1664315,99.90304249,133.3439394,110.5846511,127.2432363,100.8062921,113.537978,95.66690497,99.51803278,122.1370851,82.93169397,122.5982259,134.0252536,95.08285792,96.85679184,106.7482668,96.92912701,169.6576484,171.0551579,94.96690323,111.1146644,109.6787688,101.9087726,113.7660491,121.6763448,86.96020172,119.0716524,119.5098675,53.08306792,116.0672894,109.295243,123.2165516,74.83817273,104.169045,87.99193292,109.1803164,108.3825479,119.4827161,143.1486409
5603,1793,104.0151336,30.67558557,1897,104.0156394,30.67735996,202.537869,,31.95163578,45.66615835,38.44304015,41.74444627,41.74444627,41.74444627,47.34651483,41.66493305,27.10543972,34.73456109,40.5075738,36.94947611,22.50420767,34.88690567,34.88690567,34.88690567,34.88690567,34.88690567,21.79779756,31.60995643,31.60995643,31.60995643,31.60995643,37.39160658,28.7627743,31.7015795,31.7015795,31.7015795,31.7015795,31.7015795,33.11747138,34.66575254,46.14786889,39.59111285,42.61878199,41.04919512,41.81926605,41.43065258,41.62405229,41.52712725,41.57553328,41.56342119,41.55736781,41.56039429,41.55736781,41.55736781,41.07810301,41.07810301,35.3949674,49.15525811
5604,1794,104.0835708,30.65122542,588,104.0864107,30.65596472,591.5561868,,81.71135818,71.30364751,81.71135818,81.71135818,88.27366933,84.86584398,109.4266543,105.1574303,104.0555383,109.9959005,109.9099701,109.9959005,109.9959005,105.9597019,87.44194237,81.56776448,87.02320268,94.80130504,94.17247819,111.7901455,83.6778889,108.861458,91.00864412,91.00864412,75.38415124,83.63680992,101.6516598,78.36622898,85.69828058,73.72054168,76.59291853,74.20216977,90.21349314,78.21632522,91.98732312,202.819264,114.6842228,113.159163,114.5292282,113.9924131,136.0768225,123.7241698,114.5722766,166.864037,133.9372498,122.3030738,114.1965501,112.2863401,102.7002326,87.98589164
5605,1794,104.0835708,30.65122542,687,104.0846885,30.65076332,118.7153404,,36.21823944,36.21823944,17.3641534,17.39950027,21.77708155,20.26675639,21.51939705,22.25912633,22.37566625,14.10479292,16.37452971,23.61189091,20.9277258,21.21341915,17.66013328,21.28606544,16.36557209,21.28606544,19.70335836,19.70335836,18.74452743,34.95911865,17.39402051,16.43111378,18.08995663,16.40595875,20.44857538,18.99445446,17.26768588,17.26768588,17.26768588,17.26768588,20.59639641,16.35364383,21.11798696,20.20686645,25.43900151,19.65932391,19.888278,19.77313821,15.51271236,19.81615906,22.66240701,20.77999475,16.99305071,24.91983822,24.91983822,24.64441473,24.37501286,19.8113744
5606,1794,104.0835708,30.65122542,834,104.0826029,30.64891958,271.8671735,,42.85590912,40.92929742,40.54935926,40.92929742,46.05749763,45.71241371,49.03398896,49.17813989,45.40126442,43.28570095,54.39596197,58.81152675,49.90743416,48.69692059,40.07049435,50.03050861,49.22117904,49.21291387,49.58352878,51.34278424,45.43741061,52.33806549,46.19336045,47.87388931,44.00074034,42.58205083,46.7170322,43.37344669,44.95026679,47.02037817,46.45084981,40.61218062,37.74980502,33.8809194,38.25895377,48.260445,40.82969545,41.08883582,38.03284664,44.70905345,55.81305719,60.79017544,45.6014828,57.72467264,49.05873808,56.20800141,55.91364862,41.54828653,56.65994321,41.03655449
5607,1794,104.0835708,30.65122542,1736,104.0827149,30.65151133,87.91891936,,17.39055548,16.65832156,12.0804622,12.98494809,12.39385647,15.55959572,16.45088172,16.48479738,15.30873566,12.22039034,19.14915097,14.68715126,25.83739671,22.18514787,11.48155174,18.6181241,21.75313469,20.99556283,9.860065723,17.27192959,27.52244432,15.69105086,13.33564281,14.97820099,12.69505184,14.59725902,70.33513549,15.3627623,25.83739671,12.61224022,25.32064878,15.29763701,26.43073985,12.66032439,15.06033115,13.78123734,14.96701178,11.76610073,13.64588481,24.96120739,22.40765712,28.0805674,22.93537027,31.18306499,17.34291012,15.82663438,14.17933783,14.51872063,18.50924618,14.03583635
5608,1795,104.061353,30.6549959,1553,104.0604031,30.65334833,204.0247754,,21.61851925,23.01031302,24.02909023,23.45361973,23.8006867,22.46144316,33.6114034,18.22553825,17.89255034,20.82180557,21.25873202,24.6472883,17.65599018,16.94323394,19.90485614,23.6170158,22.46144316,21.38011529,19.63124987,21.54528987,21.94142469,26.42047451,21.56802218,31.9256824,26.86219614,23.15783052,20.24980047,20.45930895,23.048824,23.91873619,22.79252728,24.13814244,26.92902627,29.40309013,21.58591591,18.20295394,19.94088303,23.63601581,24.19315916,22.44032782,22.12316842,24.42868707,16.3129193,19.00360133,20.61000888,24.16082867,18.54770685,27.39746116,22.30875418,26.80617487
5609,1795,104.061353,30.6549959,1568,104.063511,30.65498885,206.7817728,,23.88495343,33.70085231,29.4401168,35.03456241,42.3564371,25.998174,41.29378821,40.88584287,38.81201158,49.42990585,33.29648993,41.58739565,34.36419536,25.75828312,55.16584347,21.63995297,29.99654998,42.72105493,36.94364179,28.77890652,41.8210327,35.57252542,38.63742467,49.08226694,40.26971154,24.10408145,32.58722329,49.50386581,28.17972424,31.3497634,41.15628926,29.89615992,35.51595334,41.58739565,29.74682845,29.87216622,32.85147317,35.28030247,38.4258949,51.98424456,27.72493043,38.28553556,22.00781617,37.83554674,30.27833047,23.4092573,23.53879469,27.44384819,36.16169794,30.90993974
5610,1795,104.061353,30.6549959,1841,104.0583608,30.65688755,355.1775893,,62.14528901,55.35235158,58.55245891,76.41270847,37.33253493,50.15911035,42.80561266,50.15911035,71.77606458,51.50611567,72.64996145,55.47242176,33.14683918,78.44413015,68.19409715,110.3067711,85.94783441,36.3766521,72.53221434,58.65317988,45.25012765,48.52521144,84.39863508,95.89794913,89.78157902,112.6554468,65.86074505,82.49285945,55.71413165,80.67125057,80.67125057,80.67125057,95.34178868,56.70240893,105.2378042,138.7312103,70.80605381,97.00440561,51.248069,52.11845061,91.80351246,107.5308298,94.29493521,94.29493521,94.29493521,127.8639321,36.48043713,58.38535715,94.71402381,55.89680094
5611,1796,104.0744995,30.66310274,1276,104.0761884,30.66566031,326.3905838,,57.33485095,85.55869675,85.55869675,85.55869675,74.05500639,94.88609168,39.3636885,64.09124192,63.77238001,62.11485999,58.02499268,51.76238333,57.88207397,42.67576641,63.85902727,55.35953365,78.43832454,48.09029066,78.43832454,103.3729708,63.85902727,37.36108431,62.50032456,34.12408815,68.63353398,48.15598777,49.49999375,53.96124462,53.96124462,53.96124462,53.96124462,50.57415073,36.40607596,60.33407454,34.62689887,62.16963501,94.14170069,73.39201135,58.1686189,42.16529073,74.9306402,74.66281822,52.809263,80.66403442,46.16919849,58.98995176,40.67775821,71.82188886,53.19026065,69.01651111
5612,1796,104.0744995,30.66310274,1400,104.0734954,30.66161953,190.465174,,41.74579156,47.12540388,46.94939865,36.58882745,41.41754953,45.74068347,30.88624443,49.06437398,50.1407405,56.20283823,32.88607321,45.30889603,39.68215826,40.87479144,38.44904448,33.00148608,40.27457424,39.78769593,37.39724691,44.49514159,49.06437398,38.3177907,43.8972232,39.86480386,52.74420203,25.30164673,39.40658772,22.15426903,54.70808191,37.56370825,35.52718272,59.10988159,34.06021118,34.15564764,26.07127857,29.42809555,30.6532384,30.79088976,22.70445783,46.80372876,34.36965546,37.56906805,32.96512627,52.34157453,28.74946023,33.01472772,32.37893905,29.19025915,38.46605633,33.09240475
5613,1796,104.0744995,30.66310274,1608,104.0764857,30.66221135,214.4162569,,47.09889304,40.46060992,56.34295802,48.585273,42.04240331,39.3825778,48.64906668,31.63518544,35.76916241,20.94704274,30.33000098,88.72396837,45.09968908,35.24650798,41.95100678,51.52860646,40.73343139,34.34476195,46.01481519,32.39083545,41.95100678,51.23220296,28.4833404,34.19262569,38.59492624,31.63518544,35.44884155,36.41030778,53.11228383,35.44884155,39.68629948,41.16792132,38.47469283,39.63535429,44.31105194,33.6935654,61.84464896,45.46011373,49.40150559,36.18274336,49.22429812,27.91676401,31.29318344,47.18206142,38.7523577,38.7523577,48.2436578,34.80204691,25.5595538,28.12016484
5614,1797,104.0549972,30.65769089,391,104.0560656,30.65699134,128.4185079,,15.36923632,22.06714217,19.71456838,23.17533899,19.71456838,20.24093757,23.56131343,17.71410961,18.3819733,14.41988392,14.72314103,15.06525976,16.09295225,14.35624183,14.92113917,17.96316267,24.1413383,19.85698837,19.32484382,17.66907553,18.61949837,18.87748379,19.52914044,19.58829124,18.91882553,16.83482409,18.34550113,16.20943621,15.17002882,18.83122723,18.27599915,17.18612002,18.27599915,26.04544386,26.56934646,51.36740316,16.63347438,16.44305003,24.31992785,16.49024619,14.87955555,15.25199147,15.4452896,15.34803194,20.10028819,19.53898584,27.18126718,26.87825142,27.02891006,24.18344133
5615,1797,104.0549972,30.65769089,980,104.0526638,30.65918799,278.4213024,,48.38214104,48.38214104,42.83404652,33.91934649,39.73505208,42.83404652,52.5805476,42.83404652,85.48543187,20.26929603,33.84489916,38.25636216,40.66193463,41.44658947,34.02730112,32.78390559,40.09266755,31.81957742,23.95021956,37.68107852,33.67245314,27.23686654,37.63391823,49.37520634,55.15893727,33.19899407,44.6665191,71.42399208,34.56177155,33.40743249,33.24433461,33.48903737,35.58520788,25.23138297,33.58994982,43.52491824,33.18929433,34.22682312,36.35124624,46.4035504,41.07855281,34.22748993,33.24433461,32.43743329,46.96891699,43.39033284,34.22747005,30.51192355,42.11414658,34.14041134
5616,1797,104.0549972,30.65769089,1889,104.0530059,30.65569411,292.1981577,,51.43830649,42.40873647,50.49184166,37.47909861,37.47909861,37.47909861,37.47909861,37.47909861,37.47909861,37.47909861,37.47909861,56.6763668,45.12067635,47.54410702,48.85613815,48.19119404,48.52138808,48.3557274,48.43841609,48.41771742,48.40737471,48.41254552,48.40995997,48.4112527,48.41060632,48.41092951,48.41076792,48.41084872,48.41084872,57.91059126,72.0488608,77.63198286,74.73629611,76.15662391,75.43977536,75.79650477,75.61771935,75.7070065,75.66233656,75.68466497,75.67349914,75.67629026,75.67768593,75.67698812,75.67698812,75.67698812,90.68218687,81.54367192,85.870479,84.74629347
5617,1798,104.0857848,30.64258043,26,104.0860338,30.64221009,47.47870099,,6.221049083,6.061110765,6.89438616,8.595050528,9.443277545,13.89620517,7.955472356,18.47819714,8.720577733,8.720577733,8.833246696,17.09233236,9.556415852,11.39488824,10.55082244,20.59317151,9.739220716,9.739220716,12.0199243,9.739220716,9.848650162,7.76924198,9.043827934,10.41897736,8.720577733,8.720577733,15.60943594,9.781019946,22.89151655,8.187943644,8.187943644,8.227356128,12.75547191,8.720577733,15.97414239,8.720577733,8.720577733,13.71042702,12.476155,8.720577733,9.594141648,8.720577733,10.09886698,11.13506994,10.64942826,7.320056684,8.720577733,8.676310841,8.084211251,8.461550671
5618,1798,104.0857848,30.64258043,1093,104.0847228,30.64186739,128.8478408,,20.08018298,20.08018298,15.06013724,26.88998417,15.15856951,15.07543293,22.54445817,15.85462191,17.85262951,19.85537236,57.26570702,18.28950096,41.91435784,25.00551088,24.2854569,24.2854569,22.14846923,28.73138364,20.05847468,22.74342863,27.69267026,29.81055443,21.6753377,18.55408908,23.13477441,36.09744956,19.73839263,19.29368014,21.43989956,19.52474797,23.09637645,21.72609962,14.7959243,24.96065795,22.79372122,26.13251982,14.74887844,19.73839263,18.89418439,19.73839263,19.73839263,18.47326853,20.38910887,18.75381723,27.66514275,24.43470906,18.66608559,20.16748813,20.80054829,17.73813487
5619,1798,104.0857848,30.64258043,1596,104.0780189,30.64613707,842.1301113,,89.69433138,205.5368407,112.7014275,114.4025812,90.09415752,166.9420925,137.1795656,150.9544432,96.70393623,190.6709686,153.5021975,189.3313599,192.4868826,123.9523707,162.1213048,120.8638565,177.7360034,163.7113959,161.2589575,155.4701744,248.4974099,122.4092221,132.3614629,175.7488928,170.6951844,128.5862617,107.7734945,110.2424873,172.2538864,180.5908206,102.5945313,116.7309065,163.4873421,104.9383316,112.0764658,178.3334353,95.18582106,134.2188556,196.8615845,166.2326745,143.5675643,267.5001531,134.9157086,90.09415752,143.3412955,117.963751,104.6846823,149.9176682,103.9666804,113.7586642
5620,1799,104.014074,30.66498919,101,104.0139977,30.66431216,75.3913012,,23.75568353,23.75568353,13.18322115,24.78618122,17.98284179,15.06033128,16.76302935,22.43046978,14.05534357,24.45123282,13.45605773,12.97054644,11.51663441,14.41130833,14.04806855,12.20499986,13.21666555,10.69402731,11.68830417,14.99411534,8.338208428,17.23229742,15.69565376,13.78292091,15.39907429,18.7178403,17.68134751,13.00562705,14.95021442,12.25163339,14.75548403,17.17776483,12.5319671,12.69748231,13.93626107,14.19796612,13.58876827,22.61739036,11.78245787,22.66460829,15.43451999,18.33842462,11.88493442,11.01194472,14.31596236,22.07856817,10.37797227,15.33671224,11.38402399,20.95819956
5621,1799,104.014074,30.66498919,443,104.0192041,30.66475911,492.1675524,,116.5427651,113.6175896,146.128098,128.2910332,96.29365156,106.2474784,82.6841488,79.70048946,115.9764063,73.39340694,65.0203005,84.95593337,98.09525097,62.1455798,47.31116659,89.55459354,106.1357208,93.33467194,91.5114877,90.14724829,67.49726433,109.3143356,99.12185671,107.8246935,97.08510623,100.35702,81.86549388,98.30747527,82.90522942,130.1647949,72.3184975,62.29343205,60.48584405,108.1867059,186.3654744,85.59435694,116.4128245,91.50157314,85.89866783,129.5538543,102.5460337,122.7319589,94.70060311,50.96269957,73.84378029,111.1116326,89.28771974,78.20372695,100.7587115,77.28694389
5622,1799,104.014074,30.66498919,1435,104.0058299,30.66758867,840.7492009,,94.65823685,117.5873008,141.2877288,108.5810627,101.8232842,121.7028563,87.35056633,104.9721546,252.2247603,88.75944643,103.5122135,128.1141639,101.6326039,79.12933656,87.09919779,130.0872689,82.64019449,118.2941339,118.2941339,154.6384968,116.1879894,146.5712893,328.9888177,140.5897801,81.5821327,176.9998318,109.0701666,160.4388268,113.8939037,82.02431228,137.9254386,84.66285659,151.0920297,171.1932762,111.480557,84.19185322,106.1998991,157.3512266,103.4768247,133.334675,153.0743373,126.1123801,87.47679547,90.61967435,78.56449379,146.9270448,149.8364912,89.37097804,86.80775687,214.6593704
5623,1800,104.0683853,30.67345172,1360,104.0682796,30.6717139,192.8683508,,49.77247763,32.75122938,33.38106072,20.02382301,17.42348966,37.42997644,36.16281578,25.60635125,19.84922993,58.34672797,21.7657073,35.06697287,35.79000324,16.85257434,22.36154792,36.73682872,32.88047653,29.29645835,29.71438214,17.35815157,29.1215524,32.20863114,24.78260783,23.26050462,21.36387886,29.99248652,29.22662424,31.06604308,28.13983065,28.87010656,27.38958828,21.72031479,28.0819439,32.14472513,24.62149159,25.74756722,22.53390873,24.23476659,26.03722735,24.91973308,31.46492732,21.59645608,26.50099477,25.7009069,22.16732601,24.75577742,27.54988842,32.67416766,46.13462212,18.31994889
5624,1800,104.0683853,30.67345172,1751,104.0653152,30.67506014,343.912667,,119.969535,45.70689806,143.963442,47.40822698,64.86975454,46.70258775,49.04523303,85.62141087,30.19720979,51.75943149,39.46089566,67.54784193,71.41084938,191.951256,47.61867697,48.59321115,46.34132006,71.77307833,64.58774717,66.92354601,55.54028864,52.79682734,56.59126937,67.90231818,58.12608456,52.90964108,97.87237954,45.68581554,53.4928825,64.65198962,52.13555499,140.6915456,57.054636,48.41485358,85.0917939,54.38150517,42.47291942,91.03570597,42.84033222,57.45176804,93.32303524,30.41979364,63.44508939,61.32509857,57.31877783,68.34857421,38.3902512,63.90119232,79.04776384,62.7408244
5625,1800,104.0683853,30.67345172,1778,104.0698106,30.6728792,150.5714891,,27.49566323,21.03962939,29.92913022,17.83278958,27.0766778,23.43862903,29.14643025,29.26743906,20.75853943,22.94341762,22.10948119,23.46568661,15.22633036,22.57004972,18.37482579,22.6265769,21.48179766,25.81225527,27.70120584,24.76595004,25.7509435,24.62897542,23.15415441,18.68948492,21.0917261,29.87107673,22.63503752,23.19644958,22.93342902,19.53359859,23.42019864,25.87703036,23.74840573,24.90933171,22.49844042,17.31001772,29.11938548,24.22726471,22.08869405,23.52391333,19.83498536,20.68921224,25.09524818,19.77607206,17.80716014,21.68686508,23.94576857,15.66748267,21.87502274,22.61659568
5626,1800,104.0683853,30.67345172,1864,104.0692409,30.67514299,204.5835141,,39.24415433,28.4048504,64.04353485,64.04353485,64.04353485,64.04353485,41.29910192,50.21595345,47.64424696,46.45470595,47.04195773,46.7464876,46.89375723,46.8568529,46.83842252,46.84763588,46.83842252,46.83842252,40.54132022,41.95133709,42.69377645,42.31930071,42.50571383,42.41230243,42.45895675,42.43561676,42.44728355,42.44144935,42.44436625,42.44290776,42.443637,42.44327238,42.44345467,42.44336351,42.4434091,42.44338631,42.44339771,42.44339201,42.44339487,42.44339343,42.44339414,42.44339396,42.44339389,42.44339392,42.44339389,42.44339392,42.44339389,33.78443352,37.62211435,36.58321356
5627,1801,104.0418597,30.64092887,1147,104.0430807,30.6403278,134.646908,,36.44577961,20.28154263,36.44577961,23.12821641,24.89086578,23.97719007,24.89086578,24.42548653,23.93722809,30.19333727,37.44686541,35.58731372,29.4146469,27.00627446,22.1748732,31.0226476,26.0268028,27.5440621,24.33936281,27.08869226,29.13471788,30.00103729,31.0168707,28.2788616,30.42889429,30.14318716,33.81346002,33.72465798,43.27936329,34.46668575,32.51255695,33.40346885,33.22301323,37.28683606,33.22234174,51.56690094,28.78437463,32.40045132,30.99677748,25.32323215,29.05082567,37.43080068,28.31360215,32.84070927,30.64025719,28.26729324,30.4163839,27.21284877,32.91914294,25.44508498
5628,1801,104.0418597,30.64092887,1472,104.0411563,30.63977679,144.3851658,,36.30639791,43.13581717,36.56177703,28.30521073,25.73200975,27.64822324,34.59478182,27.52378061,42.76123739,42.56669129,37.65205338,39.88132458,28.32624506,30.60568775,46.13490503,55.29644648,45.94073459,46.61763201,47.57772054,63.10004211,36.31243692,28.24927157,65.58821412,34.42295344,26.15278475,32.41912247,53.03944866,66.21485311,38.36063446,74.25522813,47.58982068,31.17161001,55.6914211,51.21050216,44.80918939,38.78198854,34.65243979,28.82365602,49.56248838,32.14402717,49.76680185,58.76313017,50.46471814,33.36718524,48.27739288,33.2397504,34.92407147,26.84772285,77.87065122,20.66745912
5629,1801,104.0418597,30.64092887,1502,104.0389672,30.64457082,489.649266,,79.94273731,84.10006477,78.60590223,63.38881718,104.9248427,97.52350526,124.1364336,117.5158238,110.1710849,80.85951182,108.9791257,117.32029,164.1937658,151.3079277,118.9431415,181.2583401,64.21629718,83.80684744,59.84509786,72.99119493,155.3072562,68.85692803,103.6904328,53.54247796,109.7139434,97.9298532,98.13429966,68.20419259,108.1433962,94.01265907,120.186638,100.0702445,74.03185188,130.0913179,107.1572862,135.5951814,56.90838927,93.51391818,90.27333684,183.6184748,126.3611009,109.147824,89.19607123,100.4408751,80.59543765,82.19167038,66.46822615,103.6904328,119.5076175,67.45706224
5630,1802,104.082953,30.62339951,1244,104.0830681,30.62309815,35.17514746,,4.453920628,4.128134665,4.236745007,3.881395582,3.594905063,4.546249382,3.870126249,3.93874124,4.610334861,5.13954699,5.563825607,3.127967004,3.251104772,4.317731892,4.408373572,4.90137526,4.462188351,4.318913058,4.73827992,5.12674214,4.710538751,4.083209379,5.231422623,4.521942181,4.976615965,4.360305223,5.139367612,4.620919796,4.835076856,4.514457428,4.412137189,4.601217234,4.567309852,4.351232677,4.304517202,4.570101604,4.601980649,5.016370685,4.391178389,4.460531713,5.426765663,4.329866348,3.734035255,3.66077892,3.418553686,3.942395891,3.55439936,3.780015846,3.761302896,3.38256198
5631,1802,104.082953,30.62339951,1527,104.0854983,30.62349813,244.2100091,,27.69280925,27.98517393,31.06787129,29.70539883,25.20877513,27.59553711,26.42588113,22.14963761,27.77320989,26.94852132,27.84121709,27.8103925,36.63150137,25.26159208,24.94470358,25.29312682,24.25258021,24.72867833,25.53841843,35.70176783,30.61987093,31.53164582,31.77361371,31.40653585,56.1163425,28.66435859,45.65726655,33.04078928,32.5732159,28.77761155,33.39477114,33.08207085,32.14321644,31.9031475,33.82027131,32.98756713,30.19958865,32.6023322,27.25402244,27.12535619,28.58570983,28.49383081,25.80594141,31.20340844,23.30057678,34.53087324,24.36391497,26.24346366,25.64881156,26.01053351
5632,1802,104.082953,30.62339951,1814,104.0825579,30.62614067,306.151458,,26.91441389,35.16549584,50.71220471,35.16549584,32.27365297,33.65757218,39.7169459,20.32228486,58.16069915,47.20108132,52.11088647,47.20108132,39.77069008,34.36150425,31.61406235,34.36150425,34.36150425,41.59038675,35.64505979,35.64505979,35.64505979,35.64505979,35.64505979,35.64505979,35.64505979,25.10581432,35.37051504,41.59038675,35.10016716,38.07064763,36.52511181,37.28186888,36.89961076,37.08975493,36.99443852,37.04203541,37.01822166,37.03012471,37.01822166,36.90854055,36.79950747,50.09751131,45.16988725,66.155177,45.16988725,44.89390015,44.96258027,44.99699919,44.97978314,44.97978314
5633,1803,104.0514072,30.67709606,548,104.0489797,30.67856027,283.5724244,,34.7297167,42.84829917,31.68734799,41.96363231,31.76952473,30.29902521,48.29047908,35.27538952,45.82988677,49.20888696,38.86077289,48.98287433,39.39012454,26.60223395,38.86525613,25.3175711,29.2976612,58.47811042,25.83862864,71.38886209,28.1180438,38.51449706,39.83846743,40.09927573,34.28583469,43.87653557,21.51445159,32.44948277,48.32476818,22.58541433,32.23153848,53.58848965,34.2570714,43.02588063,44.64405515,29.3819845,33.75862195,33.61780662,49.03269586,56.63582401,43.92688158,58.0505694,51.23516827,38.06025912,33.64242604,60.465591,35.32390062,52.01838104,26.28543876,36.66299502
5634,1803,104.0514072,30.67709606,921,104.0552225,30.6801717,499.7699857,,56.28275125,75.31417459,73.13707108,57.52748037,77.28401841,64.16304731,68.02162376,73.06282024,97.67491577,58.54138662,51.42590297,47.87153744,54.61062757,48.56064638,72.61232079,44.67217749,50.88155963,51.25846007,71.96687794,41.09262159,65.95742377,103.9125713,81.56427422,69.4660984,77.84878624,49.42780078,62.04041202,58.66865049,57.4815319,57.58666502,54.44862476,89.622513,97.66734114,124.9424964,41.09262159,70.48665812,70.17472346,54.97851638,77.88623154,54.27366361,46.63080645,94.52742288,80.45832588,41.58973529,167.3648324,59.8726106,64.17973658,54.0833251,90.29721197,92.29903731
5635,1803,104.0514072,30.67709606,1383,104.0502855,30.6751566,240.3174388,,22.91768953,77.94079096,38.11201673,27.87972704,30.70059545,80.10581293,38.68412302,44.55670968,43.82935557,52.67231535,43.91587714,40.80862168,39.12661353,38.29124336,42.74228869,51.49659403,50.12414714,39.17090173,32.80162198,25.13123543,40.26595383,51.55413212,24.66355723,36.69746679,29.0316369,33.96601786,36.54246165,35.9048873,41.07502812,55.68095123,35.21208032,35.71280824,28.74228504,40.0644992,34.55963168,45.41431914,35.04152158,35.54458594,73.47284753,32.92133739,28.51839233,41.34071072,57.86908225,30.34189176,29.91824015,31.56632503,77.24489104,32.2054469,33.96403355,30.09934564
5636,1803,104.0514072,30.67709606,1514,104.055294,30.67517099,429.1385636,,53.94558598,31.74884564,41.49607384,44.91989438,70.10679503,42.22419452,64.1369519,123.5919063,45.57223684,51.69892778,50.42696474,54.44577371,41.66189537,39.12079514,64.37078454,52.48266559,45.60388972,56.05583559,43.45951471,53.80579291,37.72094025,41.53302741,67.75872057,40.34556245,36.29836695,40.88385919,27.73606515,42.63470058,50.60264753,32.68683808,46.11638295,36.44857365,37.68045924,43.36558116,47.48056332,42.6944543,36.94948036,32.45585775,39.29165675,44.10119626,46.83877198,51.07103567,46.35855451,34.0619536,35.13590759,46.99312027,36.91955619,53.56792056,39.03230998,53.02423045
5637,1804,104.1082439,30.65965928,462,104.1124124,30.65966078,399.3886062,,71.94990738,68.23795487,63.39152306,84.93218726,55.38516881,78.14124904,111.9635807,49.68004614,38.6921147,55.52538444,40.59285664,41.33833552,63.37405983,61.97409407,63.90217699,47.67238005,74.66282737,179.7248728,44.23996869,42.49652165,69.27314451,36.26226942,37.70451877,61.54556066,72.98471991,39.37018024,36.58521584,54.83131713,57.01437925,51.56481706,60.47524636,50.14120252,68.1017872,40.7390928,48.57428994,60.27805212,31.63474109,65.09750407,45.41911889,52.8602567,63.96778497,69.54287702,59.78374147,39.1415331,46.18198017,49.1051565,47.29601916,60.75206967,49.92357578,60.38353169
5638,1804,104.1082439,30.65965928,1100,104.1035631,30.66005367,450.6081625,,103.4810968,87.84419051,125.8905287,207.9729981,80.84000256,94.00968745,95.32095744,79.0540636,108.731436,106.1642268,116.202678,85.45334778,106.7229859,67.59122438,81.47983212,66.48317152,78.31259102,89.95504909,83.53189418,107.8583368,88.25839962,85.02040802,114.4805494,79.67531361,74.36971393,127.23054,75.45066907,92.63037173,92.69653629,73.68354907,96.40239455,130.3836076,65.13278117,68.54321344,118.4079843,122.4756048,95.08730275,72.17750323,143.87489,95.75146393,95.56343947,129.9050559,91.99561731,73.40223462,95.02364599,77.58578168,71.77829137,96.29834447,123.5617595,83.2908975
5639,1804,104.1082439,30.65965928,1316,104.1082024,30.66401277,482.5098221,,63.03861104,64.84425907,74.92232531,68.94791576,64.10569404,100.3514238,93.97195039,82.75673638,105.9167902,84.56842062,79.47220598,61.45689926,68.6769134,66.29905953,61.84764758,64.79460465,64.44313308,76.55510619,75.57804321,77.36337728,68.93319275,78.08767279,70.19158811,61.6907535,65.25608301,81.21505632,94.76063649,69.23524462,77.69296292,73.44758391,98.88246827,71.3361544,77.20157154,64.29323025,90.83451198,74.08663992,63.64886394,71.61626103,70.31477469,78.08598629,62.80555349,74.81462863,117.1035074,56.76586142,63.65357588,68.04625696,97.13410704,75.55977881,71.19909249,80.59320213
5640,1804,104.1082439,30.65965928,1754,104.1082528,30.65517353,497.1539143,,83.51628985,106.6823967,61.33495858,88.37483627,85.65573738,111.6602374,97.96548711,77.92833489,75.93356349,91.8345885,77.8000198,104.8054198,77.96369579,79.38179183,81.10668087,74.03659013,112.3423518,71.38620308,99.56907324,78.84379258,75.93542215,57.76505944,61.29294834,91.92958415,58.44625118,68.16487851,86.67090031,80.67146579,93.91513222,82.97903641,75.95773333,84.23538084,95.03119071,83.53578023,54.64897989,84.09181324,71.06899107,83.99593884,98.33813689,91.54752386,134.1896226,106.6823967,80.41579743,87.1775008,85.49780693,136.9709764,83.35010588,71.19149131,79.44374534,110.8435647
5641,1805,104.0539321,30.63864498,1598,104.0564645,30.63764945,266.5969192,,37.34431553,43.818088,37.34431553,53.4679058,38.11552459,38.7777337,35.48055117,59.79743982,40.89839101,41.28938902,44.35581325,60.74360184,45.70232901,27.07331196,58.7140509,42.03279895,42.0942504,34.61673252,50.11743651,44.29610349,27.4213974,45.95699433,49.52477707,47.24190908,53.35566445,63.77069164,35.51994482,54.73853095,23.32318127,41.63017136,40.04515615,87.24990083,38.73078729,62.39502365,59.96556758,111.5987104,45.86613664,42.79816763,52.50905885,51.04942949,31.48007902,45.05863423,37.44265714,25.90415409,53.02480161,38.46689015,47.16210856,63.34976298,52.54099866,64.41267846
5642,1805,104.0539321,30.63864498,1811,104.0516754,30.64002194,264.6919504,,34.85549064,33.12483272,33.12483272,33.12483272,33.12483272,33.12483272,33.12483272,33.12483272,33.12483272,33.12483272,26.32295639,29.33476721,27.74737262,28.12789437,28.32209606,28.32209606,28.32209606,66.63573577,38.26871572,38.26871572,38.26871572,38.26871572,37.44169043,40.3767382,44.52761782,44.52761782,50.48429253,47.31923136,48.850549,48.850549,48.850549,57.92650586,47.45916371,42.07024377,46.14484365,44.0134421,44.0134421,44.0134421,29.14039821,44.0134421,44.0134421,58.13265,69.23822136,63.20128374,66.08216285,64.60962535,64.9715728,64.9715728,64.9715728,30.15477916
5643,1805,104.0539321,30.63864498,1831,104.0551586,30.64072392,258.6585258,,53.79662616,40.66247567,40.66247567,37.79101838,41.33287793,67.96866371,66.7027717,51.7956504,54.82081454,46.25019999,60.66258586,53.37241265,50.26562445,49.21620998,66.47827485,60.36248094,56.69227963,51.56459768,61.49240426,28.5197762,54.21663423,49.39897575,60.07552857,75.22923011,72.55875531,49.95550927,59.98621908,64.07137797,55.49034613,43.1097543,51.62140301,57.69335148,55.75872412,71.42248843,85.82218368,58.85208032,35.86023207,46.96951793,57.78541535,36.4688261,55.27497262,65.48317109,48.33065879,62.91693871,54.11685545,58.39724982,50.26562445,57.31318531,51.97021582,41.94462581
5644,1805,104.0539321,30.63864498,1886,104.0537561,30.63563816,333.6727219,,60.36290446,61.91864942,60.13626027,59.76227855,59.91131166,59.83670231,59.87398374,59.85533722,59.86465903,59.86465903,61.36509828,59.86465903,31.9190912,57.20245674,73.46922317,54.76695132,54.76695132,52.13259162,49.74003308,31.56956107,42.97752411,42.97752411,65.01877125,51.82147536,64.58181714,43.27167863,43.27167863,43.27167863,42.40853659,46.55898445,46.55898445,46.55898445,54.72536669,50.31295493,50.31295493,50.31295493,46.20083842,54.10909004,54.10909004,55.1651802,56.2633161,30.03054497,46.83125921,36.5947235,41.08496961,41.08496961,92.11823611,56.82558329,65.73033099,65.73033099
5645,1806,104.0804527,30.63930556,1581,104.0816524,30.63985968,130.344717,,17.09438911,25.5717156,19.13121929,16.06989662,16.06989662,23.92339606,19.32358193,17.77427959,18.69485981,19.04902495,30.76990041,38.25334085,19.17225664,25.10316871,28.06503347,25.83351617,22.01181914,22.45868645,27.12375614,19.79919752,24.96157923,19.4693921,22.99443565,17.71959232,20.10359193,18.11819754,18.18230702,22.52793188,14.84939814,19.70570943,23.75903702,14.7560057,18.53759952,17.72658823,19.44037497,16.87917199,20.29845388,18.88293687,22.29890071,21.4620116,21.39439352,15.23509679,21.98580616,13.31180089,23.00057564,15.96057759,13.82153111,23.89202071,25.58233756,20.02898556
5646,1806,104.0804527,30.63930556,1614,104.0735924,30.6360679,749.0030862,,155.5871132,188.6188402,131.4325173,134.2950531,186.1198351,136.6352423,168.3091201,176.4007268,170.8555427,338.1079762,191.6425807,237.4437399,196.6269648,222.0503252,182.6982418,202.1297684,246.6472247,183.2734824,154.9040451,236.9169564,274.77827,180.7938484,183.9298165,184.6524098,197.1060753,207.4162393,176.7065533,234.2159488,196.8183292,200.4145761,226.4834343,248.8700351,266.6114357,218.816099,188.9807086,229.5706053,193.0143959,193.5542629,185.2496182,215.0602922,185.0478213,182.1175562,202.4609025,199.1975971,220.7157798,214.1070857,207.8731032,199.4571325,173.9620071,179.1635289
5647,1806,104.0804527,30.63930556,1776,104.0823613,30.63646567,364.0320042,,56.1109535,43.92891593,50.94270415,52.34647176,44.54271543,61.3468839,57.97823672,67.20590847,61.44077922,88.94899652,57.78285781,108.0094958,84.54936872,53.16491745,71.28822568,51.09221112,47.33237797,98.78255388,83.76129206,80.979313,72.70542109,68.05346072,116.4902413,124.9876667,185.888683,76.11898634,64.87699085,75.97189653,112.9754496,94.62203719,112.6517377,84.1422289,115.9747978,101.9856199,112.6517377,49.94341521,123.245945,125.0093992,105.4740616,98.56585763,67.55233068,80.72989007,82.29294914,87.88031619,99.65895172,68.61336205,80.39970645,81.1641212,88.90876629,81.14424497
5648,1807,104.024969,30.63984056,819,104.0275948,30.63737767,371.2646003,,43.44494046,56.39462283,46.52924495,39.08762745,48.65720359,43.53591404,41.50885062,41.49978843,49.50624412,42.72410958,43.3016609,53.31991599,53.71276201,64.97318507,72.94431259,57.23993838,72.94431259,52.77601426,75.98365896,77.25737347,78.62073889,60.87344428,68.3658599,68.3658599,56.43182736,67.2479276,66.70256075,61.94913377,43.63307135,63.91165863,53.11684296,60.31828031,62.11020974,49.04780041,72.83665183,43.82139545,55.00216301,48.51370458,55.44902586,72.83665183,62.93361088,58.71730087,58.23758436,62.64478364,45.33087648,50.62699095,81.00318552,54.81580969,69.43130187,62.37809895
5649,1807,104.024969,30.63984056,1022,104.0235065,30.64133113,216.6409876,,45.60862897,30.64018289,45.60862897,27.42933958,31.7924099,30.70502186,35.03890178,35.89908195,33.38585807,54.73035476,32.78070285,36.86053827,34.01092422,31.07201416,40.12816234,41.69316436,37.30871303,37.96329998,35.22094214,36.47776088,47.65219278,33.02593925,31.28634823,38.44646437,38.80137091,61.89742503,31.666065,26.92573361,36.10683127,69.63460316,32.28195639,53.60189384,39.24028397,34.70865466,38.27106903,69.01836773,35.56297329,32.57234737,35.88531697,36.35618752,35.40332289,44.56614602,59.76303106,42.15716515,54.1602469,37.40563815,50.47945342,50.15482671,41.33055407,70.26194192
5650,1808,104.1084008,30.66561391,435,104.1063806,30.66837289,361.8827805,,58.01635671,44.95136662,79.43768352,46.2387936,47.9942779,46.2387936,46.2387936,46.2387936,46.2387936,46.2387936,45.28776395,46.2387936,46.2387936,57.53049282,55.94656848,57.68049238,67.19920957,65.75535696,53.16783103,59.63507961,54.47155441,41.95742383,45.09833007,41.25435048,47.95728196,48.71108655,49.35099001,56.08069921,55.72636855,71.4503479,64.71421346,61.54251006,48.46278161,62.47503443,52.27890299,61.32918428,51.41481121,59.95854647,59.29594785,53.73803413,59.46022078,51.27237703,59.52205801,51.2760914,48.51691552,47.53588007,53.73194667,62.96478478,51.88848043,46.56416432
5651,1808,104.1084008,30.66561391,1316,104.1082024,30.66401277,178.4684952,,25.64390152,19.27007193,29.7447492,18.81366274,65.89605977,35.99364609,23.44841543,22.50390833,26.69611839,44.3094195,21.41621942,22.88261358,78.83270954,18.64982824,23.83994741,18.35675951,19.54331811,26.7424176,20.61895323,27.0378362,19.93236555,27.26251411,22.27762076,22.54338887,24.21665867,21.34506919,41.36179718,28.94898711,24.035037,47.47437805,26.11734076,27.70424308,24.52238865,24.75863517,46.72629693,61.97619767,26.22394215,49.61286353,29.40442026,24.36501043,24.94124933,23.48514924,21.70562779,20.50216459,27.45669157,26.06436441,29.40442026,54.21827702,27.95156046,79.81199785
5652,1808,104.1084008,30.66561391,1420,104.1104751,30.66671904,233.4373266,,29.43517954,29.43517954,38.89768273,31.49330707,32.95585787,35.60908372,30.67059766,29.43517954,34.65461343,32.346529,25.97756958,29.77976652,31.43475055,33.4643853,26.26169924,29.66245315,28.82930963,27.82696608,25.10078781,33.95737859,40.76075748,30.22929409,35.3469769,30.22929409,30.22929409,32.24458036,29.66899826,29.53864238,29.53215465,29.46420513,29.49814076,25.50453341,29.49814076,38.46106983,33.99637183,36.80240863,29.74776551,33.48105083,30.89611676,32.13668741,28.68171931,29.21347772,26.34402432,35.81509962,28.77994438,35.81790926,38.46106983,38.46106983,38.46106983,24.28827676
5653,1809,104.0583406,30.65032194,1237,104.05724,30.65083815,119.9866129,,18.18744448,24.97664176,18.18744448,16.76397696,14.37443615,16.30886,20.24378706,17.99799194,17.54119011,18.15718251,15.45444746,15.76466447,20.86723703,16.5040331,16.39285793,20.76691377,15.94929649,16.14556199,28.6060799,16.14556199,20.94734968,17.0507292,22.61527782,17.63068598,19.57485527,18.80777096,20.50404144,18.80777096,21.22613299,17.32427031,15.99821505,14.88206051,19.34401283,17.13285095,16.7911295,19.48654766,16.7911295,20.6923021,17.88620317,16.82997419,14.40655351,18.53870414,15.10321002,17.7757945,21.17410816,21.27841411,29.08766373,15.29032943,20.27942753,12.64866197
5654,1809,104.0583406,30.65032194,1583,104.0575842,30.64905846,157.6792198,,30.97654523,28.1128448,19.63541114,27.82574467,25.94949446,23.26414718,31.53584396,23.71528843,23.09946097,23.83811827,17.41688135,28.30324634,23.7012606,24.31028656,26.3699061,27.63104065,25.29063405,42.68008957,32.24172571,21.665847,33.99073002,30.90627175,22.61534627,17.14940155,30.03573338,29.96082028,22.26059574,35.62626724,20.767507,25.28486375,25.48351027,24.39735779,33.19562522,46.15001555,27.19629201,14.40723836,17.93507713,20.16501568,23.90085016,31.46180294,21.86446812,54.58126839,19.30765957,27.89411259,17.81213548,27.20887675,21.11820545,28.24105429,24.44990055,23.29398066
5655,1809,104.0583406,30.65032194,1821,104.0595641,30.65197016,217.0565691,,20.74064098,65.11697073,12.33470637,17.63890855,21.73584558,19.47423424,19.47423424,19.47423424,16.49836155,14.47043794,14.93365788,14.47043794,15.42751528,25.15787665,15.42751528,12.26693326,15.42751528,29.15685257,19.96772527,19.96772527,12.06801002,13.83015308,13.40315006,23.72202941,26.4703133,29.93883712,34.65204651,13.48410093,24.00625649,24.00625649,24.00625649,24.00625649,24.00625649,12.6134568,17.44204573,15.60466598,19.76985829,15.60466598,15.29165653,15.44657571,12.15246732,29.06647175,51.74858601,22.38978936,26.33205219,13.42617953,13.42617953,15.96330232,12.89444965,46.65096411
5656,1809,104.0583406,30.65032194,1837,104.0637012,30.64989872,515.8008297,,49.12388854,38.92836451,37.62680825,38.92836451,93.35761624,105.5797007,171.6158029,181.0331602,135.7866901,123.1899372,58.48450353,173.946884,71.83299756,117.8973325,117.8973325,77.31643248,93.38891805,77.31643248,84.59603585,138.5733572,74.61106929,52.8273965,72.81894066,53.43548164,66.31724953,66.31724953,66.31724953,54.65439255,59.92361394,54.65439255,54.65439255,40.36702145,46.43658611,46.43658611,46.43658611,163.6020253,53.58969659,53.58969659,53.58969659,53.58969659,53.58969659,50.06762351,50.3561488,40.14882134,52.60291748,50.39031172,47.53113447,59.89945119,53.9791566,77.11308085
5657,1810,104.1148162,30.66338768,729,104.1164633,30.66075295,331.9183729,,41.85310481,51.07345935,47.93205318,46.49942831,43.97078721,56.17947125,63.69435727,42.11122969,44.09247758,57.72493442,53.10693966,42.17315797,52.17930753,51.50457511,54.037587,56.63062286,60.61066643,60.62608255,52.9656978,43.24147681,50.20614044,51.89603224,54.81220837,42.22283189,77.3902942,60.12106377,48.27903606,47.1447904,58.06152296,61.46636535,63.49266892,63.45684338,60.34879507,32.29476061,48.90475345,45.09079783,46.21864915,40.97001675,51.21026325,45.95792856,49.53492144,52.76494466,58.93495154,66.38367458,53.50326012,63.7283276,43.4116673,47.1177501,49.05197629,51.43806037
5658,1810,104.1148162,30.66338768,876,104.1117457,30.66314868,295.3729134,,40.12613163,41.16297254,40.58559115,30.46826614,42.17521024,42.87671324,47.24916633,44.64074258,45.57833211,49.57307637,54.7120896,59.72610882,49.19844949,62.3937172,61.04870727,61.71388472,61.37949391,43.89338868,53.97677605,36.6549352,39.3533225,50.75620469,59.82236221,37.56709913,46.69414813,35.48548804,35.48548804,37.50767154,92.0642847,44.631631,52.65645472,41.78163019,51.56809899,53.16712441,57.06668095,38.42336054,35.68263383,37.50257308,49.5686231,52.16397249,50.83319218,48.35383365,35.63281167,41.637996,39.93774604,39.93774604,38.04445396,45.44198668,59.57100774,45.60765551
5659,1810,104.1148162,30.66338768,1677,104.1179911,30.66457956,331.6213277,,52.47634197,52.47634197,45.1089585,46.77381953,44.08690985,43.09880071,47.12513605,36.88951038,39.1421895,32.8428275,28.15652782,58.56242086,31.67375935,40.3017294,41.531314,35.78111134,45.43870071,33.92786585,40.58028016,35.71688197,36.42950183,36.63781869,32.88806556,49.99784648,43.03838847,47.51906341,44.59006887,40.13739961,45.05815332,44.39567808,45.54090452,45.418072,45.48279068,45.9163738,43.79506455,46.2899698,46.59370948,41.13460062,95.8905044,49.62754929,51.17849447,50.34009829,42.35690412,75.43992289,46.49802453,46.71620734,38.00809542,61.01380475,45.77803833,45.43287967
5660,1811,104.0516754,30.64002194,728,104.0503621,30.64027361,128.9108704,,13.25750988,13.19477634,11.2096409,14.10574874,11.25040323,14.10574874,15.94773654,14.01522487,13.80731306,11.32514154,12.81986556,12.54267928,9.900354847,12.42514413,29.55918047,11.2914631,12.0853941,11.93687397,17.34303203,12.37911144,15.99353705,15.53836384,18.1991817,13.77089417,21.68594081,18.36119222,18.08570278,17.97015038,13.83433731,10.73015337,13.3960987,15.08127579,15.26576097,11.08910713,20.96743073,16.16006814,18.67104247,13.88996409,12.07977665,21.43552579,15.79694478,16.19015168,9.461348286,11.73027825,10.30142361,9.729122294,11.98242018,13.14671766,15.39244245,14.68604853
5661,1811,104.0516754,30.64002194,1625,104.0497648,30.63697586,384.0532947,,36.36888462,32.91325634,28.55522056,29.55835085,35.96642944,41.54195704,41.55671358,26.26836975,33.07636031,30.20015507,31.29553121,27.85237431,30.25365122,29.21483066,32.57686724,28.36813257,35.59603458,27.99173688,36.04832369,29.6481457,29.2179176,26.46108825,29.63755329,32.66721562,38.94102613,27.5856317,33.27804543,37.88960978,30.80126674,34.95109813,36.20614161,43.81067423,31.34602422,26.3100259,41.00365111,23.86865535,37.33371362,24.56727887,30.18759522,31.7108225,40.67643015,29.72037534,27.79389491,37.7757339,24.75544961,29.45340375,28.67258111,26.66522393,34.91393588,28.6616077
5662,1811,104.0516754,30.64002194,1805,104.0539321,30.63864498,264.6919504,,32.23433915,42.40210856,25.99975502,39.05291071,37.84317003,32.74539593,34.80880444,50.09082705,43.77858298,43.93452455,44.0388687,50.804202,42.35071206,43.97282056,58.29450953,42.57145294,42.92301898,52.57329773,60.69369563,27.98505202,30.67904126,39.02601558,50.34537043,43.81548818,60.50101723,65.71662217,30.54137889,48.94988123,30.8027807,44.52761782,43.21501231,38.24311791,38.33029048,47.31923136,49.45801148,47.31923136,44.21768081,42.7066004,52.13385527,46.9689212,37.56880601,38.14288577,37.16242466,27.27416162,32.63325416,35.17014151,37.96378571,52.21320665,67.42153455,47.08541181
5663,1811,104.0516754,30.64002194,1895,104.0528196,30.64164579,210.7439153,,25.52752675,24.44719963,23.69943288,30.33701147,22.80881158,24.2544148,19.13437819,29.42241919,22.51270312,29.0542114,29.0542114,29.0542114,27.88616936,26.36914928,27.43862912,26.36914928,23.98350143,26.73217056,30.53030564,32.8147965,21.41813945,33.08189369,18.89609203,36.35837516,32.23429527,29.22079498,34.64283539,28.26368636,39.30974586,33.01790549,29.89275394,34.56392233,21.51261139,29.57809338,33.37293674,26.55815968,30.3297925,38.90656898,34.12856928,27.03128604,29.36060739,29.03104956,18.45932105,26.65769835,28.84707586,17.82329119,26.40411004,22.45213626,33.18438907,26.30147824
5664,1812,104.0821018,30.65950096,130,104.0797902,30.66062591,254.1594452,,36.40480117,41.49541962,35.92158171,46.32779761,55.26688606,35.01176031,37.88712227,32.19472212,44.66919461,29.9745783,48.66882993,33.091284,90.59148542,34.35323976,39.6951845,37.80884309,45.48338041,42.43849734,29.44602891,40.59334528,33.79549391,45.18390137,39.475401,49.81709633,36.8322309,44.9839726,29.23239625,46.21080822,47.73777405,41.526808,41.526808,41.526808,41.526808,70.92821727,64.16367481,35.16671569,41.91291956,33.4338856,31.38847351,41.30808139,52.43404027,28.63768397,50.62096834,53.19616295,31.93626537,73.59040238,43.98913475,52.28422873,51.69344648,44.8516668
5665,1812,104.0821018,30.65950096,890,104.0827159,30.66130424,208.3369127,,30.38539713,21.42893959,52.20507324,35.7507717,25.6853728,24.39066295,23.74397739,34.23413705,28.409579,38.16859469,31.35505375,23.62245309,39.40523043,38.20099588,34.05279844,32.92538733,23.64905496,29.88099146,36.05831181,26.93044473,34.56280579,35.67243214,31.80716224,35.36756671,35.65829885,60.00103086,28.95802648,34.05279844,52.63248321,35.80013774,33.83516777,37.50064429,35.80013774,39.20931261,37.59463086,40.56864831,41.77158487,39.41233498,36.88587963,54.54639169,27.82979168,33.53261784,39.50685159,27.47299948,37.50064429,31.87023594,27.60783628,45.96459321,42.61436851,35.66637364
5666,1812,104.0821018,30.65950096,1641,104.083667,30.65886582,165.6612501,,29.78613616,22.67606465,30.89940048,27.35690369,21.45253598,29.81689524,27.32556703,35.04684624,23.2961133,25.283752,31.70831194,30.82069769,30.71487555,28.98568653,30.22198482,34.6732849,31.55452383,32.80195258,31.53366823,32.15124628,31.99090774,32.20448412,31.91378255,32.2080226,27.82490671,29.71302366,31.0791956,32.50954144,27.76149349,32.50954144,30.0191527,41.34353555,28.46684966,25.70605605,30.12656706,29.15098169,36.49181384,27.61020835,33.22454041,23.57235179,34.2419426,38.06684044,34.13069125,31.39619316,30.19648103,27.80328673,28.67213944,28.19765959,40.22802701,31.18300554
5667,1812,104.0821018,30.65950096,1836,104.0811576,30.65811967,177.8232773,,35.76334069,20.25834805,37.8693293,40.23886732,44.04796778,28.86871695,75.31338803,34.98162832,38.75865579,33.96094421,43.45003157,42.41836321,41.43455005,30.12535521,53.28355041,50.15273184,55.10735708,47.36941426,26.34418923,26.34418923,26.34418923,24.15712446,26.34418923,30.88848243,37.32733518,82.07228183,61.35755257,64.58146767,68.10253173,61.40659936,76.00889426,57.77651609,66.61433905,61.45572462,57.37091547,43.66738051,53.79527717,32.00818991,52.61620258,41.10200952,41.10200952,39.7617266,87.39437519,51.28147918,28.9666877,72.19892462,59.00127173,54.28950938,50.27464386,114.9994847
5668,1813,104.0639621,30.63984577,1036,104.0637964,30.64608944,692.1685752,,47.3513205,45.93361729,70.76124989,54.93132278,59.31042933,66.58254801,55.38796654,77.79416263,54.48196298,52.63579254,53.43948558,55.039174,51.24882234,53.47225044,57.10242041,46.50424504,57.39156862,57.3512791,56.03847593,44.14328817,54.2499101,48.30643368,62.31464509,56.86516647,44.25602936,60.55170039,47.627416,56.00377944,82.30575956,55.79396225,52.38890593,50.97614949,55.9894722,67.4531372,52.87908861,53.76066603,54.51699168,62.01753512,52.67372178,51.9272623,75.27428299,62.78508569,49.92211439,67.86240217,56.26055724,48.62320935,43.60117009,49.84380569,47.91567708,78.05189885
5669,1813,104.0639621,30.63984577,1183,104.0640514,30.63742297,268.654657,,22.14094572,21.55769892,22.28471809,19.55827634,23.11007802,21.99750034,21.75131681,41.06822782,27.41939283,28.9183086,33.17150749,24.57831678,37.29726887,35.33737478,35.37714673,28.27117115,25.4783131,26.66792551,22.42452947,22.72988872,23.03302608,19.61778428,25.25213486,23.2489607,23.85979438,29.20033365,31.46248423,23.92824231,24.88040842,25.09302208,22.33618395,17.71349387,29.92057413,27.88040207,22.50946699,26.15222325,28.4040166,25.99883777,28.14570433,20.38069812,29.80805582,24.89464003,19.7021523,31.6322736,34.73982634,17.99513602,20.5177781,27.96260976,19.9796292,22.06860845
5670,1813,104.0639621,30.63984577,1291,104.0703953,30.63932221,619.2347922,,99.96615479,99.96615479,107.7971592,87.8347223,118.7231997,72.19058458,112.0521669,97.51729011,99.96615479,124.8876892,79.53842935,108.4790877,132.2994215,177.6291037,96.92370661,51.60289935,80.6966607,76.8909214,92.42310331,74.18453417,87.7080099,76.9368508,82.16318634,81.65733524,56.83950158,89.30376573,99.07756675,92.49980298,66.34658488,53.71675306,75.26148724,60.41315046,81.35931576,81.84888228,50.34997746,102.3633024,79.61590185,76.95898452,75.84616677,63.96686519,72.97038468,80.5363169,119.5947024,88.0508865,75.46530981,58.28092162,72.02731024,108.7436708,95.07389922,82.92762182
5671,1814,104.0825579,30.62614067,1436,104.085284,30.62859701,377.3276336,,35.12293422,36.89160071,52.01197757,49.94807346,40.01117764,49.10927957,40.88425827,34.6315031,49.1276485,56.56968166,79.16733256,66.8603518,59.11000066,37.21587619,44.91438664,46.53976808,48.8476672,56.10654294,50.01397205,25.4616585,45.22655172,48.46379096,50.57454069,36.90245805,50.41616285,32.20816789,48.43822856,51.81770253,42.39967166,33.29361473,49.78788569,53.13694121,56.19669475,45.87586153,49.52872594,50.04415371,51.0801749,50.80643285,52.60124672,52.71237478,48.77484671,43.32948903,54.30124096,50.44112443,45.46876924,37.94356092,48.85158844,49.40825028,53.67431424,51.59729763
5672,1814,104.0825579,30.62614067,1802,104.082953,30.62339951,306.151458,,37.42428689,35.08333598,37.42428689,34.28134522,31.60273115,36.9227889,33.68414575,34.28134522,37.83377812,38.02139711,38.02139711,34.86422298,39.58321881,37.57993951,38.36885113,31.70847781,30.40400686,31.00086255,32.17942332,44.75716746,38.38629777,35.5387424,39.83267597,39.35731025,43.3146225,37.95048202,52.58326569,41.42125808,42.08271851,39.29216573,38.40160826,44.66647412,39.75217366,37.87151794,37.46492375,39.77647203,31.67084048,40.8715907,34.16673516,34.005434,35.83619187,35.72100864,32.35136273,31.86206412,29.75382538,62.44449002,30.54358058,32.89985817,32.15437846,30.19576024
5673,1815,104.0250489,30.64238503,533,104.023712,30.64367064,191.610028,,20.20640354,18.02210583,22.99320336,18.74445926,24.09768038,24.09768038,21.31467287,19.10792523,19.83597702,21.1918925,28.89198328,28.98302945,38.46446659,25.94590094,34.26139574,34.26139574,34.26139574,35.07205597,34.98658724,60.77498685,25.77139333,30.45457399,27.8143589,30.83576669,24.56185498,23.99956959,27.02380316,20.83189432,28.76547543,30.20123033,30.20123033,37.84889442,30.20123033,25.129184,26.73628298,37.84889442,37.84889442,30.44113419,38.26001021,30.25421495,38.25117011,37.65947774,34.08065962,34.48980504,34.48980504,39.41692005,23.23523708,22.68599715,22.95733253,22.888892
5674,1815,104.0250489,30.64238503,1022,104.0235065,30.64133113,188.3873173,,29.32732291,25.02562149,30.24652667,32.06592635,28.00406764,26.44515805,26.51786285,27.16980197,23.58520256,30.6875268,21.97215604,29.16964913,30.16431471,27.08128415,30.81271799,38.09935652,32.29496868,32.5429147,30.62753211,32.29496868,53.15002682,26.23575792,23.00913799,28.7370484,26.12983186,26.3416226,34.66392837,21.8420078,28.56156421,29.17592352,25.33543259,36.57512006,24.93819975,36.46206141,30.16766916,22.12705848,56.28168816,25.27432332,31.99029916,36.15018047,18.89120731,86.39418373,25.56307376,29.06547182,26.75322849,34.47861425,25.54404302,36.33995136,31.58799917,32.88214993
5675,1815,104.0250489,30.64238503,1505,104.0267297,30.64356199,207.2705401,,41.03614727,41.03614727,41.02110744,26.27373044,37.27452891,57.39799572,39.90234997,42.33611032,50.3321379,42.88356002,29.96682507,29.10194791,36.33964015,35.7021026,38.52877509,35.81634934,38.86322627,44.48130816,36.57715414,45.08603893,27.99792795,35.87374733,27.22106973,39.48010288,55.8234871,30.08765905,33.10443409,29.12892966,22.17456001,34.81912946,45.96554073,65.45385477,73.15430827,41.5310173,42.39624684,56.17369721,70.39376834,55.06818778,57.17808003,73.39415844,35.50919479,35.17028377,109.196187,56.85134814,37.21565807,38.71200749,43.06920314,35.78771915,51.25826898,29.68369744
5676,1815,104.0250489,30.64238503,1511,104.0291032,30.63837159,590.6079178,,31.60443707,63.70602259,34.60593268,31.71049223,32.73073436,28.91200033,31.9055898,31.65148499,58.89718848,29.40786313,81.90774335,43.26797933,43.12755586,32.16624061,30.15014895,27.87225481,108.7101067,34.88414281,58.89718848,33.34543821,35.14361164,32.89616046,30.79201309,31.99200277,31.56455618,29.03042742,43.48033751,36.23361459,32.65031487,90.97939684,37.91348973,41.46637746,91.82057217,29.04629104,34.26572932,80.72856209,29.5099029,30.83347737,32.51052759,44.74302408,48.1473846,31.78159199,98.73940423,43.46763881,30.57308921,44.57418248,254.6333538,73.91153548,29.35643185,113.3211728
5677,1816,104.0863831,30.64181519,26,104.0860338,30.64221009,55.09816775,,15.37623286,15.37623286,6.440045581,6.440045581,15.8050521,7.30135229,7.30135229,7.30135229,7.30135229,7.30135229,7.30135229,7.30135229,7.30135229,8.316704566,9.628806015,16.3928433,11.91311735,11.91311735,13.94890323,12.55401291,21.44361123,12.31052933,10.4951976,12.07631074,7.527643412,10.83898382,9.016063814,9.501959468,10.37335695,9.161820042,9.501959468,8.334176634,8.624061039,7.715302132,8.012807357,7.239175325,10.4948891,9.225739716,8.699710697,10.18938718,11.13382664,10.43965284,7.239175325,8.494792458,13.13598701,8.046791233,8.494792458,7.934136156,6.88129762,6.857507481
5678,1816,104.0863831,30.64181519,678,104.0899921,30.63529384,801.2480006,,80.38530801,81.40906577,124.3762617,110.173991,175.3491065,85.84800006,175.3491065,157.6225575,163.1961981,124.3315863,98.19549965,263.4240002,96.79506048,263.4240002,263.4240002,263.4240002,238.3878349,164.3585642,142.0932415,164.3585642,275.5336408,125.6859609,240.1242707,222.9918738,231.2411767,92.30376967,231.2411767,272.1219625,250.0214969,250.0214969,250.0214969,168.1920001,113.7866983,107.6303284,196.7593999,218.589564,219.8458524,76.41040536,219.8458524,240.3744002,189.147069,125.9603844,181.1298463,186.0963098,179.2306207,178.2958657,70.95923253,178.6452539,178.5869276,99.12346399
5679,1816,104.0863831,30.64181519,1776,104.0823613,30.63646567,707.1449913,,121.369343,147.5780851,145.8866458,154.7551349,154.7551349,178.0225153,154.7551349,139.1104901,146.5163723,185.9888196,254.5721969,265.1793717,274.4713713,265.1793717,254.5721969,200.4505487,145.0553828,133.9853668,152.8962143,145.0553828,215.7391499,157.9967087,154.990683,154.990683,130.5498445,151.0814225,204.0829303,187.6782916,187.6782916,187.6782916,202.0414261,182.48903,184.4726064,190.7372928,195.1474971,192.9171932,194.0259361,192.2750732,132.935873,192.8577249,202.6806416,204.9663194,206.1285999,148.0070912,182.48903,163.4492436,99.05532952,205.7457762,169.9413864,169.9413864
5680,1817,104.047209,30.63016364,1213,104.0457739,30.63083865,156.5678457,,14.32386898,13.3939055,14.32386898,23.63288237,25.56209726,16.39493621,14.91023727,15.05058063,14.72504077,16.61442136,18.1820724,35.15452669,17.29854459,12.16904838,11.17391592,14.16328439,19.74235532,11.93024118,14.98313793,13.16925805,13.38799719,14.9112234,16.60218688,17.60471352,15.01049919,13.91800098,15.89222494,14.61543484,13.9099865,13.44273424,14.43391151,13.80353252,15.86054856,27.62961983,34.26408781,18.85097808,20.19174844,18.35414249,19.22914319,59.33097311,32.39334739,16.75020043,23.98486147,16.86295421,14.14172707,18.12555186,25.59111212,15.5915736,16.45021674,17.09170358
5681,1817,104.047209,30.63016364,1478,104.0461067,30.62830695,231.3100941,,34.79316179,38.7309925,32.57039134,28.29962069,40.37412552,48.22681498,44.45896096,47.31342834,40.18624179,43.14592429,33.10999359,22.35480104,46.39088238,45.62829253,46.97976523,39.97358214,45.54510514,41.8056524,28.91376176,29.06514271,32.5216301,40.75948795,39.46522933,28.42035286,30.84134588,29.50279322,35.81575651,59.17447335,41.97687908,33.04429916,29.28233279,35.61660987,41.95044528,35.98990119,35.51029163,22.87682249,41.67749443,51.5613832,56.26461748,39.16821913,42.30207461,27.48238742,37.4535085,45.19491662,39.18665124,34.90009802,33.74053236,55.73737207,27.61911571,53.03925725
5682,1817,104.047209,30.63016364,1883,104.0490458,30.62897379,219.9617365,,25.96269677,26.49845794,26.49845794,28.040448,53.68557637,36.51538708,44.36203089,29.1661971,28.78626785,26.66202867,28.4161095,28.4161095,28.4161095,28.45014077,28.77755002,29.11258277,71.9874774,27.25338532,33.91273025,24.7921807,26.75210309,26.12329077,45.12035621,25.52336024,24.97988175,26.17726451,26.39540838,25.92020463,25.11854882,29.76925757,28.08022168,34.62954452,28.55615764,26.52804862,29.04850519,26.95242517,19.17342013,36.78802562,20.04714561,44.28759795,25.23863749,31.86568416,31.86568416,31.86568416,30.51492298,41.45875662,59.92471094,87.66002783,47.83060578,33.55348523
5683,1818,104.1026121,30.67671597,154,104.1023914,30.67925837,282.5648445,,34.93464827,38.98804126,24.45807179,42.64703982,50.94658297,52.09902383,41.33694983,43.05399551,38.24185865,50.19243948,32.49947093,46.23788365,58.34991054,51.5925667,47.90738338,37.30684988,44.71355781,52.43471341,35.07701518,44.42067424,36.29735737,39.95025784,38.03630531,50.81086115,32.70847075,54.25245014,38.96979539,43.53352811,43.53352811,43.84626897,43.84626897,50.73483492,53.1192397,43.53352811,41.5621426,58.21078342,38.38616755,48.61330658,39.96987977,46.44901553,40.31308218,38.09863072,39.35139034,39.35139034,39.38948462,35.25939134,32.5966708,65.20727181,41.68989509,40.5676347
5684,1818,104.1026121,30.67671597,841,104.1060637,30.6775428,343.1122796,,52.78650455,32.20871464,66.84005447,58.08170249,61.1487231,32.47688536,39.52653461,30.57436155,32.30699756,38.12358662,40.6986559,52.56188113,54.11628506,35.7615578,45.30088777,47.74395056,43.14585552,55.91689482,61.1212158,57.99080782,52.56188113,31.81466083,45.02566975,64.67037731,37.60134571,41.04804895,40.96340481,52.71141707,34.49602811,47.5078541,57.42707638,49.60659464,46.59194409,35.44910032,61.76021033,48.56635151,60.25386373,57.90019719,68.24332633,49.40816826,41.24221057,45.91837199,50.95726925,52.78650455,52.07437633,41.78633987,50.98882174,37.24233788,31.55861539,45.48159092
5685,1818,104.1026121,30.67671597,1341,104.0958335,30.67466937,687.8360725,,59.9244118,79.36570067,59.5959052,114.1110535,96.35057825,76.30847029,60.97370383,59.75770404,49.92358591,62.76107943,79.11213613,67.41513758,56.77520154,70.74885317,71.31940844,68.92284532,58.81733637,51.05587342,58.38150565,57.11786738,70.7362217,69.81449379,76.09073322,69.09067693,116.955629,87.66379021,94.86258297,50.25286374,70.30692394,75.50955056,71.65551478,82.33905546,65.53709381,59.78961402,62.84796602,191.3608857,74.80996559,84.61420631,57.65331458,100.3911257,75.1220284,45.51856362,66.70823979,76.37571724,74.48647824,54.2552555,70.54728949,85.59186476,53.71387985,72.95486946
5686,1819,104.0030692,30.64685288,304,104.0029427,30.64826448,156.9191198,,24.38016895,23.31925,24.99596599,20.61173739,25.91324914,19.93125917,16.65169731,16.66485516,19.22357672,30.78522241,33.62552567,40.35063081,21.92300385,21.92300385,19.87212511,19.06989044,25.66725724,25.66725724,22.12075698,22.91304425,19.86317972,22.31443429,30.86933504,18.11334595,21.91996574,17.06673206,19.23207152,18.08481709,18.64080896,18.35860442,18.64080896,19.08316135,38.01539914,17.5075051,22.09912298,53.80084107,29.33321496,24.08992884,41.58838023,16.21747841,48.54685267,46.68668027,25.91324914,19.14945191,19.87366161,18.91858109,22.3284123,23.34334014,21.37781765,20.73059931
5687,1819,104.0030692,30.64685288,1001,104.0043975,30.64251888,496.9226817,,58.15740098,48.9445049,47.29469013,48.38192438,64.62089058,48.31658755,59.51169841,41.12463573,51.40579466,54.20974709,65.13064274,87.67433059,66.54389291,62.53976863,67.08456202,43.08059372,56.94180331,51.66975253,53.16260488,76.7483434,41.21939295,54.37451836,56.43285975,102.572107,85.45804082,54.32733873,85.60896653,57.55861178,66.77157029,49.90018561,66.50266372,51.91299054,59.9906658,63.77617305,56.79116362,205.6231786,73.12930954,84.28370573,60.46207534,87.90769799,79.19963051,46.45041621,76.2634079,65.39518637,89.45726486,62.81326033,78.93752473,73.67881607,67.1265161,65.85722288
5688,1819,104.0030692,30.64685288,1849,104.0068929,30.64748892,373.131886,,49.93586578,66.58115438,62.22465731,99.87173157,58.40325172,47.13244876,47.13244876,44.62706942,37.05585626,42.10892757,39.27704063,52.88483424,44.04179638,54.27372887,50.73748025,50.73748025,50.73748025,43.29652827,45.00083047,45.00083047,55.8534216,42.84768069,46.88568201,46.88568201,46.88568201,50.02885622,48.40629872,50.02885622,50.02885622,75.89123105,50.02885622,39.68315479,45.38090505,41.52317742,135.0024914,111.9395658,111.9395658,111.9395658,76.10622037,59.96762454,43.54213256,56.55893851,44.92557825,43.64824662,43.64824662,41.93365629,54.82754243,48.60333929,48.60333929,38.21549899
5689,1820,104.1108906,30.67297768,624,104.1119203,30.67005801,338.2898817,,83.27733677,80.80478692,85.90597825,62.19834393,44.73254634,48.74624046,55.60929562,76.83555673,40.12664165,75.17552927,72.97939021,83.99773106,101.4869645,107.0967967,60.99383509,69.39279625,71.13572279,76.51373239,84.9164607,43.99723895,66.91448209,84.98559484,72.99200769,101.640966,40.62864301,108.0926249,82.05571525,85.5828232,150.3510585,80.81485318,152.2304468,132.0871555,88.16967052,149.8884399,94.40647861,106.5479942,54.2469298,136.8363566,112.5028706,119.6897862,109.6497816,76.04732401,152.4686791,128.8322387,138.917518,188.5693276,85.43772514,191.0342861,128.1940604,55.46998743
5690,1820,104.1108906,30.67297768,1118,104.108349,30.67202603,265.3431224,,67.74718019,65.22400772,69.89526149,55.4080766,52.95095569,67.32935617,72.2295078,43.47624633,58.5884124,83.270818,91.26451341,53.66490116,136.951289,104.9709056,78.137852,72.13859588,83.06393397,49.49405392,71.97682115,74.53070796,88.34545578,68.82098276,77.66140168,66.00835819,55.86170998,37.31387659,50.75638898,66.59592092,63.68234938,71.73230842,86.4792372,79.73582977,80.2507947,48.28383095,108.5494592,93.65051379,42.54945393,39.20254065,51.84451781,61.89429206,54.84604251,43.39512734,72.54951193,85.33648158,62.43367586,91.08321722,51.97380587,66.87761313,35.18361844,56.43930521
5691,1820,104.1108906,30.67297768,1178,104.1093624,30.67625125,391.2296547,,65.66092107,70.09035563,84.33693155,76.78339019,86.27422707,80.41588337,79.31075123,45.72814146,92.92165218,88.58029918,26.9813555,81.35317007,76.96321076,85.58974213,156.4918619,82.51561938,71.72128616,79.5079621,123.5462067,148.2554481,88.79349896,101.782367,84.91032252,86.05458798,76.96321076,168.0700187,107.787762,51.36494372,50.93767656,142.265329,121.4160997,134.1358816,66.12332192,101.325666,108.3405198,110.8997446,102.0599099,110.6818669,116.6744059,70.35475203,77.42153495,84.27385232,77.59927035,108.3405198,89.89958021,71.76696851,52.357872,87.84366469,88.30709779,77.58639482
5692,1821,104.0595641,30.65197016,1340,104.0581861,30.65264309,151.6435643,,17.75098761,26.34362914,16.48672953,28.21275615,23.94372068,17.22135115,19.83799524,21.94640529,24.15561201,16.93684422,19.74382754,19.29489273,17.5771451,18.67659362,25.09962444,17.9694894,23.6840274,22.72286499,21.20065365,17.72457245,17.98737501,19.70818886,22.60525182,17.35364763,30.2446998,25.81167052,19.99163773,19.13363609,18.98841153,28.98673442,16.78399226,18.48327845,17.95483741,23.78722577,23.6840274,53.00163412,24.04919962,14.61377264,14.85285897,15.89354646,15.54633144,30.36244891,18.96999139,20.60063515,18.4431362,19.05053283,13.99646558,14.00235541,14.21041644,28.43316831
5693,1821,104.0595641,30.65197016,1553,104.0604031,30.65334833,172.6089563,,16.02558975,16.02558975,24.28103846,12.23213076,20.68960738,18.92325063,19.19358279,12.82543329,17.64379039,12.59153481,18.58369324,21.17179702,21.66502273,13.26344168,23.5822483,20.48095724,19.23814993,22.61900042,21.27900011,20.51537261,20.94198226,18.90166518,19.44889648,21.64660822,21.81471802,22.09394641,22.85560139,22.34888929,18.46633708,21.65758615,30.22580832,23.17590859,23.7192345,14.11720354,25.15503462,19.91520113,24.50819846,13.54533499,17.45483828,47.67715418,26.27451343,12.99983771,25.40507444,23.44876387,22.57940358,20.88117109,17.76773032,23.41166543,11.84168161,25.89134345
5694,1821,104.0595641,30.65197016,1809,104.0583406,30.65032194,217.0565691,,52.88687978,35.11926511,14.81333931,30.32614419,16.38162786,23.05025513,36.62114347,32.0247397,17.75917384,12.82566514,16.93182338,16.81341902,17.7189036,17.07986118,13.21852475,37.56748311,26.86774724,15.56580974,15.23203994,20.56325391,19.55138404,24.61113854,22.37376231,23.75087078,34.66302625,15.33667613,20.49135443,29.68294962,16.54639807,53.52079786,20.51825774,20.6994344,32.38978855,14.49056372,19.94764478,35.25129242,24.68889885,22.45412784,30.88551971,16.53181203,21.76611835,20.42885356,26.5783554,30.80561385,21.88805739,38.49279058,22.54048987,27.66030615,30.60327607,18.2808236
5695,1822,104.069232,30.62745007,218,104.0692372,30.62263344,533.8246763,,115.5440148,99.58602358,265.6823274,110.0249333,85.32272184,108.9261688,93.92481648,77.80440626,144.0606323,58.14731724,92.49861453,89.51590831,103.2040923,81.81608094,94.35151609,136.295662,139.8667274,103.3209051,138.5634767,112.8792267,92.28181679,105.5192222,95.70561926,70.96635283,100.5065418,122.8130795,81.95176267,82.90633454,89.52339291,114.7636112,78.21152235,91.77501598,141.8279583,85.41194821,109.7839951,193.1425965,143.8180606,89.02966142,121.8236979,92.39273244,102.2217465,117.3241047,96.21351931,145.1487035,114.9039662,110.1300192,157.8918057,111.7307462,160.9729049,132.3329726
5696,1822,104.069232,30.62745007,425,104.0691154,30.63175477,477.2200282,,73.08013194,53.91188603,113.3988186,110.8802799,92.00961883,76.86765555,109.3019288,127.2586742,76.28658693,76.69607596,70.25246513,80.75168515,78.15716129,120.8789517,96.2161102,94.63783154,101.4847655,83.2293307,218.5740587,78.30410672,95.53499136,96.15627432,97.32353422,86.19999901,81.90665561,88.04571949,101.4171293,107.197632,65.36431586,103.9108126,85.48996567,83.4381788,60.92170573,73.97546471,100.6144715,94.34804351,98.45226943,88.92298662,128.1431641,110.6003499,102.2899753,120.9421086,140.2442532,125.7067391,126.1168753,85.9712478,125.6301354,108.0498177,83.7534236,96.11908441
5697,1822,104.069232,30.62745007,552,104.074146,30.62766337,471.5659986,,71.26692721,108.196475,74.63510219,58.36313176,76.03425709,90.72454013,76.73726545,87.67990007,83.91557914,83.84381348,89.30234587,100.520559,77.35713977,72.06952053,87.15992318,72.28383919,93.54731527,74.63405049,74.70743818,76.60819472,86.02893219,90.48498867,102.0368201,69.1827233,97.00786257,74.85908061,91.0261445,98.41377362,100.8671266,86.94686786,76.19558326,124.2552677,73.97113704,64.47541189,60.30684174,43.4178413,70.10203419,83.11567172,84.45958184,102.0368201,75.28326363,94.8400891,64.98134335,90.68576896,75.61860111,94.3326097,98.27135137,82.12483183,70.77702896,99.62661942
5698,1822,104.069232,30.62745007,1562,104.0642777,30.62758318,475.0777077,,62.37344084,57.49913236,74.43467264,83.67317748,51.98418686,101.0619851,86.69050133,130.5003622,95.54635462,111.6146422,82.51233669,91.48455859,122.1628391,89.92007086,65.62574176,125.5251191,74.848129,85.30073555,92.44755393,89.54344229,96.39904635,74.54906273,182.9176201,75.14410139,119.0173798,133.6156053,108.5891903,83.32719952,126.8215914,128.2709811,160.2135595,141.7358907,106.3386372,103.3685562,113.3887126,137.6482694,91.82710055,83.13335054,108.3263205,74.35998903,113.0140803,98.43336678,91.29607196,71.55982208,115.9869126,111.4188761,67.2015618,119.3614978,113.0140803,136.3451717
5699,1823,104.0357334,30.63610712,560,104.0346298,30.63539204,132.1639888,,38.8173953,33.38879717,27.88672081,20.3764608,39.32151733,24.65235024,30.49938203,34.98458527,27.0664975,26.24429706,50.25954503,26.14232745,33.28729456,44.46638876,35.52662757,42.10534156,38.21609315,30.20891173,34.69468981,32.03975486,33.76395219,35.24373035,46.87589751,37.09866352,35.06192776,65.77746908,74.63378191,34.35309456,35.7527099,40.49279657,48.5500367,28.16021858,65.1767616,28.2507883,32.25697354,24.48845943,33.36928298,29.04850834,29.07069407,29.07069407,32.5883808,27.03354316,27.03354316,21.52643897,24.27269635,18.80594307,26.2867602,54.06708633,26.5548409,34.33450187
5700,1823,104.0357334,30.63610712,861,104.0336656,30.63949841,424.9001471,,49.77138383,45.43486721,52.3132876,82.31249488,42.72738909,90.33310216,49.82542442,79.50314603,70.57165073,43.45569686,64.81527668,49.18458294,97.42933309,64.22563454,44.13273311,105.0898073,58.64436536,128.6613529,112.0615773,108.2292828,58.2054996,59.40351571,58.08761505,119.5031664,105.2022372,135.6665658,50.73434592,99.65084883,110.3106151,117.2138337,110.3106151,100.0855309,97.5536052,83.35915692,95.80212083,68.49136701,107.7211641,105.1299333,105.2504952,125.8963399,74.16438931,93.270764,89.45266255,180.6662043,110.8435166,89.71498707,43.95518763,68.44029215,81.7989588,89.27863015
5701,1823,104.0357334,30.63610712,1092,104.0374304,30.63391543,292.3245898,,78.60829306,57.40191946,90.44296698,53.87552168,53.93074087,60.36530727,60.13534419,70.89308916,125.2819671,105.4477478,103.018003,49.40697292,179.0419038,117.1157339,92.90572836,89.75424506,107.0205278,86.25971502,40.01401229,120.2706884,131.5460654,90.46147767,69.9580215,67.02984225,54.06002687,83.74285329,87.40602353,131.5460654,69.07193722,104.1949033,110.4269174,96.84372911,55.80742168,48.09728169,61.64501811,55.91756234,52.20081961,59.65807955,56.79268879,40.60063747,31.69784709,59.55197788,25.92040698,33.64887365,59.20498021,47.32784877,30.25786438,53.44685238,48.55727247,31.4609424
5702,1824,104.0804742,30.64586314,498,104.0817032,30.64925009,393.4139868,,49.40547741,52.12425062,46.02740583,48.26891289,48.47379906,63.01625595,40.23552138,49.26227313,51.96336392,47.28849257,50.5817983,55.32384189,70.17128089,47.34118169,48.04603532,90.01845463,84.80780554,61.00943058,94.73514063,40.71471239,50.88468333,76.55623527,56.12775506,48.87130271,57.52081757,94.73514063,115.0416351,75.83884083,76.21293378,35.10013265,74.05439752,54.71320345,54.09818,51.81550071,57.18534397,51.31486784,47.36757032,44.25907352,36.12985593,72.69805823,53.3442694,47.1115294,49.07450979,49.06317618,84.88041494,67.60335811,60.07104267,56.5761792,52.31955495,51.08351136
5703,1824,104.0804742,30.64586314,932,104.0818673,30.64545371,140.9939866,,15.69829954,12.50282804,15.69829954,16.97030904,14.44916007,16.34712888,15.21974068,17.26456979,15.93652596,21.43942352,20.42331743,19.88553778,16.01193539,21.98895387,19.03206407,25.16813446,20.42870575,20.96193783,16.75176078,17.87247717,19.01042516,19.26293555,17.86611147,20.26260885,17.74749482,20.78109936,19.14985442,31.28371968,17.51072226,28.19879732,20.00308775,17.36079142,18.96874058,25.00385969,16.72416316,16.55101824,17.53898935,40.60626814,19.37321953,14.64178677,13.53542271,28.39599171,15.4631638,21.01773713,15.69263725,16.61509829,27.41197219,32.15913528,17.29267201,20.97431206
5704,1824,104.0804742,30.64586314,1476,104.0783778,30.64675931,224.102953,,61.11898718,29.23081996,39.32269524,37.85116901,27.24553725,34.62534896,32.01470757,27.66465944,62.54035898,98.7882405,61.11898718,57.81418203,44.53195753,49.49513072,42.23930004,48.00702156,44.23966569,39.07739734,47.17956905,40.33853154,38.36284502,29.17796133,37.54916499,29.60132402,25.50765319,32.68483312,24.72228695,33.78436477,40.0382447,34.56177733,48.30961861,33.26889199,30.79277217,41.02223546,32.76225912,35.12594675,31.8629791,27.48792609,33.61544295,84.92322429,38.28894674,29.02052629,30.80583656,17.9881969,47.62518482,42.09238073,38.16979328,38.91176677,42.61112487,29.74269607
5705,1825,104.0533352,30.66116566,980,104.0526638,30.65918799,228.4313563,,19.30405828,22.38202448,40.71053875,34.08716612,30.06774708,30.32813819,27.18521926,31.3333036,30.51402162,26.13904043,24.21877656,23.27413819,40.11477476,23.56311985,24.85701409,26.65649539,34.3123595,30.82859916,37.21053768,26.64424621,29.05840575,33.33863037,13.82105685,24.04540593,29.58103895,62.63159807,29.80889471,30.17193617,34.77179208,27.43462494,28.34884974,25.4499925,29.24354599,25.68347867,25.95964511,29.80163672,25.8900482,22.28598598,25.87270725,23.94207179,25.86837564,25.86729297,25.78236522,27.59573432,25.86688698,32.54694786,52.3791645,23.94330727,37.37967649,25.86693244
5706,1825,104.0533352,30.66116566,1355,104.0491177,30.66265943,436.6823745,,66.99104608,43.38203651,81.03384269,160.2095845,84.17168632,74.09016316,74.43575436,83.90427936,72.78039575,84.97602963,70.80006972,64.79367535,67.76105811,54.87108371,70.41029609,74.41687802,56.5996957,73.97913168,57.89330626,70.10936942,59.0443774,58.27227732,54.91900605,53.83755302,71.71518183,69.329947,63.83985983,67.01008304,63.41068429,63.19190225,67.18190377,149.3640426,73.57518945,55.85987735,65.90856348,68.26548286,54.94166516,105.9813404,52.89038642,71.58727451,69.20754298,90.1796385,49.12676713,82.59491498,56.96717071,52.38915146,54.01869448,47.85560268,47.69528747,55.8754771
5707,1825,104.0533352,30.66116566,1888,104.0537493,30.66266858,171.230722,,32.63107118,35.92851119,24.58075052,56.27167298,36.17196669,106.7412293,41.37118115,37.37201343,30.97641202,49.61212066,20.68559058,35.19109034,23.49798981,27.72967158,47.69288969,32.25274554,47.4177384,29.48018169,60.23751786,70.73793762,45.72927294,76.81378183,47.69998685,40.55464468,40.13966692,40.55464468,45.52663214,52.20669906,65.57772332,61.18417858,37.93419072,24.63751396,67.51135459,53.21703016,45.45948372,51.80089069,31.05443825,38.54881519,80.22957908,44.38300314,39.76971608,20.73778298,18.51142941,25.84614672,29.65985241,54.07285958,30.26045077,23.8234048,22.41565815,29.42389495
5708,1826,104.1220643,30.64481196,606,104.1185063,30.64065262,573.3650639,,78.03834518,78.03834518,46.28058812,65.3847311,68.37645483,160.6314576,66.93998838,66.85390219,145.6165242,79.36992954,53.55250151,114.6730128,71.24085797,67.11178182,104.7773721,68.7116263,76.87576276,139.9399478,91.65693739,69.27933483,69.25332646,69.28039573,211.7040236,80.5637795,72.74411383,76.30736525,68.12258185,51.69170086,56.05673883,122.6206474,49.81271143,52.28915086,51.37452453,53.16171216,240.0132826,160.008855,50.79333694,124.0453263,62.58684748,79.83681147,110.1840337,76.87576276,143.341266,73.87667251,73.87667251,73.87667251,74.1597927,95.56084398,60.09066172,124.5944203
5709,1826,104.1220643,30.64481196,897,104.1211221,30.64606656,165.7847642,,26.97514807,50.15337404,26.97514807,27.4876293,20.27431511,23.33627179,21.69780145,21.37960913,21.64615758,21.64615758,23.74832733,21.14877896,22.37329604,22.17907889,24.92898214,22.13105032,19.075931,20.49023614,19.75780618,20.11611939,20.34520214,26.31825001,20.57875323,25.97475733,26.98787742,28.86407464,51.15644151,23.24349258,25.43514934,24.28998352,24.84937989,24.84937943,24.84937966,25.08766723,25.08766729,25.08766726,33.69117636,21.48624259,26.71603773,26.05986287,27.40611045,23.54146377,23.54146377,20.49038499,30.14374162,28.92904554,29.579357,28.30671355,21.10631935,28.64924435
5710,1826,104.1220643,30.64481196,1160,104.1254851,30.65031228,692.1381772,,86.33927235,87.32074428,68.68970997,75.7330866,76.09697992,86.61208767,116.7071399,84.56385365,78.97073179,86.2365542,80.33594498,90.13091959,87.28395504,84.64124294,107.9046166,80.13145327,70.88755158,80.57206606,79.12652738,78.75560652,79.57951287,200.4046197,369.1403612,104.0619585,101.3543208,78.15119804,98.97507201,82.21162843,80.63528292,167.228016,86.07983663,90.22781262,74.21287976,97.99544196,102.5269343,104.6931697,77.45050347,83.40409834,98.07038261,105.9037601,122.0672352,121.2259041,125.1585151,93.1040612,167.7572795,136.3312717,162.325566,130.4246636,89.08198796,161.1011274
5711,1827,104.0319967,30.63805941,434,104.0325787,30.63747441,85.52590926,,13.93182232,13.93182232,13.93182232,13.93182232,13.93182232,20.66397808,15.62910017,16.33386065,16.33386065,40.780566,24.99133712,23.75261511,17.81789776,24.83010269,20.02557875,24.05416198,24.42789606,22.7227508,31.36434024,26.22984292,26.42476771,26.32694452,26.37576542,26.35133236,26.36354322,26.35743637,26.36048945,24.11696657,25.06593813,26.35934446,22.36512881,21.50593294,21.50593294,21.50593294,21.50593294,21.50593294,21.68262488,21.50593294,17.39510019,20.2895073,18.11136902,18.11136902,22.63921127,18.11136902,19.8801145,18.94727836,17.93553048,18.94727836,18.7074394,18.4735964
5712,1827,104.0319967,30.63805941,861,104.0336656,30.63949841,225.8665103,,48.65336946,44.2835311,39.39214067,52.12304084,37.86353607,43.63789466,35.6501402,36.56386587,49.41097985,41.2436945,35.1125742,39.64948492,72.49207461,69.33278003,45.4341276,56.32146143,49.45229966,47.55084427,65.97317948,61.07939433,54.17786367,62.50758006,51.7525896,67.47879146,62.01101522,73.00735686,69.83847928,61.71684532,64.65087459,66.3951636,50.27531558,48.06617361,95.66111024,51.42382392,53.58282946,43.11153292,44.99993919,39.44788051,44.59521594,43.952402,51.4225731,64.53328866,58.07995979,94.00224706,60.32043302,51.24702333,64.90793763,52.44240162,49.6447798,48.35199823
5713,1828,104.0717397,30.64705553,1689,104.07089,30.64524798,216.2480569,,84.27529146,62.27944039,45.36672522,65.52971421,65.31977919,66.45671995,61.5188438,58.24991675,76.8610865,87.3620579,64.78443866,58.97674279,57.10217641,59.81591104,73.09793473,72.5304042,70.6294057,49.27170917,44.06564178,39.71903086,47.96629728,32.70979012,108.8801405,57.88052081,70.20107782,61.11819469,71.29056821,74.28368367,47.2291004,73.16663579,40.16991769,57.42308781,77.52627432,58.73404017,64.91950004,74.79516462,54.18744812,40.49378439,56.95221757,69.19937821,61.80968677,50.33359944,45.52590672,67.40199176,86.98245864,96.50739729,69.82000043,56.41253658,50.06385883,54.06201423
5714,1829,104.0243492,30.65209681,1015,104.0300293,30.65164912,546.5316574,,87.04530159,80.96765295,86.42081843,126.9363849,82.33232919,101.0462052,69.89392421,76.11272598,107.5144244,98.21201166,95.09492347,78.07595106,101.4182457,94.36517826,88.22932586,87.55118785,70.59731106,86.88339474,69.49995867,69.49995867,94.41045905,85.26604406,84.62425663,83.63502515,89.36475245,78.59576432,71.02938508,79.98024255,95.43317541,90.36598595,82.58190836,149.620834,96.92187028,84.62425663,98.53993153,92.26325752,87.05814012,87.63982034,92.04743704,87.05814012,91.14135341,120.7063783,72.5484501,88.22932586,75.86814782,66.35797527,93.69114127,74.07808609,80.5415074,80.5415074
5715,1829,104.0243492,30.65209681,1255,104.0244625,30.65338115,142.7582269,,29.50792058,28.98099344,30.05436356,21.63914176,18.12802881,33.29997518,41.2794873,29.28373885,28.76471736,33.37205304,23.04617116,26.69764243,32.12060105,24.64890249,23.04617116,27.25384331,22.22878966,29.38839839,17.63051859,20.43457721,28.87245038,53.53433509,17.13098723,31.241922,17.13098723,11.81447395,17.13098723,19.97135817,25.06973741,19.88122309,24.56055517,24.55636394,24.56055517,43.64582733,31.43300409,22.30839357,28.28970367,18.87134456,63.44810084,39.23126846,28.65778533,22.0098337,28.44104133,21.45204125,16.82257338,25.19262828,21.73370243,22.72588325,29.09035566,25.27522706
5716,1829,104.0243492,30.65209681,1577,104.0196414,30.65228885,451.6068618,,70.02662034,70.02662034,81.23141416,75.70592328,75.75715879,60.52246449,143.4515914,70.60954191,158.6131417,57.4482227,81.35703266,61.52570471,82.73713499,191.2687885,65.55583478,60.89081283,60.8196288,73.64823114,77.81977035,72.40075018,89.45170303,72.38348173,79.95334792,43.41214159,44.29931069,85.11961793,132.7171186,48.89578053,75.15183526,88.45802052,65.68827081,61.40829849,95.31511979,127.2985785,85.84812843,85.11961793,71.81820883,76.27476521,79.24566685,70.17775693,75.58127429,112.6409725,219.2069262,58.65729533,57.56688235,154.1028154,77.47981109,63.36283349,75.61789314,101.7387173
5717,1829,104.0243492,30.65209681,1707,104.0243967,30.65035249,193.3788619,,34.29378832,40.47464551,28.35698179,56.82970635,27.0880896,37.42816682,42.29428328,33.63110642,33.36248735,20.90582291,43.78389326,39.8733576,29.62399587,29.00682929,28.91646533,35.77409573,34.03617666,41.97770581,42.84085556,35.84778078,53.68873285,26.41988246,31.59444744,35.66641833,34.95915514,33.79436422,22.38469141,35.57150026,41.84305952,35.60561251,38.55439742,31.18315354,57.41557962,60.53599155,35.42818844,56.02928795,42.51382613,36.15966253,38.74752705,35.98117566,36.83406893,45.94779514,38.97803258,71.76947452,36.75627787,42.50208706,36.9113745,39.22050157,38.93488767,37.25187965
5718,1830,104.094616,30.66956628,1336,104.0936842,30.67180601,263.7923888,,34.99088429,46.55159802,29.67664374,37.44054181,33.60752375,32.77489559,29.26510323,30.34033865,36.35033874,43.79306432,58.64768255,29.84451916,53.38626065,41.95814138,28.30559164,25.45985522,23.40486999,34.49101452,47.69127933,54.91305238,54.02031596,51.99755701,52.75847776,29.46181799,43.26807389,27.14844482,71.78024185,48.32086365,41.49093688,61.20210093,25.02378392,51.84636576,51.47459261,53.95753407,63.34353242,56.68921506,36.84394179,53.70785911,54.09841535,54.31759389,30.60105048,54.09841535,40.39642396,38.97609685,50.64813865,29.40100928,23.7116754,52.48953973,27.80827525,65.47155137
5719,1830,104.094616,30.66956628,1635,104.0954487,30.66752479,239.9090691,,31.13135192,27.43269398,27.59337536,24.08009244,28.10214693,31.01158523,29.00176792,42.4409164,24.84495214,28.88098233,26.57454304,30.09312365,66.09739657,33.50743097,24.78652372,25.42082851,23.21700669,28.12120956,35.28795296,35.93191806,39.1392439,40.7873742,24.87775272,43.32805931,54.31903451,44.00078996,27.47633029,24.09128727,36.66751029,25.45829473,41.64117396,42.58040997,34.65085853,37.98015358,27.77082472,23.84189507,27.46176944,43.73577851,32.05571867,34.13725884,38.90417337,52.82401521,30.38426205,32.43840934,35.83703937,39.61801141,39.36969339,42.71642158,27.88289423,43.61983075
5720,1830,104.094616,30.66956628,1706,104.0974457,30.67052751,291.2689636,,59.40896708,76.25951047,43.63839407,53.22681568,34.19244355,36.13675826,55.73784818,42.14502689,70.13834575,72.48167756,45.49103119,54.11189461,71.02058911,53.37734402,57.36150268,80.83676083,44.46854406,48.51274213,48.65746028,68.31063641,59.57774255,47.44652801,48.92231427,57.42957202,55.43789943,50.31517605,42.1959062,78.72134151,53.19306374,54.04991077,78.25136336,125.9541464,46.0571714,34.83615511,58.25379272,47.12666377,42.02678433,34.0997811,57.77235642,45.78900738,61.24019742,50.90137228,32.93931735,44.12701816,39.23548247,61.52538042,34.25819042,36.10772276,38.12975523,39.44457439
5721,1831,104.0551586,30.64072392,356,104.0560473,30.64264166,228.971762,,35.05415025,27.87145708,35.56842905,39.06627219,32.81333594,42.54077119,51.86078358,45.85095852,42.70975872,41.80718562,42.70975872,47.24675256,33.71363367,33.23783642,43.7857672,53.43455653,36.96405126,45.64642418,35.13882813,36.71707542,39.84523713,43.15698132,27.33991188,66.59501874,41.75424279,40.80684867,53.25542182,62.44684418,37.20237525,38.01529639,45.69670985,39.62972804,39.11261415,51.30487612,106.2240133,45.61334706,37.24940733,34.35172815,47.2123626,32.75357655,38.42696107,72.30687221,39.35537566,36.74435409,44.0801253,43.55605512,45.50991543,50.73523475,42.32518654,40.60582971
5722,1831,104.0551586,30.64072392,1688,104.0573548,30.63968945,239.6687178,,49.44454923,59.09639617,41.48112423,29.13659381,101.5067511,36.70219288,35.60905423,20.69082456,27.87745991,32.49065463,43.35715498,25.33942391,51.05369137,31.03623684,32.23439791,31.20460702,72.50482219,33.95208595,38.27611315,41.68151614,33.31302641,31.05019826,51.0460222,36.66320329,39.17400155,32.28465422,36.55963492,37.94260439,23.9779727,82.17213182,28.72832578,41.81618987,44.82116281,38.51818679,39.60860218,46.74653009,28.38182184,20.49423715,32.58951404,35.26460697,34.07612101,23.18128383,31.48932059,31.05019826,28.97487484,33.52103061,35.80113627,72.81074971,33.35595557,33.21683866
5723,1831,104.0551586,30.64072392,1805,104.0539321,30.63864498,258.6585258,,92.19511811,44.76782177,89.10724334,44.12477739,35.70782065,41.85036822,40.73362611,56.3662647,42.78068796,44.39431194,43.03504069,39.54015681,24.12359308,29.82885348,36.12745022,47.68247878,40.61813273,47.50870882,39.73701393,43.1097543,39.79361935,55.47399871,92.80771028,70.90132181,78.03106367,42.28589713,43.84558883,43.64862624,57.65762804,41.66311825,68.97560688,50.22044185,67.47613717,41.11128887,40.78864141,34.55178823,40.23125538,36.81122819,40.42709232,42.76329244,33.84946931,37.7647442,38.99170658,46.32690014,32.2274088,37.32147066,32.03568897,61.46341207,35.99886699,96.32800271
5724,1831,104.0551586,30.64072392,1895,104.0528196,30.64164579,246.3397872,,28.74629608,38.25261973,32.92660522,60.74131739,46.75693675,24.42078142,49.40519409,30.55001298,37.57725567,35.75900137,36.64558818,20.91564231,46.85988026,30.25225457,28.80335296,38.66961776,31.00780538,38.05427787,40.96181219,47.55084364,46.55240073,47.74283897,47.93639102,55.77504616,37.57725567,51.21212129,37.57725567,33.69389187,34.94640354,33.38628645,36.29563032,42.98012443,42.09603958,39.41436595,40.71108955,30.51697295,46.96704658,42.14939325,21.21586684,35.47292936,25.59374412,30.7924734,52.59924282,32.59523569,27.05791713,34.62221215,39.99612782,32.63378966,29.20383865,33.18673225
5725,1832,104.0865447,30.64375218,932,104.0818673,30.64545371,486.2760089,,48.17143203,48.38567253,45.16900778,48.49787406,50.49454478,55.07231721,48.63604465,43.56878129,49.59188759,46.09251269,53.4833237,78.66658024,71.12764635,54.72505275,113.6134321,81.15872193,71.48522091,63.85386553,53.04829188,61.2274077,52.27138671,43.52112251,41.31542625,50.7155941,51.44076788,48.61916006,60.76739317,73.33426347,53.60247072,58.75155114,50.09647914,81.91724344,54.63073289,54.03733893,54.48470688,40.80637837,40.72819453,40.05101904,63.87085311,49.93611197,61.70125097,53.16336409,42.95935293,67.78678149,43.45445185,46.65484954,52.33836314,43.07194431,46.28417246,54.52018673
5726,1832,104.0865447,30.64375218,1286,104.0837911,30.64784092,524.3790054,,67.2999793,61.6245186,72.32813868,77.20917871,88.21329063,98.15066307,69.17967563,77.05160896,77.54037691,89.42804992,90.78518398,99.5853304,76.84251367,90.10136688,94.62478293,77.60593708,107.8722525,88.7044379,88.62743753,83.01809319,82.32905168,78.22228258,107.5070964,82.07671389,91.99631674,85.26487893,71.50622801,73.45386846,85.97029615,71.30366079,55.93376058,76.14377237,84.41946885,63.13593376,75.40120576,68.06842859,74.73360997,90.32647263,72.88811297,74.68121299,67.54076635,106.7395067,52.87855517,94.38822097,78.61005912,101.6677677,81.24390522,77.7479604,83.37823767,81.63303998
5727,1832,104.0865447,30.64375218,1695,104.0875368,30.6431534,115.9472542,,23.68284341,23.25404541,24.12775232,22.56270893,27.82734101,19.25767544,26.14755847,20.71514219,23.88612962,23.67165115,16.02342093,21.4606743,19.64282895,16.27329884,29.90655891,27.4913358,27.46119178,28.58973391,19.93090591,25.68677632,20.56207464,23.76712399,25.76605649,27.37115509,37.9463741,14.96093603,20.64683174,24.76161699,23.98908708,29.30662795,28.10842526,20.61284519,33.79838989,26.36274412,22.48169381,16.28917522,15.23394581,21.71183954,29.92187205,25.09479651,22.52617998,29.2919379,18.90872549,26.0881322,27.82734101,18.14826587,24.04831939,15.79987458,24.55353618,32.97822579
5728,1833,104.0269189,30.62852164,1857,104.0243735,30.63001075,294.5395611,,25.70527079,40.81093989,35.5686984,73.12706345,46.21906661,33.33361899,38.45303427,37.99489098,37.54753612,26.05263931,35.77403576,32.6441831,30.18052429,29.28223928,39.1139055,39.95261567,49.76464592,39.2304278,45.16900618,30.32437807,33.62608097,30.18911702,27.18826718,30.05505726,31.73252791,33.60831759,53.64941772,41.46011417,46.77367114,43.95689789,45.40000846,44.66680009,45.40000846,28.03655262,36.47967041,36.47967041,36.47967041,39.05496943,37.72341844,29.66822664,40.6650976,40.74713882,48.30717175,40.82951174,83.27296494,38.34873128,48.4174621,23.27864808,27.71412493,31.29172403
5729,1834,104.1356858,30.63618962,415,104.1386582,30.63500595,313.6144504,,28.98205417,30.55512913,30.23504153,38.89791633,35.48758038,35.10921435,38.12083358,28.72804126,31.19895051,25.59150785,28.86363083,31.97040514,30.84732299,36.65623446,29.21117779,38.82434737,28.76056663,28.7071709,29.49737483,29.47812066,36.56127012,26.98403493,38.5328335,33.01204741,33.98079824,33.16721567,47.43747989,34.76800738,45.16048086,26.04410661,37.42581286,36.51675107,34.59689545,35.33683948,30.88529672,35.02984863,27.09319215,32.53011971,33.12828701,29.12827713,37.12837561,32.71039955,32.29208499,29.43968765,27.52009802,31.44880283,35.90434159,34.64044437,34.95393255,28.03605715
5730,1834,104.1356858,30.63618962,883,104.1336874,30.63179186,523.6733744,,43.89077173,67.32943385,34.4805514,36.09564834,42.22226535,37.3640549,43.41833597,40.11115208,46.75075382,38.16243214,54.21854949,56.12874277,41.39450764,129.1249416,41.89386995,34.77204084,34.89540301,42.01836882,36.03773759,48.21545135,35.04134104,75.56008609,91.93972923,43.17307208,38.4235523,49.57388818,36.40990843,43.95102195,37.07827214,59.02854475,28.8923241,34.73466878,51.75632527,60.32717273,62.52816411,39.76067802,54.56509835,60.89225284,39.25732839,48.47830045,37.44238625,48.49451184,36.70131371,42.14030448,46.93504102,49.55682316,37.64592263,49.22256261,46.92530548,76.40219444
5731,1834,104.1356858,30.63618962,1106,104.1364419,30.63755553,167.8305591,,18.69431926,17.79646577,20.67580213,17.51148504,19.90819483,20.50882596,18.58569637,18.0024958,16.29413749,16.23389372,17.64189887,17.96300885,17.43266567,18.9178869,19.17828085,19.71802989,14.97938319,17.16239942,19.32892603,25.91236652,27.27514917,24.21845927,26.08624374,19.24938312,24.09594677,21.71880522,25.58062554,19.41345989,20.84312248,17.50408109,18.5439375,17.86883587,23.34282084,18.04450013,18.94012579,17.82271424,18.94012579,18.26924445,19.01264004,17.07655927,16.61717268,19.41806353,19.38650475,18.04360199,18.83329142,19.76271167,25.24486563,19.39884426,20.47257806,19.89333007
5732,1835,104.0362324,30.6594657,720,104.0385395,30.65909862,224.7686089,,39.7171983,27.38812685,30.12722279,25.76708503,26.33823414,26.1105838,26.79299715,39.72996687,37.80054054,32.40989287,32.40989287,32.40989287,32.40989287,32.40989287,32.18643564,78.94312117,32.40989287,32.40989287,32.40989287,32.40989287,32.40989287,32.40989287,29.51010182,29.91375202,25.55264185,25.54759956,28.10786905,32.1204231,50.15497886,30.96892374,43.83770689,34.38049042,43.16836355,35.13221563,39.39149656,33.68521525,49.80006033,40.01859976,30.14592954,31.49512371,29.85856059,40.59997743,35.8832369,41.35048634,29.21532045,31.06207263,26.31844936,30.60334414,27.10682599,28.06243645
5733,1835,104.0362324,30.6594657,1481,104.0350137,30.65903884,125.9860167,,13.96611732,16.97098822,13.90190529,16.19820215,16.2548037,13.73352491,16.70033038,13.08945628,17.3690631,19.62447534,18.16620801,18.11029339,22.39751408,18.16620801,19.50751226,18.16620801,19.07520408,18.16620801,18.55008835,18.16620801,20.38425439,18.43697805,15.91402316,17.51156989,16.12143342,18.48707854,18.09970662,18.70307877,17.8809249,17.88445032,21.31008587,20.93306123,21.32678652,21.86659671,21.31008584,21.31008584,20.24775268,21.02606113,18.64541254,19.00347738,18.13688098,18.01405299,17.95326075,16.11506886,14.56797624,16.4329587,14.51358912,14.56797624,14.9909982,14.69700778
5734,1835,104.0362324,30.6594657,1763,104.0378879,30.66164635,289.088139,,44.92304893,32.19543079,44.92304893,35.86182275,81.94624413,31.83676448,31.72649912,33.14752853,44.84118958,41.54675646,38.76042087,45.07871644,41.97616134,38.77619064,45.66427206,43.7620941,44.88218274,35.9281068,47.91317925,43.10503962,61.58090535,53.09782145,42.52020238,38.76042087,35.7390994,49.76007343,44.83166545,62.88322057,42.22196475,50.25885548,37.4448537,42.04195904,54.5354044,53.41914779,34.30747653,49.28138748,72.02195851,50.12021265,45.96521024,53.20810611,40.76784869,78.24942108,27.31541471,34.93805457,41.96957826,50.3471381,36.81421128,70.34250087,70.33193696,48.67226392
5735,1836,104.0811576,30.65811967,266,104.0842535,30.65673383,334.0390916,,27.25476346,41.66807795,35.3797985,37.57939781,32.87876226,36.9235195,74.79520778,26.27068771,59.95217598,35.548079,25.76412919,47.99193334,45.37889546,35.05949649,31.42528039,26.24488716,26.50227504,27.0031601,31.02663676,66.43871435,27.22733728,43.04011202,30.13886541,58.02367815,70.11899299,28.75515853,28.68314203,28.42885886,33.92216445,96.20325838,30.95342934,25.08777601,29.76585965,45.69502456,34.95757935,29.41995669,21.78515815,34.48145462,98.83896406,78.02372942,30.75551739,63.45861371,28.7231066,30.15146,39.92499103,34.90684266,26.09680403,89.01714688,28.60921641,27.17606169
5736,1836,104.0811576,30.65811967,1629,104.078706,30.65916798,262.0605862,,61.13685608,51.20724099,39.3706045,40.54224797,54.67329678,50.22355603,39.80667132,48.41588542,45.31306966,57.38552982,82.75597459,65.23202146,45.96139512,44.57093434,59.76043772,41.43856999,39.29420376,54.61175747,47.90661424,52.58290517,35.98959325,34.3061131,36.53512476,58.29866277,56.59637948,42.23944976,43.626271,46.44837524,44.29193006,34.727047,57.52549453,44.60605723,46.2459858,43.52563369,44.81796249,54.9457257,70.55477322,40.91652275,76.9851574,64.83973267,80.98009531,49.09374381,28.07791995,113.2101732,33.74170638,56.81815469,78.52469411,52.88218107,46.2459858,36.86827179
5737,1836,104.0811576,30.65811967,1766,104.0780951,30.6537093,570.1147208,,152.0305922,138.2096293,110.941243,172.9561512,116.8119056,93.67929556,133.1774835,184.9020716,89.09876922,106.1551331,121.0863124,134.3641895,83.65813839,95.94451085,99.41338458,206.7178556,198.1093624,171.2127629,195.9344148,271.8427808,267.4153739,84.46144012,187.4349767,181.6294686,72.82364264,95.01912013,173.565581,244.8206356,205.6526047,188.8723614,107.1145938,86.76444705,159.5139633,125.7862918,177.9944559,105.0835453,129.0825783,110.6049441,169.6209087,111.7719807,227.4141823,81.98720353,99.84374557,122.4407454,139.1466437,165.517177,221.8824859,163.9307504,271.2440081,133.707687
5738,1836,104.0811576,30.65811967,1812,104.0821018,30.65950096,177.8232773,,34.19069602,34.11174768,34.27001061,24.38719232,36.45579717,36.87579483,26.50781773,43.64753169,26.09363309,29.80972285,41.56907781,37.76777571,31.07591254,27.01113073,28.40438373,27.20242769,32.81488928,35.1095319,29.57730515,48.92971708,32.30668527,45.40168782,27.38180566,43.54855771,30.14900149,22.74116513,31.9549317,30.90090739,30.24395897,29.78660558,30.55674455,30.45981593,30.55674455,36.40817472,36.26990359,32.59213228,40.55336278,31.51195358,33.44347226,26.982668,36.72067677,33.66330227,32.33150496,35.36816565,31.93721832,29.98815451,27.93442028,33.12619913,39.39469528,78.54770531
5739,1837,104.0637012,30.64989872,381,104.0696483,30.64887984,580.9478058,,198.9452652,126.9547282,128.9158716,192.3137564,193.1383206,154.4902752,211.8651911,180.2941466,140.7410566,168.6622662,217.8554272,98.18836154,109.6990349,139.5825652,127.1927429,120.8908729,168.3229055,106.6269826,88.74450215,100.1740761,69.32857792,52.10294222,84.16145275,41.41410101,55.54879418,72.95623607,56.2207554,50.42584933,87.14217087,85.14654864,44.54551866,53.36596328,54.12557197,74.33929269,67.91301286,98.09625239,39.89341156,62.57965592,50.70089942,59.44889428,68.97797166,41.5787694,52.30398251,39.68523911,148.8549538,61.0793392,106.704699,59.44326199,58.58297201,63.78687307
5740,1837,104.0637012,30.64989872,1469,104.0637469,30.64866629,136.6603375,,22.31189184,14.2809061,20.37172733,21.30732322,19.20848082,26.08574841,28.43798931,24.58130268,26.78641823,30.7101882,18.42611292,29.74469256,19.03200058,19.38062695,17.98819799,18.91310774,13.7041007,44.32227162,22.41354055,19.96300692,19.89126206,19.58118269,16.31765224,21.22879029,14.99930534,17.82526141,17.46148057,15.76850048,15.87663461,27.41668691,14.90840045,15.97616791,14.81859081,23.82456247,15.75839894,15.92159272,21.11490193,19.73481042,16.84064946,14.19847662,17.34757458,14.09676834,15.26694228,13.56243184,13.93703159,13.35080638,12.59327342,13.96670589,18.36878214,18.56517792
5741,1837,104.0637012,30.64989872,1783,104.0636453,30.6516143,190.2139105,,19.69144724,28.12197445,17.54134045,12.39963925,17.11657748,24.6763992,26.26288147,29.6052779,38.90739078,33.64963527,39.08009322,15.26800619,27.31368212,20.3415362,12.63413428,25.03729718,12.03462351,47.7746566,21.32133091,27.35433067,28.57971944,16.60911485,24.02702027,26.5157823,15.04621753,15.86339948,146.7364452,17.58827255,24.55903912,32.30047537,23.27500619,13.72972587,20.82950807,23.01195652,27.35531514,26.79923482,20.32628859,36.26319918,16.58373549,15.76160463,16.13121502,22.42696762,35.53291731,16.15976585,34.52622242,15.88384201,28.68146923,23.64770865,23.53667292,15.06644836
5742,1837,104.0637012,30.64989872,1809,104.0583406,30.65032194,515.8008297,,132.3980739,110.5287492,63.59188311,86.77023303,65.74976642,75.17744886,62.20713524,79.86593492,173.5404661,78.01687895,46.07650092,131.0740932,89.70449212,69.87001503,117.0796335,89.70449212,71.53649371,136.5355137,104.9086433,91.15773132,77.50670312,205.0774383,144.1040012,70.7383995,180.2799016,152.8870722,88.14317974,180.9827473,175.8887809,120.8383722,65.38320376,139.7319973,115.6216057,154.7402489,83.36175025,115.5496569,130.307578,154.3116056,114.2697223,115.2448712,67.69885889,101.2477092,63.15928527,68.1067902,67.30885317,109.6584441,74.77381156,92.38223816,88.84607593,80.60262559
5743,1838,104.1242711,30.66979471,214,104.1275404,30.67140374,360.4129294,,26.5226195,24.28234334,24.97567942,29.22266995,34.29479857,30.30124174,30.94165054,37.27070868,30.43599685,37.53060257,25.4035545,30.96626601,38.47254398,41.4430592,29.81748464,29.35489923,41.05970082,36.91284625,39.31777412,36.51463075,26.89091287,31.67176271,26.72474863,24.29750086,33.01492483,29.0415377,26.94676108,28.96175326,24.43477487,29.31978104,25.75655674,26.69725403,30.5290952,23.10065067,25.83899238,24.45780482,36.77914618,37.75139905,158.2300666,39.72496412,39.81395967,29.64554179,36.08138337,45.44611369,35.94145556,29.71343235,27.66495833,26.26490983,34.23447351,36.58326727
5744,1838,104.1242711,30.66979471,1720,104.1197624,30.66763544,493.8097046,,67.74828264,71.10859746,64.69122768,72.70817736,62.32133865,56.75570922,53.84683928,53.87014959,64.38875305,66.29730718,55.43161334,44.53193729,57.04333971,49.12511051,51.15726436,73.70294099,77.85612862,138.5232418,77.70090589,75.16765059,71.97226464,90.01088286,42.15091729,44.08468535,78.14131589,40.64896959,45.31134078,78.14131589,44.11203317,78.14131589,64.00413813,112.1586711,81.82311966,66.70600137,65.719591,65.719591,62.66915169,95.06496987,88.00568993,58.95149015,67.85171514,65.719591,46.53704022,56.50714992,48.04634964,64.80127352,25.2158147,48.70451881,34.31882117,46.78197201
5745,1838,104.1242711,30.66979471,1792,104.1237401,30.67079064,121.5361988,,16.95853937,17.1580516,13.88985129,13.88985129,13.88985129,13.88985129,16.20482651,13.88985129,15.71906377,15.37892147,13.13904852,12.71890453,12.71890453,15.06128453,15.91109734,15.93735925,15.26623572,14.39836498,17.07331273,25.29076969,16.39073999,16.39073999,15.9101933,14.04591704,13.80289851,28.6905125,13.9869249,15.23169071,14.03370078,15.48437304,19.40267475,14.03370078,13.74153002,15.56506452,12.5968421,13.78482406,37.71813066,10.5191497,10.45679817,10.48788127,10.27066469,12.09482559,11.73003527,14.73166046,12.92556324,13.80289851,13.28617394,13.22468131,13.34224443,9.539178393
5746,1839,104.0600977,30.66238447,1419,104.0602277,30.66075741,180.7566584,,24.55562152,24.55562152,18.68107092,19.11083613,18.68107092,21.12740163,21.65470783,20.39620646,24.4940887,24.08304849,20.7622299,25.14389375,20.247054,20.24457294,20.24333263,20.24395277,20.24364269,20.24379773,20.24372021,23.14370967,23.20698895,20.24374928,20.24374928,20.75674546,20.49703808,22.69967338,20.56135374,37.21080602,21.47603862,38.73356966,20.58153524,20.58355557,20.58254536,20.58305045,20.5827979,20.58292418,28.87828271,23.88464818,20.58287682,20.58288472,20.58288077,20.88504907,22.52419419,20.582882,20.58288213,20.58288206,20.58288208,20.58288209,20.58288208,20.58288209
5747,1839,104.0600977,30.66238447,1652,104.0600469,30.66597437,397.9002526,,43.21088716,49.9785547,42.56882346,31.51685169,43.50617796,44.34801577,51.36498106,46.29176843,44.63205188,46.85007063,48.01142633,45.91156761,49.18252049,47.02188506,22.62939825,46.73119414,47.02188506,35.54443944,55.07981326,42.95175141,31.76143923,49.47414991,49.08140858,48.68108443,49.3236468,29.96738304,49.18252049,58.32809947,45.40224752,46.77358071,54.90669921,51.76598031,51.99422539,46.73542934,51.90003295,53.71653409,47.49734986,55.90217249,48.49977685,47.65272486,63.49940773,51.81835743,63.642569,52.68748172,51.58463774,56.45782621,63.62613236,56.67918382,63.62650581,59.42422442
5748,1839,104.0600977,30.66238447,1865,104.0581438,30.66240031,187.2163337,,28.49804657,28.49804657,28.49804657,28.49804657,28.49804657,44.05090205,34.60738389,38.76226032,37.63273712,37.09230655,37.36056757,37.22595376,37.29313919,37.27632012,37.26791627,37.27211771,37.27001686,37.27106727,37.27054207,37.27067335,37.270739,37.27070619,37.27072259,37.27071439,37.27071849,37.27071643,37.27071746,37.27071695,37.27071695,37.27071695,25.97220814,25.97220814,12.64500565,17.00892874,14.50586605,15.65799451,15.05992713,15.35313874,15.20511951,15.27877063,15.2418561,15.251068,15.25567813,15.25337272,15.25452533,15.253949,15.25409308,15.25416512,15.2541291,15.25413811
5749,1840,104.0840318,30.67384238,305,104.0821882,30.67110531,351.0184233,,59.74781673,43.15309018,33.69776864,41.13943539,40.07398491,41.43168275,34.20707396,33.65439187,37.35120716,38.07776989,38.10767327,37.01921486,40.43462673,45.96891516,48.70255115,49.53100929,47.02207875,42.19253168,51.4551922,48.71074772,48.44587682,56.81508968,49.23239385,49.2304364,42.54768767,81.26471536,45.7867398,51.69074136,59.83268579,53.81883833,77.52554134,57.70165862,56.04479954,62.83651262,56.84410989,64.55511233,57.13638238,52.91523989,47.42602079,50.97312813,51.11315711,48.98327024,52.23785346,41.0281274,48.20087694,49.74044328,59.32053011,47.82524694,48.37217262,70.46466491
5750,1840,104.0840318,30.67384238,1738,104.0868417,30.67168591,359.9769757,,48.32996405,49.1036772,43.64091977,36.92948314,34.25746588,35.39548276,32.47912563,34.97751991,44.58430432,36.38087578,38.53312358,44.022662,33.70760887,38.22999287,31.42172677,32.83270464,44.36173256,48.04024124,37.6282553,47.52446074,32.92671673,35.24693569,44.569535,53.32334348,43.26978651,43.26924686,40.17309572,34.68883639,33.42146003,29.56183889,30.06768243,32.76575492,36.1634467,37.67200908,32.43847591,31.33388143,42.97044861,41.01003521,38.78830028,39.27021553,34.16641809,37.54467733,38.05458301,36.20120966,39.00550018,37.89231323,37.71436798,34.5078841,33.61652691,26.66496116
5751,1840,104.0840318,30.67384238,1858,104.0835351,30.67433953,72.80137814,,14.16675467,14.16675467,14.16675467,14.16675467,14.16675467,14.66209574,20.31666367,15.19333109,16.21562019,17.38540373,17.38540373,21.13588398,17.38540373,13.94996467,13.94996467,13.94996467,23.93469966,17.56013141,23.296441,16.80031803,16.80031803,16.80031803,16.80031803,16.80031803,13.50953409,24.15529597,17.32793133,20.17978528,18.64543967,19.38229434,18.64543967,19.00672807,17.47233075,23.19335941,23.19335941,23.19335941,31.96158065,26.88050885,26.88050885,19.66866501,15.50798588,23.19335941,11.18428,15.94837493,13.14807498,14.41347175,14.07482451,13.91139903,13.91139903,13.17009856
5752,1841,104.0583608,30.65688755,278,104.0634634,30.65705933,489.2829804,,59.30702793,59.30702793,76.39658355,87.63277261,61.25152064,50.61548073,58.74251303,74.96728057,100.9574315,73.85403478,86.96216882,76.41729846,70.83453335,122.9611678,100.8830887,66.98865103,89.60163102,61.7637469,69.66718773,121.4771538,72.59519624,70.48024258,81.04687407,132.1064047,113.639918,104.6387364,77.74231466,86.02777677,85.92286485,70.31611694,62.19515891,77.2622672,70.49493394,80.96731932,81.65025717,80.0644877,86.55620292,78.49459579,64.52083258,77.02997358,87.41532156,84.99004726,91.74055883,44.70605912,63.16724868,78.16947025,92.06021236,80.43007897,213.5053005,69.40184119
5753,1841,104.0583608,30.65688755,1445,104.0574646,30.6553011,195.6758962,,25.08863885,42.62833442,31.30814339,38.07747169,37.67022601,72.19667034,50.2141811,48.65350354,46.5356384,28.77194934,38.65202888,30.3145014,46.04138734,41.55948238,35.47969547,48.91897405,44.81127394,25.35959615,36.86647319,31.29269021,51.95573889,43.10343169,41.24316313,28.34741353,45.69296602,22.1719091,30.52798381,43.9425717,24.99256251,26.63263616,51.79656076,39.38524427,41.93054919,42.18163032,37.91352133,19.39696814,35.94047073,35.36311377,31.69044077,21.20190297,27.96109658,50.69688567,24.73141813,34.84418266,41.1468006,26.94847844,35.83599261,28.98902166,88.05415329,35.22166132
5754,1841,104.0583608,30.65688755,1795,104.061353,30.6549959,355.1775893,,41.02586058,46.57124197,50.56765677,142.0710357,42.62131072,44.65562241,67.29680639,38.16833795,66.66524095,46.57124197,46.57124197,52.55710658,50.74995391,38.61014559,40.62857581,74.77422933,57.49923874,73.37958803,48.31130937,37.50722971,41.37991332,36.2220771,43.78901786,87.57803572,93.33133733,45.21774219,49.36831357,67.94496561,69.87100117,42.47971168,43.81903089,76.33667591,46.87953516,71.43236433,88.64050755,51.16896438,43.72484246,47.02032318,59.51160232,114.5050138,46.41159062,57.33005225,37.80160596,61.06934073,115.7139657,44.54542562,34.09704857,52.54682144,47.79109254,94.71402381
5755,1841,104.0583608,30.65688755,1859,104.0582534,30.6587772,209.6838488,,31.73727939,33.77038251,35.95453796,26.71131832,25.0810709,35.60669131,23.45078813,24.23541369,28.35268388,21.52612598,24.60365537,21.98626764,17.47972342,24.20980935,19.12378249,32.17092381,32.11374261,24.27208539,32.47238801,24.47463229,32.48598568,24.39275198,25.13741733,40.07732623,25.62618045,32.96339981,36.0832627,22.48486404,27.05598049,31.68692856,22.34505683,20.17495465,25.17045201,15.47482279,25.28245449,27.09820927,32.86356744,31.33388835,21.94856659,38.43080188,41.80335479,24.87644344,30.08339707,38.29009414,39.06042475,24.62362525,35.17119887,40.3130497,22.97449078,23.90694713
5756,1842,104.0957842,30.64664658,737,104.0985074,30.64632943,263.3073136,,40.77016469,41.75798806,39.82799702,46.65180333,49.88980679,55.55494968,40.44400337,88.42409785,54.89804993,34.42759064,29.6684297,49.3701213,40.16552241,68.44089018,45.03117952,48.39580669,52.58842324,48.95392298,49.08252836,45.46767641,43.55895246,41.52077548,34.84949739,42.35565528,34.46932105,69.69899478,43.08665132,49.71349967,56.65484222,55.11083308,53.40317346,43.4819417,50.00419304,52.21092502,52.2181708,55.45371423,57.13045863,71.45864192,34.03613389,67.9154995,48.56936083,44.90341799,46.88198594,45.93705606,63.40510562,60.76322622,46.62550998,45.24612549,47.98225854,48.94524934
5757,1842,104.0957842,30.64664658,1668,104.0979156,30.65029026,452.5352497,,113.5108109,79.92445949,87.09168958,74.66209436,110.2002412,79.27624812,87.15792592,58.44401431,70.81236181,74.33278625,140.6624481,81.45634495,94.45404252,63.21796271,57.49859644,100.7499628,102.5817803,65.84991507,82.17537952,70.29673782,69.44898155,74.10736463,88.3699977,107.844561,81.58185549,102.6452592,100.0487349,56.74879337,83.90353126,91.58114984,72.2450953,90.62147098,122.3593165,47.49641105,72.34133654,104.3256188,84.89457524,112.5476269,171.487042,100.7307952,96.29444324,87.02111634,136.6717197,77.68316276,70.63289284,80.89360683,82.84632215,98.07798185,70.23780643,121.659171
5758,1842,104.0957842,30.64664658,1718,104.0932502,30.64666933,242.8317595,,44.71582272,33.59701515,36.2413997,48.29802951,39.26022458,46.37635725,91.06190981,42.95795254,33.62285901,35.60570899,38.20779433,74.93094291,94.2527584,47.21728658,38.34185676,43.442379,43.09914549,67.24571802,65.89404527,36.60269369,39.02653278,59.87632426,44.52602722,38.98302494,78.05306555,71.6552733,74.3995178,38.09333119,47.64001821,56.39963446,97.1327038,43.00323499,42.49555792,88.66068298,42.55814342,84.05714752,35.39248317,41.99492397,49.40811988,61.93684556,55.79963834,66.47865659,114.2737692,47.1263792,43.96618614,73.46170876,35.39248317,72.84952785,55.12937242,62.22023731
5759,1843,104.006442,30.65256995,1709,104.0112513,30.65234786,461.4879763,,61.04188786,67.26594432,57.60848562,64.003836,62.97788911,98.30513105,62.38373019,50.80601574,103.9019306,71.25917282,103.9069523,89.2562705,109.7812807,58.42304705,67.44343904,76.06364202,100.6882857,95.75543024,73.51135906,73.00374765,95.66353442,82.24538191,67.12552383,90.0464344,115.0524041,71.90075043,65.92685376,121.2669135,121.5203449,81.47233581,77.71130639,83.94930342,69.80490398,92.29759526,77.21255063,82.1437189,83.69555238,65.02374617,66.68395777,65.86151495,98.02719396,142.6057266,116.9969517,110.7571143,85.49005394,117.1803325,89.45766926,131.8537075,87.43982709,78.78395802
5760,1843,104.006442,30.65256995,1743,104.0065655,30.65040297,240.4600735,,31.70902068,43.17487604,25.05517408,34.19876601,42.96060867,27.28317808,20.22561366,33.59597404,27.26476424,25.38581421,25.72529761,25.87911105,36.99385746,27.92439563,28.07837381,32.88755311,44.67903301,36.21992739,25.61113209,37.58276113,33.65693097,34.62625058,40.0805447,28.11713405,22.02687696,38.02992925,27.93726995,28.39769048,44.6907463,28.07533831,31.00091501,29.27811492,25.41562726,31.74594721,28.24327128,25.46047837,29.7391216,29.81594482,39.63325133,28.03744987,28.66411472,41.81914322,44.16613595,28.22792167,35.47771576,49.0920377,67.9834763,84.59181742,34.11173196,36.86674311
5761,1843,104.006442,30.65256995,1896,104.0063237,30.65464674,230.4534382,,29.87871707,33.59062194,29.14321895,29.16839098,34.29274918,30.67032819,28.09931846,29.22871832,32.10012459,37.98331769,40.27341638,43.82343361,44.29727567,33.35205538,33.949151,31.06074045,40.60098102,40.60098102,25.14632828,36.01877182,35.03246124,38.85486792,39.4739635,27.13433778,38.1221081,38.90638663,35.40781651,33.28318682,33.87791015,40.46987207,40.56882042,30.956432,32.23438087,35.25207384,40.96950012,38.58755244,32.59852171,38.58755244,29.05044801,32.88929148,35.66154353,36.79079279,35.99272788,41.7215176,35.21786927,37.62505113,44.67251264,33.45291845,36.38738498,39.34237712
5762,1844,104.1007334,30.62658897,88,104.0997464,30.62619552,104.1724733,,20.79838635,24.82554597,22.53223606,22.56358614,23.65325174,22.62259359,15.46477954,21.42976594,24.10418236,21.55292551,24.43132924,18.94044969,24.00902073,20.38157086,20.38157086,21.55292551,22.86712829,25.6450664,19.38808218,25.6454164,21.70888011,23.82597865,19.80744211,21.95672739,25.64537629,21.95672739,21.95672739,21.67750889,21.67750889,21.67750889,15.22000422,29.35584375,28.27856518,26.53449792,29.02357781,22.57219542,25.11861379,20.05459379,18.9022633,21.93104701,18.78234911,25.46831266,24.41542343,14.85231302,16.65279325,23.79825937,17.17652995,13.83160452,21.55292551,21.78770683
5763,1844,104.1007334,30.62658897,1002,104.0995887,30.62730653,135.5061889,,14.78249333,14.78249333,23.18822484,20.80820176,20.60456522,22.14354426,24.72072365,24.20954243,18.03687371,33.03536884,19.39651213,15.99417312,25.10665363,54.11657623,65.04297067,28.92226956,22.04068191,20.73771234,42.11415368,21.92459686,18.35890301,12.25684121,58.77376868,21.43390493,19.95183149,25.91927103,20.98160344,38.80845505,23.96572243,24.57542972,32.68490989,24.01882226,24.26976518,33.08872055,52.73754379,24.78951695,25.60746877,28.32881998,21.76894556,34.43451388,36.95623334,22.32596247,34.59732483,19.68348138,45.73333874,28.82258671,27.717175,30.00444573,20.36836242,22.90245446
5764,1844,104.1007334,30.62658897,1716,104.1022894,30.62560224,184.9290569,,24.51195158,34.73827703,18.02557594,18.83675115,30.12419026,35.79272069,27.51010764,25.67138579,26.82651194,17.96073574,23.98215435,23.80493223,25.98534757,22.41564326,27.6764575,18.94010256,17.87233838,28.88262928,26.77436577,24.8412166,32.18749097,20.35916223,16.00347608,29.77058043,19.58895432,24.36393796,20.33842989,35.53796824,30.48281158,16.84008275,15.80402623,75.99824256,25.95495535,23.60796471,24.38624926,32.99849342,19.79419043,29.48381775,17.38236566,21.75635964,20.57943137,29.27636785,24.01242939,16.82589566,31.83476891,31.03704451,34.40540593,18.56510331,21.60339442,44.38297366
5765,1845,104.0180527,30.63718421,952,104.0160584,30.63558542,260.6296374,,34.94475585,46.10647148,32.97949718,41.06199977,34.3268303,29.78624427,41.24249207,33.03755967,37.30682682,24.72376007,32.77378674,32.46597559,42.14561234,28.86974445,26.82678183,43.17178043,34.1187889,38.21860263,21.42161403,33.01334214,26.55471778,35.50258275,37.60116998,40.28130551,32.35402395,37.2674663,59.57248855,34.46342313,26.91013464,32.8902757,31.5753441,36.44505133,36.50628156,36.47564075,21.76952888,36.5411948,26.54219787,29.13871722,30.36461795,44.27526675,47.46711776,39.76057326,46.40816255,46.48840169,46.44824745,34.92307796,22.31311997,39.9034694,28.56215204,31.5914712
5766,1845,104.0180527,30.63718421,1189,104.0196137,30.63832934,196.181938,,22.29692113,18.48835018,28.08170882,24.17155184,19.99306375,23.85324999,37.04134493,30.97609547,26.57591634,25.1224536,26.04305054,24.75915782,25.57447013,21.88241601,34.11859791,43.06432785,26.60094075,27.72345346,25.26851438,22.00171267,23.14817252,29.86278972,24.9575588,26.08857434,33.3401248,27.73434034,30.40925627,28.60986595,23.15590088,26.948798,33.3926703,40.8239871,27.45403214,27.61505286,30.54075575,27.96723644,41.5444104,22.25301227,37.43400936,20.03560218,25.88655726,31.81328724,26.75208245,32.06605315,27.29136254,28.69010907,29.77884652,16.46281997,23.67996569,27.37422391
5767,1845,104.0180527,30.63718421,1761,104.0167328,30.63860797,202.2388926,,25.51798513,28.41671869,22.14378629,29.12604129,26.34716575,29.87972711,26.97700596,26.10313761,28.21938036,28.57592321,35.08722956,29.20301302,29.91035135,22.47966078,25.46178057,30.2069143,29.01491689,28.73372246,22.1499348,23.51583382,24.31171911,25.44386138,22.171603,26.64171199,27.38097079,27.38097079,30.49266465,26.95686566,28.42047403,29.94543201,27.56219375,26.50958416,26.5573827,26.5334619,26.5573827,23.4843242,28.02386503,24.62782286,38.77816316,23.05431319,29.4165662,28.4132531,30.63903265,28.00230821,27.41361833,24.15326817,25.77203587,21.30387749,25.03537549,29.16128224
5768,1846,104.0759907,30.64984915,579,104.0726028,30.65083318,342.4608015,,94.1113653,60.67218924,94.1113653,68.4921603,49.81248022,41.88648535,62.68773992,50.5270035,54.11464253,53.25524343,112.0780805,47.38451341,44.70929775,54.94023553,54.94023553,71.12647417,52.83680938,49.66767318,93.93210555,44.41134313,57.07680025,58.70756597,58.70756597,85.46682048,47.46328721,74.49298401,93.39840041,39.87253834,62.4232347,114.1536005,40.22378093,89.66246439,44.10944134,65.11578621,44.10944134,86.01341063,116.8586621,61.33626296,41.75643981,40.00191062,35.94340774,63.87869873,38.74477955,47.99450649,161.1580242,51.26232372,40.62138008,49.51240504,101.7210301,75.28909224
5769,1846,104.0759907,30.64984915,1044,104.0751968,30.64830309,187.4754102,,22.29269948,39.93559034,43.01979704,38.44052314,35.66439246,33.02992546,50.11718885,35.65156114,39.68271911,39.31523165,45.22019945,43.00168695,32.48671368,62.78246295,45.28196234,37.84550337,58.47608461,29.47211689,34.39039372,37.81016676,44.91923306,35.63418568,35.98248498,25.61333877,32.70531379,69.57850275,36.81335328,23.84846207,39.01222409,34.5444134,52.31871913,34.5665289,27.35203553,40.2760472,28.71963731,35.33567941,29.73178312,29.76456347,26.96214362,24.409095,38.18452485,24.45331437,31.66474757,32.92251106,37.39121755,38.90446845,38.4564944,36.28556326,31.65626063,31.91070812
5770,1846,104.0759907,30.64984915,1266,104.0769254,30.65164009,217.7648686,,37.62675915,26.13178423,67.17682322,65.65774933,78.3953527,42.36060123,82.52142389,87.80279502,39.99762893,48.52323571,66.57779422,46.79883008,62.46641649,48.27300043,47.38924602,49.15069135,37.63837235,38.61840034,53.3301719,46.38778266,60.0730672,78.65754451,39.34746499,55.20799486,57.8990788,65.20870373,46.73344423,67.6794412,30.98630541,37.91794568,53.69544705,42.83899054,59.39041871,72.25378129,36.66189526,33.35972455,42.37586632,41.64427766,47.13147458,41.47902259,35.3204538,41.64427766,48.54201405,52.7914833,49.77482711,87.10594744,44.99733255,47.00196014,46.11491335,51.23879261
5771,1847,104.0608677,30.67261623,1526,104.0621684,30.67466021,258.5427268,,67.93823478,37.30476218,39.29303711,25.60533195,45.70360012,63.7502614,39.62200078,46.53769082,42.85896315,43.64613442,55.73376147,55.46804627,43.59502653,44.25137005,37.91257908,39.41088848,45.01832244,85.12992226,56.58077912,36.36052998,82.55022763,67.28340844,43.49316899,41.60180946,35.612031,38.98447963,39.07992297,50.95367608,52.70904106,54.58966666,63.17333597,66.3245,49.91462023,47.1131597,89.49555928,47.75478219,72.62058384,46.07653019,71.87288158,68.18709278,47.29897624,56.69566394,60.21048949,55.25840268,60.21048949,64.72557834,55.65045241,56.40932221,53.64575311,59.66370618
5772,1847,104.0608677,30.67261623,1777,104.0625021,30.67187144,176.9975815,,30.05619308,45.2443522,32.56514276,18.90775351,16.29645252,21.3107456,22.60688826,30.6341968,25.45855624,29.36365407,31.38873367,30.60853232,16.4648913,36.97483163,20.13242633,31.38873367,29.86834188,22.01006195,36.62100456,26.29400111,18.27857985,32.02586107,18.1535981,33.9964867,29.59092694,22.75683191,26.33409298,27.61392387,42.69288398,16.79028441,34.25759642,41.25105481,22.83839761,35.63709695,23.04489307,33.18704653,28.83218522,40.45659006,32.41054392,48.54790807,25.59001178,26.81029285,49.58687108,31.80655375,18.52300272,19.48597228,52.21452829,29.63680434,28.50967756,19.36016083
5773,1847,104.0608677,30.67261623,1892,104.0595661,30.67321994,141.5105432,,39.18753504,15.77207293,18.97348065,18.19962925,17.48642868,19.89992014,17.48642868,17.48642868,16.60308383,16.19405422,16.19405422,16.19405422,14.25001274,21.58635405,18.69497084,18.69497084,18.69497084,15.65093565,17.03805871,17.03805871,17.03805871,17.2886184,17.03805871,14.15105432,15.46093947,14.77702554,15.46093947,15.46093947,40.11322484,17.62252945,14.31005493,20.48678105,21.7708528,20.48678105,17.09523341,15.87034129,13.76859339,14.80924289,16.75782748,37.32146194,19.29689225,18.4328523,18.4328523,18.46207766,32.97333045,18.49139584,15.2526334,16.71658591,19.00887894,19.00887894
5774,1848,104.1230265,30.66673235,1023,104.1288196,30.6700879,668.0776837,,75.92166316,95.53208912,73.96353899,94.31684946,88.4221766,78.315847,71.12463881,123.3374185,175.1271598,78.51398552,78.51398552,74.46067063,74.92460004,161.6316977,131.4251181,111.8641703,74.44626539,210.9719001,74.4570688,74.45977013,89.74177841,347.5548644,74.4607832,74.46061436,74.46069878,74.46065657,74.46067766,100.7451119,102.4855507,102.8361159,74.46067107,72.77094285,74.46067074,81.04733481,97.5032295,81.04733484,290.6440678,84.45763655,104.9565639,163.6108613,89.04404522,89.49133624,107.4895938,81.04733484,95.25067966,74.41459348,89.3770168,90.30513249,188.7817631,89.95483899
5775,1848,104.1230265,30.66673235,1720,104.1197624,30.66763544,328.3410563,,39.92299671,52.11443657,36.92394542,39.41493451,37.7779014,40.30899892,37.83021085,44.08014166,42.77777868,43.95517084,43.32152475,44.98250605,44.42603422,40.23259766,64.57697988,47.47099609,45.90993536,58.29976832,41.70958911,52.30211516,66.82842701,46.19725347,33.09707051,39.98740875,48.17285739,41.26859524,45.84881426,33.11002248,41.40202461,51.68226664,42.64297757,48.27940802,42.97675167,48.11714755,47.80789417,46.74775007,43.17541526,39.46417062,35.60300335,48.05807289,39.12006475,44.63714441,41.7720247,36.69469314,44.69618316,48.09335544,44.3656548,43.07092882,39.57465478,33.74323031
5776,1849,104.0068929,30.64748892,712,104.0085096,30.64330149,489.2733294,,59.35582092,84.65648475,66.71909037,71.60097503,66.71909037,61.80294687,61.80294687,78.42897155,73.12982146,56.45461493,51.50245573,69.34582621,57.75029462,71.16702973,64.342794,70.03514854,67.32676865,62.02056288,59.00783872,50.45339234,64.342794,111.4799991,67.90223538,66.66297676,61.47937123,70.45535943,70.45535943,56.75780836,65.60089333,70.45535943,65.60089333,52.03497743,65.14870155,60.19767552,97.85466588,64.21573091,64.21573091,73.39099941,71.02354782,78.63321365,57.09510489,65.47895858,60.73737882,50.18187994,61.69471054,72.16322237,88.06919929,63.73166842,63.73166842,51.15771146
5777,1849,104.0068929,30.64748892,1300,104.0114083,30.64760226,432.8706539,,50.05356598,72.22226952,69.67217677,75.89939175,49.2883823,62.83606266,70.83337973,50.26885013,52.34476193,47.63467458,62.69992759,58.07457221,42.1171447,50.50697234,60.22548228,66.65245312,73.7964177,57.32683093,54.95693254,56.5638604,66.40629349,62.22448132,71.24977452,56.49550529,72.93296508,59.93593669,84.36458221,74.18561754,58.10344348,56.95666499,50.91083426,78.22963625,46.2663371,59.01185002,69.56849795,46.68467208,86.09582067,63.51906335,71.88625928,54.2186496,125.9260084,78.83647658,70.39342085,50.76007668,49.5320826,63.60548384,68.10360706,61.27936901,74.87492392,60.30965034
5778,1849,104.0068929,30.64748892,1743,104.0065655,30.65040297,324.4893922,,40.36844274,50.16261135,41.09628186,37.85052449,46.8670737,43.18527955,39.56517568,29.11669521,24.80173698,36.22207169,25.23027672,41.66426436,42.35731539,46.96127887,39.36186714,25.61758359,47.07956925,49.70901327,34.92262517,38.87393717,19.68259161,34.56100035,28.43626611,38.20643702,40.3510125,45.05927915,35.3185733,22.92761162,29.536329,20.40457313,32.87818215,23.43353685,40.36844274,32.56956724,36.79249801,23.64700024,18.9329305,31.81268551,24.33670442,47.38993152,43.57457801,39.66593589,41.75734806,23.22389288,41.72006471,47.5688373,58.92367273,50.48315983,29.72421913,25.96876944
5779,1849,104.0068929,30.64748892,1819,104.0030692,30.64685288,373.131886,,57.97265771,55.44993972,60.73586086,32.08458892,46.78071407,47.39376778,39.5954249,39.62671243,45.71099714,51.24829634,70.07171568,87.79573788,44.92557825,52.34897855,47.2531552,44.82563257,63.68975296,63.24269254,52.60008966,59.30573023,30.39083234,61.08879791,64.58051873,46.2003367,52.12263596,44.73322325,60.91949159,54.16430603,50.24718665,48.84635599,61.05794498,54.1097599,48.24211137,39.20062615,52.54864703,44.6765451,54.91171604,57.28250702,63.00538413,38.56291262,58.65828776,47.15790512,47.97409963,36.40311083,47.25680878,44.98575987,53.0938652,55.32433236,50.83348305,45.03315865
5780,1850,104.1229471,30.65199995,792,104.1214109,30.65013097,254.1127514,,31.57224866,65.81337446,31.57224866,31.85627063,45.93167723,28.90382006,23.33688533,32.60694314,27.10536015,34.91625592,34.91625592,43.9961617,29.41498087,36.73919297,57.53496258,58.26789204,31.98622046,36.73919297,35.9452222,33.26566927,41.14569289,41.14569289,32.55537029,46.1634603,35.23000918,52.57505201,32.78874212,37.64633354,33.02548394,38.19648873,43.91068345,36.5922362,30.2581887,70.64138263,36.78844122,28.75123526,37.11180142,28.70700503,31.57406483,42.61990906,40.83954933,41.96357363,37.66183224,29.89561781,28.94955396,31.87477021,30.06757289,40.21124857,32.21147553,32.91192396
5781,1850,104.1229471,30.65199995,862,104.120455,30.65309272,267.747214,,59.13435401,52.91253267,43.81318047,49.20316337,50.34463394,48.1293234,49.41177826,46.50739435,47.76402903,51.89178845,42.79200756,45.98163246,46.28523267,45.77690569,46.22665548,47.41608447,55.60903676,55.83721769,45.97249461,58.21596024,48.27180884,61.8274516,52.27877806,54.91700494,54.39943396,50.99665866,53.32263645,52.80006685,50.66092015,53.03869977,48.11430801,45.8995224,45.99077394,48.11430801,47.42386078,50.60896805,55.42251865,51.93839087,45.69101184,43.30467857,41.34648667,42.20260749,40.14117524,44.52147669,39.11957266,39.11957266,40.41467381,48.58163341,44.12342329,46.76001852
5782,1850,104.1229471,30.65199995,897,104.1211221,30.64606656,680.4449547,,140.2443799,176.230348,106.8140336,84.56623141,122.9925608,158.0388282,93.88092482,87.31254071,113.8467159,94.19281276,82.54766089,128.9264125,84.54558086,98.37758381,124.3452709,98.37758381,91.23284309,119.4927725,108.7745043,82.21772972,110.1769942,116.0207531,156.524079,117.7693191,94.33639936,126.4718599,122.1746552,98.14765291,80.80050038,121.686279,115.2753806,96.4410172,81.02321402,108.7101407,107.9357496,108.3894618,76.83820066,107.852585,107.3210005,133.6754072,109.3572249,112.4702404,111.8539652,98.77426762,91.40305362,85.35198038,100.80666,162.8724626,116.9959086,109.7553329
5783,1850,104.1229471,30.65199995,1160,104.1254851,30.65031228,306.8026256,,35.28720294,35.28720294,49.61210341,32.26356725,48.02128053,47.12488329,49.20802293,46.7385116,37.92889602,44.53586501,33.16785142,25.41978026,83.67344335,41.05908744,32.98952963,34.35425979,32.87170989,37.51662541,38.85626921,37.56766844,50.97567039,28.61371638,35.56313783,52.42829677,52.74081398,57.72121583,30.59527568,37.50388632,27.6814399,30.44347994,50.57704796,35.45712527,39.37573804,30.86603034,45.49983158,45.38997749,24.79213136,35.51413029,27.16402981,49.94528563,48.8441991,50.09046123,47.9678381,39.51661725,45.94992664,44.44625562,45.87702813,23.72694849,26.77550187,29.38774596
5784,1850,104.1229471,30.65199995,1220,104.1229835,30.65335278,149.972783,,22.35619125,25.05345795,26.18764844,18.56609418,25.49965256,19.98917332,27.44101747,19.3860689,25.74305248,24.68123515,21.65427662,27.94523907,28.34131332,33.53428688,29.07910334,22.90240975,31.70565546,23.7842299,43.54048539,34.77629751,34.34179129,25.34751262,29.18389291,23.6280971,26.90541621,28.03320558,26.53081173,19.69726446,21.36859451,24.49620133,17.87755029,41.83125145,34.06321885,62.63364487,41.07454075,34.60910377,37.79944123,47.15301474,22.14689242,35.19569875,38.9903752,28.19331691,30.35163466,32.3294622,35.84411743,41.81685172,22.42583671,22.21819007,45.31551718,29.97790221
5785,1851,104.0460036,30.6710722,239,104.0451214,30.66880677,264.9215759,,54.51762334,50.77467649,46.12305342,59.79421149,49.03852978,49.37887363,55.72931569,63.52823802,57.19446316,59.46441128,43.26963374,48.44640135,52.98957207,58.03555822,47.91456683,49.03432767,58.7225835,39.03822068,48.51467605,49.33676782,39.32856384,41.12556514,45.41133353,42.17190684,52.46512901,44.3749326,41.78390682,46.33446187,48.49137935,45.53559184,43.37192603,41.75341874,46.32508431,48.95043662,59.98898089,58.68484658,66.33004852,66.36629362,69.44546166,76.11030933,67.69381235,41.13068133,41.19137662,40.50294034,42.23104089,81.51433105,54.76639634,60.96639719,66.82509678,45.46925737
5786,1851,104.0460036,30.6710722,1460,104.0497155,30.6693854,401.7579184,,97.42109107,87.86928957,90.3578825,76.49640757,83.45807884,74.17069263,76.32340402,72.86289704,80.7722726,83.69956633,105.1875277,121.8816157,66.98180314,72.84878181,63.25051776,71.67138287,72.49766949,77.44730957,63.4354608,65.79498156,78.46266762,70.98410819,78.46266762,56.14629294,77.16691727,62.72023011,74.74565924,68.08031673,88.55072489,77.27489792,65.32859846,62.57776122,85.32911541,72.28630603,117.1116199,57.80256301,66.25416886,60.46523856,56.03023167,73.52966478,76.85061138,68.25849821,74.62995388,74.04412149,104.8064135,59.51969161,80.20305951,64.89935604,53.33069713,62.97511637
5787,1851,104.0460036,30.6710722,1649,104.0455126,30.6751396,453.2407947,,90.76680835,60.04293876,71.09659525,191.9608072,42.21647764,48.41741427,56.58960212,66.24347515,85.42758434,117.5270248,81.47224452,101.525938,58.35718387,70.4823698,188.632007,85.72680532,113.3101987,98.98888946,52.86177735,82.19984186,49.5213585,85.65180372,99.69451287,76.305543,95.98040358,101.9154816,64.15466033,44.09910435,105.9523936,67.74417571,74.97607632,127.6734633,96.54833497,87.05539656,98.29318439,112.528749,58.378063,101.9791788,108.6972742,97.12302744,81.24482296,56.45906093,73.57498852,80.22947073,95.2798167,137.3456954,75.02737919,92.70834437,151.0802649,91.80734257
5788,1852,104.1027836,30.63833514,200,104.0988698,30.6401137,423.7185614,,65.46724554,58.47194331,66.7273325,70.33483901,46.58685754,65.93891158,43.17132513,58.85736929,62.00759435,68.50073497,59.74099822,54.56161342,57.65846866,86.99924836,81.24563627,63.96783442,47.11619524,70.05220763,81.31782255,72.53119486,72.73192472,64.91007749,76.46049228,81.42634277,67.79496982,51.76652107,72.88814116,78.92653436,98.2076666,69.8844441,113.8348374,74.92076724,92.44768612,106.6704071,74.26420745,56.3393101,147.7372224,133.9737483,139.5170873,96.54346969,79.93466833,110.5352769,124.0151887,154.0794769,115.5596077,70.55443206,85.80067714,42.25448258,143.0050144,102.3749544
5789,1852,104.1027836,30.63833514,1208,104.1044176,30.64089419,323.9710536,,45.46962156,24.81480411,51.15332425,25.91768429,47.9299641,41.99084763,92.93193569,18.22337177,35.64318075,21.20537805,39.03763412,34.40400569,33.13340321,47.56508128,43.03674513,27.18638212,17.26566681,19.48698067,35.23552245,58.16936623,29.42007406,23.70519904,34.83079557,37.81763272,36.84978809,37.49017114,36.33739488,75.73349305,49.72482596,56.54767481,53.38756253,56.41092106,54.14028847,63.66243411,48.66324587,48.731022,55.59083856,51.72043428,23.32591586,38.53930749,41.48781853,52.30025977,72.47074109,19.42207815,26.81139754,21.89541539,46.93343231,49.14414176,120.8596677,52.16658498
5790,1852,104.1027836,30.63833514,1372,104.100512,30.63473368,454.6575978,,31.44605864,27.34421849,35.22581195,36.07200776,32.03067225,29.89919485,42.49766864,33.87416418,29.02437357,47.53438583,38.28432166,33.31450693,32.73898471,42.01552645,53.74743091,46.56786594,49.59901067,40.06774424,46.90911724,58.08716943,69.32784317,63.72729731,49.20758668,44.92206024,43.69975705,42.56872177,45.87536122,62.47203634,52.31999312,40.89512785,43.74712282,43.80721502,43.81590175,72.32732444,46.73696187,44.18918337,38.07173527,30.72010796,29.79810524,75.98028744,26.31035769,41.34410937,41.16359263,36.74375688,28.936742,30.92251462,55.22269974,72.18060293,63.79974831,61.99006665
5791,1853,104.0148886,30.64035526,1345,104.0110177,30.63872881,412.4430027,,53.46758407,42.27447368,73.87038854,45.77990164,61.06299002,48.31743605,55.55659518,63.01675628,46.50479654,49.53973615,43.41505292,62.73228665,49.44920547,65.90473047,47.04673035,32.36861933,81.09604223,78.57316984,92.92874329,76.67054528,57.84485567,84.82746481,87.3876025,92.05042793,53.21050534,67.22178602,71.17904169,75.71620651,54.14724495,74.93983634,43.68396003,59.83266466,60.0570396,77.59286051,77.37784185,69.81793775,67.68846412,83.78705491,43.97615215,54.38808827,49.66907162,56.2688701,89.4580031,60.80240826,70.39722526,60.11315019,76.01338618,92.02542327,117.5643984,51.85923806
5792,1853,104.0148886,30.64035526,1861,104.0136529,30.64204591,221.6576455,,23.24741511,35.46522328,17.29073724,23.86266519,22.19747523,37.11476855,20.74952699,34.59396779,29.01700087,33.86000808,29.01700087,31.2519918,34.41987882,30.34097049,23.12949344,25.57588217,21.27913397,22.85130366,35.20444957,21.42194695,28.27666633,23.99180769,26.46658454,26.46658454,77.47257513,41.04771213,41.04771213,39.66041371,30.61256485,38.36382326,35.27707886,21.01296969,25.82419171,23.60850662,25.10911025,25.99242749,24.4325635,31.60267421,28.47341744,27.58746841,28.02344245,30.1974465,29.31548581,29.74993098,26.55465969,63.33075586,27.85226959,34.99857561,27.611333,26.20583001
5793,1853,104.0148886,30.64035526,1867,104.0180759,30.64236,377.7116309,,50.17571481,37.06195288,42.71503261,59.46480486,40.22964116,42.22862954,40.97725378,48.85371993,39.90497054,67.55381901,49.8537808,38.31664308,45.42174486,42.22862954,47.46114734,28.38751297,47.46114734,58.66099531,52.47007028,70.09081811,53.93934577,28.62656571,33.39570703,50.92741091,36.52818996,52.97773524,55.20007597,66.11483976,40.12576529,41.33800103,42.62576399,35.15110396,30.86860094,68.41569163,38.62959861,52.3993014,44.47299661,26.14926675,56.46425287,48.86835117,74.64383555,51.62345753,45.02522752,114.0261527,68.90685159,65.46308872,49.16282753,63.93864597,36.01584538,52.25833479
5794,1854,104.0894085,30.62850815,318,104.087302,30.62863419,202.3707534,,18.89843612,27.948902,35.88840947,35.88840947,35.88840947,23.65372442,34.89150921,18.35100031,32.16488796,25.41400159,22.34769056,30.03028492,29.10258505,27.18413105,20.3075878,25.74327605,21.33337371,29.02528734,21.9769144,36.93458617,30.69129909,33.52474948,61.22140439,30.98646657,19.90532001,40.7356364,26.61314017,35.20908798,19.14677299,27.21314293,26.1498461,37.86562953,29.43574595,19.45353037,31.87681793,29.37639969,32.3097648,31.03483682,32.79226011,32.48789554,54.26701767,32.46552186,32.47244628,30.12266976,19.75687355,30.29805214,25.3488883,25.38448475,24.6126592,25.82184028
5795,1854,104.0894085,30.62850815,1527,104.0854983,30.62349813,669.8970705,,78.86296448,79.88173083,93.4342284,80.92716288,80.92716288,92.87404827,80.92716288,86.43833168,103.9122206,100.5087213,109.8451641,112.342987,105.5087886,115.2052287,97.63681999,97.63681999,97.63681999,97.63681999,97.63681999,97.63681999,95.51007738,95.51007738,95.51007738,117.4494864,90.1543721,88.0156735,88.09605311,65.71197422,87.75544976,87.58613383,87.67071005,108.1448186,112.1688118,87.63897483,87.64426245,87.64161856,87.64294048,97.43228379,56.14969625,97.24312314,103.725998,87.64252738,102.8413413,94.63557343,98.56797002,96.56175242,97.05561134,97.30444,97.17986637,97.21097986
5796,1854,104.0894085,30.62850815,1784,104.0915652,30.62800793,214.0077479,,56.23561259,42.96066316,27.2717838,53.76328628,27.92670204,29.66988032,35.65420251,34.33279378,29.63184202,30.21285853,41.02384944,34.39410234,33.70622029,33.70622029,37.74294635,34.78229763,45.31928779,29.68893612,41.54494328,37.12905506,30.29205344,55.03056375,28.06658989,39.40807634,29.33042955,47.70451346,32.02443697,47.07298731,48.30268918,28.6404421,34.08972975,27.28788285,48.60743801,36.48435165,38.95969115,71.66771092,30.41225259,30.10790722,32.52122805,52.58893464,45.99569507,40.65582546,41.80292417,31.96796234,32.00115856,26.42977333,42.09988483,24.47659638,31.27582784,41.30980657
5797,1855,104.0153204,30.64277065,812,104.0143642,30.64454912,217.3714357,,37.89067515,31.39567376,30.08312037,29.09060106,37.44196979,33.41795737,42.37565894,32.36968639,33.82725513,27.3997608,29.12217715,25.5470204,27.67899789,31.75800811,22.61668117,22.53770151,26.35544772,25.90753744,62.60297348,18.81664367,26.44451146,25.42149496,25.33654107,24.99120698,26.76484544,27.83591529,33.82116342,27.83591529,29.19007157,29.02765386,36.98482089,30.24298236,25.56614763,29.74295585,29.05459784,64.14239086,25.55223407,28.39137119,27.98732142,24.72080772,27.50570012,22.26279285,28.78738818,36.50319153,22.56776261,23.83059516,28.82273181,21.32253865,35.52949687,24.49255614
5798,1855,104.0153204,30.64277065,1861,104.0136529,30.64204591,178.8512672,,48.41086932,48.41086932,48.41086932,48.41086932,48.41086932,48.41086932,48.41086932,48.41086932,48.41086932,48.41086932,48.41086932,59.0701433,53.65538016,53.65538016,53.65538016,53.65538016,53.65538016,53.65538016,53.65538016,53.65538016,53.65538016,53.65538016,53.65538016,53.65538016,53.65538016,53.65538016,53.65538016,53.65538016,53.65538016,42.35951065,47.34298249,44.7128168,47.34298249,47.34298249,55.74584952,51.20195323,51.20195323,51.20195323,42.08265111,46.1965605,46.1965605,55.34652396,50.35929439,52.73525974,51.51989828,52.12049491,51.9690368,51.89363736,51.93130971,51.9218865
5799,1856,104.0877571,30.6732325,172,104.0873989,30.672681,70.09905097,,7.331380305,7.774939176,7.241964065,6.884859571,6.801647579,6.969863583,6.386202148,7.705544534,7.128717048,7.557849161,6.958361677,8.143202835,6.843052881,8.052368509,7.502493022,8.256840992,20.1080943,10.10572945,10.67046865,9.13287735,7.280917008,11.84772692,9.966127416,8.773778833,8.322816219,10.34248293,9.994320138,9.028858086,10.34248293,8.049651786,8.175699248,7.328845601,8.454865014,9.641130219,8.980661334,7.335947195,10.02741391,7.985967832,7.856680682,9.979827978,8.231255782,10.6893011,10.55896073,8.4460726,14.66523322,8.591907026,7.335947195,7.886143234,7.566914048,7.335947195
5800,1856,104.0877571,30.6732325,615,104.092995,30.67384099,506.2930459,,113.561057,64.6331548,113.561057,145.2314713,98.16813096,60.9001659,55.31578043,57.6789546,44.13208148,73.05230322,66.72318359,104.0031364,69.69999867,80.13627108,78.60035786,68.19611992,63.72300548,110.6129109,227.8318707,111.2608469,62.13596473,131.1262565,62.55741483,94.92994611,141.2910826,80.29317027,77.72515843,81.84350989,69.0399608,94.4380811,76.23513275,59.48289252,84.57795662,84.80752066,70.54300785,65.4013892,70.66693995,86.79309358,86.02607047,74.11763592,86.03796743,76.72911696,73.85186306,64.69036438,105.8145118,68.42894851,63.99024413,63.33244413,59.0971618,139.1339668
5801,1856,104.0877571,30.6732325,1412,104.0851123,30.67463565,297.2870218,,40.35950895,41.87141152,38.95298557,37.77738364,41.40167422,22.41326238,29.02983576,42.90945319,49.43340778,23.75656556,26.66694216,50.08037568,36.23814713,42.80933114,50.51939305,39.32615722,44.99929693,50.12802241,24.6172117,73.80919162,45.99856497,50.54881924,50.54899243,25.03469657,29.42896274,52.39820213,47.56592349,37.68427037,50.24569383,50.84243603,50.84243603,50.84243603,62.0425089,50.60204626,50.96348945,50.36391899,45.61463094,57.53942357,36.40249247,57.95487067,55.11838641,54.05218578,55.11838641,49.38084084,76.5363489,44.98338147,46.53188167,46.04163126,39.4920029,43.87456673
5802,1856,104.0877571,30.6732325,1467,104.0895768,30.6755439,309.8606787,,44.28777939,48.92537032,36.26457878,34.77239537,39.93907781,33.00291252,47.52419404,32.085286,39.87483265,28.83666808,35.14658207,33.74333582,36.45419749,30.42268482,57.43413038,39.93907781,47.79101194,57.63195171,57.54555463,41.28417629,46.83495563,41.41162645,23.48417775,66.53072225,55.12523192,41.11678744,39.19530721,26.02926105,36.10757656,49.9476915,36.75851636,33.05792757,48.71172242,47.1941649,42.95174729,50.65842159,37.55887015,54.64303082,47.71165284,42.19379455,43.57415794,45.33010945,24.48953772,40.00592146,32.59785048,32.73176183,31.6184366,29.92216854,31.57071066,50.7044747
5803,1857,104.0243735,30.63001075,966,104.0225494,30.63101898,207.4835165,,45.17786247,45.16647978,51.24807269,54.75435498,33.82372798,42.56072133,48.92624405,26.88892263,40.0862608,33.0382894,30.24051253,36.79510637,35.83676913,31.45013303,77.67147238,62.18747396,46.06006121,49.93872602,62.3489699,47.7727284,43.80883633,34.29479612,40.74221779,40.59460105,61.83283604,22.2967361,33.37536458,35.56860283,28.31465729,43.68074032,37.81978022,22.87720243,29.20271909,35.85315166,38.20668335,32.16106176,48.18971996,33.1789299,26.89071935,30.59142632,28.37650905,32.97751256,38.87784824,31.85248014,28.20417846,32.45999969,46.39382978,28.08047592,39.20948343,57.83832542
5804,1857,104.0243735,30.63001075,1315,104.028974,30.63497769,705.3001686,,86.36328595,103.8832843,119.0659136,116.4715875,189.4836274,142.4449148,137.9935112,114.0305662,93.57790936,93.57790936,93.57790936,93.57790936,89.59578703,100.1939075,118.4272671,241.8172007,145.9241728,98.41397701,108.1610482,108.0541941,172.7265719,157.70687,149.211397,149.211397,116.0694928,101.7463677,113.9233101,106.2376823,90.49292334,121.4144941,92.49838277,82.97649042,212.9208056,164.1646944,169.8381677,91.62045993,92.74395565,96.29888521,109.207768,136.1437323,112.255567,99.10541011,115.6756541,141.0600337,133.2850712,204.7645651,124.7705458,124.7705458,196.0680005,115.4127549
5805,1857,104.0243735,30.63001075,1565,104.0231128,30.62783926,269.2993226,,36.67632641,37.31369201,110.9242061,41.51938164,57.12409874,101.6934505,61.35933933,32.57653096,56.20159776,47.99393868,96.94775614,47.81640253,36.26248593,39.14445066,48.53454625,63.11702873,34.50098083,60.2159976,41.29829867,51.56795539,49.97307017,56.52930387,46.27577859,49.12893048,43.35282555,41.923354,30.87508157,38.70169906,218.6791492,74.00592071,59.84429391,46.60949814,54.61845416,36.2195851,54.16075762,62.68173887,28.96845303,35.70819747,34.49075226,50.36247072,33.31538012,84.30239664,44.16754266,47.52340987,67.32483065,44.84170034,44.2683818,31.12287516,55.55745337,40.69160803
5806,1858,104.0835351,30.67433953,855,104.0843515,30.67489765,99.71412546,,17.17563884,15.97793108,19.32548327,17.61387888,19.28223017,15.27535539,18.53550008,19.69661737,14.71568954,15.05118875,14.51120168,21.11593245,18.19877575,21.3673126,18.19877575,18.19877575,18.19877575,18.19877575,18.19877575,18.71031989,18.19877575,18.19877575,27.61314244,20.80990444,18.50365215,18.19877575,14.80292172,18.19877575,18.19877575,18.19877575,18.19877575,18.19877575,18.19877575,13.90265326,17.55358688,35.36658637,15.00400634,18.19877575,17.34355075,18.19877575,18.19877575,18.19877575,15.31881302,16.50440697,18.00857116,15.08804023,15.32283331,15.44299165,15.38267784,15.38267784
5807,1858,104.0835351,30.67433953,1536,104.0813226,30.67490618,221.0540974,,25.26332542,24.79111373,29.31746812,31.56871738,38.16761394,27.65576892,32.81627838,29.7957473,43.38726491,40.87111924,34.23263911,38.44419085,36.39998859,64.43682191,29.83142711,29.89461873,31.72076734,30.310492,33.08917882,35.29023284,37.58180641,36.39998859,36.98145806,36.68841957,36.68841957,35.81959875,34.99097522,37.71539103,40.2934051,42.78466401,34.63742114,38.58398791,32.61453896,41.75208555,34.22773121,32.06694764,31.53744058,28.32009789,33.03458784,42.21722815,43.7249863,37.89498813,33.43675423,42.10554236,27.85745918,32.43728604,34.90327854,27.32342491,28.28235453,27.25324488
5808,1858,104.0835351,30.67433953,1840,104.0840318,30.67384238,72.80137814,,10.92841502,9.414853835,8.825895312,8.532337318,10.0064255,8.843018517,8.739806963,7.073818119,9.016684447,7.897346523,7.903548496,9.222255071,8.623284192,10.22479631,10.10093091,10.2727535,13.26210249,9.207973029,10.6718299,11.76792685,11.73057328,12.83417288,11.84099849,12.2175593,10.85237935,15.34904605,11.34592513,12.17678309,13.19662444,12.45650957,15.01919549,12.94246722,12.73882459,9.925508861,12.12503541,11.29068223,11.3846861,10.639058,10.21748832,10.52281516,10.57604905,10.34218985,10.67594071,9.411234582,10.25400188,10.41999152,10.98894211,10.21321855,10.27305385,11.33785418
5809,1859,104.0582534,30.6587772,515,104.0617403,30.65887109,334.255527,,66.79809106,40.82741113,37.78479895,36.06353338,48.67193113,59.78168403,74.92246245,39.26002927,35.49616216,47.2705805,62.51012453,43.80052571,46.76719383,45.48961012,42.41308802,43.5534606,38.17033774,46.49613204,34.44207219,40.22035512,42.07412228,41.16930244,42.73586646,75.40948325,44.85815087,41.85460512,94.50156263,70.0368074,39.6873317,50.51190669,58.38996672,80.22132648,47.56205127,29.38510127,40.30258029,49.90070665,40.24481262,30.41246581,49.03504064,40.51582145,46.10421062,39.65536095,49.67264798,54.8626093,94.25482221,31.25506226,44.20719681,21.85867207,41.12156846,36.94652495
5810,1859,104.0582534,30.6587772,542,104.0581439,30.66070539,213.9587435,,51.45300445,45.98516278,45.72458845,40.60824957,48.78096749,38.89003595,42.91094577,41.10199982,35.95945269,71.65130015,51.89637609,51.38435468,38.48508449,33.13927681,53.5960272,44.30370037,27.97523523,47.74286013,56.01828921,59.01472722,42.20274027,31.49597132,62.74961113,65.27554886,41.41136971,40.5067524,43.18521398,40.01306372,43.32664555,47.25469182,47.64442122,45.60634307,30.33481365,32.78537809,60.29365766,43.24452255,35.78404072,49.16659724,34.45214272,37.91229581,46.56218855,46.28915124,51.77491827,39.76606949,53.79140046,55.81532439,62.54178658,43.6134514,41.77892624,40.4301165
5811,1859,104.0582534,30.6587772,1841,104.0583608,30.65688755,209.6838488,,15.56416197,21.57775672,31.09626594,37.5553162,18.28859735,18.7776581,21.26371424,17.99432314,55.70936204,45.33704839,33.54941581,32.48464145,34.07954202,34.36396915,23.33421501,17.05902499,33.94544601,19.86478568,17.91956927,15.6448053,22.2345171,30.76882564,25.85143341,41.65904281,48.70076488,29.76081662,20.04945168,36.8674899,36.82252955,28.53920059,25.86915201,30.52002112,19.44267497,20.39248597,34.99148931,30.20828373,21.02679264,33.63912013,17.99432314,28.27197961,29.9627622,33.8455645,20.42927891,23.95119584,30.31573718,28.87765324,21.91181003,31.0217201,28.21411183,26.6735638
5812,1860,104.0991842,30.66615627,827,104.0998265,30.66440044,204.0945777,,23.38448376,19.89818496,22.60739938,28.28644773,25.31405615,21.93255163,22.96716475,29.21433319,21.21075288,21.48363976,19.5020698,31.73824966,30.48715683,25.86355458,22.66551608,22.2464775,50.15293377,30.8957889,23.15966839,39.48287873,45.3543506,26.12668636,24.07406552,39.7694441,27.60699602,22.13073734,23.6758479,36.64541046,20.38115062,27.56999924,23.21454912,23.84392065,24.89239344,15.44654127,38.31762606,25.31405615,19.21727497,31.84140757,34.57602258,45.2302621,31.30996362,23.10504653,56.95662633,37.97108422,43.47576803,23.97630282,26.98771275,32.19016341,30.91474669,34.1739758
5813,1860,104.0991842,30.66615627,995,104.0982797,30.66840388,263.744653,,23.23903935,26.18741235,44.05943159,30.68780707,39.00032956,22.49954386,24.73321782,27.92590444,24.53438633,26.93986998,29.09272495,22.08094769,25.46890426,29.137945,37.11809034,32.51646407,28.85959729,40.25118585,38.59677849,22.48622264,41.34168726,33.99095767,24.65383319,33.86165302,27.36255766,37.67780757,34.15398384,20.07358881,27.93412035,37.5019327,26.15649451,19.00862364,24.19059238,53.79494339,22.25097173,41.10306281,20.42992471,35.96517995,17.9316478,33.91002681,28.73482601,19.00862364,35.56107681,27.76259505,27.40204187,33.05416017,36.29910025,33.47170684,37.93370958,21.58728498
5814,1860,104.0991842,30.66615627,1428,104.102687,30.66733134,359.9666165,,94.93625051,59.08957437,66.52360469,51.22054622,42.59959959,55.05011977,63.83644431,71.66155685,84.83664939,66.49326325,44.69736708,46.99473506,56.22038262,43.48589998,41.87010725,50.42333928,94.45188188,59.26279661,61.61076797,55.71964825,58.77005984,36.45231559,43.91324363,40.45410467,59.80983781,51.28811949,37.07810642,91.25914221,73.62953519,63.91515755,50.85870563,76.67927925,52.14808126,51.93907092,61.29989685,37.89122279,34.55679518,57.59465864,59.99443608,93.22876399,88.15508976,60.98257974,58.90362815,58.90362815,56.09869348,51.27120947,41.50135531,57.4669543,63.83644431,48.48294353
5815,1861,104.0136529,30.64204591,25,104.0120406,30.64390586,257.6165547,,25.32376536,28.96376005,22.49653358,29.98123697,19.66955667,31.87008924,31.20523543,60.61565993,38.97890831,43.23214593,42.54218334,31.38475793,23.21450806,36.8673868,33.87834144,28.28936239,36.60377676,29.77269974,45.54546823,26.3097758,21.05379335,34.20319369,26.959872,33.94809781,27.51986934,37.17112613,24.40577887,50.97579317,27.38982862,36.01629503,26.23947304,49.7720714,31.87008924,37.62351306,33.33044373,27.99455446,36.62071459,25.37399718,26.37712164,23.65866319,27.8923187,26.58886459,24.05757709,29.44189197,25.03156807,28.1890455,24.50249926,29.45357989,41.56502395,27.15723563
5816,1861,104.0136529,30.64204591,1359,104.0101395,30.64049511,378.0341955,,40.71572487,52.22602254,44.07848109,48.44579426,48.02854411,63.29874901,105.9084127,58.99955651,54.62755154,54.15051868,49.48811287,97.55721174,45.30118514,49.6374493,39.44704649,47.98671048,45.24216169,45.36410346,45.36410346,40.95788067,50.84373516,45.26351786,45.16337734,45.1384114,50.20004072,45.24664188,50.74521012,58.11771261,44.43830543,54.52382149,49.34073145,83.3218227,44.04281889,44.54284476,47.36391313,44.32974279,44.25766191,53.8979447,52.09358123,47.05006409,45.20588287,50.59193694,70.33194335,56.29076673,45.28862242,55.09810137,55.09810137,52.94937758,47.24695068,46.07051807
5817,1861,104.0136529,30.64204591,1853,104.0148886,30.64035526,221.6576455,,23.1630631,20.20170946,46.25898689,31.79153481,32.81684622,40.64350716,22.54145547,28.96433843,33.13032423,28.72108664,29.25637118,37.72896094,22.21513151,27.23438648,26.95836229,27.64960235,36.90289871,32.97386462,55.41441138,19.39167737,28.04806762,43.88345692,22.54145547,24.74317903,26.16286963,40.03181558,23.46963305,35.42586121,24.7048769,20.73989665,25.01465592,23.29832186,36.9857485,41.7004305,36.71629711,37.52198387,36.37754911,16.60702443,33.13568427,24.42134732,33.48115485,45.42509622,48.07033276,29.37754344,21.71340201,38.41659331,40.85157972,29.71946085,31.54021833,28.06450846
5818,1861,104.0136529,30.64204591,1855,104.0153204,30.64277065,178.8512672,,23.04660624,27.15295991,22.00776114,21.34121849,26.15437072,31.30621856,30.20137547,27.3099491,27.27139129,62.91836112,23.68418957,22.92777846,25.02621533,25.2790209,18.63573262,19.55549163,23.98378005,21.38907273,37.21760474,19.14838846,24.15095881,21.1626419,21.36127935,20.95146022,27.76248232,27.08015612,30.24435732,26.69836985,24.35421511,26.96344352,29.41475898,20.5461368,20.9358481,45.18347803,23.13285851,52.77578376,20.98132992,24.38303666,23.00115281,21.25667091,43.50436229,24.29677592,23.67004087,26.68315632,34.85058522,25.97668312,23.07758286,21.64250628,25.2867771,20.63668468
5819,1862,104.08965,30.66997767,1058,104.0885456,30.66809939,233.5138767,,24.29624151,26.72972833,36.35243053,30.62477071,40.41586328,26.78935488,40.31894274,24.44934434,38.79922874,31.307041,38.03845955,34.66597757,24.84679674,35.82496896,35.82496896,38.26934549,27.02330424,28.82228421,28.38036144,31.3285698,130.8404601,67.7943513,34.08400202,27.83609126,58.66363965,32.58333163,36.97873708,34.10371671,42.78116825,51.41589946,66.26745147,33.04225179,37.33456503,34.88174092,49.91136297,89.90908622,33.32606367,31.54408841,28.91315412,77.70713879,25.56462107,98.89999484,55.3970317,31.61824,65.16666327,52.13333061,40.96734679,32.83788891,41.58202585,94.45505125
5820,1862,104.08965,30.66997767,1692,104.091162,30.66894156,184.8482131,,21.06699065,28.83247691,25.89313491,24.73805082,22.18178557,25.07662671,17.74542846,23.91567178,31.20532554,62.77863841,87.17732321,25.11145536,19.64438575,27.84324549,32.66029777,32.30357122,16.80438301,30.63077409,21.85723869,22.82859579,26.43311091,65.8864918,26.77881558,25.25440483,19.99860457,24.73805082,52.19243664,29.05910774,27.29714009,23.15963691,30.36163773,29.6432348,25.33452667,25.302417,26.77881558,48.13407357,19.62989874,31.65058583,27.10605162,25.96047727,26.1474879,21.02538917,25.46378446,21.96216393,30.30692888,31.89114403,21.96216393,22.84819115,17.65128825,30.49741371
5821,1862,104.08965,30.66997767,1738,104.0868417,30.67168591,328.9752251,,42.67786704,42.67786704,43.17050342,27.64927962,34.57841782,35.51917598,39.67540403,37.95867982,33.54988131,33.98309355,33.17397228,39.7419735,25.25182965,41.81150257,25.83011582,30.60234652,32.6076765,36.94044948,39.28062389,37.0552047,27.2568656,25.48732016,37.63984415,30.61816986,28.69896955,32.56583346,46.90339843,42.3724798,29.50450449,26.83990505,28.85044605,29.43605991,28.99879555,45.24587623,26.2015666,29.54621565,34.54815666,24.59627851,36.87144491,25.54228922,27.63852533,36.28403218,43.97193603,35.88820637,19.07102754,39.08616536,34.37767229,32.29938573,31.2978544,47.46736715
5822,1863,104.0349573,30.67009888,945,104.0381346,30.66861573,345.9457422,,33.98102788,31.76242469,39.21299345,57.34158761,40.77945881,36.51142398,34.22547595,40.09120582,51.85861862,41.71433586,51.37808052,37.06561524,32.56432902,41.81761719,44.92801847,21.52817065,36.68349549,44.63816028,36.46865804,52.46570498,32.13118349,41.83221067,35.62370343,49.87437365,62.65311373,41.2385653,41.04827528,56.86779324,46.19739124,33.56885908,32.94721354,36.12724523,51.13980536,38.26128024,47.26393442,41.02123425,114.2573094,75.75454209,40.50096494,46.4847778,35.61691149,66.624629,57.98926163,48.42399696,34.88528493,44.88843432,29.09824,80.20380422,34.35168353,47.58902071
5823,1863,104.0349573,30.67009888,1363,104.0335172,30.66419865,668.3247262,,90.04375054,90.04375054,89.13747505,57.55906733,77.54936388,73.72734468,60.07413269,101.3573044,107.0509016,48.5074398,87.3309987,102.717889,75.26493266,79.66784816,102.3816602,144.5026435,56.94601217,87.52956851,85.9274648,77.36234773,101.1383518,75.42222615,88.56327659,82.01002179,84.12479071,97.662527,82.8929893,66.00738037,92.42788767,78.00733257,85.12937689,83.31558725,108.1334388,86.49379319,83.20473832,93.30627755,97.63352523,98.87543896,122.3374075,73.35271385,91.13518994,123.0674688,83.25152299,69.68773394,72.25132175,78.21463294,80.0655246,122.1304068,94.35172605,88.13073313
5824,1863,104.0349573,30.67009888,1729,104.0317137,30.67067588,317.2509976,,40.30361152,71.61165477,48.05821971,72.96415276,54.23523189,83.50864968,57.16580997,101.8082618,81.77352681,52.12552805,77.20176367,64.05815889,65.28500689,61.15052177,67.46919804,51.49848922,70.93811126,74.32344411,64.55878472,91.20614307,49.37594509,75.61215456,58.84098874,66.15411784,50.57285276,60.30910053,70.9781893,31.03542368,61.28574272,49.20932042,66.60340415,49.48762079,63.23064866,51.20332287,117.2724737,64.85715364,75.97141408,51.79608124,91.77618148,71.04843492,75.76143226,109.7121606,76.89937426,40.8408941,64.41190505,47.7750026,62.72422471,84.91476516,69.21839948,59.21043964
5825,1864,104.0692409,30.67514299,1643,104.0666797,30.67646893,286.001407,,57.77806202,57.77806202,44.37952867,64.85701198,57.84298119,46.06132973,36.94755018,42.26910976,78.00038373,49.17516729,51.40528721,53.50190061,37.12518264,45.81112637,33.71608891,41.41295991,35.50362294,26.40012988,56.83192631,54.9277901,55.3787714,58.9161369,61.88070115,32.47965505,66.21254439,72.62062771,65.05998076,56.18070446,38.63433641,57.84298119,47.01392992,58.74630671,48.49003448,55.65432785,56.64557511,54.25398842,53.9730845,51.54140735,43.99782979,73.74073878,44.23652267,54.58108805,46.48329865,54.90855238,57.46225758,55.65050893,47.41714992,53.14519249,38.63433641,39.65189315
5826,1864,104.0692409,30.67514299,1800,104.0683853,30.67345172,204.5835141,,89.81715253,60.61733751,50.44525005,28.20175761,38.58910594,35.86853819,38.35940889,39.76606439,52.60718934,37.57656381,30.04045044,37.19700256,37.96395107,30.66623112,45.46300313,30.74303537,32.22022534,33.86209889,38.42134807,33.64983053,34.98815443,34.16504012,33.664479,33.05658217,28.65761287,46.76194608,58.22139532,32.95304925,31.15995948,38.45956401,30.2464333,37.45986569,33.94012215,34.09725235,43.25995012,32.34995537,39.564902,43.25995012,30.01220667,34.1763643,33.37616242,93.82173895,34.09725235,36.48049453,34.09725235,40.65855329,32.53543889,38.01293681,47.023186,37.32266812
5827,1865,104.0581438,30.66240031,542,104.0581439,30.66070539,187.8496967,,54.61040982,32.94805886,36.7713692,28.2953518,24.06615331,38.04550819,52.62715238,16.29182652,42.26618176,23.34946597,20.74016203,25.29646789,32.32595163,40.30682233,34.11620053,14.99465428,20.8079664,44.63755169,18.96939434,20.73353832,52.97067164,17.4405908,45.08392721,32.05968157,31.16400498,20.27003097,25.31450459,16.04682155,18.80673673,21.0327701,31.8990051,22.39267908,24.50213435,18.90544555,17.09883459,48.42999994,13.59587672,20.30807532,21.32860307,17.2867819,13.2081818,13.39126551,17.96172399,14.0719749,19.44436779,18.83073883,19.18464988,27.29051284,15.34336717,13.4981818
5828,1865,104.0581438,30.66240031,1484,104.0580837,30.66598975,397.8612813,,40.07680869,31.20080781,34.18052245,52.1897126,34.5164667,51.41490532,37.86483819,40.24392944,54.12116119,52.61762183,40.87370328,45.13370008,37.4020226,51.26970937,35.01957488,30.01415761,54.52921114,32.03228208,45.79698202,46.92690196,39.59938684,41.27667472,37.5628565,44.75939415,57.76775899,30.39364695,32.40091872,31.23621534,46.97299661,33.35780175,32.61731319,40.88570583,42.87698972,38.98863335,42.11100662,49.34713567,33.77748827,63.80794135,47.42717261,26.60620333,38.37376055,38.84050154,41.61245243,54.12432706,39.19230532,33.93407177,34.66426131,50.05856226,33.10402032,37.00028775
5829,1865,104.0581438,30.66240031,1839,104.0600977,30.66238447,187.2163337,,33.53128365,33.53128365,18.85757755,18.8262235,19.89360624,23.34799542,23.26571914,21.06183754,39.80189772,21.11472138,24.46384034,21.95695784,22.00237273,21.4222905,17.58619612,17.58304376,20.55952461,17.47870335,21.6363032,22.07956761,19.35119889,20.12044009,20.12044009,20.71684081,22.17440858,20.53769836,22.18023619,32.05924334,17.90037098,21.57163597,21.58122371,19.12979445,18.99727049,18.68563953,22.76380839,23.95020764,19.71899455,21.97870722,19.81615837,21.85588611,20.08114669,60.71881093,21.99310822,20.45775419,20.45775425,20.31396849,19.77981314,23.69510426,22.00618791,23.9701624
5830,1866,104.0729025,30.66099639,240,104.0704498,30.65744999,457.9463294,,114.9885163,127.7989756,137.7825752,133.0171735,138.8300451,116.9224671,128.5769036,145.2516992,123.8121791,137.4297087,91.58926588,165.5966637,71.913055,89.11388032,107.5866233,138.3930146,120.6297648,89.59819488,66.93517451,116.0990694,101.765851,128.1537757,113.3990911,157.0101701,91.58926588,134.5085352,107.987344,125.6265429,150.7297633,151.526359,93.93770859,167.5602606,113.8091469,92.55336342,92.55336342,133.490428,112.1501215,89.11388032,89.11388032,89.35538135,89.11388032,89.11388032,86.9518347,89.11388032,53.439442,95.84923173,57.44274515,55.26056266,178.2277606,59.30240237
5831,1866,104.0729025,30.66099639,1584,104.0684967,30.6609573,422.153996,,58.31502652,41.62833336,36.76127569,35.6809683,34.23759988,34.54289188,57.48037522,44.32386105,40.23555484,36.5565236,43.75245479,134.3086812,43.99045297,36.99287594,45.57960883,58.74582086,54.04772209,49.36152954,33.85130606,43.52934082,50.54320555,43.18068204,37.21380112,53.96249922,59.25930993,31.91504157,46.84646338,41.43842906,73.27648918,68.88838817,48.13701674,34.10301559,78.56057822,53.55288547,27.08044165,45.45626278,30.82666097,68.48825532,43.32253095,45.77573451,32.02854343,34.14082381,51.62960785,45.65883688,48.23766344,43.10394585,28.48406584,38.77542684,37.42528322,60.26423302
5832,1866,104.0729025,30.66099639,1762,104.0746648,30.66106452,169.0187841,,70.13073588,64.17588638,52.47295347,53.31932775,55.18322115,50.48291647,54.88754327,60.02536255,51.60308009,44.57638262,56.3395947,41.80602032,60.76574131,43.75808036,46.6330183,54.54662687,62.4315635,61.69506948,47.24127506,50.07963973,64.55889897,41.11267721,41.07798297,59.17027128,39.97816181,54.97166552,68.97608679,67.4346044,55.46651073,85.90131145,78.89369501,46.48339364,57.31249192,45.2728886,30.80848723,28.94019609,38.06888152,33.43228696,45.2728886,89.48053276,67.30836535,50.9177927,57.67465619,59.4040915,63.25027264,63.55859569,36.00400135,19.47096393,26.8639127,46.4434958
5833,1867,104.0180759,30.64236,569,104.0195149,30.64076755,223.9757753,,27.45673522,30.02518857,23.30383789,44.79515506,33.78405549,47.63394576,35.00634405,49.83391787,25.65540699,67.94770709,43.67300155,33.71930125,24.57022217,39.23663217,30.17637691,27.80388935,22.33553438,50.71149629,41.54912933,80.79286484,50.25992465,41.45567049,27.90009658,44.48622296,43.2468124,28.11901625,33.263729,23.49054016,42.88897825,51.90854879,42.6056957,30.77529737,30.10408287,36.56747352,34.15132533,38.76503803,35.40341563,46.33981558,61.08430235,25.51622757,19.73837922,25.84335869,27.240297,23.43932532,37.79591209,38.334998,30.95250638,20.43885402,21.21875766,24.92466124
5834,1867,104.0180759,30.64236,1771,104.0221269,30.64526787,504.55078,,43.16499068,66.43615045,48.92613624,48.09486693,84.87770131,56.19127016,62.32940719,66.7225643,61.57229858,49.76391255,163.6380908,69.19553554,62.87781248,62.88688315,63.80735859,47.49955042,77.35151625,72.28611662,84.95710047,41.94879464,56.44446265,36.84346467,63.99469671,46.76577775,32.09156905,59.94662733,52.19490828,45.04359102,157.2625808,58.71927182,75.05714083,46.45480327,39.96441822,63.73273011,55.54687486,84.14048908,80.31169378,57.35945709,41.56482398,59.60937486,63.34052869,58.12424986,73.91181314,57.66294629,48.90637609,41.68064139,63.0688475,42.39922521,48.70846145,51.38282342
5835,1867,104.0180759,30.64236,1853,104.0148886,30.64035526,377.7116309,,59.63867856,69.19907742,81.58571226,29.06038582,42.37668473,42.91726054,38.43849813,51.1573315,34.29412033,26.60982135,60.62632547,31.38515571,63.08469248,44.13020272,43.08497691,95.08824274,32.96963318,34.15261249,39.83677358,51.8828059,38.70657191,56.58739735,66.94212289,42.04582162,36.75032084,55.53286521,31.95680073,34.67516612,52.16477766,30.97407452,34.61054715,47.1657862,26.04907799,29.85207182,28.71118816,38.70289956,41.747075,57.25313142,53.8519553,34.97166375,42.96246039,71.06769363,32.01951031,36.26031657,34.55557487,38.41135229,43.47064806,67.84674616,58.35887859,81.94862764
5836,1867,104.0180759,30.64236,1882,104.0161187,30.64498799,346.428343,,71.22825744,49.77507012,54.22356673,47.85656312,35.08135119,36.19100507,35.62753992,30.28881687,42.04440067,35.79626966,60.83619682,38.40314195,41.23757319,41.23757319,36.04456748,31.97800089,39.90854511,40.76737787,41.6639878,48.15220212,43.56482179,30.07577254,39.74321335,39.74321335,53.06987382,43.2659856,43.2659856,43.2659856,42.00899486,31.08142143,40.82297986,79.18362126,40.5857473,92.04000257,46.30477853,46.59310217,46.44849292,66.69208742,44.30344706,41.41036086,42.808079,42.808079,56.1301619,35.79626966,72.93228274,47.30915218,71.98511023,57.94319375,62.20159775,35.09780586
5837,1868,104.0794294,30.64077101,1548,104.0803326,30.6422981,190.094371,,34.43218795,35.03445746,74.22339866,37.14191238,32.07842511,35.82930553,57.50754081,69.30022639,58.61582318,45.66614059,38.88293952,50.4117669,41.0398642,50.3455402,53.23299584,68.09350603,42.71487358,48.79427705,31.96355608,39.02151023,27.83000145,25.26112763,30.2161762,28.99744642,32.57015816,30.35817778,26.87637646,33.32147221,52.33955913,68.26331527,51.5316066,63.51180841,36.72664056,35.41214673,31.35452215,31.35280631,28.85897982,35.73575643,25.98274967,47.68918018,37.94859902,38.99371713,27.54773043,46.71260994,29.83497485,53.46404184,42.1132145,76.0377484,30.93060952,52.10708648
5838,1868,104.0794294,30.64077101,1581,104.0816524,30.63985968,235.7656418,,45.96153305,37.01113176,45.96153305,39.42893095,26.55735009,35.57607924,45.18867619,47.15312836,35.34490339,39.91017133,62.29404114,62.17994949,56.64669482,56.44264741,52.0747426,53.54929404,51.25340039,45.38803799,50.51243943,47.08772874,32.77051392,56.08521877,62.56189019,93.01439019,50.07411861,62.23694302,42.01763913,63.9766063,45.00298571,63.60703029,76.34989297,59.80666896,70.04866384,33.77014498,72.95899519,88.41211568,67.54028994,39.29427363,63.0459655,96.44958074,33.41560277,43.75032528,68.4604132,78.00172871,37.8275793,65.98688517,58.00157021,52.39236484,48.15638641,58.93117934
5839,1868,104.0794294,30.64077101,1872,104.0760703,30.64193675,346.864784,,119.0060253,71.55949699,75.02031976,61.0319268,78.83290545,64.03657551,70.66854683,64.03657551,73.99782059,76.84389061,83.95993551,108.207385,114.5608461,99.3670999,91.76895071,69.43633122,55.84585073,48.21286573,80.26623099,57.87778551,76.84389061,65.82568384,90.95725865,71.15175056,71.15175056,83.43295471,154.9271988,100.8382145,139.5210304,161.1242868,103.6276533,101.4526654,99.3670999,67.86484904,76.45182996,76.45182996,76.45182996,76.45182996,67.3614685,71.61935078,69.42518641,69.92794044,70.21538468,69.92794044,91.48082215,67.61984958,76.75532677,75.04286192,76.75532677,114.4208817
5840,1869,104.0192811,30.67648682,111,104.0217392,30.67914647,377.2787873,,32.70462009,29.10436359,30.47577339,38.48329149,47.69345575,39.85339302,44.50694596,36.81675697,38.15178748,35.12163074,34.65357702,33.84931176,32.29424402,33.35548628,40.39868038,44.38573968,34.96919759,35.47546806,39.52862731,34.81633709,34.74653982,39.77558476,35.25512354,39.63243753,34.0316621,38.39444903,33.20283904,33.15179731,35.36280241,36.64453822,43.58804988,44.6483772,38.62190429,35.53181515,35.00524831,40.11759996,43.09021682,43.2189867,81.75383033,45.40588832,37.72787873,35.16059704,33.35353601,29.86375625,37.31328666,36.96798134,36.95405452,36.82639917,32.43748018,37.12387911
5841,1869,104.0192811,30.67648682,686,104.0189197,30.67281507,408.4159668,,78.17192486,82.73112089,65.43468221,83.19299212,89.29627302,68.35516181,76.65192504,64.94964022,106.2353671,70.01416574,85.44929176,78.99971112,72.82942067,97.88931295,77.15396958,79.6341281,90.59134199,67.32318143,72.33342802,76.18121661,88.99656882,85.79745738,122.0726691,87.0427714,92.41223262,85.71080769,91.24889921,88.20856373,92.31027082,77.11350421,78.40356701,85.40601984,68.49211865,60.33722425,58.57758886,72.59533315,51.15349088,52.71982998,67.69622251,87.51770717,66.81955465,89.62014045,102.2583673,80.22319271,69.5935454,70.75899728,83.66472636,87.77895406,56.40527418,56.28347246
5842,1869,104.0192811,30.67648682,1225,104.0172991,30.67702217,198.9224164,,20.69713003,39.27535827,46.35085431,31.88072116,45.18111666,30.60344868,26.8461368,31.45478912,41.71576887,46.10219094,45.03903768,43.22660154,70.38041268,36.19818193,29.65303102,31.59356025,33.52624996,41.51424342,44.59032995,37.45401146,35.16428672,35.16428672,49.33528927,45.0957619,42.37400586,55.37015716,48.57407843,40.84338588,39.18581116,45.75851112,28.89437025,47.11320388,32.4615152,29.6362968,36.59901357,72.11688812,85.25246417,58.31601784,58.63833769,46.25106776,55.25622678,45.98780544,76.5904491,80.26259392,61.4695879,42.85296737,98.63921474,65.25017759,53.44184321,59.00067551
5843,1869,104.0192811,30.67648682,1475,104.0214793,30.67608461,215.2489947,,39.78928785,39.78928785,33.80136885,34.49733471,41.35537723,37.8690962,43.16971481,42.54333073,39.53552964,31.49985288,37.92315079,24.89626927,38.48823085,39.1856577,45.1935978,38.98849715,29.90338491,31.12033658,26.53754729,39.53552964,46.19352494,49.26679987,30.65861052,43.77945655,44.35220496,47.9599882,32.90430492,37.52524847,36.8705653,36.89982766,31.71472228,36.88519069,31.91500745,35.79198064,39.23525979,40.12408445,37.83827699,38.84192386,44.46126775,48.88936157,31.1516133,35.14269301,29.40783229,28.80655691,61.99171047,37.32641527,46.76501997,37.98511671,27.09427905,45.40408481
5844,1870,104.1043552,30.63040107,1458,104.1024174,30.63033867,185.8481412,,44.30816611,25.31097005,20.834669,21.83950737,21.68027571,28.47035355,23.03109495,26.93722429,26.39263544,32.24029596,21.82881919,33.76925215,33.79057113,31.48486157,28.28978048,30.88888773,24.75682917,28.92161276,41.81583177,26.7087149,22.00833251,23.64145966,24.64662993,21.61723129,35.89341783,29.56052909,29.13995245,29.69485253,37.37727979,32.5573386,26.23738464,23.27141942,38.19524119,45.20630462,25.83217407,24.11002913,27.93541997,46.78694464,25.78240109,49.43743659,31.04655723,32.26945217,32.26945217,27.42021755,34.47987846,31.19129643,34.14626135,35.0806257,28.79712949,27.64683092
5845,1870,104.1043552,30.63040107,1569,104.1069711,30.62829492,342.5584141,,44.54703038,36.64815129,44.54703038,67.75880718,47.84521012,56.31097218,57.46999414,60.21534623,63.89690626,64.90580478,81.45378407,44.84401057,43.54885628,40.30098989,40.59553813,83.04446402,74.43925295,63.89690626,63.56754076,49.78778171,77.80506566,49.79180608,39.52597086,46.89012512,45.64064733,63.45850554,49.79318961,61.97036637,74.28977655,49.7262214,65.33564454,61.35374581,52.36561744,52.36561744,44.12201398,52.36561744,41.05227333,44.73556072,43.66118926,44.3600824,43.66118926,52.70129448,48.86420171,43.11924094,47.47110466,36.63471266,62.75879342,64.27752817,53.20147933,173.6915902
5846,1871,104.0367784,30.63796107,1767,104.0392578,30.63682457,268.9371816,,63.69564827,51.32797104,63.69564827,39.23703561,46.89439454,54.23943158,37.0474689,46.10351685,39.57113843,36.32922528,36.3975133,42.21688316,59.35670766,40.79384216,64.54492358,44.20457016,38.59829318,60.51086586,35.4859079,47.98879077,34.15075322,43.22204704,43.11511471,48.74380636,42.74498251,51.11625692,33.93132665,83.46326326,52.24899373,47.10034963,56.11178926,55.48274234,44.04126705,29.54752351,39.51730015,40.56594359,50.2425456,61.0835239,35.27045005,51.91280717,40.93758367,45.66857801,54.14842583,44.44076705,47.22799287,47.90994269,69.32032364,39.47165267,65.30683668,43.10978199
5847,1871,104.0367784,30.63796107,1893,104.03647,30.63980432,206.4148079,,34.17473233,36.78679745,28.04125692,28.04125692,28.04125692,41.98267279,40.49554814,40.49554814,40.49554814,55.97689706,40.49554814,40.49554814,21.72787452,23.51561103,57.60413244,40.82930266,40.82930266,40.82930266,40.82930266,58.74255403,49.29308845,49.29308845,49.29308845,49.29308845,47.03122205,47.03122205,31.42043587,37.67266456,34.2636684,37.67266456,37.67266456,70.10314231,37.67266456,37.67266456,30.08474933,37.67266456,43.25339397,37.67266456,37.67266456,28.41657011,37.67266456,49.99786768,59.77623396,54.45153623,56.9897804,55.69175214,55.69175214,55.69175214,37.39506225,40.74129783
5848,1872,104.0760703,30.64193675,1261,104.076704,30.64358527,192.5309698,,68.51184426,45.98844018,38.26702505,33.87641697,48.86802525,29.12233157,39.22532492,31.94062172,25.58955927,42.65301485,22.3584352,23.10371638,26.65813428,42.00675705,51.62841648,40.37542667,30.99783056,30.00482646,36.54366386,33.81031665,57.84693782,36.53724256,36.52761482,30.89650036,39.49353227,40.41466421,62.85300306,24.88730669,43.97915554,27.948044,49.64982029,48.8106684,48.8106684,36.00579175,38.34641722,37.13926276,38.34641722,31.7941051,35.11203097,31.39802905,43.59191769,38.81424351,38.97379247,38.81424351,40.14159215,37.53311324,37.66910279,70.48591437,42.60385655,38.72131236
5849,1872,104.0760703,30.64193675,1868,104.0794294,30.64077101,346.864784,,83.56589444,100.9421054,96.31417064,69.70859077,39.6416896,88.75005134,83.15515353,110.9967309,64.50520306,73.35782639,110.3103553,100.9158271,88.73064714,97.3304186,87.84917145,67.31607668,87.80014846,79.94322807,69.52746227,71.20246457,50.80200254,71.35504128,109.0579234,114.5608461,62.43566112,98.5826228,59.22750463,103.3893192,121.8569657,100.8042965,117.8031342,74.55004313,99.104224,60.36597068,57.21252815,57.20939726,86.11815327,67.57918822,86.11815327,64.11877907,53.13673287,64.36666095,142.4387706,85.23639743,55.31398549,97.08168882,96.30179091,85.33347763,63.54774669,93.32684771
5850,1873,104.0163373,30.66013517,73,104.0135237,30.65990556,270.7760379,,33.65225787,33.84700474,41.83664105,35.4986794,34.69016856,32.71119921,39.89606016,27.45897849,34.57481663,34.57481663,43.53917433,34.57481663,30.51369017,32.06558344,35.19110962,36.7846693,32.90998435,41.65785198,47.04602975,43.05626044,49.58979763,40.16455445,36.45792376,48.25711567,52.35197296,41.79180006,41.70240584,35.83800502,39.51532755,41.70240584,37.56430584,45.55110918,43.51757752,45.76496415,36.41819687,42.95822562,31.52122026,44.07507474,42.84807633,46.39113558,39.04380786,39.95056297,44.04188569,24.12855783,33.00655993,34.32372311,32.57456095,33.17236827,38.68229113,38.86737386
5851,1873,104.0163373,30.66013517,744,104.0194321,30.65955788,303.3538764,,37.06133331,40.22371842,40.64791395,38.45330828,29.19983837,23.89658545,40.22371842,40.22371842,51.94168633,40.05161204,62.90748589,73.54033367,43.57837011,36.40246517,44.16881517,46.71974139,32.21457095,45.78926436,29.33711095,53.07771349,26.085218,27.6474419,26.5761942,29.12500599,43.01620699,33.24426043,33.73201406,51.94168633,64.23964441,35.3136283,67.62067833,47.89798048,35.13963455,35.286885,78.42541867,46.14396992,35.23152169,97.33279457,35.23612866,35.2384326,68.81373378,86.67253611,56.11890828,57.78169074,79.32740592,33.67134497,42.78448404,42.49315,27.19984944,28.29207137
5852,1874,104.1347948,30.67503343,214,104.1275404,30.67140374,802.9901462,,68.50152906,92.28298568,66.94683942,65.23955149,72.61340083,74.92556501,83.12766431,84.79228079,92.2724655,80.37343446,67.65187284,66.21082287,82.71143137,86.80974554,79.07986668,70.37771214,70.41397573,75.552752,77.15563682,82.1102706,85.16163908,90.09005146,62.31438944,68.96456126,77.55236824,91.53155178,69.89401111,83.57006515,89.80810847,61.90073932,79.74522831,72.45023875,93.45143944,71.64224353,77.60441681,77.66477093,67.249424,98.21397033,81.95583789,88.50784398,65.38711889,79.46026735,74.98740665,67.46241602,62.96247267,70.24944171,70.33490332,92.06256453,93.61717179,87.42749858
5853,1874,104.1347948,30.67503343,426,104.1375902,30.67794134,419.0126428,,32.6503358,50.65297227,43.02673204,53.19149637,48.62592033,47.124196,48.55120609,40.84238757,47.60171678,49.78368033,49.4498604,37.59951429,42.09259425,40.03836799,56.82716463,42.6114552,80.23646351,53.87305407,49.70166438,48.27767915,44.85606881,37.85308693,71.66011943,53.52260843,43.31501835,112.1520828,56.5490352,61.31892334,60.04958257,58.63923731,29.51948168,40.18502868,53.86468998,48.87632285,56.33783433,45.16303934,46.74934444,50.13406401,50.49190005,47.47520502,132.9026885,61.31892334,45.00681248,41.98874082,45.23075005,55.60576957,52.74285014,28.59612349,42.25337574,56.58691638
5854,1874,104.1347948,30.67503343,543,104.1312323,30.66411971,1256.785563,,153.1530421,173.3147833,165.5076708,145.9492912,151.9284092,133.7994389,133.7994389,134.1498723,138.1018182,452.4428027,443.5713752,301.6285351,127.5384927,150.2419174,144.2738529,138.1354103,160.2986015,150.7685801,182.6207074,150.7685801,139.0705336,145.4119918,164.3488813,126.8531222,251.3571126,169.3522956,155.8132769,152.5945372,192.7954843,193.4549664,164.0474266,144.6164209,148.9412189,186.6224502,139.9493802,194.9742175,177.3821756,163.3367519,167.757806,165.5177621,167.757806,169.4542332,135.6904375,141.3252842,158.5293632,113.3941861,138.8429222,145.3580732,166.034056,126.4513143
5855,1874,104.1347948,30.67503343,697,104.1441848,30.66940351,1094.768275,,146.756525,150.9720766,142.7699978,127.1343803,131.1536037,104.9959401,100.2841168,103.2491038,122.1120307,100.2841168,103.7148892,132.6991848,105.6471194,122.2066912,121.923149,120.3278182,121.9939111,122.029323,382.6374553,130.5454054,121.1423911,122.0171478,122.0177012,97.53429494,109.464158,144.9162926,122.0175282,122.0175109,122.0175196,122.0175153,139.6120409,122.0175163,122.0175169,111.9535783,101.9970443,122.0175167,122.0175167,122.0175167,127.9331304,126.5037167,128.3767358,117.4276585,114.0713687,112.6047369,117.8578286,80.76159406,120.944122,104.1062661,103.4998618,96.53267354
5856,1874,104.1347948,30.67503343,915,104.1241629,30.68298904,1347.101366,,310.869546,368.7882067,268.6739567,118.2532289,123.9241461,88.01388235,157.3512303,88.86055735,131.5433522,128.9172847,126.560413,111.8700096,173.8195311,276.3284853,113.8061582,141.1622495,199.5705727,152.0637027,204.6229923,169.2692816,232.4536809,119.8163043,179.4805669,227.6791041,128.9777904,271.6843091,142.0266616,91.32890617,159.0021284,228.459161,117.0685556,132.9862409,88.81987029,123.6683221,239.9078052,146.601116,295.1053703,173.1987471,117.7436095,119.5946959,149.3486776,101.7899683,136.4153282,146.7512661,115.4383461,176.7978461,140.4043115,132.6628701,125.577246,161.8679879
5857,1875,104.0387774,30.64694972,931,104.0350085,30.64701254,361.2263483,,58.65063235,58.39822208,99.64864781,68.9875254,83.59809773,62.97408493,106.1563146,58.22753078,63.22924734,116.5246285,58.20242012,49.8243239,68.21848414,71.1164373,76.04765227,73.88720761,58.40342823,58.93939643,59.85067112,67.82849313,59.85115769,62.34865737,58.40185249,66.74498823,58.40186164,58.40186623,138.3420057,165.6579432,58.31456744,58.40186479,66.61961342,58.93118672,51.19743519,74.5223412,58.40186469,82.93462078,72.24526966,58.40186469,117.1544913,126.2538693,58.40186469,70.82869575,58.40186469,76.07382145,65.11376236,68.9875254,84.85578166,65.11376236,65.11376236,62.22080641
5858,1875,104.0387774,30.64694972,1335,104.0387773,30.64862074,185.2001801,,74.02132496,58.82829252,81.02507879,41.81939551,38.65047237,50.25532524,59.00182729,34.95913512,67.04921668,32.342651,74.9124324,49.10381206,31.79402233,62.31034097,58.67298169,50.25532524,92.03199134,48.88532672,61.8766263,46.60571521,52.72834655,48.16542612,58.11352721,48.59752413,60.23188623,56.04264344,42.75677524,71.30702121,33.50355017,69.96019395,35.74172549,36.97157016,54.57806238,45.82272497,65.1165039,34.16033619,86.89487123,27.79933211,35.22187004,53.25519221,38.44001177,29.06074914,45.98073437,49.86158696,36.90335691,37.82124405,47.76656228,36.26109399,32.5952317,47.3885644
5859,1875,104.0387774,30.64694972,1523,104.0388748,30.64572827,135.6962011,,22.46522529,23.51131387,24.33130886,22.62067135,23.23454573,26.68912599,23.09722572,19.09293281,30.58740354,18.28828895,22.11665869,27.26039754,26.19336858,18.09282681,18.21086017,22.59862964,21.2229437,24.14589351,26.51323332,21.86809444,17.40521344,16.90333301,23.58171378,23.65648058,35.35417579,28.03583052,41.63406171,25.61270233,19.68512229,20.27838622,29.94674783,24.34973058,17.05083155,23.79943678,35.29669971,18.05938351,23.84372377,25.87052372,22.80076191,25.94987113,21.9553404,28.82043209,24.74094024,42.24919559,69.16903702,29.20191518,43.7729681,30.55551674,11.77123672,25.88032634
5860,1876,104.1079039,30.64564358,42,104.110012,30.64971387,494.2698699,,41.53713002,89.99120391,111.4687503,101.6319129,89.83595826,138.069566,67.8502014,94.06369329,84.1973911,81.31735293,104.5663975,136.9226082,132.7458489,117.5974805,147.3599612,94.87170486,76.32514962,100.878781,145.5637706,149.7667422,125.4008127,141.6187868,142.4922147,151.3188005,102.4358823,163.3521407,179.7344981,161.7202099,194.8013876,163.6367263,122.5743879,123.2998896,158.9640273,140.8473508,111.9528323,124.0725521,100.5294651,178.7256487,104.405706,135.4516019,136.6120178,178.9597805,123.5674675,165.4921439,124.0844862,140.3591742,118.8823472,121.9304385,140.9093162,81.83108732
5861,1876,104.1079039,30.64564358,597,104.103721,30.64768079,460.0505267,,54.03146612,31.99836219,33.165849,47.99708871,47.55044204,65.33261918,41.26013692,46.178221,46.20926026,41.05387885,53.57335155,49.88499687,36.10659844,61.03864483,41.56288219,44.57887041,89.01684872,40.32442878,51.77590922,32.18317406,42.68510042,60.7454717,47.41326723,51.91792778,40.98445672,34.7263946,41.13558397,35.98048873,38.29599008,43.38931541,62.82183276,50.14017642,40.36186587,50.83147561,38.20488803,46.87307254,44.76167287,37.0273819,47.14334279,67.89485773,38.91666087,41.60564133,44.6560673,39.34591303,58.47464599,40.75919351,41.19855463,37.30581627,38.83193191,43.8445944
5862,1876,104.1079039,30.64564358,848,104.1118232,30.64369174,433.4131552,,33.80381155,29.33790082,40.15786115,38.42599086,46.85547624,29.0076146,35.30394703,34.61012492,37.09502381,35.26073127,45.06738104,31.81967982,29.53225285,33.18131141,34.33318853,37.05441623,34.31088199,27.86227426,37.45923612,32.81047782,36.52785576,32.61167262,38.30492698,33.74810437,29.93069938,33.31574432,38.86683153,31.59952588,32.7463867,32.91311502,39.09269925,33.04915563,33.66678949,34.86975359,35.48004962,32.79637118,29.67864594,29.91348464,38.5256138,29.24807596,36.73621778,37.22355527,34.88691858,47.12079604,51.26200768,34.14588783,33.43234109,31.67249981,33.42062301,34.0599729
5863,1876,104.1079039,30.64564358,1208,104.1044176,30.64089419,623.444819,,69.59384026,49.56597174,88.53654234,83.43499436,55.23094122,45.82749052,149.6267566,62.86838511,62.00003725,72.63434784,94.10487834,49.42359199,48.61694679,60.39927012,57.25513644,55.7961802,47.77015996,55.34411075,45.69918755,53.7259449,55.04356465,56.534039,54.45558699,72.28345728,49.60806138,75.69650416,51.19917911,51.0588542,62.7311059,68.08093068,73.46649258,80.92793325,61.28987981,72.63434784,101.5566221,144.1799581,96.18862923,60.25133488,83.98134138,74.16443943,80.08568594,277.0865862,52.8163476,43.35611104,63.34152442,111.1089776,58.37519996,60.79093576,106.0824405,153.7261198
5864,1877,104.0472428,30.62601943,1227,104.0457184,30.62164438,506.4234417,,149.0292417,114.3024696,72.50204701,125.0857214,68.3220233,75.12015344,95.95391527,80.88652026,83.41909815,94.46240363,78.5265351,158.5325557,87.7909016,90.85337491,76.92507975,144.6924119,61.94080601,63.95437519,105.230845,89.26536008,90.11984133,84.99414406,123.1840804,123.1840804,114.4220329,58.92927322,98.54726433,85.18111892,164.2454406,49.27363217,70.78785652,104.1785366,112.5385426,94.84325088,102.6534003,75.19448177,219.653541,87.10579981,77.93905479,129.2996021,72.06025257,62.65032268,78.75267344,83.78328999,89.37614464,93.97548403,114.6619113,95.70859711,73.04184255,88.35820955
5865,1877,104.0472428,30.62601943,1350,104.0457096,30.62679263,170.1116038,,16.09465897,21.25165206,23.45318594,22.69205275,23.77489901,25.30585842,29.16198922,19.27279842,21.67346355,19.28824484,18.90128931,19.77296799,21.48778153,19.7389774,46.92733898,21.27872737,30.05652877,18.78533048,23.54485866,28.33553609,36.23679134,29.975613,19.99679261,22.28941851,25.1844458,23.48616582,35.36973941,21.66728634,64.12584018,22.39128971,20.63695952,19.28014819,24.41063373,33.79933901,34.32023951,19.16594654,36.52212041,21.83950046,37.82127403,35.52419716,26.76912902,25.58723927,39.99211549,17.63146031,24.3985428,20.35682277,24.54516127,18.52488587,23.06598018,22.82951626
5866,1877,104.0472428,30.62601943,1884,104.0521159,30.62375978,529.9806573,,40.39550862,35.49891908,46.23591397,49.38172712,48.03023283,47.18572456,57.80061699,68.83397792,67.71936361,62.72119044,48.51698325,47.24332344,37.40373201,44.00095656,36.23455258,34.70226203,45.16405391,37.68670424,41.43733658,40.52241486,37.19396388,35.59571579,37.69017233,33.89684895,46.37750838,44.05740422,33.64956554,43.39756087,40.03001031,31.26331051,33.85856906,37.19452523,35.37708409,38.41167246,35.98301866,38.47064702,34.10063211,33.89265217,33.99329551,38.05965223,44.37047363,30.92269637,39.29016405,41.17094838,37.16414604,47.39807138,34.748309,38.4572163,39.82113992,37.72307725
5867,1878,104.1122815,30.66710581,1420,104.1104751,30.66671904,178.2929619,,21.14697221,18.60686638,21.5206928,23.77239492,22.59057326,23.1664214,19.60797061,21.2391802,23.22930243,20.40531182,19.51638566,19.51311197,18.63649071,19.35253604,20.49554998,19.19329477,19.82305783,15.63150367,17.68042456,19.58210931,24.45133937,18.25179113,18.86882902,22.20950382,18.85497177,17.09333323,18.85497175,20.25310532,21.08474119,22.10520128,21.72250145,19.05084332,21.12232539,25.41399561,20.77199556,17.00418016,19.12416128,17.91469683,18.40752744,17.70633553,21.18332221,19.77980471,17.54899967,16.98028209,18.68572526,17.97133649,17.30278468,17.43104012,19.18796803,19.65562875
5868,1878,104.1122815,30.66710581,1424,104.1133659,30.66546935,209.0161457,,27.61314218,20.38491363,29.50816175,29.50816175,29.50816175,24.87464874,26.30972463,17.31779343,24.8063118,20.6719265,35.83133926,23.66220517,28.17140114,27.16455323,25.81331473,24.27284273,25.81331473,36.17609695,29.08050723,32.20220219,23.69946849,20.30012926,26.60429433,20.61529108,20.61529108,23.20611024,21.83411315,22.49921509,19.56978217,22.49921509,22.66653486,18.30798356,25.81331473,19.09792194,26.92157869,26.63568582,26.63568582,18.30798356,36.78003053,26.63568582,21.04777971,23.51431639,22.80176135,22.13112131,26.33274277,20.22736894,19.44336239,24.35139562,20.9744425,39.29285246
5869,1879,104.0033292,30.65809677,1141,104.0039299,30.65652519,183.4428966,,58.44198476,58.44198476,58.44198476,58.44198476,58.44198476,58.44198476,58.44198476,58.44198476,58.44198476,58.44198476,58.44198476,58.44198476,58.44198476,58.44198476,58.44198476,58.44198476,58.44198476,58.44198476,58.44198476,58.44198476,58.44198476,58.44198476,58.44198476,15.81783061,58.44198476,58.44198476,27.98281474,58.44198476,58.44198476,58.44198476,58.44198476,58.44198476,58.44198476,58.44198476,58.44198476,58.44198476,58.44198476,58.44198476,58.44198476,58.44198476,58.44198476,58.44198476,24.10198641,18.52438788,58.44198476,58.44198476,58.44198476,58.44198476,58.44198476,27.98281474
5870,1879,104.0033292,30.65809677,1325,104.0043249,30.66031361,263.5666066,,41.66146142,48.08309716,43.45623741,58.4688486,43.93412398,47.1766207,45.01375559,45.26367484,47.74224314,54.01885513,50.18029924,49.85497313,46.85459094,51.21052579,49.62206588,51.90171812,51.11447902,49.01683141,38.24536163,38.61257938,40.75188764,36.77266836,42.24889576,40.49949339,38.28692305,39.03017363,38.82279028,40.79618471,33.62088767,38.37970272,41.75703014,37.53006289,40.90153898,41.74505365,40.43131819,44.85533173,40.69854436,41.37362095,41.2182638,40.16710834,37.6908533,37.46036323,35.10699886,35.33579768,40.24326547,37.52664756,35.60468859,37.83235329,44.64395271,40.18237368
5871,1880,104.0867203,30.66501226,1058,104.0885456,30.66809939,384.2466743,,70.33667935,62.17024843,55.91463083,55.71355691,55.71355691,78.59591065,55.71355691,55.71355691,67.01976877,54.08750841,55.71355691,116.2426914,70.33667935,59.80246748,59.80246748,45.42817824,119.7651972,54.67541611,52.39727377,59.05178346,57.96911587,74.17093981,69.59939761,64.45139324,64.45139324,63.83792454,58.31996362,64.11531993,58.33677659,63.59944954,110.9589327,44.62219443,40.83507092,76.14748246,62.87672852,62.87672852,62.87672852,54.24658931,56.9840588,81.85136257,54.35316414,74.28157666,48.70732491,62.99945472,57.04280526,65.51985921,89.940704,38.63933038,58.86332032,85.65250944
5872,1880,104.0867203,30.66501226,1497,104.0852545,30.66570422,160.0071722,,24.56203693,23.48130731,19.03431045,17.1054438,20.20109546,17.14192501,17.52391898,18.19713008,30.06397808,32.3951252,24.20276554,24.78291789,31.57170841,24.20276554,26.98013208,47.21523114,32.60523508,30.85852606,25.29202283,26.57100286,18.11401949,26.83350092,23.22684758,21.92296175,30.55029541,26.58325099,27.17102924,23.41568374,21.6144773,31.70898644,31.70923196,29.01893299,11.70784187,22.50100859,23.34657256,18.22866519,26.87523266,34.08436804,18.00080687,22.78068214,25.34209503,30.15841989,28.37565615,34.08436804,28.72946733,30.66685821,32.97228506,24.56400085,24.56400085,29.3267282
5873,1880,104.0867203,30.66501226,1656,104.0896351,30.66368435,315.6747602,,45.62140252,40.73222712,40.55571735,33.60973417,57.80902774,36.89704989,44.88266733,66.20893849,35.36343168,41.49444589,56.25886815,29.74945384,43.23078028,34.0333158,44.97147355,33.30032633,25.17008055,62.36772997,43.69200833,52.46066413,37.48941511,33.37530504,52.9980277,38.95519011,28.92728711,40.73222712,44.00500045,25.63198791,35.94872714,28.91677193,35.0479302,43.84371669,35.96294736,38.91880605,40.61092806,21.68757895,28.75216032,49.84338319,29.59450877,41.02632263,44.96257712,52.99582101,66.2640896,27.12241376,30.9022199,54.57042673,31.72167862,39.64287686,32.68731937,58.60205783
5874,1880,104.0867203,30.66501226,1750,104.0861632,30.66401786,122.4514347,,17.69671477,16.18300899,17.28726137,14.75977115,13.11979658,29.11658949,17.97452252,20.26782367,15.52201285,19.85698941,18.52206575,18.52206575,18.52206575,18.52206575,18.52206575,18.52206575,17.68015368,19.29212976,18.45100097,19.12473601,20.12900296,20.44406562,22.17988251,20.53932044,20.53932044,20.34382071,17.52783956,22.84068212,15.55967933,47.40055537,16.33694249,16.33694249,17.56275557,16.88985306,21.98629251,20.89218791,13.90615662,14.31250535,17.77520826,14.47226411,14.47226411,12.8543879,16.22358284,22.68640283,21.98629251,21.98629251,20.57527024,19.27104546,44.52779444,22.4433686
5875,1881,104.0510434,30.63190331,1580,104.0474315,30.63343808,385.6960962,,70.08723229,59.46492275,48.51523223,50.23018928,47.78614017,63.25767409,39.4626784,52.19947167,42.9878002,85.18441388,52.99641016,52.1667857,53.5413604,37.39004279,37.79275847,31.93599161,47.06799818,52.11903469,69.72411497,67.34871202,46.11208916,65.49556351,62.2050664,41.73268194,54.09060952,80.7270899,60.89938361,146.6731633,48.13540765,48.53501706,57.97519609,93.34493757,38.00002057,106.3989231,140.726954,51.05583379,95.32077433,87.88012318,56.27154006,75.46227969,94.13599636,54.57963625,40.14741973,154.2784385,176.8797384,68.76473907,77.29257755,119.0147954,37.77105491,49.70361351
5876,1881,104.0510434,30.63190331,1883,104.0490458,30.62897379,376.9232366,,58.11236196,55.24933436,56.07122528,53.00483015,66.62472921,66.29920122,76.89234028,76.16747975,60.6040041,58.96005937,83.76071924,95.46196548,41.91269967,55.07554142,56.17070113,49.05725422,54.58260868,41.36962353,51.78109719,60.17399786,54.23355922,42.57015378,54.53142607,73.74585064,51.96618312,47.18366799,49.63144301,59.60133169,62.17290501,53.44323166,63.6306519,51.2046661,50.16353611,70.36769155,51.15640534,46.50980812,138.4615971,51.49615377,47.72298893,57.88923429,59.67778567,51.12749253,57.36587797,46.50411536,75.59463241,58.48808844,43.61345606,59.41942742,71.51112789,49.01858841
5877,1881,104.0510434,30.63190331,1885,104.0561246,30.63192746,486.9886092,,135.1029142,135.1029142,143.1457708,121.7855947,191.3929032,80.70491117,88.99284229,116.1032446,102.6955059,73.66214257,88.18707209,88.18707209,88.18707209,83.68300683,96.85961288,93.75181781,93.75181781,93.75181781,66.40753762,104.9795804,89.90558939,115.665532,152.117917,135.5535304,127.8695618,134.5134778,149.9412297,100.7176748,91.94889822,100.7176748,100.7176748,153.1143225,153.1143225,245.197062,151.4608201,149.842649,106.6831031,124.6321559,106.6831031,106.6831031,55.3047001,106.6831031,174.4436809,106.6831031,106.6831031,72.29521621,135.6409279,112.0229389,122.7057913,122.7057913
5878,1882,104.0161187,30.64498799,812,104.0143642,30.64454912,175.0290221,,96.19915718,25.14829408,96.19915718,27.05472218,30.37379993,30.39486169,19.76798367,27.08961649,18.00298513,23.85178308,54.08622142,25.66682368,22.58438995,24.04159628,18.78105751,20.00569844,23.3949683,16.93829246,22.03162516,20.32595095,22.057333,25.51030282,24.42265425,24.47898913,23.51136118,23.9299114,25.90357573,22.22590757,28.81575363,16.43036453,21.97400103,19.26925014,19.06518849,21.14444562,22.6384843,27.96321655,22.87130597,23.25108781,19.9650241,22.50373141,19.47239776,21.73398607,24.67671441,19.78660636,31.19329107,20.29321995,58.34300737,28.51151491,25.38185215,18.70534003
5879,1882,104.0161187,30.64498799,1529,104.0160869,30.64749339,277.6931987,,22.1465555,34.07457184,26.03373738,34.01376637,72.97047557,33.14640303,34.37348477,33.56090693,34.11930086,38.40059598,41.38098029,62.48096971,35.47535541,30.30528277,39.33228256,34.75187191,36.30855383,32.6786875,33.19672015,42.51008569,53.94040551,68.23860173,45.92342304,31.85772834,36.02506362,34.970692,34.00324882,34.40108449,39.30650782,36.18807295,93.42948741,39.51365673,33.32318384,37.37179497,41.94526638,37.89117557,32.04152293,39.95585593,26.63487164,43.84629453,41.30973204,45.64819705,43.38119402,50.68164843,42.84409352,38.37602746,64.3580804,41.53859481,39.43572053,46.49746583
5880,1882,104.0161187,30.64498799,1867,104.0180759,30.64236,346.428343,,88.79967023,37.39556326,55.18327588,47.72227175,112.8635326,53.35366994,38.35674097,40.64558506,71.72979493,58.60629863,35.80312062,47.51017275,32.24672359,69.2856686,53.84315315,60.98494058,61.39776171,43.06057954,56.22361633,47.03660692,56.72510878,66.54973505,64.42403969,67.41308296,67.98266747,49.39176375,44.58059106,42.82767977,104.1020062,41.26876356,79.43579839,146.1494572,60.10323059,59.50105128,52.96969474,47.78321972,51.46390791,65.91659803,35.63262957,94.12392715,62.31259276,59.56499271,85.46571668,73.95949799,33.43544329,53.5829016,43.94439869,42.8571146,47.84432358,30.35463923
5881,1883,104.0490458,30.62897379,524,104.0555066,30.6273915,643.5875973,,86.05070939,84.55744161,85.67945824,86.06669206,118.1597289,209.6755973,198.026953,82.87382448,84.39212081,97.76161455,119.0451047,114.1259528,97.69260494,101.0252265,89.67464841,88.35253692,107.1593703,93.94381164,106.9208468,94.14894324,93.44912681,81.1588242,177.5414062,121.8226934,93.05815244,80.33039589,101.3080418,93.90947689,98.14372269,89.1292691,95.79878346,101.0038176,86.02574834,98.3807696,103.1459254,97.40054033,103.9849808,99.87364937,89.45290182,127.6654615,85.63327698,95.61757892,95.53532487,93.12714807,121.8611052,109.5468251,112.9109676,122.0415157,130.4181887,105.7650374
5882,1883,104.0490458,30.62897379,1085,104.0479102,30.62708542,235.8986614,,24.4033098,51.31330399,40.1748812,33.17324926,65.32578316,48.89091428,80.72577767,61.03750704,39.76558391,31.72734175,30.22189256,29.79772565,32.5377464,34.76909646,20.0646233,42.23508069,42.0413456,31.40662652,20.84012714,33.56660795,40.3245575,38.5706601,23.07704296,22.58058253,36.31796926,27.75278369,36.44786185,38.60159914,38.91111941,31.92613463,28.16700435,23.90528307,66.34649852,38.60159914,39.77682347,37.97586053,32.66289158,30.16821247,23.55714788,20.72569081,43.47509894,34.17445397,35.92365402,28.88555038,23.85492082,40.97636579,33.54009404,22.78296931,31.64851607,31.80656109
5883,1883,104.0490458,30.62897379,1817,104.047209,30.63016364,219.9617365,,20.1235642,34.38394492,20.1235642,31.26162107,38.39332128,45.86074814,33.69268169,41.11968072,36.20269864,32.66694289,39.39613191,26.93409018,28.32479929,32.27973509,30.9155062,32.6597251,35.14701515,27.45549557,27.10743021,18.50145447,31.28344697,39.71224932,71.9874774,27.02601541,28.86496664,26.82614951,31.27418055,35.37731578,32.4323254,28.01524206,31.69720639,29.71340531,25.05893201,36.37610113,33.69626602,36.29834015,39.63274532,49.03171835,48.28428362,44.3185813,42.70525827,23.9958258,48.62312069,33.269027,19.05805659,33.1878563,32.08518036,41.09688495,32.23866672,36.50664194
5884,1884,104.0521159,30.62375978,384,104.0501779,30.62083968,373.1522537,,56.44319804,59.17833098,37.16039041,57.1637495,84.68096991,88.61135312,80.92458514,55.5561668,60.18584737,55.62518068,104.9490714,33.26338872,64.43946817,66.25638044,59.50600723,36.54374628,42.97949882,54.72629467,48.67203309,67.93163658,88.66984246,49.11693285,64.09977363,26.91590027,70.86237221,93.9404275,39.711984,68.05208274,85.97427925,139.9320951,91.07444836,28.31895218,78.21531955,70.20983172,44.33492123,69.96604757,25.21299011,26.6415339,69.24474811,61.83420545,31.2406538,138.9670462,32.60949419,54.87533143,72.22301685,96.47024153,88.23304521,175.6010606,58.85424374,103.8671222
5885,1884,104.0521159,30.62375978,905,104.0549769,30.62263487,301.2333071,,35.837406,39.14945507,39.04504261,34.40406658,36.14799685,39.49904485,40.53980955,39.12423316,38.49070258,38.35331231,84.06510896,73.77142215,37.56100613,32.32309704,40.06003208,33.16329986,39.14945507,41.9512536,36.60680211,45.31085957,27.80615142,22.0414615,33.1430289,39.61786119,46.45812745,25.04158858,42.27477598,37.95065286,38.80390883,42.13053246,35.09514257,96.82499157,38.04718553,39.0683565,27.35031288,36.42115552,36.42115552,29.95690347,60.9235902,44.53551974,36.91000996,46.78342992,40.13820682,69.96386487,29.27226666,42.53156297,29.31335639,31.43304074,47.52841076,30.17362008
5886,1884,104.0521159,30.62375978,1877,104.0472428,30.62601943,529.9806573,,42.58773139,33.69710997,46.17201747,37.58728066,58.67545975,49.07859463,34.79508267,35.29282956,39.64942573,48.88995173,59.34464592,42.72123525,36.90387556,121.138436,80.50339098,39.33877044,47.10939176,40.08257072,33.36514777,36.81486476,149.7590554,88.94780262,47.52005894,31.5882511,38.64162767,39.99854017,103.1313712,28.59036513,171.8856186,37.7434296,42.87483969,34.54830903,60.56921798,93.52599835,106.9242937,41.73597677,35.95346167,37.81074844,36.6674638,40.42225352,42.73080328,42.32321132,44.29321802,36.76166409,47.79783798,41.74902333,63.59767888,32.02568806,71.86178404,73.31927113
5887,1885,104.0561246,30.63192746,704,104.0559369,30.6356958,418.0323562,,39.83016716,46.287859,49.97769134,47.54292654,51.42376499,35.43314377,35.42408829,45.95164832,58.48912599,34.93486804,64.91955707,45.60352977,50.12675182,46.18557015,60.29077172,46.83198233,45.18869592,43.01930419,68.01370061,47.7803569,73.60004533,35.82281558,44.66732077,36.2266756,40.16681002,40.80246592,40.35374756,47.85257223,39.08643245,51.85076083,58.76284585,44.21223564,36.58037147,52.8133526,39.96363951,45.00124043,59.00743258,47.73183224,47.62736476,46.85674712,49.52779053,33.06600346,38.60860135,49.59249101,44.33127743,64.71319394,105.6283901,39.15195461,39.59004228,38.73474264
5888,1885,104.0561246,30.63192746,1725,104.0574161,30.63195061,123.8118697,,22.48286158,24.677751,23.62487973,22.24413712,21.93157607,20.37679196,19.12973094,25.6162489,26.49844253,21.74257224,23.38831069,20.63159708,22.59907629,19.9428515,21.61079907,20.90141763,18.30483495,22.19182131,34.4187437,23.58321328,31.38892471,31.83733792,27.89253635,31.18759633,23.20264086,23.4590911,25.6162489,31.08247775,24.18025665,23.11939819,22.11657613,26.93188706,27.81421098,18.00899923,31.72403779,24.13552083,25.44563639,38.25946188,31.4205349,26.86425299,18.61703018,27.34495282,25.38697409,26.30236094,21.24647818,19.16857999,27.75435713,25.95183295,23.55205976,23.95553811
5889,1885,104.0561246,30.63192746,1881,104.0510434,30.63190331,486.9886092,,100.9884213,96.75270381,105.6119875,104.6271686,119.844853,104.9224642,102.9827661,101.1049016,141.9561938,88.61797776,123.2449204,136.2558803,64.93181456,76.44357153,139.8797069,66.27316023,90.91576457,143.3099995,85.93916633,81.22744371,109.8011895,106.4671453,102.9539677,113.9339719,152.3014569,130.7300662,137.9452713,114.8859104,131.2244755,117.6616774,117.2325163,192.1270129,91.45325994,162.3295364,98.80928304,114.7730928,115.7746505,95.28038006,129.3844275,100.8390546,89.13205674,71.48147519,70.508734,104.541383,125.4646226,102.5239177,97.59135551,113.8414931,76.4576405,120.9075168
5890,1886,104.0537561,30.63563816,704,104.0559369,30.6356958,209.102316,,24.82894067,31.88468122,42.8622541,37.00406154,18.27994992,39.47099898,30.33827053,50.47297284,41.15987265,39.02376037,31.3653474,80.942832,31.07759192,38.85972245,39.14842766,31.71776704,30.05729831,30.79331874,42.32432419,75.65510931,26.47485361,26.4361137,61.03527063,22.60565578,60.49031286,30.1875746,29.52032696,36.28770777,27.85451758,16.36452908,20.22891065,29.63654872,22.98529275,29.26529175,36.72040671,24.72145608,30.50495133,15.16149723,22.30424704,28.56805835,33.99461869,24.58019062,23.56082434,40.00540323,33.69167752,27.91477148,36.2488766,29.42143139,24.38116073,53.01185476
5891,1886,104.0537561,30.63563816,1231,104.0523759,30.63574192,132.7687755,,34.18750313,26.26195559,22.38141689,33.0202136,17.99125188,15.10961829,20.69123774,18.06176773,19.55677544,19.99907983,20.72488203,14.90156171,29.99796602,36.41657842,23.98403686,18.90133828,53.1075102,22.03038641,17.30199427,23.10417362,24.80800649,38.60804457,44.92176615,20.02657507,24.13977736,41.10286415,44.92176615,19.80802287,19.11870367,18.64148174,18.71408862,35.01594079,42.82863726,30.88643566,30.93641371,48.52462861,18.97952052,40.92188286,21.5300717,33.40484044,21.36168008,23.82392981,21.77528892,35.14467587,34.26290981,31.69546365,18.85023069,28.28210602,33.28465124,53.4042002
5892,1886,104.0537561,30.63563816,1805,104.0539321,30.63864498,333.6727219,,48.13230127,41.75742058,46.74014781,75.86663994,47.70539312,41.75742058,51.45993019,66.81703454,45.50082571,41.75742058,38.93749753,38.28595375,46.49890835,58.19873056,48.11886303,45.21537511,57.33755603,59.02809822,62.72698688,48.24183931,48.24183931,56.47113897,61.98521429,65.28379342,66.77995319,98.86599167,57.52059692,61.7912448,57.31020033,52.10432526,89.19963851,73.02260175,48.47545597,53.034075,58.17054716,60.66776762,46.26014629,53.56618947,60.36290446,55.48368586,51.33426491,101.7984575,46.86323218,64.23645983,66.36584524,48.98946977,62.40113241,73.93472333,65.76031744,48.47980354
5893,1887,104.0086395,30.63769829,896,104.0043112,30.63573997,468.1656135,,50.02412689,54.47945428,49.81641912,67.63435935,71.43401149,58.64797594,45.65922678,49.5243511,103.187523,57.14821843,44.18586582,51.88162509,44.52352264,40.1069207,59.1730434,50.95301891,49.29860939,60.17949546,55.31329861,59.5133285,62.00217291,62.23192868,49.71670232,69.38463743,59.97851276,46.51118488,55.36911164,58.97117595,56.24549336,60.68033154,57.55766011,65.08891947,67.44957313,67.28128577,53.71780745,63.77605764,56.99682816,67.88132025,46.30474386,55.96998617,56.75371675,72.01778479,61.13231924,65.69678253,67.93213255,53.20903579,52.30596322,41.82989556,65.24114357,56.24013091
5894,1887,104.0086395,30.63769829,1001,104.0043975,30.64251888,671.3528571,,62.41614812,47.95377551,89.36890356,85.63560362,134.8532708,123.8150761,76.98790444,94.53208417,87.37386364,108.8680309,81.92780629,64.92599827,77.52112931,82.76953033,87.64715451,91.89620858,111.1935064,66.94931539,82.3465174,104.1754433,68.92215643,70.15588637,132.9777324,112.8307669,90.51948635,81.15019876,45.68752903,79.11195697,79.30665416,97.95522615,176.4138895,108.8680309,76.97039126,92.58812059,271.5584591,88.3211968,128.5569301,180.3634541,80.29469387,90.24907713,93.08782716,117.1106135,86.22880733,198.1041218,117.3043876,105.2643853,88.53004709,73.2384935,70.05421118,88.8555252
5895,1887,104.0086395,30.63769829,1345,104.0110177,30.63872881,254.9241698,,49.00144225,98.98051283,89.680164,86.03690728,123.4610329,91.39879697,70.59438548,122.6907769,67.54200635,146.2513165,85.30382757,56.51028395,97.02840648,115.2923381,48.16060116,111.3746373,70.05549704,85.6799077,61.98394595,42.96474772,98.63789889,72.65804596,84.31890953,96.26507112,94.12584731,78.88770873,124.6589084,75.22352551,57.50169244,34.39091766,80.10086131,128.8942432,126.2245889,91.98175056,103.5517079,85.21750818,125.5642591,91.60094935,103.0912627,87.91424269,89.93932266,108.4641248,88.88397204,87.47831131,89.31649745,75.06969417,112.4402989,105.9988645,103.2518808,83.3350294
5896,1888,104.0537493,30.66266858,171,104.0534762,30.66779109,568.33417,,121.7858936,121.7858936,114.9439894,147.7258492,120.0588564,317.2097693,82.50012145,180.2645826,123.6255596,141.4287796,70.79595197,116.8032166,118.0386353,78.63193743,90.49773737,108.2541276,77.64717313,97.8480637,96.24475166,101.4546948,112.8310485,155.5895827,121.7858936,93.28281211,115.9208505,87.18762834,121.7858936,107.6843691,91.27150982,71.14057761,99.80502498,113.1169599,165.3335767,92.9007778,140.6187637,115.9208505,185.5785045,122.4235161,80.39304566,92.68416815,79.2001166,177.9133054,143.3635744,85.11712998,122.6988313,91.10700434,91.74901399,96.15679951,106.3253236,97.66124162
5897,1888,104.0537493,30.66266858,542,104.0581439,30.66070539,473.9405049,,65.89016223,51.88340634,73.07353363,73.07875008,73.86085791,75.47109461,117.2636301,67.21677549,75.25709341,64.93571142,68.87716681,54.517468,56.26024898,62.00929739,56.14377134,52.90498659,48.39385407,70.94327724,48.71337095,66.18437131,68.24743271,92.98015355,49.83383184,70.74716589,132.2624665,88.40341024,110.0983601,67.29852352,65.24686766,62.21279189,49.50967212,63.42024599,52.7673707,72.82130416,79.37286224,75.77435162,63.07526128,81.85326419,76.51057478,45.71598363,68.0433028,64.78161624,68.81862731,54.1002241,70.94327724,67.30516046,102.7822782,68.43563069,118.4851262,62.5836155
5898,1888,104.0537493,30.66266858,1270,104.0495264,30.66355098,416.2501855,,86.24464275,84.18543078,71.35717466,79.99113886,87.93157951,30.45733065,56.01871655,94.33007798,96.36660243,39.4861836,90.40728011,82.79009214,78.8684562,73.27631627,111.0000495,60.66804323,64.81404272,86.12072803,99.76702182,87.631618,87.631618,107.8058034,84.90088769,84.90088769,45.2719235,84.66105468,72.21689965,104.7902565,117.5294641,104.7902565,144.0866027,64.68348205,121.0909631,161.1291041,101.2500451,111.828408,67.50003008,78.04690978,98.58557025,57.78280211,96.67746244,57.85716864,64.80002888,62.23083966,63.67566578,104.0625464,73.56108822,136.2273334,33.90273004,49.78407534
5899,1888,104.0537493,30.66266858,1825,104.0533352,30.66116566,171.230722,,32.96420317,17.01084786,32.96420317,30.19251914,33.00517599,29.05203615,29.18754845,32.05805493,22.87312056,32.07235168,27.76193353,25.40672228,26.57028445,21.51590224,27.26563653,34.05693918,22.28062406,23.86182965,31.77477315,28.03595734,23.15232297,24.99042969,21.53469342,21.11063696,23.65831724,27.18547295,25.03271469,22.25381225,26.06471878,21.43360915,26.343188,18.18379349,21.85924111,30.66818901,27.72967158,26.41090828,21.54357845,30.08609215,20.73923653,31.83631242,27.13747622,26.8597211,19.26345623,32.38689664,24.88115436,26.8597211,29.31893456,16.70543629,27.51922318,22.39529879
5900,1889,104.0530059,30.65569411,641,104.0562259,30.6535869,386.9601822,,79.60323748,75.02998145,64.89394359,68.28709098,98.1025814,54.02061681,49.63384759,49.63384759,49.63384759,56.89816158,57.13932141,63.03423782,53.44207119,51.85074401,51.85074401,52.40995696,45.97546719,56.74365197,45.97546719,59.61726059,42.9734701,47.06272486,59.83063663,54.12906736,45.22911221,48.40363641,54.84475023,43.5330205,47.30243314,49.93034609,38.06165727,49.93034609,91.24825255,83.58339934,44.18895023,70.35639676,50.65660567,46.0419469,56.55169105,50.93442983,53.68233742,49.79648457,50.08077018,100.2195953,50.08077018,56.7147748,44.25211741,84.34248167,36.53120602,55.28002603
5901,1889,104.0530059,30.65569411,1135,104.0511249,30.65673632,214.0720687,,46.84859862,25.08248811,38.34126604,31.38077153,31.13775545,42.22791492,26.39244683,32.54015964,20.04315858,39.20268491,35.56694335,41.73999535,18.17593036,20.6334524,54.14469186,20.32061825,31.42342293,33.63221554,29.09368719,33.65266736,30.14313353,29.00623655,35.84462546,18.68265327,33.59251124,34.261098,34.23280473,34.24694552,34.23988747,37.18840198,41.46515088,29.4639003,32.89302942,29.15182391,24.58243851,32.28882374,35.65484632,22.83435399,24.96871691,29.0984213,28.42110989,23.31210832,28.12198074,35.67864283,34.63637965,51.98377385,43.66342478,28.36286084,26.6991364,29.74786701
5902,1889,104.0530059,30.65569411,1797,104.0549972,30.65769089,292.1981577,,41.9228177,53.55519903,44.90558667,42.50308352,43.22191547,45.49780732,70.31506469,50.69462013,54.66851629,37.20709981,42.9352395,36.98260033,45.29228709,37.31127587,34.80875643,43.28861596,43.06707749,37.85563177,36.71969117,39.87183579,37.12635416,38.77831122,71.68063835,38.25139519,44.04154456,39.13271508,54.86880458,40.61599821,35.37285965,72.71290559,37.94382028,42.16085642,39.351447,36.8100803,65.74458548,45.86479248,36.27678389,36.65192989,61.15775394,39.69847216,38.62490182,35.30195085,35.51848373,35.40510918,45.73536381,44.99131703,45.44661476,38.81309142,46.75170523,35.73884602
5903,1890,104.0574018,30.648771,402,104.0567203,30.64769724,135.7444148,,19.18272398,21.76747854,17.14666292,16.56542011,42.30994747,23.22899077,21.45685591,18.80743656,22.14979686,22.88898798,34.05434796,31.62976656,28.32926918,22.80886316,15.51364741,33.11220584,25.42842783,36.60523545,28.83900552,16.28932978,22.11221237,25.19509654,33.58624696,21.64215648,26.70968355,27.86591894,26.25919428,34.90570666,20.3828944,17.14666292,26.77698045,28.74587608,30.27736922,31.13238757,31.27555506,33.71507939,35.55062295,30.1060795,26.21047485,27.19505099,23.17025058,19.90876459,43.72974437,36.83516783,17.53935696,18.72336756,15.73796184,23.08723905,25.66820765,21.16479043
5904,1890,104.0574018,30.648771,470,104.0543756,30.64982872,312.7803781,,33.86494319,62.7886261,55.60540055,55.95077571,67.42571025,52.3454765,52.67880052,52.22677927,43.14212112,50.21223461,39.00725269,37.97670695,56.37445954,77.12392885,43.98474067,61.27942102,61.65389803,54.60174704,62.28420014,62.00492077,46.33783379,59.78810768,52.92640946,91.79424137,76.21044746,40.90860531,63.61634809,46.14792464,73.98221821,68.71209313,62.9275228,63.87573047,113.16677,55.14247606,93.83411343,70.26579477,78.73331051,79.29643388,86.18517881,79.07369109,68.62772276,94.62263539,51.18224369,109.8545718,73.02265637,54.92728591,42.01527467,64.83739123,68.41575867,68.86907408
5905,1890,104.0574018,30.648771,1583,104.0575842,30.64905846,36.33843609,,4.975659077,6.976979729,4.862835137,5.308827998,7.928386056,7.856959155,6.365857417,5.633326935,5.280257111,5.472140964,9.204458746,5.566739146,6.928939085,7.224208189,4.522674846,8.062765481,6.807125736,7.411805661,6.691476722,5.407114231,7.480678766,4.958371571,7.220054911,6.842625325,7.534535345,6.204823871,7.812697371,10.31036307,6.512058239,7.294946772,6.388525544,6.43850601,7.730011703,7.926884752,7.963073688,8.467208409,9.147138288,8.619230435,7.158323936,6.226975166,4.594148198,5.29629028,4.54625091,6.464156636,5.900693276,6.312104701,5.366907484,6.819376366,7.356234486,6.06764239
5906,1890,104.0574018,30.648771,1616,104.0605402,30.64747371,333.3397906,,31.73465328,52.15747977,41.75876742,43.28741169,46.01316128,51.86270678,59.26676972,39.83733964,41.99031603,47.61997009,52.02412916,32.52095518,26.1442973,24.85549391,44.38776572,53.57246635,34.85062671,39.49443596,40.68405841,44.23466415,46.81008138,61.52109526,40.03413665,36.86707361,31.12452223,34.1400639,33.46411729,36.55264228,38.07870682,45.73259322,31.39074261,41.31742343,34.06737392,41.78353921,51.47301895,57.1609763,34.02712418,65.2069742,35.48455835,43.75654498,41.45708796,27.84276673,53.42070299,77.34956469,33.23588703,47.66725903,33.68069207,27.68219714,58.76945252,25.13137688
5907,1891,104.0201509,30.64753297,1457,104.0204302,30.64710515,54.45037656,,8.383947726,13.47225812,8.669249143,9.127886175,9.535658614,8.982362834,9.745926358,8.430270649,9.417500822,9.462329527,9.371538912,11.12809285,8.854719621,8.535846745,8.845978536,8.853157446,11.18467805,9.311314461,9.929305144,9.754140484,9.879280762,8.966099742,9.60042775,10.0423632,10.70545591,8.701220296,11.13395273,8.239076232,9.472239814,10.6100869,10.10441061,9.138524737,10.01972746,8.31597351,10.26065983,9.152748121,11.49572997,11.33617478,12.19059505,10.66639656,13.89656126,12.24744449,10.52285315,20.65987829,13.63443069,8.15396654,17.67949092,11.8478481,12.84539409,10.71887112
5908,1891,104.0201509,30.64753297,1529,104.0160869,30.64749339,389.4559332,,91.73662114,74.45481076,56.94725262,188.7363368,61.38534849,50.21965143,117.8186016,77.57774123,50.61521154,120.4502886,115.8711867,73.08154642,73.32000138,68.43995477,67.06326383,74.97547377,102.5883921,52.3149761,56.23160534,65.27869754,50.86771372,53.25893104,71.70344492,57.53326286,150.1114946,89.802489,70.36594025,75.48925579,48.40188813,195.4064613,139.6455537,136.7845229,102.3387854,70.45433967,81.80672205,71.01511952,72.27017317,80.57708963,68.57624649,92.39152287,51.18690645,72.89643118,52.34931202,140.5875566,105.6151683,141.6203393,74.43692414,82.7163044,71.65458395,59.20782768
5909,1891,104.0201509,30.64753297,1679,104.0197036,30.65037561,317.9548827,,37.15953613,29.18132767,49.76685121,23.83006755,47.28686094,42.82555976,47.56805333,53.08806081,40.61617212,54.96111695,45.5042044,40.79665501,48.30397229,61.97699236,77.78036637,41.97204319,61.40371985,53.34182846,38.8378443,76.93195433,56.17322955,53.20088848,49.4978412,82.08708444,37.6968386,41.63483075,64.05806661,41.52252398,32.87089407,51.0608147,38.81589374,44.91710574,27.19500066,22.62600289,40.44655752,26.28530873,64.30548189,28.84671315,24.74000528,60.94981777,20.88754704,29.40187416,26.5745322,23.58557791,28.97816652,30.44248877,21.73166001,65.53268573,37.24994442,25.27723764
5910,1892,104.0595661,30.67321994,677,104.0580009,30.67074252,312.851384,,73.39846125,42.92132819,46.99116017,38.58723708,39.63912472,42.70925598,41.73606049,33.80485189,33.03637201,32.6650871,40.59222042,37.06139739,28.58540564,45.68585017,35.2232989,35.2232989,35.2232989,31.88294359,33.46998462,33.38317843,33.33994397,33.57704367,33.79639857,30.59268674,31.91223317,31.23853143,31.9128513,31.91316038,42.63454462,33.85144987,30.75828471,36.04051228,37.13981805,36.15136008,33.54683873,32.43578943,30.6997498,44.82646696,34.23297819,43.06940659,36.44870493,34.74116005,34.74116005,34.00856293,37.28217198,34.11631904,31.43247814,31.5004111,42.34078881,34.62101771
5911,1892,104.0595661,30.67321994,1685,104.0579058,30.67416757,190.6074406,,67.40538174,23.16894044,27.66882202,34.73564036,31.91566447,37.82727597,45.64435386,18.20124101,56.70965175,19.68972127,22.64642859,28.54651216,45.02537967,27.65166838,42.88667414,28.92590668,25.18116646,19.75585757,43.26524503,30.70186963,22.94939084,37.42837016,33.39108448,28.89207521,21.46010277,30.28567152,23.24480983,26.49369831,27.33811897,20.3616257,46.20786439,18.68022104,40.21339717,35.48018543,36.61916346,21.96969433,41.46143723,24.99769713,19.91833922,47.85958404,23.52640409,38.61179665,20.09331731,17.11188993,49.51863404,34.39532763,33.94163822,58.39887542,36.56412714,26.51417257
5912,1892,104.0595661,30.67321994,1847,104.0608677,30.67261623,141.5105432,,16.71658591,15.35608005,23.55555522,11.17188499,26.83724249,27.08275763,24.28352288,25.47189778,19.89992014,23.75002124,27.53718678,27.09960847,22.81916934,26.6258334,18.12946461,23.2002105,24.25413793,23.80551194,30.10007594,20.44652524,15.41415902,26.81524171,18.03320197,24.78065756,15.21846021,19.64098758,21.22078356,18.46626028,29.25002615,18.63231282,29.23603762,34.37696376,17.12396489,27.07205392,20.87860473,26.33416078,24.244519,28.97620792,25.93962158,30.62561446,17.114377,18.3330061,19.34880666,15.35608005,14.71151582,15.08171529,19.92911317,18.22676048,21.42746395,15.95671134
5913,1893,104.03647,30.63980432,840,104.0358847,30.64300854,359.5288499,,56.62579385,61.29300045,48.84165508,60.1069904,51.19872863,58.83199362,94.13118979,57.98275131,46.47410627,82.52734495,59.64533915,71.19383166,77.61942187,81.74550694,53.80122931,56.92375413,71.11559668,94.33701601,71.11559668,91.5781033,50.16681627,85.8576358,75.07562991,85.8576358,99.05386678,81.9179658,49.15966911,126.2051434,59.67971687,69.02953918,92.12127115,105.2279561,65.61743268,167.0069496,96.95159997,65.61743268,75.33782652,79.89529998,65.61743268,49.49536748,74.06602916,87.08520502,64.87738645,46.3078304,71.75627773,69.77379297,74.72751197,74.21533577,69.02953918,70.96231177
5914,1893,104.03647,30.63980432,861,104.0336656,30.63949841,270.8857278,,45.49869146,43.92741532,47.18654613,88.25236381,59.58382606,45.96332851,60.62451455,55.21237764,58.15078235,61.5260959,36.47837731,36.11809704,66.7937411,74.12360058,81.26571834,90.53475254,59.17406675,87.98694319,107.2945915,105.236182,66.80136684,87.46086279,67.17620838,72.16102634,67.42148826,63.94679476,73.32245264,69.57867523,104.8589914,101.5821479,60.48306514,69.68517106,54.02707036,48.78382292,77.09000949,53.39841862,58.79690214,36.79957057,56.4100431,51.83726884,50.00967282,65.28459381,61.5260959,53.68010752,72.4508633,91.44434485,71.70504559,66.70236799,52.35700279,71.44238975
5915,1893,104.03647,30.63980432,1673,104.0377035,30.63995675,119.4115022,,25.74140167,22.29289929,22.32183858,19.67420631,22.28519481,24.10549951,23.3833378,21.98078784,26.97612475,18.29282587,19.44065157,28.65876053,47.50070806,28.75460923,60.12327383,23.48734948,23.66862535,39.43866128,25.62631344,29.53158286,59.2939873,39.98896818,28.36720865,30.5150955,28.65876053,66.13560122,26.40346459,30.44947995,26.71453596,26.53972904,25.5945269,33.70947589,24.2836553,26.50417473,31.52996855,25.08669404,27.09621229,40.94108647,34.0049995,23.60364628,20.24162015,31.17433245,31.68902339,30.33007398,33.06780061,25.4744538,39.55963875,29.92512315,24.40588908,24.74898685
5916,1893,104.03647,30.63980432,1871,104.0367784,30.63796107,206.4148079,,28.52565483,47.69150796,28.52565483,38.22496443,47.30567482,53.17304533,39.02304135,39.13592145,47.2517802,38.60224979,28.47100799,38.20531149,24.40372113,54.03223409,50.96661923,45.90646888,30.96222119,38.70277648,51.24781438,41.05487892,48.12780495,44.43009318,43.29119187,42.10160388,53.41191795,61.22292963,80.55212016,59.85146204,55.71241175,59.51814247,41.13062592,58.27022407,52.32598049,59.41474013,54.50272613,53.46775427,54.50489776,54.5059836,41.51359265,54.50571213,41.90373125,59.40780569,45.61653213,47.18052752,44.05147438,41.71020149,50.73752321,45.27282584,54.77346253,43.8660918
5917,1894,104.0647459,30.65903044,1380,104.0685263,30.65898704,362.2485348,,62.354256,51.74979069,78.42494052,91.99962789,46.01604535,65.53239826,60.29862117,101.1387332,68.01015516,133.5250572,67.08689641,49.12872553,113.5514497,72.48631621,126.365768,79.19603593,59.45720633,55.68295155,51.44357891,43.24331159,44.59290475,41.13863487,61.95224348,28.69295325,101.0926144,52.24215224,44.13180119,34.08761418,41.61119098,70.97114151,48.41935862,30.43394925,39.75898553,54.21894523,64.75039527,41.3123989,86.07193133,67.77185187,38.58268418,69.30529983,74.2897541,177.4278538,68.13452065,27.86527191,76.03127271,163.3521577,87.37653101,58.21387376,43.32540616,37.96491194
5918,1894,104.0647459,30.65903044,1574,104.0649632,30.6607499,191.7025627,,31.36951026,37.21487737,24.30745732,16.83242014,40.59583681,38.17086425,13.73391494,32.86329646,62.73902052,30.58590445,37.80050532,19.49517587,58.4855276,50.81953061,40.71558854,20.81980523,50.86947608,36.51477385,22.32825751,30.22463763,54.59883115,22.80664989,23.00143234,52.92402038,20.94020191,18.50212401,30.80934043,56.90111401,39.47354962,40.44713411,34.02045478,45.28737172,41.07912058,33.66484028,37.66053074,21.43258465,40.38204949,58.28794136,22.14792124,37.9609035,57.0354732,61.4814455,34.54100229,21.96364892,34.33478735,46.78842208,43.587109,29.61928007,33.7471504,20.39388965
5919,1895,104.0528196,30.64164579,1207,104.0511427,30.64230117,176.3519447,,21.48969539,22.87809012,23.20208318,31.66418957,33.47277684,23.65376307,26.54958707,21.87041834,26.90114411,29.98191268,26.23417359,36.95384173,28.40568237,35.10785259,21.45727084,34.94680738,22.19814689,26.01913938,28.61193294,29.02504313,26.03854217,31.08030356,31.84571125,31.63512462,35.20519414,28.75763127,26.90114411,24.12108666,32.5572821,23.90087533,25.98364261,26.16929105,28.72701362,43.04183057,27.92670092,22.2370228,32.78142861,30.17428712,29.96422423,25.39468004,28.79215424,24.29338014,34.04112605,23.33457078,21.30426178,24.78566094,20.81531151,31.2742365,25.02760844,23.75801667
5920,1895,104.0528196,30.64164579,1737,104.0541861,30.64382805,275.036403,,28.3218264,21.16418349,28.8300215,27.82830384,25.2648903,24.89643075,38.65811814,35.88243899,27.6536136,25.34465147,24.82568452,36.3048052,29.55615077,30.84520407,42.97224372,28.41937574,35.04888675,26.12482984,35.36182324,32.65065295,31.41459924,26.2634231,25.56826471,29.05159125,41.97693909,32.59392632,21.2816991,42.46176046,28.13538387,40.37231604,29.29381807,40.25604815,30.27923703,23.0129239,43.67582933,31.34152627,37.57613096,32.74964887,36.56993724,28.46294703,28.5752107,43.33177465,24.59341905,29.59148389,39.57885612,23.70043023,29.25919181,33.26646781,30.07993065,26.67547997
5921,1895,104.0528196,30.64164579,1811,104.0516754,30.64002194,210.7439153,,26.28822228,21.57086379,18.32555785,23.06012447,18.39219624,23.06012447,26.0714122,22.91213575,22.57224085,18.51437868,24.44194894,19.15853775,16.1851327,18.10687578,20.61625258,18.45932105,19.47825661,19.51444086,28.35244585,20.23741214,26.14628702,25.40216836,29.75208216,22.51270312,37.71837121,30.01693749,29.56656645,29.37766099,22.61642018,17.54169006,21.89998625,27.66450513,24.95651629,18.12850884,34.27762478,26.4185326,30.52348169,22.70735902,21.69577754,50.55261525,25.82489733,26.46771326,15.46744332,19.17669751,16.84080122,15.90520115,18.94327329,21.49229731,27.99191356,25.83466839
5922,1895,104.0528196,30.64164579,1831,104.0551586,30.64072392,246.3397872,,47.60189125,31.1166047,42.20096967,45.0306942,32.87574547,44.07670149,36.00581543,40.52799227,45.79121689,47.13563127,42.69988487,35.71399885,33.91293438,44.37529655,25.742329,39.64932491,28.58085929,39.40342056,41.53738801,42.84170212,32.17791125,59.24627794,33.92683502,42.43351465,40.26439201,35.74917297,57.46154865,37.38730604,51.81771819,31.02588574,35.50488375,64.57450734,60.32811115,37.54080185,23.23047109,45.37838186,26.71154319,31.48484854,52.0130929,33.31834316,27.43883768,39.41436595,42.65624021,35.31694617,26.3711242,34.9905595,50.10300757,41.78490848,42.16275281,37.03639428
5923,1896,104.0063237,30.65464674,1177,104.0061837,30.6556678,113.957383,,15.02734721,18.43804849,12.68150166,25.09153387,15.64930684,15.6770447,21.64889598,14.45336756,15.87325501,18.78244697,17.79811622,18.93715697,20.65989965,20.18433352,18.03281665,21.61088212,20.07686056,20.07686056,15.66516529,13.56187037,13.07906202,20.66733394,21.47887847,13.07906202,18.85107772,22.47926459,12.60358153,17.20111442,16.75235576,20.01202823,21.09236909,15.30770816,12.60358153,13.07906202,28.24417066,23.17777281,16.10388926,18.15250349,16.77736739,17.43874936,17.63434821,15.19994734,16.27962614,23.64533595,12.62297166,16.61590032,17.16512882,16.54220076,13.42137117,17.74676021
5924,1896,104.0063237,30.65464674,1375,104.0110726,30.65470198,455.0742964,,59.0012293,44.20922231,49.25268597,57.59855485,73.6786956,58.1203536,50.427625,65.55086819,62.18749875,47.56874178,57.74647399,81.81110947,73.98878507,61.38898827,67.03907794,61.33536005,61.34788814,65.74107011,62.63796364,74.77421606,69.17828076,67.59226269,68.1192294,85.99829223,84.96687025,76.82808578,79.4025364,65.72400457,61.54615501,53.28738834,75.64871421,107.0413242,63.65293704,69.61194774,52.30225215,61.63112907,71.27795253,76.19848684,52.2043515,57.48306902,86.92847783,58.64419467,59.03666548,82.38709917,69.54440429,52.54225359,54.68703991,59.19818434,70.59157133,60.21029782
5925,1896,104.0063237,30.65464674,1640,103.9990462,30.65355107,707.8222892,,85.43705754,53.03143062,89.51144366,64.40169101,105.3278806,89.98800144,77.45167906,57.5205472,88.72424238,132.9415114,123.6970991,164.7517397,136.0561132,88.3244451,89.01869838,77.45167906,151.7412094,160.7672076,74.61669813,120.1962378,124.336684,119.3401225,121.2416331,68.93129597,63.0732733,116.8880845,108.7527352,66.53159898,150.481904,214.1311127,219.6689863,81.21626267,148.7976783,114.0967272,276.9739393,118.519081,100.1241745,310.7512489,74.07442561,136.119671,157.1011334,185.9970979,143.7833365,108.1217881,101.1174699,133.9844137,201.0382833,77.72730782,111.7614141,135.6865042
5926,1896,104.0063237,30.65464674,1843,104.006442,30.65256995,230.4534382,,26.16449023,33.36323234,21.52094365,27.8192675,34.41473173,35.47332453,24.22284314,31.72590354,42.76455554,35.58472208,46.28549191,26.33753579,52.66930592,24.13476007,23.9202031,26.82001221,43.65963952,28.56860804,31.67930946,36.45591112,31.42546885,41.07090978,50.38253304,21.21821937,38.17326891,35.00558555,29.4718429,36.91356518,42.83096146,31.60504295,32.71789657,29.48057012,29.31563171,37.1477184,37.09235666,41.02014228,60.16673164,32.47093454,35.40394215,26.13015362,51.10671731,34.71265178,33.58835537,24.25825665,30.84135232,47.04909514,44.67251264,55.1861892,28.34734775,38.01293826
5927,1897,104.0156394,30.67735996,858,104.0177605,30.68169041,521.1901335,,77.57248499,87.26904561,77.57248499,72.16478772,76.09986626,80.18309746,92.20071158,77.4257695,73.85625082,89.3823492,89.34688003,95.08198383,66.0082491,65.37576587,89.77437706,206.1851078,89.77437706,78.17852003,73.00717823,73.07826604,81.75531506,81.34181273,71.34161523,77.49238949,106.9107966,115.6772183,85.09226669,85.09226669,61.55115847,85.95544086,82.38351177,85.93669378,55.59361424,106.4055471,51.12491773,103.0571634,103.0571634,103.0571634,126.0885237,96.88215905,106.9862038,106.9550358,95.4852153,106.9472467,91.0817709,106.9394587,105.4092405,101.2839126,75.80947396,123.2775611
5928,1897,104.0156394,30.67735996,1225,104.0172991,30.67702217,163.3458078,,26.86363216,27.76415997,26.0196862,31.20521329,28.89655568,28.20359271,28.89655568,26.99930707,28.86109978,33.53868298,35.72569308,29.54999538,33.54779426,35.71122923,28.13612,28.13612,29.05360218,34.08955989,25.84812783,28.52608702,29.4022454,25.49327636,44.97475396,31.44625177,35.74741083,27.99547289,25.56716992,33.53868298,32.17755995,25.87656361,23.72670881,27.95776109,27.86942692,21.03917381,54.82936206,33.10597653,37.37573569,56.13793872,36.4855784,37.57475451,24.10020115,40.13958417,33.51581533,26.19353711,33.51581533,22.44446214,33.03623079,29.62442862,54.03169142,51.28298615
5929,1897,104.0156394,30.67735996,1520,104.0139132,30.67782934,173.3499564,,27.3470571,29.46458182,31.20299215,33.91629582,35.72861696,52.44200362,25.26558069,40.34869674,24.56488916,29.72893257,30.66633135,31.1251792,29.45415188,31.51817389,29.85932263,29.85932263,29.85932263,29.85932263,37.44359057,43.64054846,31.28119514,27.54319069,28.73865268,45.99949702,31.1510737,27.13303665,27.13303665,31.1510737,28.69502631,27.13303665,28.3448831,29.67004009,25.68147502,40.27139779,40.35141438,23.54942804,25.61121107,35.46004436,38.72014538,38.72014538,35.86550822,32.95365508,35.56849854,32.95909387,22.12978167,35.56849854,23.54942804,26.33163895,30.29416714,32.96090012
5930,1897,104.0156394,30.67735996,1793,104.0151336,30.67558557,202.537869,,46.96530296,33.9133176,33.9133176,33.7563115,31.74759049,30.38068035,30.31178992,36.85165558,28.70101848,27.20657942,29.04925611,33.65244592,28.06225571,37.4556333,31.06266515,41.31084014,29.34150215,55.02915686,23.71175052,33.34464916,31.80529241,33.52350935,42.14660858,63.31140332,33.52350935,27.20657942,31.93297789,36.39615617,43.059232,26.80648266,26.67571933,31.21154319,33.7563115,40.22821122,31.95630365,40.04868264,40.04868264,40.04868264,45.23967525,28.99150411,38.37559623,56.66862654,23.00114601,27.71928601,29.26055407,31.15967215,42.14660858,48.09606388,33.56208629,37.24834372
5931,1898,104.0470791,30.64691859,1129,104.0509942,30.64871622,424.7857158,,66.45930365,43.72794133,40.64394889,36.5953593,55.4068325,43.83313728,49.03993299,50.59482471,44.13848023,45.31047635,60.64929201,39.86980646,39.72022278,48.37417404,29.67455195,35.24921806,75.95506178,77.73856237,166.2204975,47.49157071,50.80493611,54.12134168,45.18403544,40.77942872,44.58392352,46.36367591,36.03271859,55.82693485,61.8736341,63.50617014,27.65331965,42.8835832,51.51808794,56.29555635,71.05347028,45.16708876,137.7683403,35.48094146,59.87359108,41.55512437,54.90946416,55.9526358,48.19720863,41.65416621,34.37170892,68.96182985,42.01177409,45.71684834,53.42283238,38.96832923
5932,1898,104.0470791,30.64691859,1280,104.0459409,30.6447893,259.9764319,,83.56385311,47.04667334,83.56385311,40.69196325,39.03712846,37.40335877,33.05174178,36.22897374,41.62425892,38.08133199,90.71875488,47.44817008,37.94943642,36.78498644,36.42439153,35.87973758,48.36770826,36.94401927,38.93157882,48.20163887,36.61119027,40.34117047,51.01016935,42.726097,34.62078255,52.7771704,52.16087647,52.7573368,46.04748609,40.55970335,48.42458467,46.03616108,46.38462132,39.35723948,40.1680324,42.17417145,52.33449143,54.24580685,42.67738964,37.51162945,49.31059825,49.85504457,49.43213847,47.98027067,52.28576284,42.34910203,43.45874682,59.86664105,67.0106316,67.65651723
5933,1898,104.0470791,30.64691859,1415,104.0430817,30.64612102,393.1233908,,65.39212942,70.84271342,55.91841334,56.20509162,72.43375861,68.01442747,106.2761607,50.908065,98.32962233,68.18628404,48.75349138,64.79208273,65.48687847,72.98493332,71.41140493,80.21627085,45.82196784,81.18035605,60.54520671,77.57534976,71.67809716,76.11987874,46.89689934,45.3313327,52.8366736,73.50049258,85.05073359,66.34502819,87.43785918,82.83201878,55.28297683,52.66024956,89.65347914,75.85535564,79.06392217,82.40140943,50.60467962,73.08772901,99.73532113,66.47176036,59.73918236,73.12205862,61.19974949,67.39258128,71.19730498,70.22627299,62.07211434,56.24633045,58.84591297,48.70076417
5934,1899,104.0380169,30.67482664,910,104.038017,30.67271158,234.4148446,,22.41416841,22.26631769,18.03191112,17.80365908,26.41884653,27.17853271,29.80200496,17.27519837,17.93609863,22.53387024,19.99747489,25.62429476,19.27186238,20.3347817,21.22620943,19.976436,23.68036534,24.76939949,24.24400596,22.96308682,21.58295244,21.99548498,17.41782127,19.97562769,21.15021154,21.98866214,21.45946448,18.03962036,21.67302576,21.00543723,19.32580398,26.43776443,18.00113994,21.09733601,20.8221857,18.84742469,30.19296746,23.70487193,20.66677814,20.46629201,19.96908283,23.02859798,20.29403064,24.6033073,20.68366276,25.06423287,20.77276161,17.17849243,18.46593962,35.81510623
5935,1899,104.0380169,30.67482664,1609,104.0387343,30.67848323,411.048334,,25.87017487,28.93574506,51.55954138,37.70124847,35.06573465,49.76818394,35.73182556,28.48066543,36.31347245,111.2612032,51.56006977,34.2045421,49.4356571,54.40345597,63.60060181,33.68865116,245.9458176,35.96048609,26.48365105,38.13850522,53.03849471,51.32164171,46.88392879,65.15155144,62.67278128,55.25668418,42.89200007,73.62059713,51.50025531,59.59964336,48.55698121,29.36059529,34.26989352,37.88741045,40.63917617,59.2858174,56.39382631,29.59548005,38.66163298,70.13146931,75.7886813,51.29199315,31.9881972,48.04461047,34.65512886,125.938213,53.09558674,56.15840616,42.45253285,76.72191847
5936,1900,104.0295701,30.67099192,185,104.0273319,30.67140608,219.2840124,,56.53876058,32.35337888,51.45610719,43.1968506,61.40975843,27.04427697,73.264264,40.03156413,45.01798054,34.44752485,43.36042055,48.57984275,39.1449146,37.413386,25.47893851,55.03598743,43.93307518,42.56411455,43.28567208,33.54486309,34.76100593,57.32670463,28.63190214,52.34265758,34.58045752,56.83841601,30.69976174,51.4002677,34.56315432,48.33198642,36.18437484,31.14092484,38.8638742,98.37039809,43.77573631,20.39851278,52.5672155,49.03244998,37.0041771,40.22819451,50.04262724,31.46248874,30.86092434,62.93800813,30.35406269,35.41996386,46.03046324,47.98920636,58.91212273,36.632132
5937,1900,104.0295701,30.67099192,1285,104.0303797,30.67428477,373.1021372,,67.6091121,60.23173515,103.488184,70.13930517,94.50608225,80.56704249,110.5487814,73.6991876,61.89712875,51.9265861,106.3409258,58.02020276,57.64668214,61.33185817,80.96791189,55.35031705,65.62708601,54.52642872,85.01061354,102.9685626,57.4003288,76.92827571,84.58234848,67.69998457,93.2755343,77.34170981,86.1004932,42.2379778,76.81514588,74.00372969,116.6070706,89.54451293,88.26950889,61.21206939,51.07101498,58.93958676,82.95813944,60.91463464,90.57098408,57.52324171,80.09348205,49.11033616,40.82576577,55.81029198,46.90923262,64.96578931,84.21114068,37.58163665,84.65342607,78.31881597
5938,1900,104.0295701,30.67099192,1729,104.0317137,30.67067588,208.3333427,,37.26708242,30.30303167,69.65944583,42.43281662,42.18222912,25.6191301,46.97286223,38.23333835,31.09882655,58.68544865,77.18696745,79.73422285,71.94244928,79.30513952,31.05590202,60.36217575,37.99392268,47.97441581,35.84229552,29.18288069,53.85996651,33.68263624,75.15030398,29.81366594,49.77876329,28.76712458,25.83979444,29.20181832,32.46753393,38.44679031,37.6506041,45.54656074,33.87210743,35.12113484,19.2307701,34.52244114,35.3148927,66.15215292,48.52966882,44.41624564,87.89062895,50.22321655,51.36986532,28.19548999,20.81887672,58.59375263,59.79499131,42.31311897,28.51711155,42.01680861
5939,1901,104.0256858,30.62647154,1233,104.0232414,30.62280846,468.7319331,,58.11226721,54.87593363,49.18739178,55.90907733,71.87583464,64.96604292,62.4686704,49.85036807,58.67505392,67.481231,62.49759108,64.19360112,70.14567148,65.32717105,59.10455198,62.92121044,53.84714668,77.78162489,62.44259696,64.41690921,73.088224,56.82788306,70.64082932,57.32266844,74.23460205,64.31386219,74.84268787,83.12487287,71.22875201,76.32122191,60.45445443,72.91948276,61.55312515,59.97230234,58.9582498,59.7377306,54.71484902,51.27033678,53.7043337,59.8204425,54.19083808,56.83193792,50.88959438,52.1081305,53.15344335,66.85074597,41.08323316,60.00781898,63.52424556,52.71175195
5940,1901,104.0256858,30.62647154,1565,104.0231128,30.62783926,289.4732103,,60.15027746,60.15027746,54.16338654,56.53364687,60.15027746,60.15027746,56.02707296,51.17758414,46.4706157,48.46641062,48.88201968,48.68132161,49.52448775,48.76240544,48.74887271,48.75563814,33.02368175,39.56875931,48.18975986,52.07624661,52.07624661,78.06019154,63.23230751,63.23230751,65.13147232,41.39438161,53.99500296,68.26005831,69.24276127,67.45006842,34.10024729,68.87094966,68.87094966,68.87094966,49.86141421,50.06352474,44.04902427,46.86408857,45.41297311,46.12712099,45.76726135,45.94648656,45.94648656,60.94172848,52.39227371,56.34453309,55.30160128,54.79448104,55.04687324,54.98355747
5941,1901,104.0256858,30.62647154,1658,104.0289627,30.62488198,360.1234879,,46.35677794,45.01543599,46.35677794,76.0378039,49.44487248,45.01543599,56.24488314,50.840963,42.73993044,48.06096595,49.35702625,36.14862337,66.9420597,49.5204185,45.94062921,54.01852319,41.08360646,42.36746916,37.06245158,50.95753251,74.08254608,42.94155411,81.24540639,63.55120375,55.88123088,56.06246731,44.29764999,40.76869674,72.4776831,47.80921133,54.01852319,54.57072696,44.50547739,47.59050691,43.89767122,37.74219961,35.91259159,43.46838412,37.52372088,40.66213978,37.06775001,37.81559232,39.23418366,40.9063779,38.48443952,31.83412048,33.27149395,39.96024398,53.24207624,44.39878618
5942,1901,104.0256858,30.62647154,1833,104.0269189,30.62852164,256.113864,,33.95984937,33.95984937,34.82568122,39.9787495,41.21482185,39.9787495,34.27546135,30.07820937,42.98414501,29.64587619,37.94279467,26.41862207,45.27885816,19.18855173,37.51126774,26.45652541,38.11888322,38.09696647,40.88735745,39.38807983,47.4346123,33.83004848,46.71362994,33.54288929,58.97717978,41.00099657,48.9756272,25.57586437,55.9854215,41.90954138,38.93988359,35.01303458,38.93988359,29.17752881,33.18571963,30.22983313,33.98070923,30.19683113,31.83003143,28.38318146,30.20507487,30.88293118,33.09168889,39.76751824,38.4170796,22.19037089,30.2965725,26.14544455,29.45248077,31.95281576